2918402 214587227 1
2918402 214838608 0.5
2918402 214826805 0.5
4575249 214838109 1
4575249 214836512 0.5
11259926 214510445 1
11259926 214849132 0.5
3731483 214684513 1
3731483 214839371 0.5
7110684 214849775 1
7110684 214717307 0.5
4411438 214743515 1
4411438 214829792 0.5
4411438 214700002 0.5
4411438 214706452 0.5
4411438 214712237 0.5
3911688 214530789 1
3911688 214838977 0.5
4444212 214553700 1
4444212 214839913 0.5
4857911 214534220 1
4857911 214829792 0.5
4857911 214676480 0.5
4857911 214698418 0.5
4857911 214820383 0.5
4857911 214839377 0.5
3095947 214829878 1
3095947 214835017 0.5
3095947 214580287 0.5
1146953 214699412 1
1146953 214550844 0.5
4177996 214684513 1
4177996 214839373 0.5
6025298 214712055 1
6025298 214648597 0.5
8160973 214829034 1
8160973 214819412 0.5
9175166 214853090 1
9175166 214853077 0.5
9175166 214851326 0.5
9805953 214701787 1
9805953 214744258 0.5
6811781 214821277 1
6811781 214584939 0.5
9986183 214539202 1
9986183 214539193 0.5
9986183 214826722 0.5
9986183 214826747 0.5
9986183 214539204 0.5
1925261 214828963 1
1925261 214828970 0.5
1925261 214579226 0.5
503963 214712544 1
503963 214716926 0.5
2265269 643078800 1
2265269 643078783 0.5
11305144 214853754 1
11305144 214700000 0.5
147644 214584939 1
147644 214538030 0.5
9129334 214848315 1
9129334 214853128 0.5
9129334 214537496 0.5
9129334 214853085 0.5
9129334 214691390 0.5
9129334 214821367 0.5
6113154 214845962 1
6113154 214846447 0.5
487627 214537967 1
487627 214512425 0.5
1429708 214712124 1
1429708 214834877 0.5
1429708 214829366 0.5
5382351 214820377 1
5382351 214844360 0.5
4890849 214612760 1
4890849 214551776 0.5
3215593 214820274 1
3215593 214840584 0.5
9687289 214853338 1
9687289 214853420 0.5
10799146 214853420 1
10799146 214829878 0.5
10791637 214748338 1
10791637 214748293 0.5
2461958 214829878 1
2461958 214829880 0.5
6874498 214848180 1
6874498 214641412 0.5
1895811 214706216 1
1895811 214774685 0.5
8245527 214510445 1
8245527 214849132 0.5
3289381 214573612 1
3289381 214512425 0.5
3289381 214532051 0.5
3289381 214512429 0.5
9032413 214844394 1
9032413 214851155 0.5
5361979 214709638 1
5361979 214826818 0.5
8442172 214716932 1
8442172 214855185 0.5
3236157 214711284 1
3236157 214531130 0.5
3659492 214594678 1
3659492 214594680 0.5
7709002 214835126 1
7709002 214826987 0.5
11546679 214854707 1
11546679 214849132 0.5
10989907 214853735 1
10989907 214819410 0.5
7110997 214580467 1
7110997 214687753 0.5
10911119 214701787 1
10911119 214853321 0.5
10137964 214851326 1
10137964 214853077 0.5
10137964 214853085 0.5
7590253 214748300 1
7590253 214748293 0.5
37237 214840762 1
37237 214509013 0.5
3748221 214842735 1
3748221 214826750 0.5
5972356 214840595 1
5972356 214584992 0.5
4698502 214829801 1
4698502 214601250 0.5
5923214 214509399 1
5923214 214509845 0.5
2658706 214600509 1
2658706 214686082 0.5
2658706 214829878 0.5
3608996 214550398 1
3608996 214515825 0.5
2870641 214646351 1
2870641 214646036 0.5
10629552 214640015 1
10629552 214688610 0.5
10629552 214833699 0.5
10629552 214829090 0.5
7651763 214850934 1
7651763 214717097 0.5
6902199 214846033 1
6902199 214829878 0.5
5697976 214835017 1
5697976 214587712 0.5
5910602 214551917 1
5910602 214551907 0.5
5910602 214583844 0.5
2294212 214613893 1
2294212 214839279 0.5
2294212 214664767 0.5
9548243 214853252 1
9548243 214839952 0.5
9548243 214853214 0.5
9482719 214853420 1
9482719 214829878 0.5
7053803 214849327 1
7053803 214828970 0.5
9740782 214850949 1
9740782 214853330 0.5
9740782 214853420 0.5
9740782 214853422 0.5
7907027 214853145 1
7907027 214744258 0.5
7907027 214743515 0.5
5612026 214820242 1
5612026 214636505 0.5
3004307 214748300 1
3004307 214753513 0.5
1708863 214711297 1
1708863 214826750 0.5
9159173 214852978 1
9159173 214853242 0.5
9159173 214852980 0.5
9159173 214552142 0.5
9159173 214853094 0.5
9159173 214853085 0.5
7504398 214706486 1
7504398 214842345 0.5
11256353 214859242 1
11256353 214859240 0.5
10781218 214853072 1
10781218 214676480 0.5
10781218 214853754 0.5
10895912 214849132 1
10895912 214510445 0.5
5063229 214811754 1
5063229 214582104 0.5
2802248 214832115 1
2802248 214835122 0.5
2802248 214552142 0.5
2802248 214556055 0.5
492373 214716982 1
492373 214716930 0.5
10928721 214854707 1
10928721 214853754 0.5
10928721 214578011 0.5
6713951 214849327 1
6713951 214828970 0.5
6713951 214828963 0.5
6713951 214709807 0.5
9704051 214844158 1
9704051 214844167 0.5
29302 214551630 1
29302 214612706 0.5
29302 214716971 0.5
29302 214716973 0.5
29302 214533022 0.5
5333632 214684093 1
5333632 214708372 0.5
103047 214716973 1
103047 214716935 0.5
3551882 214821277 1
3551882 214821285 0.5
5733092 214845405 1
5733092 214708305 0.5
5198487 214646617 1
5198487 214834877 0.5
4125347 214821367 1
4125347 214510738 0.5
4125347 214582387 0.5
4141852 214831970 1
4141852 214840235 0.5
4141852 214538820 0.5
1151662 214821313 1
1151662 214641697 0.5
4969143 214838094 1
4969143 214696545 0.5
10891962 214859139 1
10891962 214859242 0.5
9117234 214712237 1
9117234 214853210 0.5
8741592 214853105 1
8741592 214851326 0.5
4178649 214821277 1
4178649 214535675 0.5
4178649 214821285 0.5
5276378 214684702 1
5276378 214826987 0.5
6009637 214835473 1
6009637 214717307 0.5
4117221 214551780 1
4117221 214539110 0.5
4719336 214844439 1
4719336 214821305 0.5
10413522 214850949 1
10413522 214853420 0.5
4162289 214821277 1
4162289 214821290 0.5
4162289 214538030 0.5
4162289 214820231 0.5
1572207 214553735 1
1572207 214829392 0.5
2704116 643078800 1
2704116 214638474 0.5
2810623 214516012 1
2810623 214644530 0.5
7680793 214587328 1
7680793 214712237 0.5
7680793 214853143 0.5
4391718 214839341 1
4391718 214836875 0.5
4391718 214641412 0.5
4391718 214836830 0.5
4391718 214845127 0.5
3040041 643078800 1
3040041 214753661 0.5
3040041 214712126 0.5
8004396 214716928 1
8004396 214717003 0.5
5688799 214820272 1
5688799 214533020 0.5
5688799 214587703 0.5
1409852 214820439 1
1409852 214582387 0.5
1409852 214582492 0.5
1409852 214600502 0.5
7797557 214851135 1
7797557 214846391 0.5
6120258 214840584 1
6120258 214840562 0.5
11158344 214680371 1
11158344 214700000 0.5
9745227 214853420 1
9745227 214850945 0.5
9745227 214850947 0.5
3642191 214832015 1
3642191 214831948 0.5
3642191 214838102 0.5
2625678 214553700 1
2625678 214706150 0.5
1835862 214748338 1
1835862 214748297 0.5
9708384 214570963 1
9708384 214583610 0.5
8942433 214853090 1
8942433 214853105 0.5
8942433 214853094 0.5
8942433 214851326 0.5
9405283 214851032 1
9405283 214853325 0.5
6394729 214584992 1
6394729 214840595 0.5
2081649 214829861 1
2081649 214820263 0.5
9540471 214832657 1
9540471 214854632 0.5
11146118 214853094 1
11146118 214852978 0.5
11146118 214851326 0.5
11154312 214853420 1
11154312 214850947 0.5
11154312 214717511 0.5
4035498 214539039 1
4035498 214539110 0.5
2501447 214748293 1
2501447 214753513 0.5
2501447 214748300 0.5
246712 214821277 1
246712 214821290 0.5
11248571 214853707 1
11248571 214853754 0.5
11248571 214854300 0.5
11248571 214854174 0.5
4129724 214580291 1
4129724 214580304 0.5
4129724 214684513 0.5
3261373 214844452 1
3261373 214533020 0.5
10664096 214701787 1
10664096 214700000 0.5
10664096 214712235 0.5
11252676 214855016 1
11252676 214854827 0.5
11252676 214853100 0.5
3113934 214612895 1
3113934 214539050 0.5
7928654 214848746 1
7928654 214848324 0.5
7492577 214851032 1
7492577 214743515 0.5
7492577 214851279 0.5
4805602 214832145 1
4805602 214819760 0.5
2372586 643078800 1
2372586 643078783 0.5
10348326 214853090 1
10348326 214853248 0.5
8270847 214853173 1
8270847 214851120 0.5
8270847 214853758 0.5
7596886 214850938 1
7596886 214850743 0.5
2397203 643078800 1
2397203 643078783 0.5
5298351 214565602 1
5298351 214534835 0.5
1950753 214829822 1
1950753 214534659 0.5
5190699 214539112 1
5190699 214539236 0.5
5190699 214539110 0.5
11105328 214704180 1
11105328 214700002 0.5
11105328 214704182 0.5
3773383 214829079 1
3773383 214829083 0.5
8045622 214716935 1
8045622 214716930 0.5
9299003 214853077 1
9299003 214852980 0.5
6094348 214846382 1
6094348 214670064 0.5
5162067 214836838 1
5162067 214645005 0.5
5162067 214845999 0.5
431189 214594680 1
431189 214594678 0.5
3720279 214835713 1
3720279 214829792 0.5
7513179 214612738 1
7513179 214644662 0.5
4670832 214553700 1
4670832 214710152 0.5
4670832 214839913 0.5
7730283 214855185 1
7730283 214716935 0.5
578679 214836840 1
578679 214663055 0.5
2516096 214821315 1
2516096 214821305 0.5
2516096 214716930 0.5
2516096 214844394 0.5
2516096 214821341 0.5
2516096 214586711 0.5
812164 214827005 1
812164 214821305 0.5
9639046 214850949 1
9639046 214850945 0.5
8991881 214853214 1
8991881 214857039 0.5
6116491 214851032 1
6116491 214712237 0.5
3818641 214640353 1
3818641 214819410 0.5
3818641 214545838 0.5
4117653 214594678 1
4117653 214594680 0.5
7533719 214748327 1
7533719 214716982 0.5
7533719 214832655 0.5
6898842 214717003 1
6898842 214716928 0.5
6898842 214716973 0.5
218269 214821028 1
218269 214706432 0.5
8877214 214717003 1
8877214 214716928 0.5
8877214 214716971 0.5
7943331 214536435 1
7943331 214536412 0.5
304292 214577750 1
304292 214696824 0.5
9213094 214581611 1
9213094 214846312 0.5
3757223 214836924 1
3757223 214836932 0.5
3757223 214829366 0.5
3757223 214832559 0.5
7001258 214640520 1
7001258 214839613 0.5
7001258 214845407 0.5
9008304 214838308 1
9008304 214532107 0.5
6878071 214684108 1
6878071 214832619 0.5
11527372 214853094 1
11527372 214852978 0.5
316622 214716977 1
316622 214716937 0.5
316622 214716941 0.5
316622 214716975 0.5
3159587 214587028 1
3159587 214836877 0.5
1175461 214613743 1
1175461 214539110 0.5
8725726 214819772 1
8725726 214585644 0.5
7832801 214533022 1
7832801 214612706 0.5
7832801 214821315 0.5
7832801 214844454 0.5
7832801 214551607 0.5
7992553 214850936 1
7992553 214850743 0.5
3581171 214840235 1
3581171 214539110 0.5
6359934 214580293 1
6359934 214840762 0.5
6359934 214586983 0.5
6248661 214842735 1
6248661 214838109 0.5
8766722 214853094 1
8766722 214853077 0.5
6063363 214833802 1
6063363 214848157 0.5
6063363 214820263 0.5
1676552 214743350 1
1676552 214826818 0.5
1676552 214684108 0.5
1676552 214554950 0.5
4289803 214829792 1
4289803 214743515 0.5
9684236 214853424 1
9684236 214850945 0.5
9684236 214853420 0.5
9684236 214853454 0.5
2754328 214835747 1
2754328 214835017 0.5
6825234 214835040 1
6825234 214850565 0.5
4842373 214685747 1
4842373 214836851 0.5
8541474 214844439 1
8541474 214533022 0.5
8541474 214551626 0.5
8541474 214820261 0.5
8541474 214821341 0.5
8541474 214851279 0.5
11105576 214853100 1
11105576 214853102 0.5
11068733 214853105 1
11068733 214853096 0.5
11068733 214845962 0.5
3073348 214844462 1
3073348 214844456 0.5
3073348 214832730 0.5
3073348 214587547 0.5
3073348 214676957 0.5
2954569 214835503 1
2954569 214831940 0.5
11130199 214853122 1
11130199 214676480 0.5
3360091 214836830 1
3360091 214687685 0.5
8205669 214828970 1
8205669 214828963 0.5
8205669 214849327 0.5
8024762 214850630 1
8024762 214851099 0.5
959854 214706460 1
959854 214657290 0.5
959854 214821028 0.5
10937712 214700000 1
10937712 214680371 0.5
5129597 214613915 1
5129597 214684372 0.5
546174 214821339 1
546174 214821309 0.5
9799058 214717888 1
9799058 214850754 0.5
9799058 214718220 0.5
4541337 214837494 1
4541337 214844257 0.5
7103898 214717003 1
7103898 214716928 0.5
7103898 214716937 0.5
7103898 214716986 0.5
7103898 214716926 0.5
7103898 214716982 0.5
10655132 214849807 1
10655132 214854345 0.5
6706601 214821277 1
6706601 214820383 0.5
6228894 214534689 1
6228894 214509842 0.5
6530489 214826833 1
6530489 214846378 0.5
7894461 214716932 1
7894461 214716930 0.5
8236619 214853122 1
8236619 214686857 0.5
4433363 214560013 1
4433363 214820242 0.5
3712468 214826750 1
3712468 214547593 0.5
3712468 214838109 0.5
3712468 214842735 0.5
6832377 214551913 1
6832377 214583617 0.5
6832377 214551917 0.5
1779161 214821315 1
1779161 214612706 0.5
1779161 214533022 0.5
7763431 214585676 1
7763431 214573612 0.5
5727726 214587328 1
5727726 214684702 0.5
2294066 643078800 1
2294066 214829880 0.5
4068859 214836793 1
4068859 214672841 0.5
3487237 214551626 1
3487237 214612708 0.5
5150222 214684372 1
5150222 214835428 0.5
5150222 214835167 0.5
2909724 214844250 1
2909724 214844173 0.5
10208799 214853338 1
10208799 214853657 0.5
10208799 214850949 0.5
10208799 214853342 0.5
9410083 214854148 1
9410083 214851750 0.5
9410083 214844396 0.5
9410083 214853330 0.5
9410083 214554675 0.5
9410083 214853848 0.5
9410083 214853210 0.5
8341043 214852978 1
8341043 214853248 0.5
1516178 214774682 1
1516178 214829822 0.5
3593783 643078800 1
3593783 214512425 0.5
1185348 214676957 1
1185348 214676985 0.5
4195912 214748310 1
4195912 214531517 0.5
8422986 214853122 1
8422986 214533020 0.5
1839017 214826666 1
1839017 214554510 0.5
9426514 214853420 1
9426514 214853422 0.5
7939671 214844439 1
7939671 214533022 0.5
7939671 214551607 0.5
5123046 214844250 1
5123046 214844173 0.5
7992927 214717003 1
7992927 214716928 0.5
7992927 214850364 0.5
7992927 214717007 0.5
7661158 214855185 1
7661158 214716935 0.5
6068497 214744258 1
6068497 214700000 0.5
6068497 214712235 0.5
8754794 214644525 1
8754794 214559805 0.5
7382647 214849766 1
7382647 214849408 0.5
10884742 214853102 1
10884742 214854840 0.5
5392008 214847940 1
5392008 214847936 0.5
8887916 214509401 1
8887916 214836536 0.5
8887916 214852978 0.5
8887916 214846378 0.5
8887916 214851135 0.5
4474516 214846057 1
4474516 214848729 0.5
3024538 643078800 1
3024538 214844250 0.5
3024538 214509013 0.5
2807454 214677290 1
2807454 214838505 0.5
685729 214829310 1
685729 214706460 0.5
685729 214554510 0.5
4241058 214612706 1
4241058 214551624 0.5
6612646 214844439 1
6612646 214844447 0.5
6564124 214850565 1
6564124 214695167 0.5
26283 214832655 1
26283 214716982 0.5
5490348 214829705 1
5490348 214820227 0.5
7784128 214533022 1
7784128 214844454 0.5
7784128 214716935 0.5
5150402 214613915 1
5150402 214684372 0.5
2774733 214837916 1
2774733 214834867 0.5
2774733 214837918 0.5
11417297 214853072 1
11417297 214687839 0.5
7210707 214850405 1
7210707 214850621 0.5
5658327 214636505 1
5658327 214842555 0.5
2045658 214827011 1
2045658 214612901 0.5
5019357 214633989 1
5019357 214840082 0.5
7665384 214839947 1
7665384 214836827 0.5
5528268 214826833 1
5528268 214835064 0.5
4675312 214710152 1
4675312 214587257 0.5
4675312 214553700 0.5
7893659 214844456 1
7893659 214748336 0.5
7893659 214844458 0.5
263806 214684513 1
263806 214594678 0.5
1780009 214695071 1
1780009 214695069 0.5
6489854 214850565 1
6489854 214835713 0.5
9750282 214717003 1
9750282 214716928 0.5
5547792 214613915 1
5547792 214684372 0.5
5547792 214583190 0.5
5871397 214584821 1
5871397 214509401 0.5
2475818 214716941 1
2475818 214716947 0.5
7958151 214851155 1
7958151 214851152 0.5
7958151 214701307 0.5
7958151 214849076 0.5
6608684 214848945 1
6608684 214848954 0.5
6608684 214848986 0.5
10880816 214853100 1
10880816 214853094 0.5
3811788 214821305 1
3811788 214821341 0.5
4400957 214821305 1
4400957 214844394 0.5
2774854 643078800 1
2774854 214836517 0.5
915271 214821302 1
915271 214821305 0.5
7243597 214848746 1
7243597 214684108 0.5
7243597 214848324 0.5
4059487 214821313 1
4059487 214844454 0.5
3278682 214829079 1
3278682 214820259 0.5
5082767 214633989 1
5082767 214840082 0.5
7628637 214612704 1
7628637 214551624 0.5
7628637 214821341 0.5
1435493 214829321 1
1435493 214748336 0.5
1435493 214819430 0.5
1435493 214586694 0.5
7835964 214700002 1
7835964 214835713 0.5
7835964 214716937 0.5
7835964 214716971 0.5
7835964 214606412 0.5
7835964 214712237 0.5
7835964 214716973 0.5
7835964 214716977 0.5
7835964 214716982 0.5
7835964 214743515 0.5
10860861 214717764 1
10860861 214854176 0.5
10860861 214853210 0.5
2582391 214709792 1
2582391 214835752 0.5
1255306 214680371 1
1255306 214680369 0.5
1255306 214712235 0.5
11126667 214861498 1
11126667 214849807 0.5
4044684 214539039 1
4044684 214826990 0.5
3733396 214836932 1
3733396 214836924 0.5
2250651 214836517 1
2250651 214819760 0.5
2250651 214835124 0.5
2250651 214573612 0.5
2250651 214600509 0.5
2250651 214717007 0.5
5499153 214828952 1
5499153 214829878 0.5
2709412 214837918 1
2709412 214837916 0.5
4052906 214712132 1
4052906 214835137 0.5
1161158 214685743 1
1161158 214840556 0.5
8345544 214551900 1
8345544 214551907 0.5
7877071 214676957 1
7877071 214832619 0.5
7877071 214554950 0.5
4794328 214836855 1
4794328 214829280 0.5
4794328 214602598 0.5
9029594 214640015 1
9029594 214710159 0.5
5445606 214836532 1
5445606 214554330 0.5
8214503 214850932 1
8214503 214700876 0.5
4483048 214600502 1
4483048 214820439 0.5
3331068 214836830 1
3331068 214687685 0.5
1808364 214821315 1
1808364 214844394 0.5
1808364 214533022 0.5
10979309 214851757 1
10979309 214853083 0.5
10979309 214854716 0.5
8251731 214696560 1
8251731 214843194 0.5
8251731 214516020 0.5
7164927 214828970 1
7164927 214849327 0.5
3221506 214551626 1
3221506 214844456 0.5
6875139 214551917 1
6875139 214551907 0.5
9271312 214696826 1
9271312 214577750 0.5
7317527 214743515 1
7317527 214700002 0.5
7317527 214744258 0.5
7317527 214712237 0.5
2197529 214645005 1
2197529 214832672 0.5
375814 214717005 1
375814 214717003 0.5
375814 214717007 0.5
7825456 214716932 1
7825456 214716935 0.5
10475578 214853077 1
10475578 214853085 0.5
10475578 214853094 0.5
4589627 214836932 1
4589627 214829366 0.5
5486652 214712237 1
5486652 214835120 0.5
5486652 214743515 0.5
4239031 214677962 1
4239031 214832017 0.5
5703773 214846031 1
5703773 214829880 0.5
1330159 214829366 1
1330159 214834877 0.5
11483252 214849132 1
11483252 214854707 0.5
11483252 214510445 0.5
11483252 214854774 0.5
282997 214832557 1
282997 214832559 0.5
141439 214510738 1
141439 214509830 0.5
6195372 214744258 1
6195372 214700000 0.5
6195372 214512611 0.5
6195372 214712235 0.5
6195372 214601203 0.5
6195372 214835120 0.5
6195372 214680371 0.5
2529453 214844394 1
2529453 214821305 0.5
2529453 214844439 0.5
2529453 214844454 0.5
2529453 214838977 0.5
9427317 214844250 1
9427317 214844158 0.5
3307717 214644650 1
3307717 214829878 0.5
5634249 214826949 1
5634249 214835473 0.5
5634249 214835426 0.5
9554129 214850949 1
9554129 214853428 0.5
3012821 214836515 1
3012821 643078800 0.5
8300767 214716930 1
8300767 214716932 0.5
9677581 214828989 1
9677581 214509830 0.5
2394344 214672817 1
2394344 214510775 0.5
5003497 214684372 1
5003497 214613915 0.5
7801078 214717612 1
7801078 214717614 0.5
5457156 214716941 1
5457156 214835473 0.5
1140998 214829085 1
1140998 214839600 0.5
8157456 214716935 1
8157456 214716932 0.5
4126506 214594680 1
4126506 214594678 0.5
4126506 214539039 0.5
9247002 214821277 1
9247002 214853152 0.5
9247002 214850942 0.5
3472432 214685788 1
3472432 214840562 0.5
8162354 214717003 1
8162354 214716928 0.5
8162354 214716930 0.5
7268654 214844394 1
7268654 214844439 0.5
1485117 214834880 1
1485117 214826610 0.5
8321346 214716932 1
8321346 214855185 0.5
8321346 214716930 0.5
8321346 214716926 0.5
8321346 214844454 0.5
8321346 214716935 0.5
579914 214716928 1
579914 214717003 0.5
3123539 214820814 1
3123539 214716984 0.5
2531727 214829366 1
2531727 214832730 0.5
2531727 214835940 0.5
2531727 214829878 0.5
8151346 214851152 1
8151346 214564380 0.5
3225966 214551607 1
3225966 214612706 0.5
3225966 214821315 0.5
3225966 214844439 0.5
11311477 214510445 1
11311477 214854707 0.5
5056887 214551780 1
5056887 214539112 0.5
5056887 214539050 0.5
5056887 214539110 0.5
5056887 214551791 0.5
3647907 214839341 1
3647907 214645618 0.5
3647907 214630042 0.5
4307368 214844439 1
4307368 214821305 0.5
4307368 214844394 0.5
7915729 214716975 1
7915729 214716971 0.5
3824052 214835167 1
3824052 214836924 0.5
3824052 214829765 0.5
4991414 214844405 1
4991414 214835473 0.5
9484728 214853143 1
9484728 214738455 0.5
9484728 214601207 0.5
47549 214716928 1
47549 214716982 0.5
1206718 214829006 1
1206718 214828991 0.5
8755662 214853145 1
8755662 214853143 0.5
670162 214829310 1
670162 214826837 0.5
670162 214586694 0.5
7039449 214700000 1
7039449 214829792 0.5
7039449 214744258 0.5
1395197 214826610 1
1395197 214829366 0.5
10402307 214700002 1
10402307 214853321 0.5
2910729 214844439 1
2910729 214821302 0.5
2910729 214586711 0.5
2427403 214600509 1
2427403 214556212 0.5
11332114 214854268 1
11332114 214567327 0.5
11332114 214567215 0.5
9878036 214853754 1
9878036 214676480 0.5
3136024 214826818 1
3136024 214684108 0.5
1189636 214833800 1
1189636 214829079 0.5
8124847 214853094 1
8124847 214852978 0.5
321697 214510044 1
321697 214510738 0.5
11037822 214704180 1
11037822 214859240 0.5
11037822 214704182 0.5
11078192 214704182 1
11078192 214701787 0.5
7465527 214851155 1
7465527 214701307 0.5
5130808 214845969 1
5130808 214674752 0.5
5130808 214836924 0.5
11430466 214850949 1
11430466 214853100 0.5
11430466 214838107 0.5
11430466 214853420 0.5
11430466 214684734 0.5
11430466 214846031 0.5
90551 214821290 1
90551 214553257 0.5
90551 214821277 0.5
90551 214826702 0.5
8726968 214851135 1
8726968 214550368 0.5
8726968 214699025 0.5
8726968 214687685 0.5
8726968 214515870 0.5
9980512 214711524 1
9980512 214717867 0.5
9980512 214716343 0.5
2275944 214537050 1
2275944 214832717 0.5
8338029 214852978 1
8338029 214853094 0.5
6851022 214835167 1
6851022 214829765 0.5
11229818 214859139 1
11229818 214835713 0.5
768642 214832655 1
768642 214716928 0.5
768642 214717007 0.5
1874564 214840556 1
1874564 214840520 0.5
1874564 214685747 0.5
1874564 214685743 0.5
11541133 214853094 1
11541133 214852978 0.5
109208 214704182 1
109208 214835120 0.5
109208 214704180 0.5
109208 214530710 0.5
10050212 214848746 1
10050212 214684108 0.5
6810287 214534282 1
6810287 214710152 0.5
4471473 214848729 1
4471473 214839973 0.5
1018547 214594678 1
1018547 214594680 0.5
1612481 214571904 1
1612481 214586743 0.5
9169607 214853323 1
9169607 214853077 0.5
9169607 214853758 0.5
6560468 214537455 1
6560468 214850565 0.5
6724046 214849020 1
6724046 214848945 0.5
6724046 214848954 0.5
6724046 214849022 0.5
7631993 214700000 1
7631993 214680371 0.5
6408922 214716984 1
6408922 214716982 0.5
4111071 214587257 1
4111071 214663258 0.5
4111071 214534282 0.5
11123429 214855016 1
11123429 214853100 0.5
11123429 214853102 0.5
3988198 214680371 1
3988198 214712237 0.5
3988198 214602605 0.5
3391271 214844454 1
3391271 214829012 0.5
8485624 214612751 1
8485624 214612753 0.5
10230558 214821315 1
10230558 214533022 0.5
4974148 214844321 1
4974148 214848112 0.5
1317691 214828989 1
1317691 214537490 0.5
1317691 214537470 0.5
1993543 214510757 1
1993543 214582541 0.5
6269773 214840595 1
6269773 214584992 0.5
7371634 214828970 1
7371634 214644590 0.5
4488051 214509142 1
4488051 214547593 0.5
4488051 214589634 0.5
4488051 214842735 0.5
8039289 214850743 1
8039289 214850938 0.5
8039289 214850771 0.5
1866618 214551930 1
1866618 214551913 0.5
1866618 214556477 0.5
4492162 214840235 1
4492162 214551776 0.5
4492162 214539050 0.5
4492162 214826747 0.5
4492162 214539110 0.5
4311944 214589548 1
4311944 214677962 0.5
6011806 214848727 1
6011806 214848729 0.5
4627363 214834873 1
4627363 214829885 0.5
9919419 214853090 1
9919419 214853096 0.5
9919419 214851326 0.5
11099076 214854343 1
11099076 214546110 0.5
4615114 214829852 1
4615114 214839960 0.5
3140561 214836519 1
3140561 643078800 0.5
7927979 214716930 1
7927979 214716982 0.5
8211416 214851167 1
8211416 214851242 0.5
6382074 214834867 1
6382074 214632146 0.5
6382074 214829366 0.5
6382074 214556212 0.5
6382074 214829765 0.5
6382074 214585670 0.5
6351839 214516147 1
6351839 214580387 0.5
3181542 214829321 1
3181542 214829852 0.5
4408487 214582104 1
4408487 214836512 0.5
4408487 214836202 0.5
9153517 214853364 1
9153517 214853366 0.5
707567 214680369 1
707567 214712237 0.5
707567 214714757 0.5
707567 214600989 0.5
5164021 214826987 1
5164021 214835126 0.5
3095542 214831950 1
3095542 214829878 0.5
4844536 214716928 1
4844536 214716984 0.5
8767316 214851101 1
8767316 214851099 0.5
3681288 214684513 1
3681288 214839373 0.5
8211482 214853122 1
8211482 214844454 0.5
7679003 214716935 1
7679003 214716932 0.5
4099122 214839356 1
4099122 214552395 0.5
10835123 214846408 1
10835123 214543592 0.5
6491188 214601040 1
6491188 214601042 0.5
5139516 214706216 1
5139516 214644992 0.5
9284681 214853342 1
9284681 214853338 0.5
8553061 214712235 1
8553061 214700000 0.5
8553061 214700002 0.5
8553061 214680371 0.5
8553061 214744258 0.5
8553061 214712237 0.5
2453346 214613743 1
2453346 214539110 0.5
5110863 214845352 1
5110863 214845380 0.5
8982418 214853094 1
8982418 214853096 0.5
8982418 214853077 0.5
5999712 214820242 1
5999712 214636505 0.5
11108198 214853072 1
11108198 214687839 0.5
4435048 214836512 1
4435048 214831970 0.5
4435048 214539039 0.5
6945902 214849327 1
6945902 214828963 0.5
150667 214716935 1
150667 214716932 0.5
150667 214533022 0.5
6159509 214840595 1
6159509 214584992 0.5
6098079 214850996 1
6098079 214844439 0.5
9956521 214838308 1
9956521 214687753 0.5
9956521 214582942 0.5
5959626 214840595 1
5959626 214584992 0.5
7881068 214854632 1
7881068 214717007 0.5
1157667 214688610 1
1157667 214541548 0.5
7830744 214753505 1
7830744 214850720 0.5
7830744 214850938 0.5
7830744 214716645 0.5
7830744 214783350 0.5
11377893 214854722 1
11377893 214854716 0.5
11377893 214851757 0.5
11377893 214690839 0.5
6917352 214837918 1
6917352 214648284 0.5
6917352 214848757 0.5
3865834 214594678 1
3865834 214594680 0.5
3103983 214581489 1
3103983 214712235 0.5
10206448 214851555 1
10206448 214851557 0.5
2890993 214551780 1
2890993 214539112 0.5
11144438 214854857 1
11144438 214854720 0.5
11144438 214854722 0.5
11144438 214567215 0.5
11144438 214853079 0.5
11144438 214853081 0.5
11144438 214854716 0.5
10616058 214854358 1
10616058 214854146 0.5
10616058 214854172 0.5
10616058 214854510 0.5
830721 214551630 1
830721 214533026 0.5
830721 214844439 0.5
8553686 214640015 1
8553686 214691150 0.5
4680966 214821277 1
4680966 214821290 0.5
4680966 214748347 0.5
7638294 214851135 1
7638294 214642016 0.5
7638294 214840412 0.5
7638294 214687685 0.5
7638294 214836830 0.5
7638294 214846391 0.5
7536516 214716932 1
7536516 214716984 0.5
7536516 214716930 0.5
7536516 214832653 0.5
7536516 214716935 0.5
2886949 214829042 1
2886949 214700876 0.5
9850161 214846391 1
9850161 214851135 0.5
7437621 214849136 1
7437621 214850936 0.5
7437621 214821022 0.5
699391 214706216 1
699391 214630042 0.5
10976587 214680371 1
10976587 214854840 0.5
10976587 214853100 0.5
10976587 214853420 0.5
10976587 214854782 0.5
5848397 214612895 1
5848397 214845587 0.5
7892304 214849020 1
7892304 214848945 0.5
8138066 214510757 1
8138066 214584821 0.5
8842589 214853173 1
8842589 214828882 0.5
9641314 214853094 1
9641314 214853090 0.5
9641314 214851326 0.5
5938537 214601197 1
5938537 214584992 0.5
5938537 214509035 0.5
5938537 214829878 0.5
10394987 214716935 1
10394987 214716932 0.5
10714477 214711509 1
10714477 214854774 0.5
4250856 214820255 1
4250856 214510757 0.5
6282474 214821277 1
6282474 214748340 0.5
2231679 214517880 1
2231679 214540035 0.5
5901698 214840595 1
5901698 214849177 0.5
2682253 214587384 1
2682253 214668590 0.5
3521773 214716928 1
3521773 214829745 0.5
3521773 214717003 0.5
3521773 214717005 0.5
3521773 214716926 0.5
3521773 214717007 0.5
4418966 214594678 1
4418966 214839705 0.5
3284388 214541495 1
3284388 214717751 0.5
3644838 214842735 1
3644838 214826750 0.5
3722664 214716975 1
3722664 214717007 0.5
7425467 214559726 1
7425467 214838831 0.5
376254 214716982 1
376254 214832657 0.5
376254 214717003 0.5
376254 214717007 0.5
1977793 214508942 1
1977793 214586949 0.5
4410824 214836855 1
4410824 214836857 0.5
3165644 214829368 1
3165644 214832126 0.5
3788241 214684108 1
3788241 214826818 0.5
3788241 214645970 0.5
3788241 214554950 0.5
3788241 214646349 0.5
118227 214821277 1
118227 214600502 0.5
4656597 214587384 1
4656597 214836947 0.5
4656597 214711205 0.5
10977978 214819410 1
10977978 214855016 0.5
10977978 214556210 0.5
10977978 214577340 0.5
7957998 214844394 1
7957998 214551607 0.5
7957998 214821341 0.5
7957998 214844439 0.5
7290359 214821277 1
7290359 214820231 0.5
179709 214738449 1
179709 214738451 0.5
2995544 643078800 1
2995544 214831946 0.5
5529092 214834897 1
5529092 214709970 0.5
4137753 214533020 1
4137753 214821339 0.5
4685321 214826942 1
4685321 214826983 0.5
5197339 214684372 1
5197339 214833802 0.5
5897766 214829878 1
5897766 214846033 0.5
5402151 214848746 1
5402151 214684108 0.5
4754986 214839947 1
4754986 214640015 0.5
290351 214537967 1
290351 214837282 0.5
290351 214512429 0.5
4517438 214551607 1
4517438 214551626 0.5
6020691 214680371 1
6020691 214700000 0.5
6020691 214712235 0.5
7822937 214716932 1
7822937 214533022 0.5
5258842 214837918 1
5258842 214837916 0.5
9227873 214840082 1
9227873 214695193 0.5
8711781 214821277 1
8711781 214820231 0.5
2786578 214835747 1
2786578 214835017 0.5
2786578 214600492 0.5
2786578 214835745 0.5
9428592 214853077 1
9428592 214851279 0.5
7487089 214509401 1
7487089 214534659 0.5
749173 214821285 1
749173 214826816 0.5
1370729 214821332 1
1370729 214826563 0.5
2563708 214586711 1
2563708 214821305 0.5
5422717 214826833 1
5422717 214845577 0.5
5422717 214829882 0.5
5422717 214829885 0.5
3980932 214829079 1
3980932 214820261 0.5
7359114 214842733 1
7359114 214580801 0.5
7359114 214849010 0.5
2313456 214533022 1
2313456 214551624 0.5
2313456 214551607 0.5
2719374 214821315 1
2719374 214716930 0.5
2719374 214716932 0.5
2719374 214533022 0.5
2719374 214716935 0.5
5066388 214826825 1
5066388 214669730 0.5
9723556 214550390 1
9723556 214515836 0.5
7843507 214851279 1
7843507 214835713 0.5
3268278 214842506 1
3268278 214826816 0.5
1093303 214821305 1
1093303 214821302 0.5
7323338 214828970 1
7323338 214849327 0.5
327373 214748293 1
327373 214748338 0.5
1158866 214680369 1
1158866 214600989 0.5
5066451 214684702 1
5066451 214826987 0.5
3366612 214837918 1
3366612 214837916 0.5
9240294 214845999 1
9240294 214645005 0.5
5177071 214612895 1
5177071 214539050 0.5
438003 214821277 1
438003 214821290 0.5
5995342 214848746 1
5995342 214645970 0.5
2719493 214832730 1
2719493 214835591 0.5
4734726 214602598 1
4734726 214836857 0.5
4734726 214836855 0.5
28439 214840762 1
28439 214586983 0.5
7962397 214850936 1
7962397 214573305 0.5
7528223 214716930 1
7528223 214533022 0.5
10772256 214853105 1
10772256 214852980 0.5
8040231 214612895 1
8040231 214551780 0.5
8040231 214853758 0.5
2604844 214680371 1
2604844 214581489 0.5
7315253 214846389 1
7315253 214687685 0.5
6123322 214584992 1
6123322 214840595 0.5
9486149 214550398 1
9486149 214515825 0.5
352071 214695097 1
352071 214580424 0.5
9650008 214539050 1
9650008 214612895 0.5
6508377 214835713 1
6508377 214712235 0.5
6508377 214845508 0.5
6508377 214530701 0.5
5029724 214644605 1
5029724 214554384 0.5
5029724 214828970 0.5
5029724 214644607 0.5
3153764 214684093 1
3153764 214708372 0.5
6877054 214845504 1
6877054 214716581 0.5
6877054 214848982 0.5
4595587 214844439 1
4595587 214839592 0.5
3817373 214717627 1
3817373 214835120 0.5
3817373 214835713 0.5
5492638 214717614 1
5492638 214717541 0.5
4345759 214640015 1
4345759 214575065 0.5
4345759 214553257 0.5
6614944 214533020 1
6614944 214612738 0.5
6614944 214844394 0.5
6614944 214612751 0.5
6614944 214844439 0.5
6614944 214821305 0.5
6614944 214844447 0.5
847779 214827011 1
847779 214826747 0.5
847779 214613743 0.5
9633714 214853402 1
9633714 214857120 0.5
5967798 214820233 1
5967798 214820227 0.5
5967798 214821285 0.5
2240452 214584815 1
2240452 214639348 0.5
6840262 214701307 1
6840262 214835713 0.5
2572234 214602605 1
2572234 214581489 0.5
2572234 214712235 0.5
8253388 214612901 1
8253388 214826722 0.5
8253388 214539202 0.5
2818002 214537490 1
2818002 214717331 0.5
2818002 214840740 0.5
5283802 214848746 1
5283802 214848324 0.5
5812187 214559726 1
5812187 214838831 0.5
10981342 214854159 1
10981342 214646617 0.5
6453897 214846125 1
6453897 214848926 0.5
2445291 214688012 1
2445291 214837498 0.5
10444114 214854345 1
10444114 214854555 0.5
1335278 214829317 1
1335278 214587307 0.5
233461 214832559 1
233461 214718385 0.5
3505492 214821285 1
3505492 214584907 0.5
5484541 214709807 1
5484541 214554384 0.5
5484541 214828963 0.5
