10510351 214849807 1
10510351 214851313 0.5
10510351 214832747 0.5
10510351 214836932 0.5
10510351 214829366 0.5
5509137 214850402 1
5509137 214845587 0.5
372766 214748336 1
372766 214819721 0.5
372766 214556334 0.5
770083 214513284 1
770083 214643045 0.5
770083 214743350 0.5
2306087 214821315 1
2306087 214533022 0.5
213047 214717003 1
213047 214716928 0.5
213047 214716926 0.5
213047 214717007 0.5
5906496 214700992 1
5906496 214850874 0.5
5095489 214847261 1
5095489 214847255 0.5
11324086 214859240 1
11324086 214640353 0.5
4513868 214820261 1
4513868 214839356 0.5
503889 214584939 1
503889 214820231 0.5
2261077 214536577 1
2261077 214572377 0.5
2019418 214743495 1
2019418 214829850 0.5
2019418 214829852 0.5
7434331 214849132 1
7434331 214510451 0.5
7434331 214510445 0.5
7434331 214510447 0.5
2608486 643078800 1
2608486 214748297 0.5
5980262 214846374 1
5980262 214508942 0.5
7798892 214844439 1
7798892 214844394 0.5
10604663 214848746 1
10604663 214848324 0.5
2310282 214844456 1
2310282 214551617 0.5
10997902 214854517 1
10997902 214854527 0.5
10957542 214510445 1
10957542 214849132 0.5
11358363 214859139 1
11358363 214859242 0.5
5132448 214845502 1
5132448 214845504 0.5
24738 214716932 1
24738 214716935 0.5
10069772 214680371 1
10069772 214700002 0.5
10069772 214744258 0.5
10069772 214701787 0.5
10069772 214712235 0.5
10069772 214743515 0.5
4296877 214842735 1
4296877 214826750 0.5
5299488 214836924 1
5299488 214845587 0.5
4386163 214560615 1
4386163 214826904 0.5
4386163 214791635 0.5
6725812 214848980 1
6725812 214849076 0.5
8570912 214716932 1
8570912 214855185 0.5
8570912 214716935 0.5
3879108 214836830 1
3879108 214820803 0.5
9434487 214508287 1
9434487 214684093 0.5
11440356 214853072 1
11440356 214854707 0.5
11440356 214578011 0.5
1188069 214821302 1
1188069 214821305 0.5
4919526 214697096 1
4919526 214560615 0.5
5066988 214613915 1
5066988 214602830 0.5
3047668 643078800 1
3047668 214837882 0.5
10920181 214854707 1
10920181 214510455 0.5
385276 214744530 1
385276 214820413 0.5
5796093 214748338 1
5796093 214748293 0.5
7442688 214851279 1
7442688 214829792 0.5
6053249 214848727 1
6053249 214848656 0.5
10514697 214851326 1
10514697 214853090 0.5
7115023 214820231 1
7115023 214820227 0.5
2617624 214602834 1
2617624 214839705 0.5
2617624 214594678 0.5
10957093 214853077 1
10957093 214852980 0.5
5599528 214708044 1
5599528 214687995 0.5
9646388 214829730 1
9646388 214595139 0.5
9969976 214849350 1
9969976 214684093 0.5
914241 214827013 1
914241 214551748 0.5
621409 214717005 1
621409 214827007 0.5
3338564 214602600 1
3338564 214835745 0.5
1700168 214834877 1
1700168 214748336 0.5
8847689 214829317 1
8847689 214819393 0.5
581969 214684093 1
581969 214828987 0.5
6688093 214717307 1
6688093 214849312 0.5
6688093 214849275 0.5
5464361 214699044 1
5464361 214515834 0.5
5464361 214820255 0.5
7840486 214851032 1
7840486 214853143 0.5
7840486 214851279 0.5
627046 214821315 1
627046 214533022 0.5
8410988 214716932 1
8410988 214855185 0.5
8278143 214844394 1
8278143 214844439 0.5
7549299 214551780 1
7549299 214850936 0.5
7549299 214560615 0.5
2830711 214820227 1
2830711 214584907 0.5
724373 214717003 1
724373 214838375 0.5
885121 214717007 1
885121 214717005 0.5
8750487 214580293 1
8750487 214853096 0.5
8750487 214586443 0.5
8750487 214540597 0.5
2010323 214828989 1
2010323 214585100 0.5
2675092 214821367 1
2675092 214585100 0.5
369051 214716930 1
369051 214716932 0.5
7373219 214717003 1
7373219 214554358 0.5
9318821 214853420 1
9318821 214850949 0.5
6676912 214821309 1
6676912 214844458 0.5
487884 214712544 1
487884 214712797 0.5
487884 214712799 0.5
7639512 214850630 1
7639512 214844441 0.5
7639512 214821341 0.5
2659918 214821277 1
2659918 214651562 0.5
1503712 214834877 1
1503712 214826610 0.5
1823867 214748300 1
1823867 214753513 0.5
1823867 214829090 0.5
6935014 214700990 1
6935014 214700992 0.5
6935014 214574777 0.5
7909863 214716984 1
7909863 214832604 0.5
7909863 214557095 0.5
10842621 214859139 1
10842621 214859240 0.5
10842621 214704180 0.5
10842621 214701787 0.5
10842621 214853100 0.5
9101824 214852978 1
9101824 214853094 0.5
4907536 214847940 1
4907536 214725551 0.5
733716 214680369 1
733716 214712237 0.5
3383829 214839935 1
3383829 214622237 0.5
944118 214717003 1
944118 214716990 0.5
1941594 214712229 1
1941594 214701787 0.5
1941594 214712237 0.5
2441786 214829880 1
2441786 214829878 0.5
9237067 214701242 1
9237067 214701236 0.5
11379292 214701787 1
11379292 214530705 0.5
3539581 214551607 1
3539581 214612738 0.5
9220737 214684115 1
9220737 214854313 0.5
979052 214584907 1
979052 214584939 0.5
979052 214748340 0.5
979052 214845159 0.5
4825879 214580293 1
4825879 214580291 0.5
656 214832657 1
656 214716928 0.5
656 214716984 0.5
656 214717007 0.5
656 214832655 0.5
7545489 214851279 1
7545489 214855185 0.5
7545489 214533022 0.5
7738003 214687663 1
7738003 214708211 0.5
7738003 214696511 0.5
7545499 214844394 1
7545499 214844456 0.5
7545499 214844441 0.5
7545499 214551626 0.5
7586466 214821309 1
7586466 214844458 0.5
7586466 214844462 0.5
5956276 214636505 1
5956276 214613893 0.5
5956276 214512431 0.5
6226638 214712237 1
6226638 214835120 0.5
6377952 214850565 1
6377952 214834899 0.5
3916512 214829801 1
3916512 214717427 0.5
3916512 214545879 0.5
4285161 214821277 1
4285161 214538027 0.5
4285161 214820231 0.5
5206764 214684372 1
5206764 214829672 0.5
5206764 214839377 0.5
5911286 214829317 1
5911286 214819393 0.5
5911286 214846447 0.5
6469076 214694105 1
6469076 214690813 0.5
11182852 214853754 1
11182852 214701787 0.5
140054 214717003 1
140054 214717007 0.5
140054 214554358 0.5
140054 214832655 0.5
4137753 214533020 1
4137753 214821339 0.5
7045929 214656380 1
7045929 214696794 0.5
7045929 214656382 0.5
6504353 214712235 1
6504353 214700000 0.5
4649793 214829792 1
4649793 214743515 0.5
4649793 214706452 0.5
8248801 214844394 1
8248801 214612738 0.5
7168849 214846072 1
7168849 214819378 0.5
2102121 214826615 1
2102121 214834880 0.5
2102121 214834877 0.5
10104712 214684093 1
10104712 214696824 0.5
1853588 214826705 1
1853588 214587560 0.5
4861712 214839965 1
4861712 214832747 0.5
4621192 214831970 1
4621192 214632272 0.5
4621192 214587384 0.5
6871874 214848727 1
6871874 214848729 0.5
10822542 214835117 1
10822542 214606395 0.5
10822542 214676580 0.5
9010671 214828989 1
9010671 214829317 0.5
5280693 214712237 1
5280693 214700002 0.5
996279 214821315 1
996279 214716930 0.5
996279 214716932 0.5
996279 214716935 0.5
679413 214826816 1
679413 214531513 0.5
679413 214838589 0.5
9454529 214853214 1
9454529 214857039 0.5
7553986 214850932 1
7553986 214700876 0.5
9544657 214851099 1
9544657 214836330 0.5
10056658 214853090 1
10056658 214852978 0.5
10056658 214853094 0.5
4539349 214826983 1
4539349 214839592 0.5
4539349 214821339 0.5
4539349 214533020 0.5
2954206 214829887 1
2954206 214829880 0.5
2954206 214831948 0.5
10855402 214857035 1
10855402 214575722 0.5
10855402 214696751 0.5
2122734 214558331 1
2122734 214701307 0.5
5067764 214826987 1
5067764 214836536 0.5
7488506 214845502 1
7488506 214530729 0.5
7488506 214836506 0.5
4417023 214644686 1
4417023 214819410 0.5
4765867 214748293 1
4765867 214748300 0.5
11025239 214510445 1
11025239 214849132 0.5
6254084 214512611 1
6254084 214712237 0.5
218156 214832672 1
218156 214716984 0.5
218156 214832657 0.5
218156 214832653 0.5
218156 214716982 0.5
218156 214832655 0.5
2462767 214600509 1
2462767 214829878 0.5
2233394 214831946 1
2233394 214829882 0.5
2233394 214829878 0.5
2049077 214711438 1
2049077 214585397 0.5
2049077 214829887 0.5
5153851 214847940 1
5153851 214826833 0.5
599101 214839313 1
599101 214820842 0.5
6128709 214644320 1
6128709 214678432 0.5
6128709 214708044 0.5
6358086 214829672 1
6358086 214587560 0.5
70728 214613893 1
70728 214509084 0.5
2872162 214718199 1
2872162 214711205 0.5
3097679 214644320 1
3097679 214708044 0.5
2720871 214844456 1
2720871 214844462 0.5
1128 214698581 1
1128 214698577 0.5
7149756 214704182 1
7149756 214829792 0.5
7149756 214700002 0.5
7149756 214851279 0.5
7149756 214853143 0.5
7149756 214853145 0.5
7149756 214743515 0.5
8336494 214844347 1
8336494 214585644 0.5
8160373 214828970 1
8160373 214849327 0.5
10466428 214842735 1
10466428 214857365 0.5
1850322 214821332 1
1850322 214826610 0.5
143552 214581761 1
143552 214553587 0.5
7955589 214850743 1
7955589 214850936 0.5
9692302 214847255 1
9692302 214847261 0.5
1992216 214709792 1
1992216 214835752 0.5
7907833 214850790 1
7907833 214850405 0.5
6337687 214820233 1
6337687 214846117 0.5
8483994 214853096 1
8483994 214853105 0.5
8483994 214853090 0.5
8483994 214853094 0.5
8483994 214851326 0.5
4927901 214613915 1
4927901 214684372 0.5
7829703 214716930 1
7829703 214716932 0.5
7829703 214716935 0.5
11113652 214687845 1
11113652 214710013 0.5
3929274 214613893 1
3929274 214509084 0.5
9618622 214826987 1
9618622 214853325 0.5
9618622 214857830 0.5
9618622 214850949 0.5
111812 214839313 1
111812 214839997 0.5
2827461 214551626 1
2827461 214844441 0.5
312523 214833800 1
312523 214833802 0.5
4592846 214835015 1
4592846 214839356 0.5
4592846 214622237 0.5
5743824 214821339 1
5743824 214533022 0.5
8553686 214640015 1
8553686 214691150 0.5
10421463 214854536 1
10421463 214854577 0.5
6874333 214582942 1
6874333 214687753 0.5
7046369 214849327 1
7046369 214828970 0.5
11113702 214854707 1
11113702 214853072 0.5
11113702 214849132 0.5
7693547 214716982 1
7693547 214716965 0.5
3122422 214680371 1
3122422 214581489 0.5
6001911 214748293 1
6001911 214748338 0.5
6497542 214848410 1
6497542 214515830 0.5
6497542 214826990 0.5
7644433 214850765 1
7644433 214717867 0.5
7644433 214832653 0.5
7644433 214716982 0.5
9667879 214536577 1
9667879 214572377 0.5
3749161 214601216 1
3749161 214845508 0.5
9073979 214839611 1
9073979 214853261 0.5
5592391 214821367 1
5592391 214828989 0.5
4728138 214821309 1
4728138 214844441 0.5
4728138 214551617 0.5
11130188 214853754 1
11130188 214678629 0.5
3242893 643078800 1
3242893 214829762 0.5
10655067 214853105 1
10655067 214853096 0.5
482193 214680371 1
482193 214712235 0.5
482193 214602605 0.5
4326767 214826990 1
4326767 214573612 0.5
8770929 214853758 1
8770929 214851120 0.5
4130383 214622237 1
4130383 214839935 0.5
10921344 214854707 1
10921344 214510445 0.5
8869262 214717003 1
8869262 214716928 0.5
316828 214821277 1
316828 214701242 0.5
6751649 214844462 1
6751649 214844458 0.5
1347142 214841006 1
1347142 214512425 0.5
11023788 214859246 1
11023788 214860208 0.5
2063648 214835752 1
2063648 214709792 0.5
49013 214821277 1
49013 214821290 0.5
5162429 214820383 1
5162429 214826803 0.5
6866366 214684108 1
6866366 214848324 0.5
10913216 214701787 1
10913216 214835117 0.5
5735873 214821277 1
5735873 214821290 0.5
7308739 214849292 1
7308739 214836525 0.5
4463453 214632146 1
4463453 214642787 0.5
4463453 214829310 0.5
8426962 214716982 1
8426962 214854570 0.5
5684814 214838092 1
5684814 214837280 0.5
5684814 214581684 0.5
11528443 214704180 1
11528443 214845504 0.5
11528443 214676580 0.5
11528443 214650508 0.5
11528443 214864432 0.5
11528443 214676535 0.5
11528443 214606395 0.5
21988 214716932 1
21988 214716930 0.5
3892718 214836932 1
3892718 214561402 0.5
9721329 214700002 1
9721329 214743515 0.5
9721329 214712237 0.5
2893309 214844250 1
2893309 214844173 0.5
3802657 214837918 1
3802657 214837916 0.5
9553446 214553702 1
9553446 214850715 0.5
9553446 214717284 0.5
7165498 214849807 1
7165498 214849766 0.5
10344001 214854313 1
10344001 214684115 0.5
5940802 214532064 1
5940802 214706150 0.5
8111684 214853177 1
8111684 214853173 0.5
132687 214717003 1
132687 214716928 0.5
4724304 214844458 1
4724304 214821309 0.5
4724304 214844462 0.5
7648854 214684715 1
7648854 214820231 0.5
7834554 214716971 1
7834554 214819468 0.5
8725958 214850612 1
8725958 214684093 0.5
2954869 214829880 1
2954869 214831948 0.5
2954869 214829878 0.5
9831819 214853891 1
9831819 214686999 0.5
4171393 214845508 1
4171393 214829792 0.5
4171393 214706452 0.5
7898763 214840082 1
7898763 214848326 0.5
3012236 214844394 1
3012236 214821305 0.5
956047 214581489 1
956047 214602605 0.5
5416594 214613915 1
5416594 214684372 0.5
2963096 214613893 1
2963096 214509084 0.5
4265629 214698577 1
4265629 214835120 0.5
4265629 214743515 0.5
4265629 214845508 0.5
4265629 214602605 0.5
169632 214644650 1
169632 214829737 0.5
169632 214705747 0.5
419519 214594678 1
419519 214594680 0.5
5150402 214613915 1
5150402 214684372 0.5
8390343 214716975 1
8390343 214533022 0.5
1767114 214829366 1
1767114 214843500 0.5
11142866 214859062 1
11142866 214640353 0.5
6923993 214849046 1
6923993 214848945 0.5
220111 214832655 1
220111 214717007 0.5
4129061 214612751 1
4129061 214826610 0.5
3106532 214844439 1
3106532 214844394 0.5
3544806 214829327 1
3544806 214839742 0.5
4354344 214601805 1
4354344 214829747 0.5
8046322 214851152 1
8046322 214851155 0.5
5011191 214836868 1
5011191 214838092 0.5
5785336 214717003 1
5785336 214716928 0.5
5785336 214554358 0.5
4839172 214836845 1
4839172 214837280 0.5
8988423 214850932 1
8988423 214700876 0.5
1788204 214821309 1
1788204 214821302 0.5
6407949 214680371 1
6407949 214700000 0.5
8361744 214744530 1
8361744 214844420 0.5
2095406 214826805 1
2095406 214554296 0.5
2095406 214834869 0.5
173846 214748338 1
173846 214748297 0.5
9148188 214842735 1
9148188 214652934 0.5
9713449 214853077 1
9713449 214853248 0.5
9713449 214853094 0.5
7735089 214855185 1
7735089 214716932 0.5
4056911 214845508 1
4056911 214706452 0.5
11253593 214853248 1
11253593 214819760 0.5
11253593 214851099 0.5
8165217 214855185 1
8165217 214716930 0.5
8165217 214716932 0.5
8165217 214716926 0.5
8165217 214716935 0.5
5326694 214512611 1
5326694 214511015 0.5
10045287 214687753 1
10045287 214582942 0.5
7784297 214638474 1
7784297 214537764 0.5
5257068 214700000 1
5257068 214744258 0.5
96117 214821028 1
96117 214706432 0.5
96117 214821026 0.5
96117 214821030 0.5
5523331 214845583 1
5523331 214845585 0.5
9791369 214510445 1
9791369 214510449 0.5
9791369 214849132 0.5
9791369 214510447 0.5
206733 214716984 1
206733 214716982 0.5
7808911 214844394 1
7808911 214844439 0.5
7989152 214844439 1
7989152 214844394 0.5
4007843 214836924 1
4007843 214836881 0.5
4007843 214819410 0.5
3989151 214539039 1
3989151 214551776 0.5
3989151 214539050 0.5
3989151 214612895 0.5
3487686 214701787 1
3487686 214712235 0.5
1546188 214517880 1
1546188 214575491 0.5
2553814 214684702 1
2553814 214706452 0.5
8138397 214835120 1
8138397 214512611 0.5
8138397 214712237 0.5
8138397 214743515 0.5
8378059 214840378 1
8378059 214835126 0.5
5277672 214712235 1
5277672 214700000 0.5
252924 214537967 1
252924 214539845 0.5
5318637 214829672 1
5318637 214845172 0.5
2518016 214663310 1
2518016 214717095 0.5
8374277 214853145 1
8374277 214851279 0.5
8542217 214828882 1
8542217 214850934 0.5
8542217 214853758 0.5
3415042 214844394 1
3415042 214821305 0.5
1005592 214561468 1
1005592 214642097 0.5
5278724 214835109 1
5278724 214826990 0.5
11327524 214853072 1
11327524 214853754 0.5
3344423 214708044 1
3344423 214774682 0.5
228934 214826925 1
228934 214579288 0.5
2054201 214829317 1
2054201 214534689 0.5
2054201 214537490 0.5
5151072 214640353 1
5151072 214838094 0.5
858178 214840757 1
858178 214827009 0.5
858178 214827015 0.5
1601986 214828995 1
1601986 214557041 0.5
1001584 214821307 1
1001584 214612708 0.5
1001584 214551626 0.5
1001584 214533020 0.5
2893937 214829390 1
2893937 214835132 0.5
5057833 214692581 1
5057833 214515830 0.5
2386046 214829846 1
2386046 214829711 0.5
3343022 214716937 1
3343022 214819468 0.5
3343022 214716975 0.5
4049024 214836887 1
4049024 214829797 0.5
7084161 214828882 1
7084161 214853177 0.5
7084161 214849766 0.5
8829088 214853094 1
8829088 214853090 0.5
7567507 214853145 1
7567507 214853143 0.5
10651798 214567215 1
10651798 214854264 0.5
3697689 214820242 1
3697689 214826780 0.5
3697689 214613893 0.5
7448732 214717007 1
7448732 214849327 0.5
4425888 214839947 1
4425888 214640015 0.5
8296609 214700000 1
8296609 214743515 0.5
11357211 214684785 1
11357211 214684762 0.5
11357211 214853726 0.5
2916721 214533022 1
2916721 214716935 0.5
2295978 214832717 1
2295978 214829846 0.5
10590388 214853321 1
10590388 214601216 0.5
10590388 214835713 0.5
10590388 214700002 0.5
10590388 214835117 0.5
10590388 214851032 0.5
10590388 214743515 0.5
5335226 214820265 1
5335226 214829670 0.5
731328 214685784 1
731328 214842549 0.5
1140936 214821309 1
1140936 214612708 0.5
3336401 643078800 1
3336401 214832672 0.5
7684632 214584821 1
7684632 214537528 0.5
10573522 214701787 1
10573522 214704180 0.5
10573522 214704182 0.5
4921584 214709792 1
4921584 214695073 0.5
4921584 214716658 0.5
4921584 214829398 0.5
2393066 214829878 1
2393066 214829887 0.5
383227 214716932 1
383227 214717005 0.5
8698111 214853094 1
8698111 214853248 0.5
8698111 214851326 0.5
1980672 214560187 1
1980672 214831931 0.5
10963219 214854707 1
10963219 214578011 0.5
10963219 214510445 0.5
8632597 214839611 1
8632597 214853261 0.5
11036962 214854823 1
11036962 214849055 0.5
547107 214716930 1
547107 214716932 0.5
547107 214716935 0.5
11117617 214837286 1
11117617 214640012 0.5
10020807 214574777 1
10020807 214700990 0.5
2906414 214828963 1
2906414 214668594 0.5
3741999 214848729 1
3741999 214836761 0.5
3741999 214844415 0.5
5552441 214829327 1
5552441 214510449 0.5
10787133 214859242 1
10787133 214851032 0.5
10787133 214845538 0.5
10787133 214704180 0.5
330047 214840762 1
330047 214832559 0.5
5617986 214716939 1
5617986 214716937 0.5
5617986 214716930 0.5
5617986 214716941 0.5
5617986 214716977 0.5
5617986 214716935 0.5
6515011 214712235 1
6515011 214700000 0.5
6613316 214507331 1
6613316 214684093 0.5
5433676 214640098 1
5433676 214844405 0.5
8034644 214744258 1
8034644 214712235 0.5
7962192 214844394 1
7962192 214844439 0.5
10475868 214854352 1
10475868 214854536 0.5
10475868 214854577 0.5
9300323 214853420 1
9300323 214850949 0.5
7784814 214533022 1
7784814 214551626 0.5
7784814 214844454 0.5
7784814 214652934 0.5
8168509 214853173 1
8168509 214853758 0.5
1681776 214601272 1
1681776 214717003 0.5
2679623 643078800 1
2679623 214638474 0.5
3639683 214820242 1
3639683 214560013 0.5
3017114 214831937 1
3017114 214551607 0.5
10810438 214853754 1
10810438 214829730 0.5
9365927 214581611 1
9365927 214676306 0.5
9709998 214644577 1
9709998 214845416 0.5
3725749 214835109 1
3725749 214836932 0.5
2954641 214584992 1
2954641 214840595 0.5
5007809 214847261 1
5007809 214847255 0.5
4602308 214845131 1
4602308 214828985 0.5
4602308 214839956 0.5
4602308 214602598 0.5
5073352 214748310 1
5073352 214710152 0.5
5073352 214641967 0.5
669969 214819723 1
669969 214819725 0.5
9300434 214700990 1
9300434 214700992 0.5
6261204 214828963 1
6261204 214709807 0.5
3340768 214712235 1
3340768 214680371 0.5
18927 214716935 1
18927 214716930 0.5
18927 214716932 0.5
18927 214533022 0.5
1378808 214827020 1
1378808 214821272 0.5
1378808 214553767 0.5
5483001 214684093 1
5483001 214708372 0.5
7993859 214716984 1
7993859 214716937 0.5
7993859 214716939 0.5
7993859 214832653 0.5
7993859 214832655 0.5
7993859 214832657 0.5
7993859 214716982 0.5
7993859 214716986 0.5
7993859 214717007 0.5
2910729 214844439 1
2910729 214821302 0.5
2910729 214586711 0.5
9632281 214828952 1
9632281 214853430 0.5
9632281 214744775 0.5
2787872 214829390 1
2787872 214644320 0.5
2787872 214837916 0.5
2787872 214834867 0.5
2787872 214836532 0.5
2787872 214643925 0.5
4229552 214716971 1
4229552 214716941 0.5
9550371 214853282 1
9550371 214509401 0.5
9550371 214509403 0.5
4897317 214640015 1
4897317 214839947 0.5
4463142 214838505 1
4463142 214677290 0.5
7065836 214849327 1
7065836 214828970 0.5
7065836 214701307 0.5
7065836 214849292 0.5
7060032 214844439 1
7060032 214821305 0.5
1915461 214594680 1
1915461 214594678 0.5
10052806 214854159 1
10052806 214717867 0.5
10562148 214861498 1
10562148 214839995 0.5
4932711 214743367 1
4932711 214840082 0.5
5036662 214826987 1
5036662 214700000 0.5
5036662 214684702 0.5
3224379 214537455 1
3224379 214672963 0.5
9878169 214820306 1
9878169 214853122 0.5
9894559 214512611 1
9894559 214680371 0.5
8542908 214851152 1
8542908 214851155 0.5
8542908 214828963 0.5
4618698 214834877 1
4618698 214748336 0.5
4618698 214602598 0.5
11016897 214853100 1
11016897 214853102 0.5
2656966 214582942 1
2656966 214834873 0.5
2656966 214684730 0.5
10922698 214857204 1
10922698 214835000 0.5
5790411 214640019 1
5790411 214844355 0.5
5790411 214846468 0.5
2341588 214840584 1
2341588 214829880 0.5
2341588 214844454 0.5
2550488 214821339 1
2550488 214533020 0.5
4315869 214829846 1
4315869 214820263 0.5
3795678 214708044 1
3795678 214774682 0.5
7756513 214678987 1
7756513 214685760 0.5
7756513 214853122 0.5
7756513 214567419 0.5
804801 214821305 1
804801 214826955 0.5
7318243 214849734 1
7318243 214844400 0.5
7318243 214849753 0.5
9636583 214853145 1
9636583 214853143 0.5
6929134 214743515 1
6929134 214700002 0.5
6068978 214848727 1
6068978 214846464 0.5
5069558 214844394 1
5069558 214821305 0.5
10156793 214701787 1
10156793 214853145 0.5
10156793 214835713 0.5
8731777 214853094 1
8731777 214853090 0.5
7006994 214853173 1
7006994 214853177 0.5
7006994 214553604 0.5
588579 214832559 1
588579 214676019 0.5
10302136 214716982 1
10302136 214716984 0.5
10302136 214849807 0.5
7609132 214855185 1
7609132 214716935 0.5
7781177 214700002 1
7781177 214743515 0.5
1362759 214829034 1
1362759 214695399 0.5
5638991 214584992 1
5638991 214840595 0.5
105301 214835072 1
105301 214536399 0.5
7945053 214828882 1
7945053 214853173 0.5
5426017 214829042 1
5426017 214701212 0.5
1174673 214829079 1
1174673 214582387 0.5
1174673 214829085 0.5
7852519 214551626 1
7852519 214537496 0.5
7852519 214844456 0.5
7852519 214582387 0.5
7852519 214551617 0.5
5043346 214684372 1
5043346 214836868 0.5
5043346 214820261 0.5
5043346 214820265 0.5
5043346 214833802 0.5
5043346 214602830 0.5
5043346 214848727 0.5
9709519 214853325 1
9709519 214712237 0.5
3898251 214842735 1
3898251 214509142 0.5
2337677 214832717 1
2337677 214836129 0.5
2284433 214558331 1
2284433 214701307 0.5
11115412 214774676 1
11115412 214700990 0.5
4848534 214530789 1
4848534 214530791 0.5
4111256 214512611 1
4111256 214602605 0.5
4111256 214511015 0.5
7281561 214551776 1
7281561 214551780 0.5
9790619 214849037 1
9790619 214838259 0.5
5348278 214684702 1
5348278 214845577 0.5
150687 214821305 1
150687 214553936 0.5
150687 214586711 0.5
6331327 214846462 1
6331327 214534215 0.5
9591749 214700992 1
9591749 214700990 0.5
8698824 214700002 1
8698824 214853321 0.5
8698824 214712237 0.5
7429071 214580293 1
7429071 214695399 0.5
4477962 214821309 1
4477962 214844456 0.5
10115577 214684762 1
10115577 214687845 0.5
10115577 214850790 0.5
10115577 214684785 0.5
10115577 214854547 0.5
10115577 214854358 0.5
10115577 214853726 0.5
4815839 214538820 1
4815839 214832557 0.5
4815839 214635493 0.5
4975589 214685747 1
4975589 214821285 0.5
6495207 214848688 1
6495207 214848950 0.5
10292208 214848326 1
10292208 214857155 0.5
4946931 214602830 1
4946931 214848727 0.5
3886073 214530789 1
3886073 214530791 0.5
4942512 214826987 1
4942512 214829887 0.5
10275843 214684093 1
10275843 214708372 0.5
10275843 214849350 0.5
10275843 214508287 0.5
10492936 214849807 1
10492936 214854555 0.5
2578264 214712132 1
2578264 214537775 0.5
7031833 214840595 1
7031833 214584992 0.5
11468153 214854707 1
11468153 214853072 0.5
391003 214716930 1
391003 214716935 0.5
4906023 214820255 1
4906023 214510757 0.5
2481202 643078800 1
2481202 214827011 0.5
9310047 214509401 1
9310047 214832604 0.5
5475388 214820383 1
5475388 214836868 0.5
5475388 214613915 0.5
5475388 214546772 0.5
5475388 214821285 0.5
5478241 214717820 1
5478241 214644654 0.5
4066376 214829792 1
4066376 214743515 0.5
11521101 214851152 1
11521101 214851155 0.5
11354 214600502 1
11354 214582387 0.5
11354 214717318 0.5
11354 214820439 0.5
5057631 214829042 1
5057631 214839977 0.5
11422824 214743515 1
11422824 214700002 0.5
11422824 214712237 0.5
8129642 214534661 1
8129642 214853122 0.5
6548592 214684108 1
6548592 214848324 0.5
6548592 214554950 0.5
9215098 214851152 1
9215098 214850938 0.5
9215098 214850743 0.5
11037822 214704180 1
11037822 214859240 0.5
11037822 214704182 0.5
7679851 214850304 1
7679851 214850282 0.5
150667 214716935 1
150667 214716932 0.5
150667 214533022 0.5
11431052 214849132 1
11431052 214712244 0.5
4754577 214836512 1
4754577 214831970 0.5
4754577 214539039 0.5
855188 214821315 1
855188 214821305 0.5
4627617 214685747 1
4627617 214840556 0.5
5000363 214613915 1
5000363 214836868 0.5
5000363 214684372 0.5
5000363 214602830 0.5
1588398 214829327 1
1588398 214580287 0.5
4353203 214838107 1
4353203 214829792 0.5
4353203 214845508 0.5
11279547 214853072 1
11279547 214854774 0.5
4918461 214641967 1
4918461 214838092 0.5
1125572 214829085 1
1125572 214829079 0.5
7808886 214821315 1
7808886 214533022 0.5
6487238 214849239 1
6487238 214602598 0.5
6487238 214835473 0.5
6487238 214848656 0.5
6487238 214640017 0.5
6487238 214587317 0.5
6487238 214828985 0.5
6487238 214665277 0.5
1080526 214558331 1
1080526 214701307 0.5
7625938 214844439 1
7625938 214844454 0.5
4099303 214838102 1
4099303 214839587 0.5
7912681 214828882 1
7912681 214553604 0.5
4799728 214829310 1
4799728 214839915 0.5
2612469 214832717 1
2612469 214829857 0.5
7105784 214829792 1
7105784 214743515 0.5
10579199 214535051 1
10579199 214853096 0.5
9702661 214835000 1
9702661 214532955 0.5
9628937 214850709 1
9628937 214846464 0.5
9628937 214835064 0.5
9628937 214853347 0.5
2518296 214748297 1
2518296 214748302 0.5
10920687 214578011 1
10920687 214510445 0.5
3722528 214844456 1
3722528 214844439 0.5
9391394 214844394 1
9391394 214853094 0.5
5156134 214684702 1
5156134 214821367 0.5
9690407 214851155 1
9690407 214851152 0.5
9690407 214834922 0.5
5201193 214836536 1
5201193 214837280 0.5
5201193 214838092 0.5
5201193 214692581 0.5
8133937 214840378 1
8133937 214853122 0.5
8133937 214853173 0.5
10143626 214687970 1
10143626 214694722 0.5
4644161 214821309 1
4644161 214821305 0.5
5479748 214684702 1
5479748 214700002 0.5
5479748 214826987 0.5
8310087 214851279 1
8310087 214853891 0.5
7040344 214839947 1
7040344 214688610 0.5
2661731 214540127 1
2661731 214548103 0.5
8580454 214853145 1
8580454 214851279 0.5
7802227 214509403 1
7802227 214509401 0.5
2338166 214829317 1
2338166 214601040 0.5
8793464 214853077 1
8793464 214852980 0.5
9420167 214716928 1
9420167 214717003 0.5
9420167 214717005 0.5
1121677 214551913 1
1121677 214551928 0.5
4074901 214821305 1
4074901 214821315 0.5
4074901 214821309 0.5
4074901 214821341 0.5
10247582 214853762 1
10247582 214853760 0.5
11500963 214510445 1
11500963 214578011 0.5
11500963 214854774 0.5
5193127 214712237 1
5193127 214700002 0.5
7723641 214716932 1
7723641 214716935 0.5
1781172 214509041 1
1781172 214696434 0.5
1289662 214840762 1
1289662 214836761 0.5
1289662 214840757 0.5
1289662 214508942 0.5
11317591 214595855 1
11317591 214836819 0.5
2368758 214829878 1
2368758 214829887 0.5
8375751 214584821 1
8375751 214509401 0.5
5765027 214714719 1
5765027 214828890 0.5
6020564 214743515 1
6020564 214700002 0.5
6020564 214712237 0.5
7073251 214685795 1
7073251 214829312 0.5
6364649 214840595 1
6364649 214584992 0.5
3403244 214844394 1
3403244 214844439 0.5
2579951 214716928 1
2579951 214717003 0.5
7466238 214716928 1
7466238 214853657 0.5
7466238 214716939 0.5
7466238 214717007 0.5
1842692 214829327 1
1842692 214829325 0.5
6266378 214850715 1
6266378 214553702 0.5
327597 214672963 1
327597 214510820 0.5
4403687 214700000 1
4403687 214744258 0.5
5062162 214832154 1
5062162 214831946 0.5
3624468 214550548 1
3624468 214829042 0.5
3624468 214774682 0.5
10268192 214848302 1
10268192 214854677 0.5
10287568 214701787 1
10287568 214851279 0.5
6458934 214748293 1
6458934 214850297 0.5
2484079 214743515 1
2484079 214712237 0.5
2571844 214700002 1
2571844 214743515 0.5
2830786 214844394 1
2830786 214821305 0.5
2830786 214844439 0.5
11214421 214680371 1
11214421 214700000 0.5
11214421 214835120 0.5
1802171 214534667 1
1802171 214668596 0.5
8711781 214821277 1
8711781 214820231 0.5
2237713 214836819 1
2237713 214516194 0.5
880573 214717003 1
880573 214819468 0.5
880573 214716926 0.5
5729911 214844439 1
5729911 214565621 0.5
440258 214744530 1
440258 214826816 0.5
440258 214826705 0.5
2031234 214515830 1
2031234 214699044 0.5
9492546 214534661 1
9492546 214601040 0.5
4540353 214840082 1
4540353 214826820 0.5
124183 214821277 1
124183 214821290 0.5
124183 214820261 0.5
3452576 214836851 1
3452576 214539110 0.5
2420388 214832730 1
2420388 214844420 0.5
10866 214829285 1
10866 214821275 0.5
7069368 214509401 1
7069368 214828882 0.5
7069368 214717331 0.5
2711232 214612704 1
2711232 214551607 0.5
2711232 214533022 0.5
2711232 214844439 0.5
7794369 214850743 1
7794369 214677615 0.5
3755714 214612704 1
3755714 214551626 0.5
1629473 214821332 1
1629473 214832722 0.5
1629473 214821294 0.5
10739403 214680371 1
10739403 214712235 0.5
10915541 214712235 1
10915541 214700000 0.5
10915541 214835120 0.5
2277042 214844439 1
2277042 214612704 0.5
1433322 214717097 1
1433322 214829042 0.5
6296189 214848727 1
6296189 214848729 0.5
2281201 214587435 1
2281201 214536399 0.5
7421858 214678987 1
7421858 214828882 0.5
9192353 214853094 1
9192353 214853090 0.5
26582 214708044 1
26582 214644320 0.5
26582 214644317 0.5
3301126 214844250 1
3301126 214844173 0.5
5328649 214550383 1
5328649 214515883 0.5
5328649 214581815 0.5
3092439 214844394 1
3092439 214821305 0.5
3092439 214844462 0.5
5160718 214847261 1
5160718 214847255 0.5
10164184 214700000 1
10164184 214744258 0.5
10164184 214712235 0.5
3735316 214577512 1
3735316 214717412 0.5
3735316 214718158 0.5
3735316 214826711 0.5
9152473 214836536 1
9152473 214853420 0.5
9152473 214853094 0.5
4628253 214842735 1
4628253 214589632 0.5
4628253 214612901 0.5
4628253 214589702 0.5
4628253 214509142 0.5
4628253 214821305 0.5
4628253 214839356 0.5
8807049 214852978 1
8807049 214853096 0.5
8807049 214853077 0.5
8807049 214851326 0.5
7245612 214534667 1
7245612 214534661 0.5
3288877 214748293 1
3288877 214748300 0.5
5963583 214846067 1
5963583 214674583 0.5
11071299 214853072 1
11071299 214748310 0.5
7843809 214842735 1
7843809 214826750 0.5
8474447 214850938 1
8474447 214849102 0.5
7068744 214847940 1
7068744 214515883 0.5
7068744 214712126 0.5
6951567 214643036 1
6951567 214684108 0.5
7573343 214717003 1
7573343 214716928 0.5
7573343 214849766 0.5
2834272 643078800 1
2834272 214836506 0.5
5087073 214845131 1
5087073 214839600 0.5
5087073 214602598 0.5
81762 214530457 1
81762 214826705 0.5
11554667 214510445 1
11554667 214849132 0.5
5345138 214821285 1
5345138 214844345 0.5
2965369 214826752 1
2965369 214587384 0.5
2965369 643078800 0.5
2613227 214844439 1
2613227 214612708 0.5
6421826 214819468 1
6421826 214716937 0.5
6421826 214716975 0.5
10719118 214551607 1
10719118 214821341 0.5
3174287 214698463 1
3174287 214698577 0.5
3174287 214698581 0.5
3174287 214698465 0.5
5341072 214820383 1
5341072 214640353 0.5
196506 214832557 1
196506 214821022 0.5
3530651 214844394 1
3530651 214821305 0.5
597919 214826893 1
597919 214711307 0.5
8241058 214680371 1
8241058 214512611 0.5
7995306 214849052 1
7995306 214850700 0.5
4698029 214820263 1
4698029 214820261 0.5
3878832 214684513 1
3878832 214839808 0.5
3878832 214839851 0.5
3878832 214839371 0.5
3878832 214580293 0.5
3878832 214838462 0.5
477503 214585100 1
477503 214821367 0.5
1777312 214819468 1
1777312 214716986 0.5
1777312 214821309 0.5
1777312 214716982 0.5
3573066 214844456 1
3573066 214844441 0.5
10166213 214854707 1
10166213 214510445 0.5
6631379 214850724 1
6631379 214850722 0.5
2292149 214844420 1
2292149 214846057 0.5
2292149 214832717 0.5
3518436 214838505 1
3518436 214508563 0.5
3518436 214548885 0.5
11446268 214859246 1
11446268 214860208 0.5
2757012 214685747 1
2757012 214844456 0.5
2757012 214840556 0.5
4747244 214748310 1
4747244 214838105 0.5
8720369 214853077 1
8720369 214853096 0.5
8122358 214716932 1
8122358 214716930 0.5
7626748 214670070 1
7626748 214557232 0.5
