2213207 214821285 1
2213207 214821305 0.5
2213207 214821302 0.5
2213207 214844439 0.5
266254 214821277 1
266254 214706432 0.5
3457044 214829083 1
3457044 214829079 0.5
364568 214560187 1
364568 214820447 0.5
832533 214535621 1
832533 214841640 0.5
832533 214821285 0.5
8159262 214716707 1
8159262 214832604 0.5
7286832 214835713 1
7286832 214712235 0.5
7508023 214563182 1
7508023 214645005 0.5
7508023 214846389 0.5
5398594 214836519 1
5398594 214705003 0.5
5398594 214829437 0.5
5525572 214820261 1
5525572 214748336 0.5
5525572 214838225 0.5
5525572 214691246 0.5
835658 214820272 1
835658 214826705 0.5
4821086 214748340 1
4821086 214821290 0.5
4821086 214584939 0.5
4821086 214829711 0.5
9076832 214853094 1
9076832 214828952 0.5
8441957 214855185 1
8441957 214716930 0.5
4157543 214698575 1
4157543 214698581 0.5
6701163 214667859 1
6701163 214848605 0.5
4300919 214553700 1
4300919 214710152 0.5
5736469 214839982 1
5736469 214684093 0.5
1213614 214674772 1
1213614 214837442 0.5
1213614 214837483 0.5
7314668 214665277 1
7314668 214844345 0.5
2789479 214836515 1
2789479 214601535 0.5
4710561 214839956 1
4710561 214839977 0.5
4516551 214695480 1
4516551 214839971 0.5
8919071 214853105 1
8919071 214853096 0.5
8919071 214853085 0.5
7107082 214551780 1
7107082 214551776 0.5
11108551 214849132 1
11108551 214510445 0.5
11108551 214854774 0.5
3776721 214836875 1
3776721 214836830 0.5
4370642 214587703 1
4370642 214844932 0.5
4370642 214820274 0.5
4370642 214839740 0.5
7098581 214695399 1
7098581 214819412 0.5
2175203 214829846 1
2175203 214829861 0.5
4088037 214602534 1
4088037 214601805 0.5
1665437 214829846 1
1665437 214826709 0.5
213248 214710159 1
213248 214640015 0.5
1208577 214841640 1
1208577 214535621 0.5
5320964 214842735 1
5320964 214826750 0.5
2433289 643078800 1
2433289 643078783 0.5
4006156 214680371 1
4006156 214602605 0.5
6005009 214700990 1
6005009 214700992 0.5
6005009 214574777 0.5
6005009 214630042 0.5
5148952 214821305 1
5148952 214844394 0.5
5148952 214821341 0.5
2916639 214537037 1
2916639 214829882 0.5
2916639 214829878 0.5
5075237 214551909 1
5075237 214829383 0.5
2261286 214832717 1
2261286 214829705 0.5
9687337 214850947 1
9687337 214850949 0.5
9687337 214853422 0.5
6951212 214632146 1
6951212 214514265 0.5
278579 214700885 1
278579 214531659 0.5
8793564 214853090 1
8793564 214851326 0.5
3429771 214820242 1
3429771 214613893 0.5
3429771 214512431 0.5
3342663 214820261 1
3342663 214829083 0.5
7571499 214835126 1
7571499 214850936 0.5
1347931 214664831 1
1347931 214828995 0.5
1454441 214827011 1
1454441 214826720 0.5
1454441 214820441 0.5
1454441 214826747 0.5
98671 214716935 1
98671 214716930 0.5
4567412 214582935 1
4567412 214826904 0.5
4567412 214717410 0.5
4567412 214836885 0.5
4567412 214561775 0.5
10557651 214744258 1
10557651 214700000 0.5
10557651 214712235 0.5
4877037 214700000 1
4877037 214744258 0.5
7516561 214844454 1
7516561 214821313 0.5
8454549 214851135 1
8454549 214836830 0.5
8577432 214584992 1
8577432 214840595 0.5
1421722 214602605 1
1421722 214544355 0.5
7893416 214850758 1
7893416 214836947 0.5
10207658 214853698 1
10207658 214853094 0.5
10207658 214853767 0.5
4841911 214684372 1
4841911 214613915 0.5
2593214 214709792 1
2593214 214835752 0.5
1864139 214829855 1
1864139 214829857 0.5
1864139 214829861 0.5
2175442 214573612 1
2175442 214551748 0.5
1886612 214680369 1
1886612 214743515 0.5
5648854 214820377 1
5648854 214584992 0.5
11477463 214859240 1
11477463 214853321 0.5
4149328 214826942 1
4149328 214839932 0.5
2350803 214837916 1
2350803 214834867 0.5
2732522 214844456 1
2732522 214551626 0.5
2732522 214551607 0.5
201197 214716932 1
201197 214717007 0.5
3863024 214848729 1
3863024 214684513 0.5
8933886 214677941 1
8933886 214546025 0.5
5661188 214839611 1
5661188 214846007 0.5
4870666 214836932 1
4870666 214839971 0.5
4870666 214839973 0.5
11321872 214857204 1
11321872 214835000 0.5
52119 214826955 1
52119 214826835 0.5
3654171 214630042 1
3654171 214645618 0.5
3654171 214839341 0.5
3654171 214845127 0.5
3846691 214836924 1
3846691 214839982 0.5
9729457 214712237 1
9729457 214853321 0.5
9729457 214743515 0.5
10969182 214859242 1
10969182 214859240 0.5
4870716 214821305 1
4870716 214844394 0.5
8024641 214716935 1
8024641 214716932 0.5
8024641 214716930 0.5
8024641 214819468 0.5
8024641 214533022 0.5
4448838 214716982 1
4448838 214716984 0.5
11188467 214510451 1
11188467 214510445 0.5
1989969 214684108 1
1989969 214643912 0.5
10141117 214743515 1
10141117 214853321 0.5
8880757 214853090 1
8880757 214853096 0.5
8880757 214853094 0.5
2654839 214829846 1
2654839 214832720 0.5
2654839 214829857 0.5
2654839 214829707 0.5
2654839 214829855 0.5
2654839 214829711 0.5
1863533 214573612 1
1863533 214717877 0.5
1863533 214652934 0.5
1863533 214826615 0.5
7747141 214850743 1
7747141 214554234 0.5
6574748 214846031 1
6574748 214846033 0.5
6574748 214838107 0.5
6288031 214832604 1
6288031 214760897 0.5
3117729 214829878 1
3117729 214638474 0.5
2208419 214833755 1
2208419 214829387 0.5
2208419 214826619 0.5
2126507 214701787 1
2126507 214712235 0.5
10592967 214853698 1
10592967 214853732 0.5
8992436 214839347 1
8992436 214534217 0.5
8992436 214846378 0.5
8992436 214819772 0.5
8992436 214853252 0.5
8992436 214849327 0.5
7472233 214744258 1
7472233 214700000 0.5
7472233 214712235 0.5
7472233 214684715 0.5
7472233 214712237 0.5
7472233 214851279 0.5
7472233 214743515 0.5
4002532 214716926 1
4002532 214716986 0.5
4002532 214717005 0.5
2428108 643078800 1
2428108 643078783 0.5
10284498 214701787 1
10284498 214700000 0.5
10284498 214680371 0.5
10284498 214712235 0.5
10284498 214845508 0.5
10284498 214601207 0.5
11027206 214857830 1
11027206 214826987 0.5
11027206 214853325 0.5
11178764 214853102 1
11178764 214854860 0.5
422671 214819777 1
422671 214717410 0.5
2601744 643078800 1
2601744 643078783 0.5
650712 214718396 1
650712 214711408 0.5
8463123 214853657 1
8463123 214851279 0.5
3932948 214718199 1
3932948 214836932 0.5
3932948 214711517 0.5
8672022 214716943 1
8672022 214717003 0.5
8672022 214716973 0.5
5964568 214584992 1
5964568 214840595 0.5
516896 214738445 1
516896 214511465 0.5
2005128 214821277 1
2005128 214829707 0.5
840513 214630042 1
840513 214645618 0.5
3294022 214612704 1
3294022 214551624 0.5
8762184 214853758 1
8762184 214853122 0.5
5093516 214837918 1
5093516 214829852 0.5
5093516 214837916 0.5
11353757 214835000 1
11353757 214857204 0.5
226126 214839313 1
226126 214826715 0.5
9736333 214850949 1
9736333 214850285 0.5
5530453 214832567 1
5530453 214849198 0.5
4109113 214837916 1
4109113 214837918 0.5
8020831 214853122 1
8020831 214840378 0.5
8020831 214846382 0.5
205668 214840762 1
205668 214586983 0.5
1852272 214829085 1
1852272 214829861 0.5
1852272 214832717 0.5
8680306 214851077 1
8680306 214853090 0.5
8680306 214853085 0.5
8680306 214851326 0.5
2622272 214821315 1
2622272 214533022 0.5
2290563 214829878 1
2290563 214829880 0.5
2290563 214829887 0.5
8369028 214836506 1
8369028 214845506 0.5
2589578 643078800 1
2589578 643078783 0.5
4305806 214820261 1
4305806 214821285 0.5
11088786 214851097 1
11088786 214567327 0.5
1835924 214581489 1
1835924 214835120 0.5
1835924 214704182 0.5
971676 214716973 1
971676 214716971 0.5
971676 214716950 0.5
8591514 214700885 1
8591514 214856582 0.5
8591514 214573350 0.5
8591514 214856585 0.5
8591514 214850282 0.5
8591514 214850287 0.5
8591514 214531550 0.5
3746629 214838225 1
3746629 214832780 0.5
5436322 214821315 1
5436322 214612706 0.5
8090538 214706216 1
8090538 214850932 0.5
2466736 214832717 1
2466736 214829705 0.5
2013303 214829861 1
2013303 214829846 0.5
3408069 214829079 1
3408069 643078800 0.5
3408069 214829083 0.5
7553986 214850932 1
7553986 214700876 0.5
3511236 214836534 1
3511236 214832780 0.5
1872839 214821317 1
1872839 214826805 0.5
9323478 214680371 1
9323478 214700000 0.5
9323478 214701787 0.5
152546 214826955 1
152546 214691426 0.5
5329891 214573612 1
5329891 214585676 0.5
2614244 643078800 1
2614244 643078783 0.5
127974 214833800 1
127974 214832730 0.5
127974 214535621 0.5
127974 214820261 0.5
4490241 214716643 1
4490241 214531545 0.5
4490241 214532107 0.5
844816 214594708 1
844816 214557206 0.5
4098223 214839587 1
4098223 214587317 0.5
10814499 214582942 1
10814499 214687753 0.5
56156 214594678 1
56156 214594680 0.5
10073132 214834922 1
10073132 214853702 0.5
812082 214819490 1
812082 214829737 0.5
812082 214828987 0.5
2024287 214712237 1
2024287 214680369 0.5
2024287 214700002 0.5
10004663 214574777 1
10004663 214700990 0.5
6415436 214829672 1
6415436 214840545 0.5
6276178 214842735 1
6276178 214826750 0.5
8652309 214836517 1
8652309 214531513 0.5
8111236 214844409 1
8111236 214848407 0.5
10089613 214850947 1
10089613 214850949 0.5
10286224 214842735 1
10286224 214509142 0.5
11379857 214835000 1
11379857 214853100 0.5
1923889 214709792 1
1923889 214835752 0.5
3577369 214663310 1
3577369 214820261 0.5
9253061 214716935 1
9253061 214716932 0.5
3519656 214831948 1
3519656 214536392 0.5
5469353 214711438 1
5469353 214819627 0.5
5469353 214826829 0.5
5469353 214826983 0.5
5211312 214836512 1
5211312 214838109 0.5
5211312 214829390 0.5
9385519 214716928 1
9385519 214854632 0.5
9385519 214716971 0.5
9385519 214717003 0.5
9385519 214844420 0.5
9385519 214717005 0.5
5027012 214847936 1
5027012 214833802 0.5
10585297 214853072 1
10585297 214854774 0.5
7947476 214850936 1
7947476 214836830 0.5
357601 214836765 1
357601 214836073 0.5
3949794 214829317 1
3949794 214584815 0.5
10986734 214853094 1
10986734 214852980 0.5
7677169 214716984 1
7677169 214832657 0.5
4184147 214848729 1
4184147 214550863 0.5
3859723 214844394 1
3859723 214821305 0.5
3405069 214712237 1
3405069 214680369 0.5
3405069 214700002 0.5
3405069 214743515 0.5
10022446 214828970 1
10022446 214650508 0.5
8138237 214851152 1
8138237 214851099 0.5
8138237 214851155 0.5
8138237 214849252 0.5
4912413 214820231 1
4912413 214821290 0.5
4912413 214839371 0.5
4912413 214820227 0.5
10818854 214857204 1
10818854 214835000 0.5
2131248 214834880 1
2131248 214826610 0.5
10954974 214700000 1
10954974 214712235 0.5
2155854 214706216 1
2155854 214774682 0.5
11031888 214854547 1
11031888 214684762 0.5
11031888 214853726 0.5
11031888 214567327 0.5
6346071 214821339 1
6346071 214821305 0.5
1828184 214827011 1
1828184 214826720 0.5
1828184 214711297 0.5
1828184 214826747 0.5
1828184 214551793 0.5
8615259 214853094 1
8615259 214853248 0.5
8615259 214853085 0.5
3437918 214829880 1
3437918 214831948 0.5
3437918 214829878 0.5
7353698 214836830 1
7353698 214687685 0.5
4162922 214510757 1
4162922 214820255 0.5
7529848 214712235 1
7529848 214700000 0.5
4019579 214836932 1
4019579 214836924 0.5
2327936 214829878 1
2327936 214829880 0.5
2327936 214819468 0.5
2327936 214829887 0.5
2123144 214702895 1
2123144 214553962 0.5
9639306 214584821 1
9639306 214510757 0.5
11511181 214510445 1
11511181 214849132 0.5
11511181 214857830 0.5
2954641 214584992 1
2954641 214840595 0.5
5760407 214845407 1
5760407 214640520 0.5
5760407 214706460 0.5
11560358 214853855 1
11560358 214684725 0.5
8975783 214695399 1
8975783 214829034 0.5
8975783 214651419 0.5
10886662 214853102 1
10886662 214684730 0.5
62894 214821277 1
62894 214826705 0.5
62894 214826955 0.5
1832377 214835752 1
1832377 214548885 0.5
8893896 214531517 1
8893896 214853094 0.5
10978771 214853321 1
10978771 214700002 0.5
11249233 214650508 1
11249233 214650506 0.5
5141999 214844347 1
5141999 214826818 0.5
9197041 214853420 1
9197041 214846033 0.5
9197041 214850282 0.5
9197041 214829878 0.5
8111018 214551695 1
8111018 214838109 0.5
10778112 214578011 1
10778112 214853754 0.5
2598403 214829878 1
2598403 214829880 0.5
10081813 214853342 1
10081813 214850945 0.5
10081813 214850282 0.5
5748248 214848309 1
5748248 214650641 0.5
5748248 214848977 0.5
3741216 214837918 1
3741216 214837916 0.5
2344484 643078800 1
2344484 643078783 0.5
85596 214841640 1
85596 214826803 0.5
85596 214535621 0.5
4204089 214829797 1
4204089 214838096 0.5
8754747 214714719 1
8754747 214829720 0.5
8754747 214579755 0.5
5348278 214684702 1
5348278 214845577 0.5
2602568 214829878 1
2602568 214829280 0.5
2602568 214829850 0.5
11137294 214854707 1
11137294 214510445 0.5
11137294 214510447 0.5
8559546 214716932 1
8559546 214716930 0.5
8559546 214716935 0.5
3416928 214829083 1
3416928 214829079 0.5
3277073 214587712 1
3277073 214835747 0.5
9321404 214712235 1
9321404 214835120 0.5
9321404 214530710 0.5
4679278 214836879 1
4679278 214839592 0.5
5931328 214687963 1
5931328 214531357 0.5
739574 214821305 1
739574 214821302 0.5
739574 214586711 0.5
9860729 214743367 1
9860729 214854345 0.5
4286078 214845129 1
4286078 214839594 0.5
5344192 214829327 1
5344192 214839742 0.5
10823301 214680371 1
10823301 214850724 0.5
10823301 214712235 0.5
10823301 214696492 0.5
5060231 214684372 1
5060231 214837280 0.5
5060231 214632975 0.5
4839051 214829672 1
4839051 214587560 0.5
4077196 214820255 1
4077196 214510757 0.5
9376706 214712237 1
9376706 214700002 0.5
9376706 214831955 0.5
587411 214716984 1
587411 214832657 0.5
587411 214716982 0.5
2946718 214531352 1
2946718 214531355 0.5
2946718 214644444 0.5
2946718 214531359 0.5
9701029 214849327 1
9701029 214717757 0.5
1812136 214691390 1
1812136 214834880 0.5
1812136 214821410 0.5
1812136 214833755 0.5
3090093 214831948 1
3090093 214556212 0.5
4863664 214820259 1
4863664 214838456 0.5
4978356 214602830 1
4978356 214684372 0.5
8472246 214853094 1
8472246 214852980 0.5
7636673 214848954 1
7636673 214848945 0.5
10405581 214578011 1
10405581 214854774 0.5
2045658 214827011 1
2045658 214612901 0.5
7382752 214849747 1
7382752 214820938 0.5
6486993 214846530 1
6486993 214849076 0.5
1255151 214548744 1
1255151 214828997 0.5
3209659 214700966 1
3209659 214700964 0.5
2336502 214709792 1
2336502 214835752 0.5
3516157 214712132 1
3516157 214827032 0.5
3516157 214835137 0.5
3516157 214838111 0.5
2049794 214834873 1
2049794 214828970 0.5
9176022 214853105 1
9176022 214853096 0.5
9176022 214853090 0.5
9176022 214853077 0.5
9176022 214851326 0.5
5928577 214832154 1
5928577 214711074 0.5
5928577 214541582 0.5
2569992 214844454 1
2569992 214821313 0.5
2569992 214553702 0.5
2570024 214829880 1
2570024 214829878 0.5
10510643 214643036 1
10510643 214711537 0.5
10510643 214554950 0.5
10510643 214854159 0.5
5383989 214716973 1
5383989 214716937 0.5
5383989 214716971 0.5
5383989 214819468 0.5
4006882 214836924 1
4006882 214836932 0.5
9365331 214700992 1
9365331 214700990 0.5
6240089 214848626 1
6240089 214848980 0.5
4962148 214821277 1
4962148 214837280 0.5
4569404 214684093 1
4569404 214849350 0.5
8202091 214716932 1
8202091 214716930 0.5
2021238 214829672 1
2021238 214587560 0.5
2828154 214837918 1
2828154 214837916 0.5
11073403 214853100 1
11073403 214854853 0.5
11073403 214853102 0.5
3139456 643078800 1
3139456 214835132 0.5
11155776 214567215 1
11155776 214567329 0.5
8138394 214853122 1
8138394 214851120 0.5
389441 214706432 1
389441 214821028 0.5
4835214 214748310 1
4835214 214839592 0.5
10737552 214850792 1
10737552 214853726 0.5
5986194 214709807 1
5986194 214828963 0.5
2275228 214844415 1
2275228 214844420 0.5
3438493 214712237 1
3438493 214743515 0.5
3438493 214701787 0.5
3080297 214539050 1
3080297 214612895 0.5
2538756 643078800 1
2538756 643078783 0.5
3233719 214584815 1
3233719 214829317 0.5
9221557 214854159 1
9221557 214854172 0.5
3372992 214835120 1
3372992 214744258 0.5
3372992 214602605 0.5
6450166 214584992 1
6450166 214827017 0.5
11454407 214853754 1
11454407 214857204 0.5
9198583 214853077 1
9198583 214852980 0.5
10774476 214854345 1
10774476 214854555 0.5
10774476 214577334 0.5
6371279 214849076 1
6371279 214509401 0.5
2553814 214684702 1
2553814 214706452 0.5
2566106 214844454 1
2566106 214612704 0.5
2566106 214612708 0.5
2566106 214551624 0.5
2566106 214844394 0.5
2566106 214844439 0.5
2566106 214821305 0.5
4057056 214594678 1
4057056 214594680 0.5
4831203 214826945 1
4831203 214716984 0.5
4831203 214820377 0.5
4831203 214716999 0.5
7241382 214821285 1
7241382 214584907 0.5
7241382 214820227 0.5
7241382 214821277 0.5
8034289 214853096 1
8034289 214853105 0.5
8034289 214853077 0.5
8034289 214851326 0.5
5699571 214842735 1
5699571 214826750 0.5
9246713 214850949 1
9246713 214848757 0.5
3801156 214819468 1
3801156 214716939 0.5
6993924 214829317 1
6993924 214551530 0.5
6993924 214687805 0.5
11134984 214835117 1
11134984 214676580 0.5
9390092 214850949 1
9390092 214850942 0.5
3533827 214829321 1
3533827 214687852 0.5
3065898 214840584 1
3065898 214840562 0.5
3065898 214685788 0.5
3086392 643078800 1
3086392 214718377 0.5
7944264 214853173 1
7944264 214851120 0.5
1402953 214834877 1
1402953 214834880 0.5
6285389 214845962 1
6285389 214845971 0.5
6285389 214668249 0.5
6285389 214819427 0.5
11338773 214510445 1
11338773 214857830 0.5
5650516 214700000 1
5650516 214548793 0.5
5650516 214511015 0.5
3803227 214584832 1
3803227 214684721 0.5
3221596 214844456 1
3221596 214612920 0.5
2698939 214602605 1
2698939 214581489 0.5
2698939 214512611 0.5
4945073 214826666 1
4945073 214819468 0.5
9701483 214853325 1
9701483 214826987 0.5
8263789 214853177 1
8263789 214853758 0.5
9578612 214850949 1
9578612 214848159 0.5
3471484 214644686 1
3471484 214716643 0.5
3471484 214531550 0.5
10463368 214680371 1
10463368 214848298 0.5
10463368 214744260 0.5
10463368 214853317 0.5
11081868 214859139 1
11081868 214650508 0.5
3483792 643078800 1
3483792 214587028 0.5
9681043 214850949 1
9681043 214853426 0.5
9681043 214850947 0.5
9681043 214853428 0.5
9681043 214850942 0.5
2812053 214835019 1
2812053 214587712 0.5
3549343 214533022 1
3549343 214551607 0.5
3549343 214530789 0.5
3549343 214530791 0.5
3226651 214844420 1
3226651 214711297 0.5
3226651 214509148 0.5
3226651 214820261 0.5
5506758 214640520 1
5506758 214845407 0.5
5183656 214821315 1
5183656 214612706 0.5
5183656 214716932 0.5
5183656 214716930 0.5
5183656 214533022 0.5
5183656 214716935 0.5
9853101 214853730 1
9853101 214853698 0.5
9853101 214853707 0.5
10328239 214855185 1
10328239 214716930 0.5
10328239 214716932 0.5
10328239 214716935 0.5
4298933 214835167 1
4298933 214836932 0.5
6391998 214846408 1
6391998 214829720 0.5
4716751 214534282 1
4716751 214839973 0.5
4716751 214826942 0.5
4557013 214833802 1
4557013 214828995 0.5
4557013 214828997 0.5
7190749 214844450 1
7190749 214844439 0.5
1734879 214844394 1
1734879 214821305 0.5
1734879 214844439 0.5
1235171 214716971 1
1235171 214716943 0.5
9865452 214828970 1
9865452 214839347 0.5
9865452 214834871 0.5
8800493 214852980 1
8800493 214853094 0.5
8800493 214853085 0.5
8800493 214851326 0.5
2525427 214684702 1
2525427 214700002 0.5
2525427 214743515 0.5
383227 214716932 1
383227 214717005 0.5
1991042 214820439 1
1991042 214836785 0.5
1991042 214600502 0.5
4258063 214826990 1
4258063 214829799 0.5
6068497 214744258 1
6068497 214700000 0.5
6068497 214712235 0.5
2746663 214716928 1
2746663 214717003 0.5
9152811 214849327 1
9152811 214828963 0.5
6547677 214846029 1
6547677 214829887 0.5
10058037 214853730 1
10058037 214853698 0.5
10058037 214853707 0.5
2306441 214829880 1
2306441 214694156 0.5
2306441 214829878 0.5
10320187 214853730 1
10320187 214800262 0.5
4946314 214826987 1
4946314 214838094 0.5
6449472 214612706 1
6449472 214844394 0.5
6449472 214844439 0.5
6973767 214844420 1
6973767 214691475 0.5
11508792 214640015 1
11508792 214541535 0.5
6379918 214850996 1
6379918 214709807 0.5
6379918 214836517 0.5
6379918 214664831 0.5
3639639 214836932 1
3639639 214836924 0.5
5372248 214700000 1
5372248 214744258 0.5
10980411 214567327 1
10980411 214567215 0.5
10980411 214853855 0.5
6691172 214512611 1
6691172 214744258 0.5
10050751 214718158 1
10050751 214702905 0.5
1165716 214821305 1
1165716 214821302 0.5
8878469 214851748 1
8878469 214853135 0.5
4495751 214553700 1
4495751 214839913 0.5
4495751 214834873 0.5
5052812 214684372 1
5052812 214613915 0.5
2443668 214829846 1
2443668 214508244 0.5
649628 214509084 1
649628 214509082 0.5
649628 214512431 0.5
4032943 214700002 1
4032943 214743515 0.5
4032943 214712237 0.5
5740977 214551913 1
5740977 214821341 0.5
10471859 214854345 1
10471859 214854555 0.5
10205656 214835117 1
10205656 214828970 0.5
10205656 214849327 0.5
1223133 214826818 1
1223133 214709638 0.5
4926607 214712235 1
4926607 214680371 0.5
8030691 214819740 1
8030691 214836956 0.5
8030691 214557701 0.5
8616422 214853090 1
8616422 214853085 0.5
8616422 214851326 0.5
2841064 214533022 1
2841064 214821315 0.5
2574834 214748338 1
2574834 214829880 0.5
2574834 214831948 0.5
2574834 214748293 0.5
8509953 214684721 1
8509953 214717063 0.5
4114961 214677962 1
4114961 214832017 0.5
9742871 214853143 1
9742871 214743515 0.5
9742871 214853420 0.5
9742871 214851279 0.5
9550371 214853282 1
9550371 214509401 0.5
9550371 214509403 0.5
5256884 214842735 1
5256884 214838109 0.5
4088926 214839397 1
4088926 214838098 0.5
7481917 214848746 1
7481917 214848324 0.5
4971072 214837918 1
4971072 214837916 0.5
4590149 214716973 1
4590149 214716975 0.5
748103 214820252 1
748103 214510854 0.5
11307606 214717273 1
11307606 214853342 0.5
7113303 214829668 1
7113303 214820272 0.5
379481 214836506 1
379481 214717528 0.5
2032809 214835752 1
2032809 214709792 0.5
6516804 214702895 1
6516804 214553962 0.5
6945404 214743515 1
6945404 214712237 0.5
133731 214821373 1
133731 214684513 0.5
133731 214826810 0.5
3377788 214844394 1
3377788 214844439 0.5
14973 214717003 1
14973 214716928 0.5
7961214 214853177 1
7961214 214853173 0.5
7961214 214853758 0.5
7707264 214840378 1
7707264 214717003 0.5
7707264 214850295 0.5
5241474 214836853 1
5241474 214838094 0.5
2878084 214612895 1
2878084 214539050 0.5
1138454 214827011 1
1138454 214826730 0.5
4205191 214539050 1
4205191 214829390 0.5
625288 214684093 1
625288 214507331 0.5
584347 214510854 1
584347 214510820 0.5
8441907 214828963 1
8441907 214828970 0.5
9599654 214846391 1
9599654 214851135 0.5
228007 214748336 1
228007 214819376 0.5
5941941 214684702 1
5941941 214846033 0.5
5941941 214846029 0.5
8702654 214852978 1
8702654 214853094 0.5
9099971 214835126 1
9099971 214853325 0.5
4885188 214684372 1
4885188 214836868 0.5
6982343 214716973 1
6982343 214716937 0.5
8137849 214853177 1
8137849 214851120 0.5
10345186 214846391 1
10345186 214687685 0.5
6146789 214717507 1
6146789 214848305 0.5
6146789 214819627 0.5
6146789 214826829 0.5
8893076 214584821 1
8893076 214510757 0.5
4290144 214712235 1
4290144 214838096 0.5
4290144 214744258 0.5
4290144 214838098 0.5
4290144 214602605 0.5
6290178 214835713 1
6290178 214851032 0.5
3455753 214587317 1
3455753 214821032 0.5
3455753 214835019 0.5
3455753 214586469 0.5
1743628 214748338 1
1743628 214748293 0.5
4475673 214748293 1
4475673 214748300 0.5
3951386 214838107 1
3951386 214829880 0.5
3951386 214826835 0.5
3951386 214684734 0.5
3951386 214838102 0.5
3951386 214826623 0.5
10668507 214854774 1
10668507 214849132 0.5
7487283 214717007 1
7487283 214854632 0.5
7487283 214716928 0.5
7487283 214717003 0.5
9620276 214774685 1
9620276 214700992 0.5
9620276 214700990 0.5
7797557 214851135 1
7797557 214846391 0.5
6077578 214560187 1
6077578 214829720 0.5
2530112 214845538 1
2530112 214701787 0.5
3779403 214826666 1
3779403 214826662 0.5
7916364 214855185 1
7916364 214716935 0.5
5450574 214839611 1
5450574 214836536 0.5
5450574 214844400 0.5
5450574 214844409 0.5
4623198 214839397 1
4623198 214836180 0.5
4623198 214555213 0.5
9747303 214850949 1
9747303 214853428 0.5
9747303 214853422 0.5
2804594 214701787 1
2804594 214712235 0.5
1899388 214832720 1
1899388 214829857 0.5
6253442 214850715 1
6253442 214553702 0.5
7621514 214717003 1
7621514 214716928 0.5
5319563 214848727 1
5319563 214846057 0.5
6028184 214846318 1
6028184 214668249 0.5
1248153 214821313 1
1248153 214844454 0.5
11500444 214601210 1
11500444 214601207 0.5
1822681 214829672 1
1822681 214842555 0.5
1822681 214821277 0.5
1822681 214844495 0.5
6114207 214845958 1
6114207 214848808 0.5
6114207 214558192 0.5
9759648 214850743 1
9759648 214853996 0.5
2775974 643078800 1
2775974 214706460 0.5
4000694 214594678 1
4000694 214594680 0.5
2702263 643078800 1
2702263 214829878 0.5
3738557 214829042 1
3738557 214672944 0.5
3738557 214682289 0.5
1412031 214602605 1
1412031 214680369 0.5
814033 214826608 1
814033 214826816 0.5
4209622 214820261 1
4209622 214835724 0.5
2141143 214685792 1
2141143 214587560 0.5
2141143 214826705 0.5
2141143 214832717 0.5
2141143 214829670 0.5
2141143 214587705 0.5
8743899 214851279 1
8743899 214853177 0.5
8743899 214846378 0.5
7482339 214844394 1
7482339 214844439 0.5
8826116 214853135 1
8826116 214839913 0.5
8826116 214851748 0.5
5164021 214826987 1
5164021 214835126 0.5
1084411 214821302 1
1084411 214821305 0.5
1084411 214586711 0.5
1084411 214844439 0.5
3546116 214509084 1
3546116 214539845 0.5
6670849 214584992 1
6670849 214840595 0.5
4520982 214838107 1
4520982 214832012 0.5
9188373 214851099 1
9188373 214851075 0.5
1543224 214829747 1
1543224 214828995 0.5
8444987 214850938 1
8444987 214853122 0.5
11009084 214854707 1
11009084 214849132 0.5
1674309 214581489 1
1674309 214602605 0.5
8804193 214853325 1
8804193 214700002 0.5
8804193 214680371 0.5
8286051 214509401 1
8286051 214684093 0.5
7392344 214848596 1
7392344 214744530 0.5
7392344 214835167 0.5
1940573 214840597 1
1940573 214832728 0.5
9997406 214717888 1
9997406 214718220 0.5
4320353 214705792 1
4320353 214839868 0.5
4099171 214748336 1
4099171 214845129 0.5
3251304 214837916 1
3251304 214837918 0.5
5209276 214836932 1
5209276 214587317 0.5
11369588 214582942 1
11369588 214705942 0.5
9653369 214774685 1
9653369 214853152 0.5
9653369 214821371 0.5
6619174 214835713 1
6619174 214848605 0.5
5560171 214613915 1
5560171 214684372 0.5
216204 214716935 1
216204 214716932 0.5
7767234 214612895 1
7767234 214551776 0.5
7767234 214612901 0.5
8245101 214839947 1
8245101 214640015 0.5
8245101 214684093 0.5
8245101 214691117 0.5
4635792 214839980 1
4635792 214711284 0.5
10907316 214835000 1
10907316 214857204 0.5
10907316 214835004 0.5
5138969 214684372 1
5138969 214839377 0.5
5138969 214632975 0.5
2964638 214846057 1
2964638 214834867 0.5
2964638 214844420 0.5
10271909 214712237 1
10271909 214743515 0.5
4238514 214829325 1
4238514 214829327 0.5
101556 214716930 1
101556 214716932 0.5
101556 214716935 0.5
11140284 214701787 1
11140284 214680371 0.5
11140284 214650508 0.5
11140284 214704182 0.5
7351486 214684513 1
7351486 214839371 0.5
7351486 214717262 0.5
3878079 214826608 1
3878079 214842553 0.5
6687941 214612751 1
6687941 214821305 0.5
6835398 214709807 1
6835398 214828963 0.5
310473 214717562 1
310473 214748336 0.5
3943628 214820231 1
3943628 214587650 0.5
3943628 214832730 0.5
7466209 214844394 1
7466209 214844439 0.5
5856486 214844439 1
5856486 214844450 0.5
7081192 214717003 1
7081192 214716928 0.5
7406 214712235 1
7406 214581489 0.5
7406 214826715 0.5
7406 214602605 0.5
1178864 214821302 1
1178864 214821305 0.5
1178864 214829747 0.5
4635904 214821305 1
4635904 214844394 0.5
4635904 214821341 0.5
4635904 214844439 0.5
4888448 214602830 1
4888448 214632975 0.5
2174223 214832720 1
2174223 214829857 0.5
2174223 214845538 0.5
306459 214716928 1
306459 214716984 0.5
306459 214717003 0.5
306459 214716939 0.5
306459 214717005 0.5
4853637 214829825 1
4853637 214839600 0.5
4853637 214826975 0.5
2661667 214821343 1
2661667 214800266 0.5
5231156 214829747 1
5231156 214826780 0.5
6782276 214717048 1
6782276 214834882 0.5
1985884 214583844 1
1985884 214674772 0.5
9137503 214826565 1
9137503 214587697 0.5
9137503 214835745 0.5
1015146 214829747 1
1015146 214601805 0.5
9121147 214852978 1
9121147 214853096 0.5
4906376 214831955 1
4906376 214832154 0.5
3734764 214573612 1
3734764 214838225 0.5
9649547 214853454 1
9649547 214850947 0.5
9649547 214853422 0.5
9649547 214850942 0.5
4173204 214602536 1
4173204 214602534 0.5
3505568 214820188 1
3505568 214826818 0.5
3505568 214820186 0.5
3505568 214684730 0.5
9269148 214851279 1
9269148 214530729 0.5
5025208 214684372 1
5025208 214833802 0.5
6917563 214850398 1
6917563 214551930 0.5
11443644 214700000 1
11443644 214835120 0.5
11443644 214548793 0.5
11443644 214680371 0.5
11443644 214859139 0.5
9373879 214853420 1
9373879 214850947 0.5
9373879 214853422 0.5
9373879 214850942 0.5
11226359 214717003 1
11226359 214668275 0.5
11226359 214853077 0.5
11226359 214696423 0.5
4386254 214821341 1
4386254 214640353 0.5
4386254 214821315 0.5
4386254 214839592 0.5
4386254 214586516 0.5
4386254 214821305 0.5
4386254 214821309 0.5
4120018 214589548 1
4120018 214589546 0.5
4120018 214677962 0.5
5094892 214836830 1
5094892 214711205 0.5
5057108 214826983 1
5057108 214832657 0.5
5057108 214826942 0.5
9785259 214510445 1
9785259 214510447 0.5
3649029 214829792 1
3649029 214743515 0.5
11300358 214857204 1
11300358 214835000 0.5
7014717 214684717 1
7014717 214819395 0.5
1478161 214821341 1
1478161 214821371 0.5
2993689 214609325 1
2993689 214834867 0.5
5357978 214712235 1
5357978 214700000 0.5
5357978 214744258 0.5
5357978 214601203 0.5
319016 214717003 1
319016 214717007 0.5
5750313 214602830 1
5750313 214584992 0.5
346034 214581489 1
346034 214602605 0.5
663088 214612706 1
663088 214820842 0.5
6315581 214821341 1
6315581 214551624 0.5
6315581 214821305 0.5
6315581 214821309 0.5
6315581 214821313 0.5
9850123 214853767 1
9850123 214854125 0.5
2834332 214533022 1
2834332 214551624 0.5
2834332 214844394 0.5
3112531 214834871 1
3112531 214717618 0.5
4136537 214846057 1
4136537 214836770 0.5
4136537 214662819 0.5
6889052 214712237 1
6889052 214829792 0.5
1986151 214826610 1
1986151 214834880 0.5
9715306 214821373 1
9715306 214851581 0.5
2694771 214839510 1
2694771 214838505 0.5
7458431 214716930 1
7458431 214854632 0.5
7458431 214716932 0.5
7896704 214839339 1
7896704 214849408 0.5
7896704 214630042 0.5
7896704 214668759 0.5
7896704 214845127 0.5
9952902 214853730 1
9952902 214853707 0.5
8916634 214853094 1
8916634 214851326 0.5
3858077 214829801 1
3858077 214628792 0.5
9502231 214744258 1
9502231 214700000 0.5
9502231 214712235 0.5
3407532 214826705 1
3407532 214842476 0.5
7610042 214853173 1
7610042 214851120 0.5
7610042 214853758 0.5
24254 214594678 1
24254 214594680 0.5
4574046 214821309 1
4574046 214551626 0.5
7302867 214711517 1
7302867 214849747 0.5
4947677 214820231 1
4947677 214821277 0.5
4947677 214829711 0.5
8961766 214712235 1
8961766 214601216 0.5
6684399 214848596 1
6684399 214845577 0.5
6684399 214684730 0.5
3862257 214831948 1
3862257 214819400 0.5
3862257 214838102 0.5
8658693 214835126 1
8658693 214853758 0.5
2195219 214821339 1
2195219 214844452 0.5
2195219 214533020 0.5
2567959 214711205 1
2567959 214718199 0.5
9047832 214853096 1
9047832 214853094 0.5
1482714 214680371 1
1482714 214581489 0.5
1482714 214602605 0.5
8298276 214700885 1
8298276 214856585 0.5
3919662 214820259 1
3919662 214832717 0.5
6364982 214684108 1
6364982 214848746 0.5
3247932 214595137 1
3247932 214700876 0.5
3247932 214677887 0.5
9016002 214851326 1
9016002 214853248 0.5
9016002 214716984 0.5
9016002 214851581 0.5
9612192 214853342 1
9612192 214850947 0.5
9612192 214853420 0.5
9612192 214821373 0.5
52538 214581489 1
52538 214680371 0.5
1802083 214826709 1
1802083 214834880 0.5
9224038 214853454 1
9224038 214744258 0.5
9224038 214680371 0.5
9224038 214853426 0.5
7638904 214850938 1
7638904 214850743 0.5
5580779 214836536 1
5580779 214640098 0.5
5580779 214826990 0.5
1027973 214829325 1
1027973 214829259 0.5
1027973 214829327 0.5
3747722 214820259 1
3747722 214709792 0.5
2672923 214844439 1
2672923 214844394 0.5
11091852 214849132 1
11091852 214853072 0.5
767298 214821277 1
767298 214684841 0.5
5468053 214821277 1
5468053 214832728 0.5
2950469 214826610 1
2950469 214711205 0.5
2950469 214573290 0.5
2950469 214829387 0.5
2950469 214834877 0.5
2950469 214718199 0.5
2950469 214573277 0.5
2215844 214510044 1
2215844 214510738 0.5
7712679 214717005 1
7712679 214716928 0.5
11392896 214856582 1
11392896 214644444 0.5
8388548 214829760 1
8388548 214583610 0.5
5029829 214613915 1
5029829 214684372 0.5
8007627 214716932 1
8007627 214716930 0.5
1473433 214840378 1
1473433 214645618 0.5
7116112 214676957 1
7116112 214676985 0.5
4288483 214829672 1
4288483 214829668 0.5
3679571 214716928 1
3679571 214717003 0.5
372729 214826844 1
372729 214819395 0.5
81916 214717003 1
81916 214826810 0.5
703829 214709685 1
703829 214829737 0.5
703829 214837873 0.5
