7200773 214828970 1
7200773 214563262 0.5
7200773 214709807 0.5
4075543 214829792 1
4075543 214510689 0.5
4075543 214712237 0.5
2760729 214844394 1
2760729 214844439 0.5
8430941 214695478 1
8430941 214695480 0.5
8430941 214668761 0.5
8430941 214668759 0.5
315452 214717003 1
315452 214717007 0.5
7733321 214553702 1
7733321 214717262 0.5
8702647 214829042 1
8702647 214550649 0.5
8702647 214550548 0.5
4468817 214716973 1
4468817 214716971 0.5
4468817 214716980 0.5
5050462 214684372 1
5050462 214839377 0.5
7778403 214700002 1
7778403 214743515 0.5
5304429 214613915 1
5304429 214684372 0.5
10829936 214853102 1
10829936 214853100 0.5
2572412 214832717 1
2572412 214829705 0.5
4162922 214510757 1
4162922 214820255 0.5
4851569 214695480 1
4851569 214553604 0.5
7213193 214849337 1
7213193 214853754 0.5
7213193 214829045 0.5
3604503 214835137 1
3604503 214838111 0.5
185026 214820261 1
185026 214820233 0.5
8327311 214553702 1
8327311 214640240 0.5
7282833 214853177 1
7282833 214849766 0.5
957734 214717085 1
957734 214569915 0.5
7188637 214828970 1
7188637 214849327 0.5
7897246 214716984 1
7897246 214844394 0.5
7897246 214821341 0.5
8831138 214853094 1
8831138 214851101 0.5
8831138 214851326 0.5
7727252 214853122 1
7727252 214853173 0.5
8216753 214774676 1
8216753 214574777 0.5
8216753 214695476 0.5
2105522 214826610 1
2105522 214834880 0.5
2105522 214834869 0.5
270516 214819490 1
270516 214839752 0.5
3584187 214586711 1
3584187 214821305 0.5
3584187 214844439 0.5
6119613 214840595 1
6119613 214584992 0.5
296309 214832657 1
296309 214716984 0.5
296309 214717005 0.5
296309 214716982 0.5
373456 214716939 1
373456 214716937 0.5
373456 214716971 0.5
373456 214716973 0.5
373456 214716941 0.5
9597162 214826987 1
9597162 214846344 0.5
10162413 214579220 1
10162413 214853698 0.5
10162413 214853702 0.5
10162413 214853767 0.5
5165294 214684372 1
5165294 214837494 0.5
2044148 214821332 1
2044148 214628972 0.5
8192246 214851097 1
8192246 214850936 0.5
7442688 214851279 1
7442688 214829792 0.5
1011072 214716932 1
1011072 214716984 0.5
1011072 214551907 0.5
1011072 214716935 0.5
1797506 214821315 1
1797506 214821305 0.5
7409939 214853173 1
7409939 214851120 0.5
10223894 214853145 1
10223894 214850949 0.5
10223894 214851279 0.5
110871 214716932 1
110871 214716930 0.5
110871 214716935 0.5
3559711 214717867 1
3559711 214829090 0.5
3559711 214717007 0.5
5382432 214829878 1
5382432 214829882 0.5
5382432 214829887 0.5
5382432 214835109 0.5
5382432 214829885 0.5
10080568 214541495 1
10080568 214717751 0.5
8971704 214853143 1
8971704 214700000 0.5
8971704 214700002 0.5
8971704 214704180 0.5
8971704 214851032 0.5
8971704 214548793 0.5
8971704 214743515 0.5
5148992 214587547 1
5148992 214684372 0.5
7884858 214716977 1
7884858 214855185 0.5
4170094 214826666 1
4170094 214820242 0.5
4170094 214829747 0.5
4170094 214706460 0.5
4170094 214560013 0.5
8360311 214716971 1
8360311 214716986 0.5
1966456 214601040 1
1966456 214601042 0.5
264927 214538572 1
264927 214690847 0.5
8679802 214853096 1
8679802 214853105 0.5
8679802 214853094 0.5
11240854 214704180 1
11240854 214704182 0.5
11248007 214853102 1
11248007 214864880 0.5
213387 214716980 1
213387 214716937 0.5
213387 214716975 0.5
678981 214601042 1
678981 214601040 0.5
678981 214545879 0.5
11366802 214680371 1
11366802 214700000 0.5
11366802 214704180 0.5
3723689 214829850 1
3723689 214839600 0.5
9929133 214829825 1
9929133 214826975 0.5
9331139 214853420 1
9331139 214850949 0.5
6877651 214844394 1
6877651 214821315 0.5
7218327 214821367 1
7218327 214600502 0.5
4641242 214539050 1
4641242 214612895 0.5
8622556 214852980 1
8622556 214853195 0.5
3142117 214838505 1
3142117 214677290 0.5
3142117 214838503 0.5
4796919 214640015 1
4796919 214839947 0.5
3958868 214685747 1
3958868 214829672 0.5
7967226 214844458 1
7967226 214844456 0.5
740349 214821290 1
740349 214821277 0.5
7311894 214836879 1
7311894 214714678 0.5
9482779 214509401 1
9482779 214845420 0.5
5538344 214700876 1
5538344 214718379 0.5
5538344 214580171 0.5
6873644 214716707 1
6873644 214832604 0.5
6873644 214716710 0.5
6873644 214849239 0.5
10105391 214821313 1
10105391 214844454 0.5
3001601 214695399 1
3001601 214829034 0.5
3001601 214684123 0.5
3428916 214716973 1
3428916 214716930 0.5
3428916 214716971 0.5
3428916 214716932 0.5
3105334 214821277 1
3105334 214820233 0.5
3105334 214820231 0.5
8208956 214851155 1
8208956 214851152 0.5
9527869 214716971 1
9527869 214716973 0.5
6615614 214846374 1
6615614 214846393 0.5
9908799 214853090 1
9908799 214853248 0.5
9908799 214851326 0.5
9908799 214853094 0.5
10457184 214853767 1
10457184 214574672 0.5
10457184 214743495 0.5
234051 214717003 1
234051 214716928 0.5
234051 214717005 0.5
234051 214554358 0.5
3056206 214553604 1
3056206 214844456 0.5
3056206 214551626 0.5
3056206 214844462 0.5
4117088 214594678 1
4117088 214594680 0.5
4997732 214835426 1
4997732 214602733 0.5
8921704 214853094 1
8921704 214852978 0.5
11281002 214510445 1
11281002 214853072 0.5
1327727 214826893 1
1327727 214711307 0.5
9306739 214680356 1
9306739 214853250 0.5
10695286 214853321 1
10695286 214835117 0.5
8086136 214716937 1
8086136 214716973 0.5
2401044 214826983 1
2401044 214829878 0.5
10809981 214857551 1
10809981 214835000 0.5
5251711 214537492 1
5251711 214509845 0.5
688768 214820261 1
688768 214553604 0.5
7230912 214688610 1
7230912 214833701 0.5
6454039 214846061 1
6454039 214848682 0.5
7443029 214849766 1
7443029 214828882 0.5
5726866 214551930 1
5726866 214583617 0.5
5252547 214837918 1
5252547 214847649 0.5
4790492 214833802 1
4790492 214820263 0.5
8589983 214851279 1
8589983 214640237 0.5
5599904 214851032 1
5599904 214676595 0.5
2601651 214829861 1
2601651 214829705 0.5
6681269 214846408 1
6681269 214829720 0.5
6681269 214558997 0.5
11186881 214859240 1
11186881 214859242 0.5
11186881 214853143 0.5
9663182 214853321 1
9663182 214853424 0.5
9663182 214700002 0.5
9663182 214831955 0.5
9663182 214712237 0.5
3437276 214829882 1
3437276 214829880 0.5
3437276 214831948 0.5
3437276 214829885 0.5
3437276 214829878 0.5
7627501 214716982 1
7627501 214716941 0.5
8995566 214853250 1
8995566 214680356 0.5
832248 214717005 1
832248 214717007 0.5
3982074 214844394 1
3982074 214844439 0.5
10363646 214853090 1
10363646 214853096 0.5
10363646 214853077 0.5
45823 214826801 1
45823 214826700 0.5
2454274 643078800 1
2454274 643078783 0.5
8069906 214844456 1
8069906 214844441 0.5
8069906 214844458 0.5
4886243 214848326 1
4886243 214848729 0.5
1983261 214696970 1
1983261 214684093 0.5
344863 214716932 1
344863 214716935 0.5
8327969 214687963 1
8327969 214644560 0.5
3064631 214835503 1
3064631 214831940 0.5
5264188 214833802 1
5264188 214594678 0.5
318261 214840762 1
318261 214709634 0.5
318261 214705115 0.5
318261 214546102 0.5
9285088 214846378 1
9285088 214674433 0.5
9285088 214694139 0.5
9285088 214700990 0.5
8192841 214584821 1
8192841 214509401 0.5
268317 214820383 1
268317 214826803 0.5
4301662 214748310 1
4301662 214839973 0.5
4485988 214829792 1
4485988 214835120 0.5
4485988 214743515 0.5
4485988 214712237 0.5
4481963 214821315 1
4481963 214533022 0.5
4486009 214844452 1
4486009 214821339 0.5
2136896 214835752 1
2136896 214819762 0.5
2136896 214819430 0.5
8405892 214839913 1
8405892 214717115 0.5
7144259 214850771 1
7144259 214850743 0.5
5401397 214820263 1
5401397 214833802 0.5
459676 214716971 1
459676 214716984 0.5
459676 214716939 0.5
459676 214716973 0.5
459676 214716975 0.5
414622 214832730 1
414622 214833800 0.5
414622 214840762 0.5
414622 214833802 0.5
10425247 214854345 1
10425247 214854555 0.5
8737703 214853077 1
8737703 214852978 0.5
3138497 214844439 1
3138497 214551624 0.5
3138497 214551626 0.5
3138497 214533022 0.5
6284226 214509401 1
6284226 214534667 0.5
6284226 214584821 0.5
6284226 214582541 0.5
5936068 214839371 1
5936068 214839369 0.5
8074742 214853173 1
8074742 214851120 0.5
8074742 214853177 0.5
8074742 214853175 0.5
8074742 214853758 0.5
8074742 214849807 0.5
4903878 214847940 1
4903878 214636517 0.5
6088866 214845480 1
6088866 214846029 0.5
6088866 214848613 0.5
4801486 214600502 1
4801486 214820439 0.5
4723663 214845131 1
4723663 214839969 0.5
4723663 214829775 0.5
431711 214706460 1
431711 214821028 0.5
7840732 214700002 1
7840732 214712237 0.5
1684447 214716932 1
1684447 214716928 0.5
1684447 214571904 0.5
1684447 214716935 0.5
1684447 214717003 0.5
1684447 214717005 0.5
1684447 214832657 0.5
2268667 214832717 1
2268667 214826803 0.5
11121638 214835000 1
11121638 214857204 0.5
439273 214716971 1
439273 214716982 0.5
2745327 214820261 1
2745327 214820259 0.5
8123008 214716930 1
8123008 214851583 0.5
8639491 214774678 1
8639491 214774676 0.5
2380808 214820842 1
2380808 214819749 0.5
2380808 214836517 0.5
5522946 214835473 1
5522946 214826949 0.5
2511894 214748291 1
2511894 214748304 0.5
2511894 214819760 0.5
2511894 214819762 0.5
2511894 214829878 0.5
6454788 214846408 1
6454788 214820450 0.5
10880029 214853072 1
10880029 214540014 0.5
2694663 214820263 1
2694663 214844456 0.5
2694663 214844394 0.5
2694663 214551626 0.5
4736052 214718220 1
4736052 214836947 0.5
4736052 214587384 0.5
4736052 214581611 0.5
4736052 214832557 0.5
4736052 214555438 0.5
980033 214821302 1
980033 214821305 0.5
7578693 214826829 1
7578693 214717507 0.5
7578693 214531612 0.5
7578693 214663318 0.5
8246367 214545920 1
8246367 214821313 0.5
8246367 214821341 0.5
9843817 214684785 1
9843817 214854165 0.5
9843817 214854510 0.5
7632402 214533020 1
7632402 214851283 0.5
8115312 214836517 1
8115312 214650617 0.5
2536563 214630042 1
2536563 214774676 0.5
4191349 214530789 1
4191349 214530791 0.5
4351107 214836924 1
4351107 214836932 0.5
4351107 214835167 0.5
2159756 214563262 1
2159756 214687736 0.5
2159756 214828970 0.5
2159756 214717757 0.5
7525519 214850771 1
7525519 214651777 0.5
7525519 214850765 0.5
1441304 214829747 1
1441304 214828995 0.5
10974359 214835000 1
10974359 214858680 0.5
10974359 214857204 0.5
9069721 214716928 1
9069721 214717003 0.5
9069721 214716971 0.5
11177526 214578011 1
11177526 214854707 0.5
2925759 214836532 1
2925759 214717751 0.5
5448899 214537490 1
5448899 214534693 0.5
111812 214839313 1
111812 214839997 0.5
10908877 214857830 1
10908877 214853321 0.5
10908877 214826987 0.5
1262806 214579288 1
1262806 214743335 0.5
7552548 214853173 1
7552548 214828882 0.5
2499804 214551626 1
2499804 214612708 0.5
3610833 214819490 1
3610833 214596326 0.5
9250024 214850949 1
9250024 214853152 0.5
9250024 214853338 0.5
7374062 214844456 1
7374062 214844441 0.5
5145844 214678425 1
5145844 214678427 0.5
4801799 214839956 1
4801799 214839960 0.5
4801799 214839973 0.5
4801799 214829878 0.5
5772563 214846012 1
5772563 214514272 0.5
5772563 214848305 0.5
5772563 214835019 0.5
5772563 214839973 0.5
2364694 214581489 1
2364694 214836517 0.5
2364694 214829865 0.5
2364694 214680371 0.5
2364694 214829880 0.5
2364694 214829882 0.5
2364694 214701787 0.5
3196187 214716935 1
3196187 214716932 0.5
3196187 214717867 0.5
3196187 214716980 0.5
3466526 214840539 1
3466526 214685760 0.5
3466526 214840541 0.5
11097379 214853454 1
11097379 214854853 0.5
10741033 214744258 1
10741033 214700000 0.5
10741033 214701787 0.5
10741033 214712235 0.5
10741033 214712237 0.5
2061617 214587650 1
2061617 214535617 0.5
2061617 214587842 0.5
2061617 214833802 0.5
2061617 214607167 0.5
1161143 214743350 1
1161143 214554950 0.5
7677238 214851279 1
7677238 214712235 0.5
11191609 214855016 1
11191609 214864880 0.5
11191609 214701787 0.5
2966852 214821277 1
2966852 214538030 0.5
2966852 214820231 0.5
3806537 214829720 1
3806537 214714719 0.5
2471266 214613893 1
2471266 214512425 0.5
2471266 214509084 0.5
8119652 214853094 1
8119652 214853248 0.5
11404647 214854707 1
11404647 214853072 0.5
2463086 214821277 1
2463086 214821285 0.5
2463086 214533022 0.5
7759216 214716935 1
7759216 214855185 0.5
7759216 214716930 0.5
1394052 214829366 1
1394052 214826610 0.5
2384109 643078800 1
2384109 643078783 0.5
10204569 214696425 1
10204569 214835120 0.5
10204569 214835117 0.5
10204569 214511015 0.5
11101596 214853102 1
11101596 214854853 0.5
4965792 214695478 1
4965792 214695476 0.5
8693154 214853096 1
8693154 214853085 0.5
4076966 214835109 1
4076966 214833755 0.5
1098654 214684123 1
1098654 214829034 0.5
1098654 214695399 0.5
476612 214585395 1
476612 214585397 0.5
7099848 214705115 1
7099848 214584797 0.5
6358477 214829672 1
6358477 214829668 0.5
7284181 214540597 1
7284181 214849050 0.5
3118554 214718160 1
3118554 214832557 0.5
9065953 214677615 1
9065953 214821017 0.5
9295331 214716975 1
9295331 214716977 0.5
2240081 214832730 1
2240081 214832728 0.5
2240081 214587609 0.5
5001927 214613915 1
5001927 214684372 0.5
5001927 214820398 0.5
4899534 214839956 1
4899534 214839977 0.5
8975862 214852978 1
8975862 214853094 0.5
8820309 214838263 1
8820309 214838259 0.5
322476 214706205 1
322476 214674568 0.5
322476 214547668 0.5
3741216 214837918 1
3741216 214837916 0.5
218658 214716930 1
218658 214716932 0.5
6174253 214829760 1
6174253 214541355 0.5
6174253 214527028 0.5
6174253 214819749 0.5
9385519 214716928 1
9385519 214854632 0.5
9385519 214716971 0.5
9385519 214717003 0.5
9385519 214844420 0.5
9385519 214717005 0.5
6284851 214849018 1
6284851 214848337 0.5
546356 214821305 1
546356 214551617 0.5
3962421 214510445 1
3962421 214709792 0.5
489019 214716930 1
489019 214717003 0.5
489019 214716932 0.5
7591488 214716930 1
7591488 214551626 0.5
7591488 214533022 0.5
4539969 214844439 1
4539969 214821305 0.5
362054 214717048 1
362054 214819772 0.5
11306569 214854707 1
11306569 214540035 0.5
11306569 214854774 0.5
1406538 214821277 1
1406538 214821290 0.5
3638863 214829079 1
3638863 214820259 0.5
1087061 214821341 1
1087061 214821339 0.5
6088281 214848313 1
6088281 214829878 0.5
4478556 214821022 1
4478556 214845129 0.5
2440122 214533020 1
2440122 214821305 0.5
2440122 214821339 0.5
2440122 214821302 0.5
2365026 214829880 1
2365026 214584092 0.5
2324067 214829878 1
2324067 214829885 0.5
11147858 214854707 1
11147858 214580424 0.5
11147858 214851560 0.5
11147858 214717802 0.5
8541813 214716928 1
8541813 214717005 0.5
8541813 214716926 0.5
5146231 214717003 1
5146231 214716971 0.5
9979514 214850771 1
9979514 214717888 0.5
2696831 214685788 1
2696831 214829878 0.5
7693958 214854632 1
7693958 214716926 0.5
2418314 214829880 1
2418314 214829887 0.5
587406 214601040 1
587406 214601042 0.5
7601091 214533022 1
7601091 214551626 0.5
3757737 214820392 1
3757737 214829852 0.5
3757737 214832023 0.5
4454058 214849350 1
4454058 214684093 0.5
7323449 214853122 1
7323449 214844456 0.5
5949107 214584992 1
5949107 214840595 0.5
2979511 214645618 1
2979511 214630042 0.5
4630201 214845131 1
4630201 214828985 0.5
4630201 214839962 0.5
4630201 214834877 0.5
4630201 214602598 0.5
4630201 214839975 0.5
1663263 214826715 1
1663263 214673295 0.5
10991311 214853102 1
10991311 214853100 0.5
10991311 214854853 0.5
6932179 214708372 1
6932179 214850612 0.5
4896382 214640015 1
4896382 214839947 0.5
63222 214832655 1
63222 214832653 0.5
7591672 214716980 1
7591672 214855185 0.5
11388547 214677448 1
11388547 214545446 0.5
3663643 214583852 1
3663643 214551930 0.5
4880156 214836932 1
4880156 214836924 0.5
8107808 214509401 1
8107808 214716932 0.5
616234 214821302 1
616234 214586711 0.5
9983794 214712237 1
9983794 214743515 0.5
7100213 214836517 1
7100213 214644650 0.5
10066691 214574777 1
10066691 214700990 0.5
4454211 214844394 1
4454211 214844439 0.5
2537304 214743515 1
2537304 214700002 0.5
2537304 214712237 0.5
4589401 214839742 1
4589401 214829325 0.5
4589401 214829327 0.5
9459551 214718160 1
9459551 214853420 0.5
2926433 214821315 1
2926433 214664777 0.5
2926433 214533022 0.5
9122107 214852978 1
9122107 214853090 0.5
9122107 214853077 0.5
2762603 214821341 1
2762603 214844465 0.5
5515116 214835426 1
5515116 214844370 0.5
661357 214560187 1
661357 214558997 0.5
6768497 214836527 1
6768497 214531612 0.5
1899303 214709792 1
1899303 214835752 0.5
2243561 214826805 1
2243561 214835124 0.5
8132472 214820398 1
8132472 214545219 0.5
8132472 214677422 0.5
4740994 214744258 1
4740994 214700000 0.5
4814731 214838109 1
4814731 214664735 0.5
1734542 214827009 1
1734542 214538820 0.5
1734542 214826743 0.5
6006671 214684715 1
6006671 214711438 0.5
5986194 214709807 1
5986194 214828963 0.5
2779028 214835132 1
2779028 214835747 0.5
2779028 214835019 0.5
5113758 214695161 1
5113758 214848727 0.5
2201927 214537490 1
2201927 214844364 0.5
2619308 214831946 1
2619308 214829887 0.5
2742348 214828970 1
2742348 214554384 0.5
5358581 214684702 1
5358581 214849001 0.5
5358581 214670147 0.5
5358581 214640353 0.5
7948233 214712235 1
7948233 214744258 0.5
9594828 214853250 1
9594828 214680356 0.5
939986 214709737 1
939986 214821302 0.5
2420388 214832730 1
2420388 214844420 0.5
1099744 214748293 1
1099744 214748300 0.5
8554467 214853177 1
8554467 214849408 0.5
8554467 214849361 0.5
8554467 214853175 0.5
8554467 214853758 0.5
8554467 214849391 0.5
6207463 214820261 1
6207463 214820233 0.5
8910831 214848746 1
8910831 214848324 0.5
8910831 214684108 0.5
6924278 214850565 1
6924278 214534599 0.5
10238687 214700990 1
10238687 214774685 0.5
1355388 214709792 1
1355388 214835752 0.5
378893 214676985 1
378893 214676957 0.5
7763982 214848729 1
7763982 214848727 0.5
2283537 214600509 1
2283537 214835000 0.5
2283537 214532945 0.5
2283537 214532955 0.5
2283537 214845073 0.5
3438614 214601542 1
3438614 214584819 0.5
9938973 214712235 1
9938973 214700000 0.5
9938973 214744258 0.5
10909727 214704180 1
10909727 214853143 0.5
10909727 214676578 0.5
10909727 214712235 0.5
10909727 214701787 0.5
10909727 214601207 0.5
5703713 214829672 1
5703713 214829668 0.5
9590819 214676957 1
9590819 214676985 0.5
4061221 214829310 1
4061221 214664735 0.5
8697896 214851152 1
8697896 214849327 0.5
8697896 214828970 0.5
8697896 214828963 0.5
8697896 214851155 0.5
5998942 214820261 1
5998942 214845088 0.5
3770422 214836947 1
3770422 214692849 0.5
3126294 643078800 1
3126294 214844441 0.5
5005902 214838109 1
5005902 214548744 0.5
5005902 214539110 0.5
9074769 214852978 1
9074769 214853096 0.5
9074769 214853105 0.5
9074769 214852980 0.5
9074769 214853077 0.5
9074769 214853085 0.5
7837807 214712235 1
7837807 214601216 0.5
7837807 214601203 0.5
7837807 214510700 0.5
4225136 214645010 1
4225136 214541495 0.5
9484403 214853252 1
9484403 214534661 0.5
3337922 214716928 1
3337922 214836322 0.5
592018 214821305 1
592018 214821307 0.5
592018 214821302 0.5
7432341 214840914 1
7432341 214840916 0.5
4790424 214664773 1
4790424 214845129 0.5
3638981 214594678 1
3638981 214594680 0.5
7635938 214853173 1
7635938 214853122 0.5
6543534 214850715 1
6543534 214553702 0.5
420033 214553604 1
420033 214828882 0.5
2103491 214509142 1
2103491 214589634 0.5
3864777 214835167 1
3864777 214821020 0.5
7467087 214850938 1
7467087 214845506 0.5
9459917 214851155 1
9459917 214851152 0.5
1095899 214684721 1
1095899 214744530 0.5
1095899 214552370 0.5
1956068 214563238 1
1956068 214706445 0.5
26856 214716984 1
26856 214716935 0.5
9638268 214857830 1
9638268 214826987 0.5
9638268 214650508 0.5
9638268 214835126 0.5
9638268 214583190 0.5
1800426 214743495 1
1800426 214574672 0.5
1800426 214819721 0.5
1800426 214712130 0.5
9967863 214853094 1
9967863 214853698 0.5
2898173 214838505 1
2898173 214677290 0.5
7846142 214851279 1
7846142 214851032 0.5
7846142 214835126 0.5
3824897 214551928 1
3824897 214836521 0.5
3824897 214553735 0.5
10878624 214853100 1
10878624 214854853 0.5
1509792 214550548 1
1509792 214829042 0.5
1509792 214545883 0.5
2324756 214600509 1
2324756 214826985 0.5
1866728 214834875 1
1866728 214709792 0.5
6507714 214712235 1
6507714 214544550 0.5
567601 214827011 1
567601 214826747 0.5
2296138 214831948 1
2296138 214601233 0.5
2296138 214835124 0.5
2296138 214829887 0.5
8612176 214717003 1
8612176 214716928 0.5
3792711 214829390 1
3792711 214832126 0.5
1026397 214545879 1
1026397 214840417 0.5
5536094 214848309 1
5536094 214826829 0.5
9587043 214828882 1
9587043 214853173 0.5
4385137 214821277 1
4385137 214538030 0.5
1907061 214821339 1
1907061 214533020 0.5
6396284 214509401 1
6396284 214551780 0.5
9681277 214743515 1
9681277 214853321 0.5
3124971 643078800 1
3124971 214826666 0.5
3124971 214706460 0.5
4516228 214839969 1
4516228 214839960 0.5
4516228 214829850 0.5
2304407 214510044 1
2304407 214510738 0.5
3643807 214709792 1
3643807 214836932 0.5
4647334 214695478 1
4647334 214695480 0.5
4647334 214832156 0.5
4647334 214836956 0.5
7809448 214851032 1
7809448 214555910 0.5
10684843 214700885 1
10684843 214716643 0.5
8358317 214851131 1
8358317 214851080 0.5
8358317 214851579 0.5
8358317 214851165 0.5
547912 214748295 1
547912 214748300 0.5
3979699 214837918 1
3979699 214837916 0.5
4684217 214839587 1
4684217 214829321 0.5
4684217 214706102 0.5
420283 214717003 1
420283 214717007 0.5
7170492 214716971 1
7170492 214716973 0.5
10074562 214853096 1
10074562 214853077 0.5
4688327 214725551 1
4688327 214836881 0.5
3107274 214844394 1
3107274 214612708 0.5
3107274 214844456 0.5
3107274 214551626 0.5
3107274 214586711 0.5
3107274 214821305 0.5
3107274 214821309 0.5
6457807 214821305 1
6457807 214844439 0.5
10312149 214851714 1
10312149 214848326 0.5
5229027 214832154 1
5229027 214541582 0.5
522724 214601040 1
522724 214819490 0.5
522724 214596107 0.5
522724 214601042 0.5
522724 214596326 0.5
11069926 214510445 1
11069926 214578011 0.5
11069926 214859062 0.5
10869223 214582942 1
10869223 214567072 0.5
5274023 214829825 1
5274023 214826975 0.5
8690161 214716654 1
8690161 214851028 0.5
7219627 214643036 1
7219627 214848746 0.5
842251 214821277 1
842251 214820231 0.5
6449688 214743515 1
6449688 214700002 0.5
6449688 214712237 0.5
6449688 214511015 0.5
8423963 214644560 1
8423963 214531502 0.5
10889759 214567215 1
10889759 214567329 0.5
6646304 214712235 1
6646304 214849185 0.5
6646304 214579220 0.5
2595368 214550398 1
2595368 214574137 0.5
2595368 214574141 0.5
10984543 214578011 1
10984543 214853072 0.5
10984543 214854707 0.5
5220928 214684372 1
5220928 214839369 0.5
7146052 214716984 1
7146052 214716937 0.5
7146052 214832653 0.5
7146052 214717007 0.5
7146052 214832657 0.5
7146052 214716986 0.5
7146052 214832655 0.5
10345033 214744258 1
10345033 214700000 0.5
10345033 214680371 0.5
10345033 214700002 0.5
10345033 214712235 0.5
10345033 214676597 0.5
10185298 214828970 1
10185298 214828963 0.5
2890323 214838505 1
2890323 214748300 0.5
7416416 214844394 1
7416416 214844439 0.5
178793 214821302 1
178793 214821305 0.5
408717 214585395 1
408717 214585397 0.5
11233909 214712235 1
11233909 214700000 0.5
11233909 214744258 0.5
11233909 214701787 0.5
173846 214748338 1
173846 214748297 0.5
3898001 214712235 1
3898001 214680371 0.5
3898001 214512611 0.5
3701406 214837916 1
3701406 214837918 0.5
4471473 214848729 1
4471473 214839973 0.5
5278386 214845067 1
5278386 214510117 0.5
3943093 214839984 1
3943093 214684093 0.5
3943093 214849350 0.5
379581 214640015 1
379581 214710159 0.5
5728958 214836506 1
5728958 214845504 0.5
5728958 214530729 0.5
5266116 214684093 1
5266116 214508287 0.5
7621321 214700002 1
7621321 214712237 0.5
7621321 214849766 0.5
7621321 214849031 0.5
5028556 214836879 1
5028556 214836838 0.5
5028556 214836330 0.5
5028556 214836875 0.5
5028556 214602804 0.5
5028556 214587317 0.5
5028556 214839960 0.5
7252688 214849807 1
7252688 214849355 0.5
10791637 214748338 1
10791637 214748293 0.5
4627166 214844394 1
4627166 214821305 0.5
4627166 214844439 0.5
4627166 214844465 0.5
2772773 214748295 1
2772773 214753513 0.5
4801659 214700000 1
4801659 214744258 0.5
4801659 214848727 0.5
4623078 214829792 1
4623078 214712237 0.5
2824937 214834871 1
2824937 214644692 0.5
6146804 214846412 1
6146804 214846468 0.5
8239861 214853175 1
8239861 214851120 0.5
8239861 214853177 0.5
8239861 214853758 0.5
5192456 214844394 1
5192456 214684093 0.5
6445847 214846427 1
6445847 214846479 0.5
8725637 214850932 1
8725637 214700876 0.5
9722657 214838259 1
9722657 214695067 0.5
9722657 214695071 0.5
826162 214821290 1
826162 214826801 0.5
6028083 214848727 1
6028083 214846127 0.5
6032522 214515825 1
6032522 214826711 0.5
6032522 214538572 0.5
6032522 214835167 0.5
10684213 214854352 1
10684213 214854577 0.5
6683459 214512611 1
6683459 214744258 0.5
5167949 214643872 1
5167949 214848324 0.5
5167949 214848326 0.5
5475153 214601542 1
5475153 214509845 0.5
3038041 214846057 1
3038041 214844420 0.5
4032997 214836915 1
4032997 214842557 0.5
111761 214716926 1
111761 214716928 0.5
111761 214716984 0.5
111761 214717003 0.5
111761 214821307 0.5
10451816 214850743 1
10451816 214718169 0.5
10197867 214854262 1
10197867 214567333 0.5
5258093 214652975 1
5258093 214639200 0.5
8133501 214851279 1
8133501 214510689 0.5
8133501 214835126 0.5
2866048 214826818 1
2866048 214684108 0.5
2866048 214831948 0.5
613253 214716928 1
613253 214716971 0.5
613253 214717003 0.5
613253 214716973 0.5
301612 214716932 1
301612 214716935 0.5
2006279 214537490 1
2006279 214541355 0.5
2006279 214717085 0.5
2276294 643078800 1
2276294 643078783 0.5
6941641 214680371 1
6941641 214512611 0.5
6003668 214553702 1
6003668 214850715 0.5
11163473 214854707 1
11163473 214510445 0.5
9948137 214700992 1
9948137 214700990 0.5
3210221 214837918 1
3210221 214837916 0.5
6843386 214846378 1
6843386 214706445 0.5
8350248 214840378 1
8350248 214853122 0.5
494591 214594678 1
494591 214835885 0.5
1530882 214832722 1
1530882 214587712 0.5
11185156 214854707 1
11185156 214854774 0.5
1186822 214716973 1
1186822 214716928 0.5
1186822 214716971 0.5
1186822 214717003 0.5
1186822 214716932 0.5
1186822 214716935 0.5
10910742 214854729 1
10910742 214714755 0.5
8154969 214844456 1
8154969 214844458 0.5
11460788 214857204 1
11460788 214835000 0.5
8156301 214844394 1
8156301 214551626 0.5
8156301 214844462 0.5
4168756 214820233 1
4168756 214820261 0.5
1670197 214829752 1
1670197 214826799 0.5
11299897 214646617 1
11299897 214844355 0.5
9578317 214829730 1
9578317 214595139 0.5
52297 214716982 1
52297 214725551 0.5
789586 214829310 1
789586 214613743 0.5
9338723 214849327 1
9338723 214509084 0.5
9338723 214509157 0.5
228697 214716926 1
228697 214716928 0.5
228697 214717003 0.5
228697 214717005 0.5
10919007 214510445 1
10919007 214854774 0.5
138344 214601197 1
138344 214840762 0.5
826473 214581489 1
826473 214680371 0.5
8193213 214853143 1
8193213 214601042 0.5
5066988 214613915 1
5066988 214602830 0.5
4938867 214743350 1
4938867 214643036 0.5
4938867 214554950 0.5
2808948 214748300 1
2808948 214748295 0.5
7572599 214845538 1
7572599 214851032 0.5
7572599 214853145 0.5
11541624 214859242 1
11541624 214701787 0.5
1297531 214716973 1
1297531 214819468 0.5
5000316 214640353 1
5000316 214676480 0.5
9235581 214851326 1
9235581 214853248 0.5
9956483 214853722 1
9956483 214853700 0.5
2907274 214567376 1
2907274 214834871 0.5
2133186 214826705 1
2133186 214829850 0.5
2133186 214743495 0.5
9403542 214850949 1
9403542 214850945 0.5
9403542 214831946 0.5
9403542 214853420 0.5
9403542 214829878 0.5
8187036 214851152 1
8187036 214851155 0.5
10181789 214853767 1
10181789 214853765 0.5
5819556 214717331 1
5819556 214716118 0.5
2751673 214829880 1
2751673 214829878 0.5
8223931 214853173 1
8223931 214853177 0.5
8223931 214828882 0.5
8223931 214853758 0.5
5393596 214537490 1
5393596 214509842 0.5
5393596 214534693 0.5
486591 214534667 1
486591 214534663 0.5
1072326 214821302 1
1072326 214821305 0.5
1039559 214821305 1
1039559 214821302 0.5
2317513 214844454 1
2317513 643078800 0.5
10505419 214851152 1
10505419 214828970 0.5
3943628 214820231 1
3943628 214587650 0.5
3943628 214832730 0.5
11062478 214854707 1
11062478 214849132 0.5
8252626 214853173 1
8252626 214851120 0.5
10894551 214853420 1
10894551 214829878 0.5
5344474 214560187 1
5344474 214558997 0.5
7437532 214573612 1
7437532 214585676 0.5
7437532 214839973 0.5
7503058 214717003 1
7503058 214716928 0.5
10934142 214510445 1
10934142 214849132 0.5
8465664 214855185 1
8465664 214851131 0.5
8465664 214716935 0.5
8868134 214717284 1
8868134 214849314 0.5
8868134 214850715 0.5
8868134 214553702 0.5
3947787 214842735 1
3947787 214826750 0.5
10925954 214578011 1
10925954 214854707 0.5
10925954 214853102 0.5
2112787 214836517 1
2112787 214602322 0.5
3412527 214836465 1
3412527 214836470 0.5
7281949 214848746 1
7281949 214684108 0.5
7281949 214848324 0.5
7281949 214849327 0.5
7818526 214551626 1
7818526 214844441 0.5
7818526 214844462 0.5
7982371 214717262 1
7982371 214844439 0.5
3945693 214748293 1
3945693 214748300 0.5
5840187 214685792 1
5840187 214587525 0.5
5840187 214829672 0.5
5840187 214846318 0.5
5840187 214536984 0.5
5840187 214848727 0.5
5840187 214582200 0.5
5840187 214685754 0.5
5840187 214840539 0.5
2850118 214835747 1
2850118 214587712 0.5
2850118 214835017 0.5
2420051 214840595 1
2420051 214584992 0.5
8232847 214851845 1
8232847 214850936 0.5
11291998 214712235 1
11291998 214700000 0.5
11291998 214680371 0.5
11291998 214712237 0.5
9780731 214852978 1
9780731 214853094 0.5
4439392 214538030 1
4439392 214821277 0.5
6507874 214846408 1
6507874 214829720 0.5
6323561 214828989 1
6323561 214651785 0.5
6323561 214535653 0.5
10911086 214854707 1
10911086 214853072 0.5
2833789 214712237 1
2833789 214743515 0.5
5718727 214676377 1
5718727 214553257 0.5
5718727 214845965 0.5
11459981 214849003 1
11459981 214851714 0.5
3803522 214510044 1
3803522 214836785 0.5
3435938 214820259 1
3435938 214832717 0.5
11500963 214510445 1
11500963 214578011 0.5
11500963 214854774 0.5
7509233 214821315 1
7509233 214533022 0.5
7671211 214675895 1
7671211 214581611 0.5
7671211 214846318 0.5
7671211 214716982 0.5
914466 214716982 1
914466 214704180 0.5
3681713 214712235 1
3681713 214602605 0.5
3079614 643078800 1
3079614 214826587 0.5
8469749 214716930 1
8469749 214716935 0.5
552389 214832655 1
552389 214716982 0.5
11169237 214859139 1
11169237 214829878 0.5
10534364 214851135 1
10534364 214854583 0.5
3574352 214540597 1
3574352 214845127 0.5
7651921 214850934 1
7651921 214717003 0.5
7651921 214717007 0.5
9194986 214835126 1
9194986 214826987 0.5
159218 214821277 1
159218 214829285 0.5
3026421 214829390 1
3026421 214835132 0.5
2801142 214831940 1
2801142 214835503 0.5
2994773 214829880 1
2994773 214829882 0.5
2994773 214829885 0.5
2994773 214829878 0.5
2994773 214829887 0.5
5825799 214850996 1
5825799 214839947 0.5
5825799 214718379 0.5
720391 214534282 1
720391 214587257 0.5
10866198 214859242 1
10866198 214859240 0.5
4988439 214837918 1
4988439 214837916 0.5
10403352 214854080 1
10403352 214685623 0.5
6471197 214848845 1
6471197 214849012 0.5
6471197 214585670 0.5
3161636 214844456 1
3161636 214844462 0.5
4369968 214838102 1
4369968 214835120 0.5
7089714 214835713 1
7089714 214853145 0.5
7798326 214835126 1
7798326 214855185 0.5
7798326 214716930 0.5
7798326 214716932 0.5
9306037 214851152 1
9306037 214531440 0.5
9306037 214851155 0.5
9306037 214848845 0.5
155214 214819490 1
155214 214596107 0.5
3235414 214835124 1
3235414 214835087 0.5
4726373 214553700 1
4726373 214710152 0.5
4726373 214839913 0.5
4726373 214839347 0.5
5488241 214820563 1
5488241 214844347 0.5
2952828 214840483 1
2952828 214821032 0.5
2952828 214744779 0.5
7634198 214684108 1
7634198 214643912 0.5
2461322 643078800 1
2461322 214510445 0.5
9690391 214853342 1
9690391 214554793 0.5
4931212 214819468 1
4931212 214836855 0.5
5455507 214706452 1
5455507 214712237 0.5
2543252 214510757 1
2543252 214582541 0.5
8236696 214853173 1
8236696 214851120 0.5
4738727 214829747 1
4738727 214828995 0.5
4738727 214748310 0.5
4738727 214512431 0.5
2903731 643078800 1
2903731 214638474 0.5
4898497 214684372 1
4898497 214833802 0.5
437967 214712055 1
437967 214819412 0.5
437967 214705100 0.5
437967 214565726 0.5
10033786 214582942 1
10033786 214687753 0.5
5283556 214644958 1
5283556 214644960 0.5
2997993 214716707 1
2997993 214716710 0.5
1486574 214820345 1
1486574 214696537 0.5
5762806 214842735 1
5762806 214838109 0.5
1244923 214698577 1
1244923 214698465 0.5
1244923 214698579 0.5
1244923 214698581 0.5
1244923 214698463 0.5
11104001 214859242 1
11104001 214680371 0.5
9633546 214716971 1
9633546 214716973 0.5
6696721 214821309 1
6696721 214844458 0.5
6696721 214612708 0.5
6696721 214844462 0.5
2858792 214551624 1
2858792 214612704 0.5
2858792 214844439 0.5
9039662 214846391 1
9039662 214851135 0.5
3729373 214842735 1
3729373 214821315 0.5
3082299 214612708 1
3082299 214551626 0.5
3082299 214844452 0.5
3082299 214612751 0.5
6946614 214690781 1
6946614 214838225 0.5
5799743 214846033 1
5799743 214846029 0.5
1875778 214748295 1
1875778 214748291 0.5
2842436 214581489 1
2842436 214556563 0.5
2842436 214567415 0.5
4452166 214820242 1
4452166 214509084 0.5
4452166 214613893 0.5
4972362 214835120 1
4972362 214700002 0.5
4972362 214743515 0.5
4972362 214712237 0.5
9618743 214848371 1
9618743 214848375 0.5
5087054 214836519 1
5087054 214676480 0.5
5087054 214846057 0.5
5087054 214836838 0.5
5160783 214744530 1
5160783 214584782 0.5
11497309 214851155 1
11497309 214851152 0.5
750907 214829004 1
750907 214717331 0.5
2604903 214844439 1
2604903 214844456 0.5
2604903 214844441 0.5
2604903 214551626 0.5
2604903 214844462 0.5
929658 214685795 1
929658 214716986 0.5
929658 214832655 0.5
3698557 214820263 1
3698557 214820261 0.5
3698557 214820270 0.5
414359 214743515 1
414359 214581489 0.5
414359 214712237 0.5
10813334 214854774 1
10813334 214849132 0.5
10813334 214510445 0.5
6181529 214835713 1
6181529 214684702 0.5
2850712 214565512 1
2850712 214567115 0.5
7294873 214836330 1
7294873 214743335 0.5
5746597 214848302 1
5746597 214821382 0.5
8720303 214853420 1
8720303 214829878 0.5
811678 214832670 1
811678 214837410 0.5
811678 214837378 0.5
9240502 214680356 1
9240502 214537496 0.5
7831479 214717284 1
7831479 214717265 0.5
7831479 214553702 0.5
4554689 214577512 1
4554689 214684513 0.5
2826178 214560187 1
2826178 214829720 0.5
2826178 214579755 0.5
2826178 214820447 0.5
870856 214716926 1
870856 214716928 0.5
870856 214717003 0.5
870856 214717005 0.5
870856 214717007 0.5
8277959 214849048 1
8277959 214849055 0.5
233418 214821277 1
233418 214826627 0.5
233418 214826955 0.5
233418 214820231 0.5
151503 214716982 1
151503 214716986 0.5
4212728 214839596 1
4212728 214829792 0.5
4212728 214708372 0.5
4212728 214514293 0.5
5570518 214844458 1
5570518 214821309 0.5
5705688 214838094 1
5705688 214746377 0.5
5853151 214845416 1
5853151 214849001 0.5
5853151 214839973 0.5
5853151 214829006 0.5
5853151 214846127 0.5
7303138 214712237 1
7303138 214700002 0.5
7303138 214511015 0.5
8474602 214826987 1
8474602 214835126 0.5
2326508 214613893 1
2326508 214509084 0.5
5148654 214698575 1
5148654 214698465 0.5
5148654 214698579 0.5
5148654 214698463 0.5
692209 214685792 1
692209 214829668 0.5
1433586 214580293 1
1433586 214714880 0.5
1433586 214829745 0.5
