2306051 643078800 1
2306051 214638474 0.5
3945663 643078800 1
3945663 214638474 0.5
7053997 214601040 1
7053997 214601042 0.5
7053997 214829325 0.5
9400341 214774685 1
9400341 214509013 0.5
2904086 643078800 1
2904086 214844252 0.5
3828399 214836845 1
3828399 214821326 0.5
6352928 214845962 1
6352928 214849010 0.5
6672418 214850724 1
6672418 214821309 0.5
5005347 214840091 1
5005347 214837280 0.5
5005347 214684108 0.5
5005347 214826818 0.5
5005347 214746380 0.5
528451 214582942 1
528451 214687753 0.5
4571212 214821315 1
4571212 214533022 0.5
86107 214820261 1
86107 214820233 0.5
7331933 214849766 1
7331933 214853177 0.5
6427327 214845806 1
6427327 214839973 0.5
6427327 214832023 0.5
397436 214716932 1
397436 214716935 0.5
2470037 214510757 1
2470037 214584821 0.5
7028079 214821277 1
7028079 214820227 0.5
7028079 214820231 0.5
4771998 214839596 1
4771998 214838107 0.5
11244912 214714755 1
11244912 214854733 0.5
11145379 214510445 1
11145379 214854774 0.5
10518694 214854300 1
10518694 214854547 0.5
10453161 214828970 1
10453161 214849327 0.5
4157618 214838109 1
4157618 214842735 0.5
10891449 214716950 1
10891449 214716945 0.5
2144287 214695399 1
2144287 214829034 0.5
4604618 214820231 1
4604618 214829707 0.5
4648992 214829672 1
4648992 214839356 0.5
10098038 214850771 1
10098038 214675888 0.5
10098038 214718160 0.5
10098038 214821020 0.5
3330249 214829083 1
3330249 214837882 0.5
3330249 214829079 0.5
9007308 214853261 1
9007308 214839611 0.5
4311757 214553700 1
4311757 214829792 0.5
4311757 214710152 0.5
4311757 214712237 0.5
4311757 214560013 0.5
8713593 214853096 1
8713593 214853105 0.5
9064666 214853105 1
9064666 214853085 0.5
9064666 214853077 0.5
9214453 214853420 1
9214453 214850947 0.5
9214453 214853454 0.5
9214453 214850942 0.5
10445026 214700002 1
10445026 214853325 0.5
10221608 214716943 1
10221608 214716971 0.5
6090998 214846378 1
6090998 214706445 0.5
4661504 214829102 1
4661504 214820938 0.5
1945857 214580291 1
1945857 214601422 0.5
7620652 214717867 1
7620652 214716935 0.5
3952911 214716984 1
3952911 214820842 0.5
3952911 214716943 0.5
8352021 214712235 1
8352021 214700000 0.5
2867478 643078800 1
2867478 214835137 0.5
2867478 214835019 0.5
2867478 214702931 0.5
10015002 214853724 1
10015002 214853732 0.5
3653924 214684513 1
3653924 214839373 0.5
8974629 214852978 1
8974629 214853096 0.5
2461992 643078800 1
2461992 214831946 0.5
2461992 214831948 0.5
11472969 214695476 1
11472969 214678880 0.5
4079931 214844456 1
4079931 214844441 0.5
4079931 214844462 0.5
7110977 214716932 1
7110977 214533022 0.5
7110977 214716935 0.5
9638211 214820345 1
9638211 214853248 0.5
4673868 214821341 1
4673868 214551624 0.5
5570907 214835426 1
5570907 214835070 0.5
10136293 214845420 1
10136293 214601542 0.5
2474341 643078800 1
2474341 643078783 0.5
609682 214630042 1
609682 214774676 0.5
7471476 214612901 1
7471476 214551793 0.5
291189 214551913 1
291189 214568090 0.5
291189 214551917 0.5
4731264 214712235 1
4731264 214700000 0.5
4731264 214650506 0.5
5644694 214829325 1
5644694 214839742 0.5
4460954 214676597 1
4460954 214601210 0.5
4460954 214676578 0.5
4460954 214602605 0.5
4460954 214601207 0.5
6152604 214515834 1
6152604 214515883 0.5
10678686 214861895 1
10678686 214854729 0.5
1597858 214834873 1
1597858 214834877 0.5
2838962 214612895 1
2838962 214539050 0.5
2699607 214844462 1
2699607 214551626 0.5
10834373 214854707 1
10834373 214712242 0.5
10834373 214849100 0.5
3826122 214774678 1
3826122 214839341 0.5
9957838 214853252 1
9957838 214534667 0.5
3875283 643078800 1
3875283 214837882 0.5
3875283 214835469 0.5
5788119 214846374 1
5788119 214839369 0.5
2446759 214829880 1
2446759 214829878 0.5
8585709 214848746 1
8585709 214848324 0.5
6218223 214708372 1
6218223 214712443 0.5
2339331 214829878 1
2339331 214829880 0.5
602662 214515883 1
602662 214574122 0.5
602662 214550383 0.5
16949 214821028 1
16949 214706432 0.5
8020538 214716935 1
8020538 214716941 0.5
8020538 214716975 0.5
9699899 214853077 1
9699899 214851577 0.5
3363389 214748291 1
3363389 214748304 0.5
3363389 214753513 0.5
7590469 214850756 1
7590469 214573305 0.5
7590469 214640019 0.5
7635534 214844456 1
7635534 214551626 0.5
7635534 214844439 0.5
10968504 214857830 1
10968504 214826987 0.5
11125334 214851326 1
11125334 214852978 0.5
11125334 214853090 0.5
11125334 214853094 0.5
11125334 214853085 0.5
3097176 214832717 1
3097176 214829083 0.5
3097176 214821285 0.5
10113628 214546123 1
10113628 214829312 0.5
7746141 214826752 1
7746141 214850771 0.5
2334821 214716973 1
2334821 214716971 0.5
6005347 214580293 1
6005347 214820233 0.5
8599353 214680371 1
8599353 214712235 0.5
2060913 214829855 1
2060913 214832720 0.5
11301501 214684093 1
11301501 214849350 0.5
11145861 214684093 1
11145861 214508287 0.5
7045768 214601203 1
7045768 214700000 0.5
7045768 214744258 0.5
7045768 214512611 0.5
7045768 214712235 0.5
7045768 214743515 0.5
6775438 214848941 1
6775438 214848658 0.5
2671247 214829672 1
2671247 214829670 0.5
6058646 214848727 1
6058646 214846057 0.5
4162411 214821313 1
4162411 214844454 0.5
4776622 214839956 1
4776622 214839977 0.5
4776622 214601250 0.5
4776622 214829730 0.5
4207283 214848729 1
4207283 214848727 0.5
10154691 214853730 1
10154691 214853700 0.5
3740356 214551780 1
3740356 214539050 0.5
3740356 214539110 0.5
3740356 214612895 0.5
8716516 214850938 1
8716516 214851748 0.5
10592967 214853698 1
10592967 214853732 0.5
10506954 214828970 1
10506954 214563262 0.5
749688 214716982 1
749688 214716984 0.5
6218451 214836506 1
6218451 214548793 0.5
6218451 214835713 0.5
5276378 214684702 1
5276378 214826987 0.5
4178662 214744258 1
4178662 214835120 0.5
4178662 214712235 0.5
4178662 214845508 0.5
4178662 214602605 0.5
3994343 214826990 1
3994343 214838227 0.5
10138359 214853094 1
10138359 214853096 0.5
312056 214829312 1
312056 214840762 0.5
3650316 214716973 1
3650316 214716937 0.5
3650316 214716950 0.5
2655002 643078800 1
2655002 643078783 0.5
9905578 214851155 1
9905578 214576777 0.5
6250476 214847788 1
6250476 214696721 0.5
6250476 214847805 0.5
2622272 214821315 1
2622272 214533022 0.5
3658563 214712235 1
3658563 214744258 0.5
2003784 214709792 1
2003784 214835754 0.5
8315731 214700000 1
8315731 214512611 0.5
4908477 214819468 1
4908477 214826833 0.5
10007389 214712235 1
10007389 214680371 0.5
5006186 214836512 1
5006186 214839971 0.5
5006186 214826747 0.5
4416368 214829383 1
4416368 214836512 0.5
4416368 214738453 0.5
7310824 214580293 1
7310824 214551530 0.5
10539899 214853422 1
10539899 214853760 0.5
10539899 214709625 0.5
10539899 214853762 0.5
10539899 214850947 0.5
10539899 214848326 0.5
4387713 214819760 1
4387713 214836330 0.5
4387713 214832023 0.5
2405251 214829880 1
2405251 214831946 0.5
2573188 214586711 1
2573188 214839703 0.5
2573188 214832717 0.5
2573188 214835503 0.5
4383631 214594678 1
4383631 214594680 0.5
144272 214821285 1
144272 214821290 0.5
9753493 214829878 1
9753493 214829887 0.5
11006806 214846391 1
11006806 214700000 0.5
11006806 214744258 0.5
11006806 214680371 0.5
11006806 214861895 0.5
10855349 214851032 1
10855349 214845538 0.5
4219831 214684513 1
4219831 214839371 0.5
4219831 214613925 0.5
4130292 214836532 1
4130292 214701797 0.5
4682711 214557607 1
4682711 214601216 0.5
4682711 214826945 0.5
4682711 214826983 0.5
4682711 214845577 0.5
4682711 214712235 0.5
4682711 214712237 0.5
4682711 214601214 0.5
4682711 214601210 0.5
4682711 214743515 0.5
4682711 214684702 0.5
3998684 214848729 1
3998684 214838473 0.5
3503081 214844439 1
3503081 214844456 0.5
3503081 214844394 0.5
3503081 214844460 0.5
3503081 214844462 0.5
3503081 214533020 0.5
3503081 214844458 0.5
713707 214826810 1
713707 214821300 0.5
713707 214826837 0.5
6073127 214836879 1
6073127 214850953 0.5
8836086 214706216 1
8836086 214829822 0.5
8836086 214835126 0.5
5149691 214836868 1
5149691 214684372 0.5
8279038 214853173 1
8279038 214850743 0.5
5698562 214585633 1
5698562 214838225 0.5
1885188 214832720 1
1885188 214829855 0.5
2212874 643078800 1
2212874 643078783 0.5
1100712 214821309 1
1100712 214821341 0.5
11146262 214704182 1
11146262 214717562 0.5
11146262 214743515 0.5
11146262 214704180 0.5
11146262 214743495 0.5
8895322 214853248 1
8895322 214853094 0.5
6489128 214821309 1
6489128 214821341 0.5
5595314 214826942 1
5595314 214572264 0.5
5595314 214846033 0.5
5595314 214557232 0.5
607281 214725551 1
607281 214512425 0.5
607281 214829747 0.5
607281 214841006 0.5
607281 214537967 0.5
10823908 214510445 1
10823908 214857204 0.5
3933252 214828970 1
3933252 214828963 0.5
5092429 214684372 1
5092429 214685747 0.5
10646606 214854510 1
10646606 214853865 0.5
406607 214717003 1
406607 214716928 0.5
406607 214554358 0.5
406607 214717007 0.5
1164371 214510757 1
1164371 214582541 0.5
1164371 214584821 0.5
8553566 214537490 1
8553566 214534693 0.5
9290853 214853177 1
9290853 214853758 0.5
7054442 214716926 1
7054442 214716928 0.5
7054442 214717003 0.5
7054442 214717005 0.5
7054442 214717007 0.5
644208 214841006 1
644208 214537967 0.5
8606568 214826942 1
8606568 214711438 0.5
7574644 214535092 1
7574644 214847486 0.5
9483388 214853420 1
9483388 214850947 0.5
7701966 214855185 1
7701966 214716935 0.5
1152152 214748297 1
1152152 214748304 0.5
4949148 214845131 1
4949148 214820400 0.5
6481434 214848626 1
6481434 214848656 0.5
3728548 214613893 1
3728548 214532107 0.5
3728548 214512431 0.5
3728548 214828995 0.5
3728548 214601805 0.5
3728548 214645871 0.5
2612764 214507331 1
2612764 214684093 0.5
5661557 214846061 1
5661557 214835426 0.5
3007683 214821277 1
3007683 214821290 0.5
9036997 214716928 1
9036997 214854632 0.5
9036997 214851135 0.5
9036997 214717003 0.5
9036997 214846391 0.5
5743824 214821339 1
5743824 214533022 0.5
5428444 214712235 1
5428444 214680371 0.5
4953309 214840082 1
4953309 214839600 0.5
4953309 214836855 0.5
4228327 214698577 1
4228327 214698579 0.5
6309108 214656380 1
6309108 214555237 0.5
943359 214509084 1
943359 214613893 0.5
943359 214512431 0.5
4977929 214845504 1
4977929 214845506 0.5
2123022 214829880 1
2123022 214829878 0.5
10741293 214853090 1
10741293 214851326 0.5
8164627 214853122 1
8164627 214855185 0.5
8164627 214716932 0.5
8164627 214533022 0.5
8164627 214844439 0.5
6997272 214849327 1
6997272 214709807 0.5
11363624 214853096 1
11363624 214853077 0.5
3241267 214716980 1
3241267 214586711 0.5
669918 214716986 1
669918 214716937 0.5
669918 214716971 0.5
669918 214716941 0.5
5215544 214836532 1
5215544 214844321 0.5
5215544 214589546 0.5
11423284 214859139 1
11423284 214851032 0.5
66878 214565623 1
66878 214669871 0.5
3889376 214612753 1
3889376 214839592 0.5
3889376 214551607 0.5
2504002 214821315 1
2504002 214819468 0.5
8111908 214533022 1
8111908 214716932 0.5
8111908 214716935 0.5
8754507 214853094 1
8754507 214853096 0.5
8754507 214853090 0.5
8754507 214853085 0.5
6935887 214848315 1
6935887 214537775 0.5
2670819 214836330 1
2670819 214819762 0.5
2670819 214743495 0.5
7948516 214716926 1
7948516 214854632 0.5
7948516 214716928 0.5
7948516 214854630 0.5
7948516 214717007 0.5
11191642 214853754 1
11191642 214684762 0.5
6702459 214844456 1
6702459 214844441 0.5
6702459 214821309 0.5
5978348 214846057 1
5978348 214848727 0.5
8582549 214534655 1
8582549 214717320 0.5
4076966 214835109 1
4076966 214833755 0.5
5723561 214834867 1
5723561 214844370 0.5
3018994 643078800 1
3018994 214601233 0.5
3018994 214835475 0.5
3018994 214821015 0.5
3630522 214848729 1
3630522 214848727 0.5
10786237 214687475 1
10786237 214853728 0.5
10786237 214853724 0.5
10786237 214853732 0.5
10786237 214853735 0.5
7894463 214563182 1
7894463 214829743 0.5
8488397 214849327 1
8488397 214534217 0.5
8488397 214828970 0.5
3618261 214718248 1
3618261 214651554 0.5
2901463 214835745 1
2901463 214600492 0.5
1495989 214821277 1
1495989 214584939 0.5
1495989 214829366 0.5
4306394 214829310 1
4306394 214664730 0.5
480733 214748300 1
480733 214708305 0.5
480733 214706460 0.5
9692638 214853402 1
9692638 214857120 0.5
9692638 214850947 0.5
3921489 214709970 1
3921489 214826805 0.5
21992 214538572 1
21992 214512425 0.5
11142634 214546102 1
11142634 214546104 0.5
11547559 214712237 1
11547559 214700002 0.5
11547559 214743515 0.5
7603706 214850938 1
7603706 214849775 0.5
9295364 214508287 1
9295364 214684093 0.5
9295364 214849350 0.5
1553927 214716984 1
1553927 214716982 0.5
1980589 214826662 1
1980589 214706460 0.5
3962394 214836932 1
3962394 214836795 0.5
3962394 214509084 0.5
3962394 214601805 0.5
3962394 214539845 0.5
10868267 214584836 1
10868267 214509870 0.5
2811437 214821315 1
2811437 214533022 0.5
4216369 214838505 1
4216369 214677290 0.5
4216369 214530789 0.5
2537011 643078800 1
2537011 643078783 0.5
7829044 214712235 1
7829044 214744258 0.5
7829044 214512611 0.5
7829044 214712237 0.5
7829044 214835120 0.5
7829044 214680371 0.5
7829044 214743515 0.5
7196937 214712278 1
7196937 214849312 0.5
7196937 214836326 0.5
2840846 214844456 1
2840846 214844458 0.5
2840846 214829660 0.5
11376214 214574777 1
11376214 214774676 0.5
11376214 214774678 0.5
6825562 214530555 1
6825562 214850953 0.5
6010472 214509401 1
6010472 214582541 0.5
8313792 214853173 1
8313792 214828882 0.5
674647 214829310 1
674647 214664765 0.5
1424323 214828963 1
1424323 214554384 0.5
599709 214821305 1
599709 214821302 0.5
4105898 214748310 1
4105898 214829792 0.5
4105898 214712237 0.5
2512573 214600509 1
2512573 214829670 0.5
2684614 214674772 1
2684614 214551917 0.5
5054309 214845476 1
5054309 214710101 0.5
22263 214680371 1
22263 214581489 0.5
22263 214602605 0.5
22263 214835117 0.5
9742074 214851135 1
9742074 214687685 0.5
8333053 214718252 1
8333053 214849031 0.5
3372879 214712235 1
3372879 214835120 0.5
3372879 214581489 0.5
3372879 214680371 0.5
3372879 214601203 0.5
7366403 214849747 1
7366403 214578350 0.5
3278607 214539050 1
3278607 214539112 0.5
7939856 214696824 1
7939856 214850707 0.5
2209553 214829846 1
2209553 214838964 0.5
8791827 214853094 1
8791827 214852978 0.5
6436636 214584821 1
6436636 214537490 0.5
2520862 214701787 1
2520862 214706452 0.5
8660768 214853090 1
8660768 214853096 0.5
7681829 214849247 1
7681829 214839975 0.5
4339509 214848729 1
4339509 214848727 0.5
5031743 214613915 1
5031743 214684372 0.5
3980777 214613893 1
3980777 214820242 0.5
8218437 214853173 1
8218437 214849807 0.5
8218437 214851120 0.5
8218437 214828882 0.5
8218437 214853175 0.5
8218437 214853177 0.5
8218437 214853758 0.5
7109729 214828882 1
7109729 214853173 0.5
4831053 214553700 1
4831053 214710152 0.5
4831053 214848729 0.5
9926479 214510445 1
9926479 214578011 0.5
2742099 214845999 1
2742099 214832672 0.5
2742099 214645005 0.5
4425557 214836879 1
4425557 214839973 0.5
2799448 214551626 1
2799448 214836517 0.5
10147676 214853420 1
10147676 214829878 0.5
9246558 214645005 1
9246558 214853090 0.5
9246558 214853085 0.5
9246558 214851326 0.5
2865001 214551607 1
2865001 214551624 0.5
2865001 214844394 0.5
2865001 214821277 0.5
2865001 214533022 0.5
2865001 214820263 0.5
9680746 214853420 1
9680746 214853422 0.5
5859191 214580293 1
5859191 214845962 0.5
5859191 214811739 0.5
7022463 214849807 1
7022463 214718372 0.5
7022463 214849134 0.5
7690113 214716928 1
7690113 214855185 0.5
7690113 214554358 0.5
7690113 214716926 0.5
337808 214840762 1
337808 214586983 0.5
1275797 214821339 1
1275797 214826998 0.5
1275797 214826615 0.5
3284366 214696633 1
3284366 214696640 0.5
3284366 214696637 0.5
2996122 214829880 1
2996122 214829882 0.5
2778491 214601542 1
2778491 214537492 0.5
2934697 214638474 1
2934697 214821343 0.5
4249516 214844394 1
4249516 214551624 0.5
4422989 214602598 1
4422989 214829280 0.5
4422989 214836855 0.5
4422989 214845131 0.5
4422989 214587317 0.5
4422989 214829775 0.5
4769716 214748310 1
4769716 214819760 0.5
9680831 214847486 1
9680831 214535092 0.5
9680831 214582942 0.5
3123143 214680369 1
3123143 214700002 0.5
3123143 214712237 0.5
9107402 214546123 1
9107402 214555237 0.5
4238971 214835167 1
4238971 214711280 0.5
4238971 214826713 0.5
4238971 214718207 0.5
4238971 214829765 0.5
4238971 214711205 0.5
6712836 214849327 1
6712836 214709807 0.5
9017327 214829822 1
9017327 214700876 0.5
2557946 214701307 1
2557946 214700885 0.5
6121483 214509842 1
6121483 214534689 0.5
6121483 214537490 0.5
6121483 214534693 0.5
2534402 643078800 1
2534402 214829878 0.5
7940121 214844394 1
7940121 214821305 0.5
3921952 214700885 1
3921952 214711965 0.5
7931568 214551626 1
7931568 214563182 0.5
7477283 214717003 1
7477283 214716926 0.5
8697896 214851152 1
8697896 214849327 0.5
8697896 214828970 0.5
8697896 214828963 0.5
8697896 214851155 0.5
5027886 214551607 1
5027886 214821315 0.5
8960064 214853077 1
8960064 214853096 0.5
8075331 214853327 1
8075331 214856514 0.5
5781577 214828989 1
5781577 214829317 0.5
5781577 214509830 0.5
9205849 214850949 1
9205849 214853420 0.5
5707866 214844409 1
5707866 214848407 0.5
8935517 214828963 1
8935517 214849327 0.5
9951348 214853707 1
9951348 214853698 0.5
9951348 214853767 0.5
10492031 214853090 1
10492031 214853248 0.5
10492031 214851326 0.5
7084161 214828882 1
7084161 214853177 0.5
7084161 214849766 0.5
8419468 214851155 1
8419468 214851152 0.5
4270224 214638476 1
4270224 214537929 0.5
3774611 214848727 1
3774611 214848729 0.5
8861846 214851279 1
8861846 214853105 0.5
8861846 214853090 0.5
8861846 214853094 0.5
8861846 214853143 0.5
4520097 214821339 1
4520097 214844441 0.5
4520097 214551626 0.5
4520097 214844462 0.5
5130403 214684372 1
5130403 214844409 0.5
2640037 643078800 1
2640037 214829880 0.5
2640037 214829878 0.5
7506099 214844456 1
7506099 214551626 0.5
7506099 214844458 0.5
10528954 214835000 1
10528954 214835004 0.5
3799232 214829846 1
3799232 214829765 0.5
8202437 214716930 1
8202437 214716932 0.5
8202437 214716982 0.5
2611398 214846057 1
2611398 214836129 0.5
1657034 214834877 1
1657034 214834873 0.5
1657034 214826610 0.5
1657034 214833755 0.5
2339879 214585633 1
2339879 214839311 0.5
7547118 214716984 1
7547118 214716982 0.5
8968431 214853094 1
8968431 214853096 0.5
5066451 214684702 1
5066451 214826987 0.5
571093 214821307 1
571093 214821302 0.5
11546326 214851326 1
11546326 214587952 0.5
1326126 214539845 1
1326126 214829747 0.5
1326126 214509084 0.5
1326126 214717095 0.5
2070809 214835752 1
2070809 214709792 0.5
6945056 214716707 1
6945056 214832604 0.5
10750244 214854262 1
10750244 214684785 0.5
10750244 214684762 0.5
10750244 214567333 0.5
10750244 214854358 0.5
10750244 214567327 0.5
3021099 214836517 1
3021099 214532072 0.5
3021099 214831948 0.5
3021099 214829878 0.5
3021099 214532070 0.5
3021099 214829887 0.5
5196078 214613915 1
5196078 214684372 0.5
5196078 214632975 0.5
7096627 214820233 1
7096627 214820261 0.5
10775604 214849327 1
10775604 214828970 0.5
7772481 214716930 1
7772481 214716932 0.5
7772481 214716935 0.5
8608071 214853090 1
8608071 214853077 0.5
2222409 214832717 1
2222409 214829855 0.5
3713359 643078800 1
3713359 214826990 0.5
7088477 214575193 1
7088477 214846012 0.5
7088477 214850282 0.5
7088477 214850315 0.5
7088477 214831948 0.5
7088477 214832015 0.5
10852713 214835117 1
10852713 214678104 0.5
10852713 214853760 0.5
10852713 214857830 0.5
1737106 214829085 1
1737106 214532072 0.5
4454766 214842735 1
4454766 214838109 0.5
10766707 214844439 1
10766707 214844394 0.5
7678324 214855185 1
7678324 214716930 0.5
682359 214587317 1
682359 214828982 0.5
682359 214586694 0.5
682359 214586743 0.5
227704 214716930 1
227704 214716982 0.5
4176254 214829390 1
4176254 214539208 0.5
7121289 214716984 1
7121289 214716932 0.5
7121289 214716973 0.5
11467146 214510451 1
11467146 214510447 0.5
262552 214555903 1
262552 214547255 0.5
2029982 214835752 1
2029982 214709792 0.5
5896608 214584992 1
5896608 214840595 0.5
2304419 214820231 1
2304419 214829707 0.5
2304419 214829711 0.5
7023016 214716928 1
7023016 214716982 0.5
7023016 214717007 0.5
6042012 214848313 1
6042012 214835713 0.5
6042012 214839594 0.5
6076847 214539112 1
6076847 214551780 0.5
9000269 214853758 1
9000269 214853177 0.5
6920633 214509401 1
6920633 214684093 0.5
4479421 214836512 1
4479421 214645387 0.5
4479421 214612901 0.5
5073352 214748310 1
5073352 214710152 0.5
5073352 214641967 0.5
1096139 214539845 1
1096139 214829747 0.5
4233676 214584939 1
4233676 214551913 0.5
4233676 214551917 0.5
1561677 214645005 1
1561677 214828963 0.5
9779664 214680371 1
9779664 214700000 0.5
9779664 214744258 0.5
9779664 214712235 0.5
7201679 214716928 1
7201679 214854632 0.5
7201679 214717007 0.5
9529839 214853420 1
9529839 214850942 0.5
5885694 214840595 1
5885694 214584992 0.5
4200952 214530789 1
4200952 214530791 0.5
11352577 214704182 1
11352577 214704180 0.5
125452 214840762 1
125452 214821024 0.5
2480659 643078800 1
2480659 214835019 0.5
5106236 214640015 1
5106236 214714805 0.5
4471363 214844394 1
4471363 214821305 0.5
10417932 214850754 1
10417932 214718220 0.5
4938316 214839311 1
4938316 214585633 0.5
5213282 214848864 1
5213282 214833802 0.5
5213282 214843378 0.5
5213282 214691246 0.5
7367779 214829672 1
7367779 214829668 0.5
7993952 214716935 1
7993952 214716932 0.5
11012706 214853072 1
11012706 214687839 0.5
1186404 214718396 1
1186404 214718398 0.5
8131686 214850771 1
8131686 214850743 0.5
7391846 214551776 1
7391846 214551780 0.5
2194024 214835752 1
2194024 214709792 0.5
4532842 214594678 1
4532842 214594680 0.5
2673262 214836519 1
2673262 214531314 0.5
3361399 214836352 1
3361399 214600492 0.5
3361399 214829366 0.5
5094011 214695476 1
5094011 214839954 0.5
613001 214821309 1
613001 214551617 0.5
400016 214821290 1
400016 214821277 0.5
400016 214820231 0.5
6576791 214845954 1
6576791 214537185 0.5
11530692 214510445 1
11530692 214853754 0.5
8289542 214835126 1
8289542 214826987 0.5
8289542 214676572 0.5
5524143 214837918 1
5524143 214844409 0.5
5524143 214837916 0.5
4446901 214821367 1
4446901 214687798 0.5
4446901 214820439 0.5
11119291 214821315 1
11119291 214533022 0.5
4955254 214826987 1
4955254 214557607 0.5
23242 214840419 1
23242 214687685 0.5
10461646 214853094 1
10461646 214701787 0.5
10391332 214853096 1
10391332 214853094 0.5
4434658 214839973 1
4434658 214601233 0.5
4434658 214845806 0.5
6503154 214846378 1
6503154 214706445 0.5
6503154 214716710 0.5
6953718 214680371 1
6953718 214712235 0.5
5516041 214835473 1
5516041 214835426 0.5
7232269 214821367 1
7232269 214838456 0.5
7232269 214836129 0.5
5700741 214845585 1
5700741 214838225 0.5
5700741 214835473 0.5
4989404 214839956 1
4989404 214839977 0.5
5696302 214846061 1
5696302 214748336 0.5
7674682 214855185 1
7674682 214716932 0.5
7564101 214844439 1
7564101 214844394 0.5
3570511 214829327 1
3570511 214839742 0.5
1998648 214834880 1
1998648 214828961 0.5
9980757 214853096 1
9980757 214853105 0.5
9980757 214853077 0.5
10423134 214853094 1
10423134 214853248 0.5
10423134 214852978 0.5
10423134 214853077 0.5
6048616 214668249 1
6048616 214819427 0.5
5041013 214848324 1
5041013 214826818 0.5
1190787 214821305 1
1190787 214821302 0.5
9653128 214853420 1
9653128 214850942 0.5
9241068 214556477 1
9241068 214850370 0.5
9241068 214850396 0.5
1677087 214829366 1
1677087 214826610 0.5
1677087 214833755 0.5
1677087 214834877 0.5
1677087 214829387 0.5
8469404 214828989 1
8469404 214687785 0.5
8469404 214509830 0.5
7184372 214849342 1
7184372 214832156 0.5
834468 214753513 1
834468 214748300 0.5
3668909 214821367 1
3668909 214687785 0.5
3668909 214537490 0.5
3668909 214585100 0.5
9964464 214854022 1
9964464 214853252 0.5
8156164 214853657 1
8156164 214601049 0.5
1145794 214829083 1
1145794 214829085 0.5
1145794 214829079 0.5
9497539 214774678 1
9497539 214774676 0.5
10939336 214700000 1
10939336 214835120 0.5
10939336 214548793 0.5
10939336 214700002 0.5
10939336 214704180 0.5
1203366 214821302 1
1203366 214586711 0.5
7502824 214717007 1
7502824 214695407 0.5
9194474 214711537 1
9194474 214711524 0.5
9194474 214829822 0.5
9194474 214700990 0.5
5614573 214684702 1
5614573 214557607 0.5
10310824 214510447 1
10310824 214510445 0.5
6556671 214848622 1
6556671 214848950 0.5
1530882 214832722 1
1530882 214587712 0.5
2186254 214836330 1
2186254 214826670 0.5
2845717 214748300 1
2845717 214753513 0.5
3968026 214844439 1
3968026 214821305 0.5
4758556 214821367 1
4758556 214585100 0.5
8162339 214853173 1
8162339 214851120 0.5
2092073 214832720 1
2092073 214829855 0.5
10976314 214851155 1
10976314 214851152 0.5
1114012 214716710 1
1114012 214640353 0.5
3759188 214630042 1
3759188 214645618 0.5
3759188 214839341 0.5
7392348 214531509 1
7392348 214696832 0.5
2219106 214832730 1
2219106 214639299 0.5
2248689 214701787 1
2248689 214581489 0.5
2248689 214831946 0.5
2248689 214712235 0.5
2636907 214820231 1
2636907 214743497 0.5
5430382 214557607 1
5430382 214826987 0.5
5430382 214684702 0.5
3050003 214837918 1
3050003 214753513 0.5
2280564 214638474 1
2280564 214638480 0.5
2280564 214687685 0.5
326774 214826955 1
326774 214826835 0.5
2869098 214533022 1
2869098 214716935 0.5
4926607 214712235 1
4926607 214680371 0.5
212123 214698465 1
212123 214698579 0.5
7232673 214849327 1
7232673 214709807 0.5
6126758 214845962 1
6126758 214709702 0.5
7826602 214850771 1
7826602 214850743 0.5
8703151 214848847 1
8703151 214844250 0.5
138442 214829285 1
138442 214821275 0.5
10915009 214859139 1
10915009 214701787 0.5
2141381 214829855 1
2141381 214829857 0.5
2149576 214534693 1
2149576 214534689 0.5
2149576 214537490 0.5
3220002 214844420 1
3220002 214826990 0.5
5512398 214826987 1
5512398 214716975 0.5
10980561 214687475 1
10980561 214840410 0.5
8834254 214853135 1
8834254 214853227 0.5
5803223 214844394 1
5803223 214821305 0.5
3329252 214836830 1
3329252 214836875 0.5
9350379 214534693 1
9350379 214537490 0.5
4672722 214698465 1
4672722 214698577 0.5
4672722 214698575 0.5
1727726 214829327 1
1727726 214829330 0.5
3747058 214836924 1
3747058 214532107 0.5
3747058 214540479 0.5
8103807 214716707 1
8103807 214832604 0.5
6098166 214509084 1
6098166 214636505 0.5
6098166 214820242 0.5
3144953 214832124 1
3144953 214743497 0.5
382688 214820231 1
382688 214821277 0.5
3366151 214828963 1
3366151 214828970 0.5
7926999 214850938 1
7926999 214850936 0.5
5385491 214838109 1
5385491 214509144 0.5
5385491 214509148 0.5
5385491 214539238 0.5
5385491 214842735 0.5
929044 214826810 1
929044 214532070 0.5
7773467 214551913 1
7773467 214551930 0.5
7773467 214702843 0.5
4248112 214826713 1
4248112 214820938 0.5
4248112 214556218 0.5
4248112 214829102 0.5
412974 214512425 1
412974 214819719 0.5
4644143 214829880 1
4644143 214826835 0.5
4644143 214838107 0.5
4644143 214718398 0.5
8600881 214853105 1
8600881 214853085 0.5
8600881 214853077 0.5
5678302 214584939 1
5678302 214821277 0.5
5678302 214748342 0.5
11017532 214853730 1
11017532 214854356 0.5
11017532 214853094 0.5
2288959 214602605 1
2288959 214581489 0.5
2288959 214712235 0.5
5725504 214712244 1
5725504 214829882 0.5
2551117 214558704 1
2551117 214706445 0.5
7856013 214828882 1
7856013 214850936 0.5
7856013 214853173 0.5
7856013 214850621 0.5
1113317 214829085 1
1113317 214685784 0.5
5106057 214717331 1
5106057 214534689 0.5
9877392 214711524 1
9877392 214711537 0.5
626024 214821305 1
626024 214586711 0.5
1207859 214601805 1
1207859 214829679 0.5
2833779 214716926 1
2833779 214716992 0.5
2833779 214717003 0.5
2833779 214838375 0.5
8469879 214851077 1
8469879 214851236 0.5
5512427 214574777 1
5512427 214700992 0.5
5512427 214774676 0.5
5512427 214774678 0.5
5512427 214700990 0.5
937348 214821277 1
937348 214820842 0.5
937348 214827020 0.5
937348 214821290 0.5
8719756 214850758 1
8719756 214821382 0.5
8719756 214848847 0.5
5974189 214509401 1
5974189 214584821 0.5
925092 214826998 1
925092 214760897 0.5
925092 214826876 0.5
4046247 214648256 1
4046247 214835000 0.5
4046247 214826942 0.5
7560616 214835126 1
7560616 214850705 0.5
7560616 214850402 0.5
2035124 214581489 1
2035124 214577492 0.5
2035124 214602605 0.5
1200769 214539845 1
1200769 214829747 0.5
4375798 214834877 1
4375798 214834880 0.5
6782881 214821277 1
6782881 214687839 0.5
2923988 214744530 1
2923988 214836851 0.5
2923988 214706180 0.5
5135834 214574777 1
5135834 214700990 0.5
1357052 214844394 1
1357052 214821305 0.5
1357052 214821302 0.5
4009452 214829715 1
4009452 214717427 0.5
4009452 214545879 0.5
3048327 214699020 1
3048327 214699022 0.5
4634323 214601542 1
4634323 214537492 0.5
4634323 214509845 0.5
7443029 214849766 1
7443029 214828882 0.5
7736834 214684717 1
7736834 214849796 0.5
3743248 214821315 1
3743248 214716930 0.5
3743248 214533022 0.5
3743248 214716935 0.5
2498066 214709807 1
2498066 214828970 0.5
3091989 214820263 1
3091989 214832730 0.5
5402141 214821313 1
5402141 214551632 0.5
5402141 214844454 0.5
8162867 214851279 1
8162867 214829792 0.5
8162867 214851032 0.5
8162867 214601203 0.5
8162867 214680371 0.5
5164596 214844409 1
5164596 214850593 0.5
7333812 214712235 1
7333812 214680371 0.5
8994379 214826987 1
8994379 214853325 0.5
8994379 214835126 0.5
8994379 214853143 0.5
291427 214716973 1
291427 214716930 0.5
736854 214716971 1
736854 214716943 0.5
4111969 214844351 1
4111969 214840421 0.5
3456622 214716950 1
3456622 214716973 0.5
3456622 214716943 0.5
7876542 214846393 1
7876542 214554722 0.5
7876542 214829019 0.5
3313271 214509401 1
3313271 643078800 0.5
3313271 214584821 0.5
7577209 214717003 1
7577209 214716926 0.5
7200627 214567419 1
7200627 214849740 0.5
4468361 214700000 1
4468361 214848866 0.5
11517583 214857204 1
11517583 214835000 0.5
11005603 214642100 1
11005603 214850771 0.5
11005603 214821022 0.5
11005603 214850743 0.5
4947172 214832156 1
4947172 214844325 0.5
3886223 214530789 1
3886223 214530791 0.5
5193743 214819468 1
5193743 214848324 0.5
7365919 214849327 1
7365919 214828970 0.5
7365919 214828963 0.5
4558524 214844439 1
4558524 214821315 0.5
4558524 214551607 0.5
7638717 214851317 1
7638717 214851028 0.5
7699061 214774685 1
7699061 214550563 0.5
9100994 214853090 1
9100994 214853094 0.5
9100994 214851326 0.5
3437174 214835745 1
3437174 214600492 0.5
3437174 214826565 0.5
11443911 214680371 1
11443911 214744258 0.5
5655159 214846033 1
5655159 214844370 0.5
2661667 214821343 1
2661667 214800266 0.5
10118176 214718169 1
10118176 214718160 0.5
9187062 214853094 1
9187062 214853090 0.5
9187062 214853077 0.5
9199352 214853077 1
9199352 214850949 0.5
4923144 214826987 1
4923144 214536392 0.5
4857609 214836947 1
4857609 214587384 0.5
4857609 214692849 0.5
4945948 214836868 1
4945948 214843190 0.5
3227408 643078800 1
3227408 214832717 0.5
8486872 214716932 1
8486872 214821315 0.5
8486872 214716935 0.5
7442197 214849361 1
7442197 214849393 0.5
7442197 214853437 0.5
7442197 214849391 0.5
4701976 214826833 1
4701976 214613795 0.5
4992799 214829327 1
4992799 214839742 0.5
10583844 214854547 1
10583844 214567333 0.5
10583844 214854262 0.5
5037363 214684702 1
5037363 214826987 0.5
9031479 214850285 1
9031479 214850282 0.5
9031479 214850287 0.5
11140928 214704182 1
11140928 214700000 0.5
11140928 214744258 0.5
9386713 214845962 1
9386713 214849010 0.5
9386713 214848926 0.5
8531796 214853177 1
8531796 214853758 0.5
10510179 214853767 1
10510179 214854118 0.5
9039716 214844394 1
9039716 214844439 0.5
3527209 214844454 1
3527209 214551632 0.5
7764626 214844439 1
7764626 214551624 0.5
7764626 214612704 0.5
7764626 214717262 0.5
2137971 214709792 1
2137971 214835752 0.5
2137971 214712229 0.5
10719209 214854358 1
10719209 214684785 0.5
10719209 214853735 0.5
4562809 214836512 1
4562809 214553700 0.5
4562809 214821339 0.5
4562809 214821020 0.5
4562809 214835167 0.5
298874 214826606 1
298874 214706432 0.5
298874 214821028 0.5
298874 214546772 0.5
298874 214718246 0.5
2895742 643078800 1
2895742 214836506 0.5
10858371 214854583 1
10858371 214687685 0.5
10858371 214851135 0.5
4390823 214819481 1
4390823 214571370 0.5
4390823 214687987 0.5
7663528 214716935 1
7663528 214716932 0.5
5521321 214840483 1
5521321 214831970 0.5
5521321 214711205 0.5
9818031 214854300 1
9818031 214854510 0.5
8413116 214826942 1
8413116 214849076 0.5
9809863 214585633 1
9809863 214857120 0.5
9809863 214554967 0.5
9408458 214716935 1
9408458 214855185 0.5
8339422 214716932 1
8339422 214716930 0.5
8339422 214716935 0.5
1490912 214821332 1
1490912 214834880 0.5
1490912 214587028 0.5
1490912 214834877 0.5
9091067 214853173 1
9091067 214851120 0.5
7327722 214853177 1
7327722 214828882 0.5
8876012 214853090 1
8876012 214853096 0.5
3157999 643078800 1
3157999 214844394 0.5
331763 214716930 1
331763 214838366 0.5
331763 214716932 0.5
331763 214716982 0.5
331763 214533022 0.5
331763 214716935 0.5
247004 214716930 1
247004 214716932 0.5
247004 214533022 0.5
247004 214716935 0.5
5357566 214743515 1
5357566 214700002 0.5
5357566 214712237 0.5
5357566 214511015 0.5
1855479 214829083 1
1855479 214826610 0.5
5103612 214839956 1
5103612 214839977 0.5
4268029 214829079 1
4268029 214602832 0.5
4268029 214832717 0.5
