5152781 214836868 1
5152781 214843190 0.5
3609261 214840595 1
3609261 214584992 0.5
1941524 214832717 1
1941524 214826803 0.5
9609246 214649730 1
9609246 214853077 0.5
2035752 214828959 1
2035752 214834873 0.5
2248754 214829006 1
2248754 214835124 0.5
2314931 214829880 1
2314931 214829882 0.5
2314931 214829887 0.5
3940414 214820259 1
3940414 214820233 0.5
3940414 214820227 0.5
380999 214710090 1
380999 214838771 0.5
8495183 214853122 1
8495183 214851279 0.5
11499013 214601216 1
11499013 214859242 0.5
86107 214820261 1
86107 214820233 0.5
9097316 214852987 1
9097316 214853087 0.5
4067437 214846057 1
4067437 214684513 0.5
4067437 214848727 0.5
10205887 214850771 1
10205887 214718169 0.5
10205887 214850743 0.5
10205887 214853767 0.5
10205887 214561775 0.5
958589 214821290 1
958589 214821277 0.5
4528832 214717612 1
4528832 214717614 0.5
7954563 214716935 1
7954563 214716930 0.5
7954563 214612895 0.5
5013651 214836868 1
5013651 214843190 0.5
6979733 214644320 1
6979733 214644317 0.5
9080987 214850743 1
9080987 214834880 0.5
9080987 214826610 0.5
9080987 214707875 0.5
9080987 214851075 0.5
9184047 214677615 1
9184047 214821017 0.5
7937393 214748336 1
7937393 214743495 0.5
2687197 214613893 1
2687197 214512431 0.5
1228333 214821305 1
1228333 214821302 0.5
1188069 214821302 1
1188069 214821305 0.5
6607082 214709807 1
6607082 214849327 0.5
10236153 214853248 1
10236153 214853096 0.5
10236153 214852978 0.5
10236153 214836827 0.5
10236153 214853077 0.5
10236153 214853094 0.5
10953863 214835000 1
10953863 214532955 0.5
10953863 214857204 0.5
3144406 214820255 1
3144406 214509403 0.5
3289351 214832017 1
3289351 214589548 0.5
549129 214836752 1
549129 214836761 0.5
549129 214836073 0.5
1577232 214821315 1
1577232 214844456 0.5
1577232 214533022 0.5
110871 214716932 1
110871 214716930 0.5
110871 214716935 0.5
11072116 214853102 1
11072116 214853100 0.5
11072116 214854853 0.5
11002168 214857030 1
11002168 214534661 0.5
1457549 214581489 1
1457549 214712235 0.5
1457549 214704182 0.5
4342099 214839592 1
4342099 214579226 0.5
4342099 214821315 0.5
4342099 214820938 0.5
4342099 214705997 0.5
4378971 214553700 1
4378971 214710152 0.5
9048414 214852978 1
9048414 214853094 0.5
7295344 214851279 1
7295344 214744258 0.5
7295344 214704180 0.5
2793841 214829880 1
2793841 214829878 0.5
5198198 214684108 1
5198198 214826818 0.5
1301226 214828963 1
1301226 214554384 0.5
1301226 214828970 0.5
7229829 214821377 1
7229829 214845999 0.5
2371977 214832717 1
2371977 214841640 0.5
2371977 214829863 0.5
9032078 214573350 1
9032078 214851017 0.5
9032078 214853323 0.5
3211663 214821315 1
3211663 214533022 0.5
5726613 214845521 1
5726613 214844396 0.5
9683356 214850949 1
9683356 214680371 0.5
5136798 214826818 1
5136798 214838092 0.5
1469168 214701307 1
1469168 214834922 0.5
7049648 214846530 1
7049648 214829799 0.5
6853048 214850715 1
6853048 214553702 0.5
7766462 214553702 1
7766462 214717284 0.5
11395523 214835117 1
11395523 214864880 0.5
6595017 214700002 1
6595017 214743515 0.5
5411274 214831946 1
5411274 214829880 0.5
6185444 214589548 1
6185444 214677962 0.5
9400812 214509084 1
9400812 214636505 0.5
9400812 214512431 0.5
11125231 214711642 1
11125231 214567095 0.5
9564659 214829730 1
9564659 214595139 0.5
4911624 214700002 1
4911624 214700000 0.5
10285577 214744258 1
10285577 214700000 0.5
10285577 214680371 0.5
10285577 214712235 0.5
10285577 214712237 0.5
9544219 214684093 1
9544219 214508287 0.5
2515494 214820270 1
2515494 214594524 0.5
2109994 214687895 1
2109994 214658147 0.5
6127026 214848727 1
6127026 214840584 0.5
6127026 214820272 0.5
6127026 214842508 0.5
10580529 214700002 1
10580529 214853321 0.5
10580529 214712237 0.5
9146931 214853173 1
9146931 214534580 0.5
9146931 214853758 0.5
8540732 214828989 1
8540732 214829317 0.5
6846042 214717003 1
6846042 214716928 0.5
6846042 214819468 0.5
6846042 214554358 0.5
3998287 214743515 1
3998287 214680369 0.5
3998287 214700002 0.5
8471121 214853094 1
8471121 214853090 0.5
8200974 214851152 1
8200974 214851155 0.5
8905302 214700002 1
8905302 214835126 0.5
3097176 214832717 1
3097176 214829083 0.5
3097176 214821285 0.5
5735004 214684108 1
5735004 214835745 0.5
7856737 214575193 1
7856737 214850938 0.5
7201382 214828882 1
7201382 214553604 0.5
11383402 214856720 1
11383402 214856797 0.5
3892669 214560013 1
3892669 214613893 0.5
5878392 214510445 1
5878392 214819727 0.5
4514426 214821305 1
4514426 214820255 0.5
2306686 214551626 1
2306686 214832730 0.5
5333632 214684093 1
5333632 214708372 0.5
184964 214716980 1
184964 214716937 0.5
856716 214838831 1
856716 214837487 0.5
3838606 214712235 1
3838606 214680371 0.5
3838606 214602605 0.5
3838606 214512611 0.5
2507408 643078800 1
2507408 643078783 0.5
11543189 214680371 1
11543189 214700000 0.5
11543189 214853321 0.5
4199066 214821277 1
4199066 214669768 0.5
8131228 214684093 1
8131228 214850612 0.5
8417951 214849327 1
8417951 214828970 0.5
3022961 643078800 1
3022961 214826752 0.5
3022961 214686082 0.5
3022961 214831955 0.5
3022961 214831948 0.5
2876079 643078800 1
2876079 214829878 0.5
5465546 214829670 1
5465546 214820272 0.5
3740356 214551780 1
3740356 214539050 0.5
3740356 214539110 0.5
3740356 214612895 0.5
4391621 214829668 1
4391621 214829670 0.5
152289 214706432 1
152289 214587384 0.5
152289 214820938 0.5
152289 214821028 0.5
5026539 214840082 1
5026539 214839311 0.5
1909503 214684108 1
1909503 214826818 0.5
1909503 214709638 0.5
1909503 214554950 0.5
6303893 214836517 1
6303893 214644650 0.5
6303893 214840421 0.5
4756227 214612901 1
4756227 214831970 0.5
8164108 214716982 1
8164108 214717867 0.5
9327377 214851279 1
9327377 214680371 0.5
2625667 214829887 1
2625667 214831946 0.5
9069333 214852978 1
9069333 214851163 0.5
1135383 214541355 1
1135383 214527028 0.5
11031337 214849468 1
11031337 214684762 0.5
11031337 214853726 0.5
2916207 214748304 1
2916207 214748291 0.5
2916207 214748295 0.5
2175823 214709792 1
2175823 214835752 0.5
1208171 214594680 1
1208171 214594678 0.5
1208171 214602838 0.5
6845291 214585633 1
6845291 214602804 0.5
492538 214716930 1
492538 214840762 0.5
5190519 214684702 1
5190519 214821313 0.5
5190519 214826987 0.5
5190519 214844454 0.5
1405817 214533022 1
1405817 214821315 0.5
7699268 214551607 1
7699268 214533022 0.5
4486054 214839341 1
4486054 214839339 0.5
4486054 214700990 0.5
438428 214820231 1
438428 214833802 0.5
5213719 214833802 1
5213719 214820261 0.5
9343917 214709634 1
9343917 214853248 0.5
9526089 214853420 1
9526089 214850945 0.5
9122747 214832567 1
9122747 214851080 0.5
9405372 214854632 1
9405372 214717005 0.5
2233277 214844394 1
2233277 214844439 0.5
9757631 214644650 1
9757631 214716924 0.5
9757631 214836517 0.5
3724239 214826565 1
3724239 214835109 0.5
7431129 214846440 1
7431129 214579299 0.5
7431129 214600389 0.5
3810266 214530791 1
3810266 214530789 0.5
5014351 214709638 1
5014351 214826818 0.5
1303524 214821305 1
1303524 214821315 0.5
7562216 214640015 1
7562216 214839947 0.5
7562216 214845947 0.5
11059367 214700002 1
11059367 214853321 0.5
5059564 214684372 1
5059564 214613912 0.5
5059564 214839377 0.5
5059564 214613915 0.5
5059564 214594678 0.5
5059564 214602830 0.5
9012217 214851238 1
9012217 214819412 0.5
1177772 214821028 1
1177772 214706432 0.5
6370324 214835126 1
6370324 214584992 0.5
6370324 214601216 0.5
6370324 214684702 0.5
2647066 643078800 1
2647066 214831946 0.5
1147932 214821302 1
1147932 214821315 0.5
7566371 214851279 1
7566371 214712235 0.5
5895204 214850722 1
5895204 214846460 0.5
4174004 214836887 1
4174004 214839587 0.5
4174004 214835167 0.5
10822717 214853094 1
10822717 214852978 0.5
10044478 214710152 1
10044478 214839913 0.5
10044478 214553700 0.5
6009299 214850722 1
6009299 214613915 0.5
8119376 214842735 1
8119376 214826750 0.5
4332387 214533020 1
4332387 214821339 0.5
10227214 214854022 1
10227214 214509401 0.5
8000598 214853177 1
8000598 214832655 0.5
10167394 214853698 1
10167394 214853707 0.5
6405649 214821315 1
6405649 214612706 0.5
9978988 214852978 1
9978988 214852980 0.5
9978988 214853077 0.5
5021202 214839956 1
5021202 214839977 0.5
9032549 214700002 1
9032549 214829792 0.5
7429653 214826945 1
7429653 214848309 0.5
7718019 214848695 1
7718019 214849252 0.5
9667719 214853402 1
9667719 214850947 0.5
9359 214716984 1
9359 214716928 0.5
9359 214716932 0.5
9359 214717003 0.5
9359 214717007 0.5
9359 214832657 0.5
9359 214716988 0.5
4224144 214716947 1
4224144 214716975 0.5
11379857 214835000 1
11379857 214853100 0.5
3761304 214835167 1
3761304 214836924 0.5
11515037 214819805 1
11515037 214854707 0.5
4768927 214836519 1
4768927 214531314 0.5
1619107 214829670 1
1619107 214826610 0.5
1619107 214833755 0.5
1619107 214829387 0.5
4539562 214848729 1
4539562 214848727 0.5
7668911 214716926 1
7668911 214717005 0.5
1750207 214834918 1
1750207 214531560 0.5
1750207 214587257 0.5
1750207 214553700 0.5
395467 214601040 1
395467 214601042 0.5
395467 214826627 0.5
402633 214535621 1
402633 214826803 0.5
5743824 214821339 1
5743824 214533022 0.5
7054558 214850366 1
7054558 214684717 0.5
2868459 214680369 1
2868459 214700002 0.5
722157 214584939 1
722157 214821277 0.5
6370544 214842735 1
6370544 214547593 0.5
6370544 214509142 0.5
3011831 214550582 1
3011831 214835017 0.5
2812117 214643042 1
2812117 214829392 0.5
8228664 214716980 1
8228664 214716937 0.5
203654 214594678 1
203654 214594680 0.5
203654 214684513 0.5
1512751 214821279 1
1512751 214712120 0.5
1512751 214826955 0.5
1725747 214834880 1
1725747 214834877 0.5
8128734 214717003 1
8128734 214554358 0.5
8128734 214717007 0.5
10319166 214854300 1
10319166 214854579 0.5
1242444 214821277 1
1242444 214508942 0.5
8480093 214574777 1
8480093 214850730 0.5
8480093 214839339 0.5
1348959 214821302 1
1348959 214821309 0.5
2322381 214846057 1
2322381 214844420 0.5
2322381 214662819 0.5
2322381 214821292 0.5
2322381 214535694 0.5
1508758 214821309 1
1508758 214612708 0.5
1508758 214551607 0.5
4711864 214684372 1
4711864 214613912 0.5
4711864 214848729 0.5
4711864 214613915 0.5
4711864 214839377 0.5
6591938 214849327 1
6591938 214828970 0.5
4599372 214640015 1
4599372 214839947 0.5
4077019 214601197 1
4077019 214537715 0.5
7570918 214839939 1
7570918 214674707 0.5
7570918 214850743 0.5
5244391 214716926 1
5244391 214819468 0.5
5244391 214717007 0.5
8750573 214853094 1
8750573 214853090 0.5
7894516 214700000 1
7894516 214744258 0.5
7894516 214712235 0.5
5928437 214846432 1
5928437 214846468 0.5
1426954 214601040 1
1426954 214833755 0.5
1426954 214826589 0.5
8066576 214680515 1
8066576 214678526 0.5
7243291 214700002 1
7243291 214829792 0.5
7243291 214743515 0.5
1621062 214829079 1
1621062 214829863 0.5
4949543 214613915 1
4949543 214839377 0.5
4949543 214684372 0.5
1652267 214695210 1
1652267 214746365 0.5
3798581 214837918 1
3798581 214834867 0.5
3798581 214531475 0.5
3495484 214539845 1
3495484 214509084 0.5
9954884 214748310 1
9954884 214705659 0.5
8422986 214853122 1
8422986 214533020 0.5
10061387 214853767 1
10061387 214714721 0.5
71264 214748336 1
71264 214819721 0.5
71264 214601233 0.5
71264 214717247 0.5
5600866 214832567 1
5600866 214838225 0.5
10436198 214510445 1
10436198 214849132 0.5
4728422 214838107 1
4728422 214829880 0.5
4728422 214826835 0.5
4728422 214718398 0.5
1226354 214582541 1
1226354 214509401 0.5
3962489 214684513 1
3962489 214661940 0.5
6387334 214584992 1
6387334 214840595 0.5
7464584 214844355 1
7464584 214849740 0.5
7464584 214579839 0.5
10847881 214853321 1
10847881 214853102 0.5
4975554 214839956 1
4975554 214839977 0.5
4871823 214684093 1
4871823 214839592 0.5
1185436 214644322 1
1185436 214678432 0.5
1185436 214644317 0.5
9562107 214700990 1
9562107 214574777 0.5
9562107 214743515 0.5
5650079 214845407 1
5650079 214640520 0.5
5650079 214845405 0.5
333478 214716977 1
333478 214716971 0.5
333478 214716980 0.5
2258602 214832717 1
2258602 214829861 0.5
4295623 214839341 1
4295623 214702933 0.5
4295623 214845127 0.5
4376236 214848727 1
4376236 214848729 0.5
1507616 214828989 1
1507616 214827028 0.5
1507616 214821332 0.5
6144972 214844394 1
6144972 214821305 0.5
6144972 214844441 0.5
4667086 214839973 1
4667086 214612901 0.5
4667086 214842735 0.5
2371193 214832717 1
2371193 214819760 0.5
2371193 214819762 0.5
4449231 214834873 1
4449231 214700000 0.5
4449231 214839594 0.5
4449231 214712235 0.5
2213598 214510445 1
2213598 214517880 0.5
2213598 214540035 0.5
10114791 214676480 1
10114791 214714665 0.5
6072602 214821339 1
6072602 214844452 0.5
1914613 214826666 1
1914613 214826664 0.5
1914613 214554510 0.5
4404863 214821339 1
4404863 214844452 0.5
1013504 214826803 1
1013504 214841640 0.5
2844419 214837918 1
2844419 214587697 0.5
2844419 214835019 0.5
2844419 214837916 0.5
2844419 214835137 0.5
247558 214716982 1
247558 214832653 0.5
247558 214716973 0.5
3987207 214706445 1
3987207 214687768 0.5
5510922 214826987 1
5510922 214819627 0.5
8288014 214853122 1
8288014 214840378 0.5
2557716 214827028 1
2557716 214584962 0.5
497429 214567404 1
497429 214567410 0.5
4289498 214684513 1
4289498 214839369 0.5
4289498 214602817 0.5
3180324 214680369 1
3180324 214700002 0.5
3180324 214511015 0.5
4106042 214836330 1
4106042 214819762 0.5
4106042 214684843 0.5
2533181 643078800 1
2533181 214834858 0.5
2584507 214844394 1
2584507 214821305 0.5
2584507 214844439 0.5
5658437 214510445 1
5658437 214819800 0.5
6793036 214644317 1
6793036 214644320 0.5
1029092 214644650 1
1029092 214838591 0.5
10147676 214853420 1
10147676 214829878 0.5
5687142 214643036 1
5687142 214848746 0.5
5285738 214700992 1
5285738 214774676 0.5
10008431 214839339 1
10008431 214839954 0.5
10008431 214700990 0.5
10008431 214668759 0.5
8521587 214639243 1
8521587 214510205 0.5
1296244 214821309 1
1296244 214845088 0.5
1296244 214821305 0.5
1296244 214820261 0.5
8659946 214853105 1
8659946 214853096 0.5
8659946 214851326 0.5
4590571 214848727 1
4590571 214846057 0.5
2025349 214640015 1
2025349 214691117 0.5
2025349 214710159 0.5
1456008 214844415 1
1456008 214836129 0.5
1456008 214829085 0.5
1456008 214829079 0.5
1390914 214612708 1
1390914 214533026 0.5
6010769 214821277 1
6010769 214820377 0.5
11032467 214859242 1
11032467 214835117 0.5
11032467 214835287 0.5
2570767 214831946 1
2570767 214829880 0.5
329627 214716973 1
329627 214716937 0.5
4682053 214835015 1
4682053 214539039 0.5
1230752 214680369 1
1230752 214743515 0.5
1230752 214600989 0.5
3666928 214836161 1
3666928 214532107 0.5
6678437 214584939 1
6678437 214538030 0.5
6678437 214820231 0.5
2705328 214829880 1
2705328 214831948 0.5
2705328 214829878 0.5
5918367 214848313 1
5918367 214712272 0.5
3938237 214684513 1
3938237 214839369 0.5
3938237 214839371 0.5
1062862 214841006 1
1062862 214645005 0.5
4356048 214613893 1
4356048 214820242 0.5
4356048 214509084 0.5
4356048 214601805 0.5
7591587 214716928 1
7591587 214717867 0.5
7591587 214716943 0.5
4986841 214836517 1
4986841 214644650 0.5
9899002 214853325 1
9899002 214826987 0.5
7845856 214849350 1
7845856 214684093 0.5
6793191 214829878 1
6793191 214846033 0.5
5367787 214716928 1
5367787 214716926 0.5
1034221 214630042 1
1034221 214645618 0.5
1394534 214821309 1
1394534 214821305 0.5
11479037 214687475 1
11479037 214848658 0.5
4323343 214821292 1
4323343 214827017 0.5
4323343 214836142 0.5
1108003 214835120 1
1108003 214583610 0.5
9021477 214853094 1
9021477 214853090 0.5
9021477 214853077 0.5
9021477 214853085 0.5
6106538 214580293 1
6106538 214714880 0.5
4738738 214684513 1
4738738 214839369 0.5
4057142 214821341 1
4057142 214551624 0.5
4057142 214821315 0.5
10025022 214821315 1
10025022 214612706 0.5
5875781 214706150 1
5875781 214717790 0.5
2484304 214638474 1
2484304 214638480 0.5
120931 214706432 1
120931 214821028 0.5
3729516 214839932 1
3729516 214847968 0.5
3803249 214836924 1
3803249 214836932 0.5
5990516 214836530 1
5990516 214561453 0.5
11159332 214510447 1
11159332 214510445 0.5
11159332 214819727 0.5
1131847 214536928 1
1131847 214536935 0.5
1231894 214821305 1
1231894 214821307 0.5
1231894 214821302 0.5
964747 214843481 1
964747 214843483 0.5
88204 214716973 1
88204 214716939 0.5
4098196 214579226 1
4098196 214838105 0.5
4098196 214838107 0.5
4098196 214680461 0.5
4098196 214696637 0.5
182427 214709638 1
182427 214826818 0.5
4524202 214820261 1
4524202 214820233 0.5
3618988 214826750 1
3618988 214842735 0.5
4496414 214712237 1
4496414 214700002 0.5
2668728 214832717 1
2668728 214829705 0.5
2668728 214820227 0.5
1247437 214828970 1
1247437 214675920 0.5
5646544 214574777 1
5646544 214700990 0.5
1927396 214828989 1
1927396 214834873 0.5
1927396 214687798 0.5
8913958 214852978 1
8913958 214853094 0.5
6523943 214845131 1
6523943 214835473 0.5
10631409 214854352 1
10631409 214586906 0.5
1439989 214821277 1
1439989 214510044 0.5
55547 214706460 1
55547 214821028 0.5
3684604 214829852 1
3684604 214838225 0.5
3684604 214839587 0.5
653696 214748291 1
653696 214748295 0.5
3606802 214821313 1
3606802 214821305 0.5
1358106 214820261 1
1358106 214820233 0.5
10639646 214510445 1
10639646 214853754 0.5
10889512 214704180 1
10889512 214835117 0.5
10889512 214704182 0.5
9402666 214851090 1
9402666 214844400 0.5
4790578 214829310 1
4790578 214829747 0.5
4790578 214601805 0.5
2033991 214680369 1
2033991 214700002 0.5
2033991 214511015 0.5
5335374 214821285 1
5335374 214684093 0.5
39254 214820255 1
39254 214551907 0.5
10025312 214557043 1
10025312 214853214 0.5
10025312 214648470 0.5
10279266 214854345 1
10279266 214854555 0.5
10279266 214556212 0.5
3115382 214846057 1
3115382 214662819 0.5
10261482 214839911 1
10261482 214711697 0.5
272792 214716971 1
272792 214716973 0.5
1620378 214700002 1
1620378 214600989 0.5
154013 214840762 1
154013 214536697 0.5
154013 214586983 0.5
395903 214709630 1
395903 214827035 0.5
395903 214557551 0.5
8199239 214820233 1
8199239 214855185 0.5
8199239 214716932 0.5
8199239 214533022 0.5
8199239 214716935 0.5
11196829 214712237 1
11196829 214700002 0.5
6994356 214844439 1
6994356 214844441 0.5
6994356 214551626 0.5
6994356 214821339 0.5
6994356 214533020 0.5
6994356 214821309 0.5
11135413 214864880 1
11135413 214853100 0.5
4868538 214839598 1
4868538 214632272 0.5
4868538 214836512 0.5
4897218 214840082 1
4897218 214819468 0.5
4618698 214834877 1
4618698 214748336 0.5
4618698 214602598 0.5
8948177 214853094 1
8948177 214853090 0.5
8948177 214851133 0.5
8948177 214716110 0.5
4360668 214821277 1
4360668 214538030 0.5
11151858 214857830 1
11151858 214853325 0.5
190984 214835120 1
190984 214712237 0.5
2288137 214613893 1
2288137 214512431 0.5
2288137 214829745 0.5
2288137 214820242 0.5
2288137 214829679 0.5
2288137 214509084 0.5
2288137 214664767 0.5
6550412 214835120 1
6550412 214676578 0.5
6550412 214511015 0.5
6550412 214712235 0.5
6550412 214601203 0.5
6550412 214676597 0.5
6550412 214680371 0.5
10951179 214510445 1
10951179 214510460 0.5
2779663 214585676 1
2779663 643078800 0.5
9488917 214680371 1
9488917 214850945 0.5
9488917 214853420 0.5
4680228 214839339 1
4680228 214774678 0.5
7244326 214848324 1
7244326 214848746 0.5
8816963 214851279 1
8816963 214853077 0.5
5357319 214706460 1
5357319 214640520 0.5
5357319 214845407 0.5
1272377 214821313 1
1272377 214684513 0.5
1272377 214821315 0.5
4053571 214829747 1
4053571 214601805 0.5
8562458 214684093 1
8562458 214708372 0.5
4971083 214836532 1
4971083 214844325 0.5
4971083 214844327 0.5
6407949 214680371 1
6407949 214700000 0.5
7957079 214844454 1
7957079 214716935 0.5
2067032 214835752 1
2067032 214821371 0.5
7613541 214840378 1
7613541 214853657 0.5
7613541 214835126 0.5
8755831 214821315 1
8755831 214612706 0.5
3765579 214829079 1
3765579 214829083 0.5
3765579 214820261 0.5
1636993 214841640 1
1636993 214819490 0.5
10836612 214510445 1
10836612 214854707 0.5
2767511 214844462 1
2767511 214551626 0.5
11328157 214548793 1
11328157 214700000 0.5
3116827 214748293 1
3116827 214753513 0.5
1604266 214718210 1
1604266 214834880 0.5
1604266 214826610 0.5
1604266 214834877 0.5
2353844 214821367 1
2353844 214509830 0.5
5343932 214819727 1
5343932 214510445 0.5
2106486 214743495 1
2106486 214819721 0.5
2656966 214582942 1
2656966 214834873 0.5
2656966 214684730 0.5
8088271 214851028 1
8088271 214851317 0.5
8088271 214716654 0.5
8882897 214851155 1
8882897 214851152 0.5
4315869 214829846 1
4315869 214820263 0.5
6097642 214846370 1
6097642 214846385 0.5
11180784 214774676 1
11180784 214700990 0.5
5044984 214821309 1
5044984 214844456 0.5
9152987 214853758 1
9152987 214853177 0.5
324743 214839313 1
324743 214839997 0.5
2136896 214835752 1
2136896 214819762 0.5
2136896 214819430 0.5
1493828 214844456 1
1493828 214612920 0.5
1493828 214844458 0.5
3590983 214664767 1
3590983 214509084 0.5
469834 214712235 1
469834 214581489 0.5
469834 214512611 0.5
469834 214602605 0.5
105301 214835072 1
105301 214536399 0.5
142168 214743350 1
142168 214819721 0.5
9059167 214853077 1
9059167 214852980 0.5
9059167 214853094 0.5
1633158 214716688 1
1633158 214532107 0.5
2349962 214844456 1
2349962 643078800 0.5
2349962 214844441 0.5
2349962 214638474 0.5
2349962 214551626 0.5
2349962 214821309 0.5
3804048 214594680 1
3804048 214594678 0.5
7101331 214829792 1
7101331 214700002 0.5
7101331 214743515 0.5
588698 214821290 1
588698 214748340 0.5
3007526 214538574 1
3007526 214702905 0.5
3007526 214538572 0.5
9218972 214854118 1
9218972 214821373 0.5
8838047 214853096 1
8838047 214853094 0.5
11324323 214853102 1
11324323 214854840 0.5
7826359 214853173 1
7826359 214853758 0.5
986043 214838503 1
986043 214581761 0.5
986043 214840483 0.5
2956228 214819749 1
2956228 214714792 0.5
2956228 214554234 0.5
2956228 214541355 0.5
8833528 214826987 1
8833528 214853321 0.5
8833528 214712237 0.5
8965093 214853252 1
8965093 214849408 0.5
8903656 214853758 1
8903656 214848926 0.5
4766723 214716937 1
4766723 214716973 0.5
4766723 214716975 0.5
7912461 214716932 1
7912461 214716935 0.5
3709966 214602536 1
3709966 214602538 0.5
3709966 214602534 0.5
11316248 214835117 1
11316248 214859139 0.5
8924186 214853105 1
8924186 214853248 0.5
8371227 214853177 1
8371227 214853758 0.5
5078046 214585633 1
5078046 214826818 0.5
5078046 214743350 0.5
5078046 214839311 0.5
3693601 214844456 1
3693601 214612920 0.5
3693601 214844441 0.5
4959268 214584907 1
4959268 214844962 0.5
7531559 214850938 1
7531559 214850762 0.5
7265323 214849807 1
7265323 214820377 0.5
998446 214828970 1
998446 214774682 0.5
644957 214819490 1
644957 214596101 0.5
8795316 214853248 1
8795316 214852978 0.5
10615883 214851714 1
10615883 214840082 0.5
10745418 214854345 1
10745418 214854555 0.5
6585458 214712235 1
6585458 214835713 0.5
924787 214594680 1
924787 214826627 0.5
924787 214644339 0.5
924787 214826715 0.5
1424501 214698577 1
1424501 214698579 0.5
9926506 214853754 1
9926506 214717888 0.5
9926506 214718220 0.5
9926506 214704182 0.5
2600069 214826668 1
2600069 214554510 0.5
9604241 214710152 1
9604241 214717115 0.5
9604241 214834918 0.5
265362 214748295 1
265362 214826872 0.5
265362 214748291 0.5
11230363 214848375 1
11230363 214650508 0.5
10947742 214684715 1
10947742 214848980 0.5
10288304 214861498 1
10288304 214839997 0.5
8970099 214853094 1
8970099 214853096 0.5
2417507 214840595 1
2417507 214584992 0.5
2417507 214584962 0.5
2417507 214820263 0.5
4230338 214716926 1
4230338 214717005 0.5
4230338 214554358 0.5
4254241 214829792 1
4254241 214839592 0.5
4254241 214839943 0.5
4254241 214716639 0.5
3538123 214832717 1
3538123 214826803 0.5
3538123 214820227 0.5
3538123 214821285 0.5
4034424 214551780 1
4034424 214551776 0.5
4034424 214539050 0.5
4034424 214539110 0.5
4034424 214539039 0.5
8252626 214853173 1
8252626 214851120 0.5
2968787 214829878 1
2968787 214584092 0.5
7601377 214535010 1
7601377 214826752 0.5
9748347 214584821 1
9748347 214509403 0.5
2661607 214700990 1
2661607 214574777 0.5
2661607 214587547 0.5
2661607 214774676 0.5
3521778 214828970 1
3521778 214836519 0.5
1006851 214819762 1
1006851 214684843 0.5
10968338 214746377 1
10968338 214838094 0.5
2509029 214533020 1
2509029 214821339 0.5
2509029 214821309 0.5
8207656 214716932 1
8207656 214716935 0.5
9669936 214853077 1
9669936 214852978 0.5
9669936 214853094 0.5
9309499 214710159 1
9309499 214688610 0.5
5063229 214811754 1
5063229 214582104 0.5
7363921 214849747 1
7363921 214820938 0.5
11614 214508287 1
11614 214684093 0.5
2116963 214709792 1
2116963 214835752 0.5
11119974 214853102 1
11119974 214853100 0.5
8301937 214850743 1
8301937 214850938 0.5
8068466 214696824 1
8068466 214696826 0.5
5119351 214826945 1
5119351 214711438 0.5
2297222 214748300 1
2297222 214753513 0.5
1338768 214533022 1
1338768 214551607 0.5
259992 214594678 1
259992 214594680 0.5
372116 214716973 1
372116 214716971 0.5
3562906 214581489 1
3562906 214835120 0.5
3562906 214680371 0.5
3562906 214512611 0.5
3562906 214602605 0.5
3562906 214550987 0.5
9571744 214853325 1
9571744 214826987 0.5
2395558 214844394 1
2395558 214821305 0.5
703912 214717097 1
703912 214674647 0.5
4971946 214836142 1
4971946 214836137 0.5
1891763 214710159 1
1891763 214541548 0.5
1891763 214717093 0.5
1891763 214640015 0.5
4492726 214834873 1
4492726 214748336 0.5
1146297 214829747 1
1146297 214828995 0.5
5733622 214844195 1
5733622 214842341 0.5
6413789 214850722 1
6413789 214696625 0.5
5623269 214851090 1
5623269 214821369 0.5
7380458 214706486 1
7380458 214514317 0.5
4627958 214820263 1
4627958 214833802 0.5
2158082 214706460 1
2158082 214826666 0.5
2191958 214680369 1
2191958 214511015 0.5
3960327 214836924 1
3960327 214836932 0.5
7500957 214539148 1
7500957 214612901 0.5
4514392 214706452 1
4514392 214839596 0.5
4514392 214704182 0.5
4969049 214840082 1
4969049 214633989 0.5
4276143 214716937 1
4276143 214716977 0.5
4276143 214716947 0.5
4276143 214716980 0.5
4648478 214839977 1
4648478 214847968 0.5
4648478 214835561 0.5
2997791 214844394 1
2997791 214551624 0.5
5819937 214840595 1
5819937 214584992 0.5
2123697 214821277 1
2123697 214820231 0.5
6057517 214849350 1
6057517 214684093 0.5
9730653 214853420 1
9730653 214850947 0.5
6581809 214584992 1
6581809 214584962 0.5
2518592 643078800 1
2518592 214826816 0.5
2518592 214826705 0.5
2702924 214554384 1
2702924 214828970 0.5
9112162 214717007 1
9112162 214844462 0.5
6209117 214836519 1
6209117 214531314 0.5
4153782 214848727 1
4153782 214650508 0.5
1128682 214553700 1
1128682 214710152 0.5
2616943 214821305 1
2616943 214844394 0.5
6368882 214580293 1
6368882 214840595 0.5
4816516 214836512 1
4816516 214845129 0.5
1896069 214829861 1
1896069 214832717 0.5
2383496 214743495 1
2383496 214819721 0.5
2383496 214602731 0.5
9051793 214832604 1
9051793 214717003 0.5
5111442 214851120 1
5111442 214544357 0.5
5213844 214833802 1
5213844 214836868 0.5
4546208 214684372 1
4546208 214613915 0.5
7249582 214820227 1
7249582 214718372 0.5
7249582 214641967 0.5
65202 214716982 1
65202 214716932 0.5
65202 214832653 0.5
65202 214832655 0.5
65202 214832657 0.5
65202 214716984 0.5
65202 214716986 0.5
7638717 214851317 1
7638717 214851028 0.5
5312201 214835287 1
5312201 214851032 0.5
8208076 214716928 1
8208076 214717003 0.5
11538128 214849132 1
11538128 214510445 0.5
2879189 214602600 1
2879189 214832792 0.5
2879189 214609325 0.5
7483099 214716930 1
7483099 214716932 0.5
7483099 214819412 0.5
7483099 214695399 0.5
667374 214821315 1
667374 214551607 0.5
2260719 214551626 1
2260719 214844456 0.5
11041724 214743515 1
11041724 214700000 0.5
11041724 214712237 0.5
3944194 214560013 1
3944194 214820242 0.5
3944194 214828995 0.5
3944194 214509084 0.5
3944194 214613893 0.5
10735384 214540035 1
10735384 214643953 0.5
10735384 214819798 0.5
8822557 214580293 1
8822557 214540597 0.5
11058991 214857797 1
11058991 214515883 0.5
11058991 214581815 0.5
6500156 214644320 1
6500156 214678432 0.5
10809158 214567327 1
10809158 214854510 0.5
5339789 214706445 1
5339789 214835561 0.5
7270229 214849766 1
7270229 214612704 0.5
7270229 214844439 0.5
5005159 214553604 1
5005159 214677722 0.5
5005159 214544357 0.5
1535851 214587028 1
1535851 214821332 0.5
4554607 214687768 1
4554607 214706445 0.5
4329327 214820272 1
4329327 214716654 0.5
10334093 214854352 1
10334093 214853113 0.5
10334093 214820345 0.5
8982422 214774678 1
8982422 214574777 0.5
8982422 214774676 0.5
8982422 214700990 0.5
3653542 214836924 1
3653542 214836932 0.5
6574748 214846031 1
6574748 214846033 0.5
6574748 214838107 0.5
4915116 214837918 1
4915116 214837916 0.5
3812383 214594680 1
3812383 214594678 0.5
2617288 214612706 1
2617288 214551624 0.5
2617288 214716930 0.5
2617288 214533022 0.5
6944779 214547593 1
6944779 214842735 0.5
6717402 214848746 1
6717402 214684108 0.5
6717402 214554950 0.5
4083688 214820259 1
4083688 214829079 0.5
2285552 214826662 1
2285552 214826668 0.5
2285552 643078783 0.5
3416053 214832717 1
3416053 214820227 0.5
4939766 214840082 1
4939766 214633989 0.5
3882324 214842735 1
3882324 214826750 0.5
