6947907 214585676 1
6947907 214573612 0.5
9596933 214829730 1
9596933 214595139 0.5
8445961 214717867 1
8445961 214748327 0.5
6402058 214509401 1
6402058 214582541 0.5
6419799 214828882 1
6419799 214708044 0.5
9584657 214853090 1
9584657 214851326 0.5
6361106 214821277 1
6361106 214584939 0.5
851991 214712237 1
851991 214680369 0.5
851991 214743515 0.5
3112992 643078800 1
3112992 214602605 0.5
3641379 214828991 1
3641379 214586668 0.5
9531428 214851279 1
9531428 214712235 0.5
9531428 214712237 0.5
9531428 214853143 0.5
9334822 214853214 1
9334822 214680356 0.5
9723951 214853143 1
9723951 214706452 0.5
5483203 214644590 1
5483203 214644605 0.5
1605692 214509084 1
1605692 214828995 0.5
6209609 214584992 1
6209609 214840595 0.5
3080267 214550366 1
3080267 214550383 0.5
10856201 214774676 1
10856201 214630042 0.5
10856201 214839339 0.5
11145293 214853094 1
11145293 214854345 0.5
2330704 214533022 1
2330704 214716935 0.5
2545678 214833755 1
2545678 214826589 0.5
3858526 214712235 1
3858526 214829792 0.5
3858526 214530705 0.5
3858526 214601203 0.5
3858526 214530710 0.5
5050463 214848324 1
5050463 214826818 0.5
3706994 214832717 1
3706994 214836129 0.5
3706994 214820259 0.5
3731572 214848727 1
3731572 214848729 0.5
3731572 214560013 0.5
9105526 214851742 1
9105526 214845939 0.5
7917687 214851155 1
7917687 214851152 0.5
7917687 214576777 0.5
7917687 214834922 0.5
7917687 214850743 0.5
9158777 214853122 1
9158777 214840378 0.5
2572412 214832717 1
2572412 214829705 0.5
2392192 214695073 1
2392192 214695069 0.5
4579458 214846057 1
4579458 214848729 0.5
1740936 214509013 1
1740936 214844167 0.5
1740936 214819423 0.5
7995529 214676306 1
7995529 214567408 0.5
7995529 214846312 0.5
7995529 214819427 0.5
5802691 214848159 1
5802691 214849001 0.5
5802691 214836853 0.5
10817686 214510445 1
10817686 214849132 0.5
3084443 214829705 1
3084443 214820259 0.5
3084443 214820227 0.5
8134813 214680371 1
8134813 214712235 0.5
8134813 214512611 0.5
7037087 214849747 1
7037087 214717860 0.5
2998439 214837916 1
2998439 214837918 0.5
7110684 214849775 1
7110684 214717307 0.5
10526891 214717007 1
10526891 214554358 0.5
9703612 214853454 1
9703612 214850942 0.5
10592448 214717003 1
10592448 214717005 0.5
9072839 214853105 1
9072839 214853096 0.5
9072839 214853077 0.5
9072839 214853085 0.5
3875016 643078800 1
3875016 214711297 0.5
1056969 214748293 1
1056969 214748300 0.5
2912462 214826833 1
2912462 214831959 0.5
3510486 214716941 1
3510486 643078800 0.5
3510486 214716977 0.5
3510486 214716943 0.5
4272349 214820259 1
4272349 214829079 0.5
3727397 214716928 1
3727397 214717003 0.5
3727397 214716926 0.5
3727397 214717007 0.5
6409038 214716710 1
6409038 214829392 0.5
4575116 214612901 1
4575116 214677984 0.5
4575116 214836512 0.5
4575116 214826747 0.5
4575116 214838109 0.5
413948 214716937 1
413948 214716939 0.5
413948 214716980 0.5
413948 214716935 0.5
7815422 214840775 1
7815422 214850282 0.5
8478977 214716982 1
8478977 214718216 0.5
7131396 214696824 1
7131396 214577750 0.5
5304581 214515870 1
5304581 214699025 0.5
7909643 214716977 1
7909643 214716975 0.5
2637157 214551626 1
2637157 214820242 0.5
2637157 214509084 0.5
2637157 214613893 0.5
8524599 214850938 1
8524599 214684725 0.5
4411438 214743515 1
4411438 214829792 0.5
4411438 214700002 0.5
4411438 214706452 0.5
4411438 214712237 0.5
643801 214821302 1
643801 214586711 0.5
643801 214821339 0.5
643801 214844439 0.5
2916644 214711205 1
2916644 214718199 0.5
4863722 214836517 1
4863722 214644650 0.5
205107 214716939 1
205107 214717003 0.5
205107 214717007 0.5
5886267 214509401 1
5886267 214820261 0.5
5082767 214633989 1
5082767 214840082 0.5
11006276 214846408 1
11006276 214543592 0.5
11514194 214853754 1
11514194 214582942 0.5
4956526 214839956 1
4956526 214839977 0.5
8962416 214853758 1
8962416 214853177 0.5
9104788 214852978 1
9104788 214853094 0.5
3858836 214835120 1
3858836 214602605 0.5
2621846 214836515 1
2621846 214835124 0.5
195994 214826955 1
195994 214826801 0.5
594339 214839313 1
594339 214716902 0.5
4166056 214589711 1
4166056 214829390 0.5
3884028 214573310 1
3884028 214606980 0.5
4841911 214684372 1
4841911 214613915 0.5
9597376 214853218 1
9597376 214509864 0.5
10827851 214712235 1
10827851 214700000 0.5
2417092 214840595 1
2417092 214584992 0.5
4477388 214829730 1
4477388 214595139 0.5
4477388 214821339 0.5
496077 214821277 1
496077 214820231 0.5
4878801 214537535 1
4878801 214537532 0.5
4878801 214839598 0.5
4878801 214820439 0.5
9028051 214712235 1
9028051 214700000 0.5
9028051 214680371 0.5
9028051 214512611 0.5
2224601 214601012 1
2224601 214612785 0.5
553434 214680371 1
553434 214581489 0.5
553434 214602605 0.5
4882907 214601805 1
4882907 214848772 0.5
6335227 214844439 1
6335227 214821305 0.5
6335227 214844394 0.5
2666577 214826610 1
2666577 214744775 0.5
4710561 214839956 1
4710561 214839977 0.5
7088211 214551928 1
7088211 214820377 0.5
11055649 214849132 1
11055649 214819727 0.5
5759548 214743515 1
5759548 214712237 0.5
3371597 214821309 1
3371597 214844458 0.5
3371597 214842733 0.5
10321427 214700002 1
10321427 214854785 0.5
9200212 214845502 1
9200212 214845504 0.5
9200212 214845506 0.5
9200212 214848307 0.5
9200212 214839596 0.5
10196248 214701787 1
10196248 214853321 0.5
10196248 214853317 0.5
10196248 214853702 0.5
4634323 214601542 1
4634323 214537492 0.5
4634323 214509845 0.5
2642552 214510757 1
2642552 214582541 0.5
6247039 214829317 1
6247039 214587307 0.5
8569474 214583190 1
8569474 214573607 0.5
7549573 214845502 1
7549573 214845504 0.5
7549573 214845506 0.5
7549573 214716581 0.5
7549573 214530729 0.5
7549573 214716654 0.5
7549573 214836506 0.5
4527554 214845131 1
4527554 214839975 0.5
3056271 214821309 1
3056271 214844441 0.5
5104274 214613915 1
5104274 214684372 0.5
2839189 214829878 1
2839189 214829880 0.5
9265818 214850707 1
9265818 214640237 0.5
4694707 214840082 1
4694707 214633989 0.5
3715771 643078800 1
3715771 214844415 0.5
9070709 214853338 1
9070709 214831955 0.5
7824082 214853173 1
7824082 214850756 0.5
7824082 214850700 0.5
7824082 214851120 0.5
7824082 214836830 0.5
7824082 214853758 0.5
7824082 214846389 0.5
9445421 214845416 1
9445421 214760897 0.5
8094421 214716971 1
8094421 214716928 0.5
9032413 214844394 1
9032413 214851155 0.5
10816976 214854774 1
10816976 214540035 0.5
4702952 214706452 1
4702952 214829792 0.5
4702952 214743515 0.5
4702952 214684702 0.5
1303273 214545879 1
1303273 214714880 0.5
1303273 214580304 0.5
1303273 214534706 0.5
11367149 214716935 1
11367149 214716930 0.5
11231987 214857830 1
11231987 214835126 0.5
1356533 214716982 1
1356533 214717003 0.5
1356533 214716997 0.5
1356533 214716943 0.5
9265911 214612687 1
9265911 214602240 0.5
2821589 214836517 1
2821589 214829878 0.5
1128577 214753507 1
1128577 214753513 0.5
8524554 214853325 1
8524554 214700002 0.5
3175196 214507331 1
3175196 214684093 0.5
457513 214716930 1
457513 214716932 0.5
3197732 214826803 1
3197732 214820383 0.5
6222631 214846378 1
6222631 214840760 0.5
2028329 214834880 1
2028329 214826610 0.5
353068 214826803 1
353068 214835120 0.5
2814767 214832017 1
2814767 214551746 0.5
2814767 214829878 0.5
2790197 214826818 1
2790197 214835017 0.5
2790197 214835019 0.5
2790197 214643036 0.5
2790197 214684108 0.5
2459298 214832717 1
2459298 214829085 0.5
8172344 214853145 1
8172344 214851279 0.5
2493919 643078800 1
2493919 214837918 0.5
2493919 214835111 0.5
9745227 214853420 1
9745227 214850945 0.5
9745227 214850947 0.5
4846413 214650508 1
4846413 214845354 0.5
4846413 214845581 0.5
6763342 214849327 1
6763342 214828970 0.5
10007389 214712235 1
10007389 214680371 0.5
10044256 214851135 1
10044256 214846391 0.5
9978683 214849327 1
9978683 214710152 0.5
9978683 214839913 0.5
9978683 214828970 0.5
9978683 214842733 0.5
9978683 214851152 0.5
11280066 214854774 1
11280066 214854707 0.5
11280066 214578011 0.5
11280066 214849132 0.5
11280066 214510445 0.5
7270229 214849766 1
7270229 214612704 0.5
7270229 214844439 0.5
10107711 214711003 1
10107711 214837455 0.5
6452119 214716980 1
6452119 214716973 0.5
6452119 214716975 0.5
6124442 214840584 1
6124442 214820272 0.5
6124442 214509401 0.5
6243227 214846378 1
6243227 214706445 0.5
8389551 214533022 1
8389551 214716930 0.5
8389551 214716935 0.5
7525296 214612704 1
7525296 214533022 0.5
10453944 214828970 1
10453944 214829090 0.5
9454529 214853214 1
9454529 214857039 0.5
734152 214716930 1
734152 214819468 0.5
734152 214716932 0.5
734152 214533022 0.5
734152 214716935 0.5
1323978 214716941 1
1323978 214717003 0.5
1323978 214509084 0.5
1500127 214829004 1
1500127 214834880 0.5
1500127 214834877 0.5
574446 214551913 1
574446 214551928 0.5
2982897 643078800 1
2982897 214507331 0.5
2982897 214708372 0.5
676896 214821302 1
676896 214821305 0.5
676896 214821307 0.5
3879982 214821277 1
3879982 214820263 0.5
3879982 214820231 0.5
7723188 214510445 1
7723188 214849132 0.5
775228 214717003 1
775228 214716935 0.5
250941 214716932 1
250941 214716935 0.5
9114686 214853094 1
9114686 214853085 0.5
6136906 214821315 1
6136906 214533022 0.5
42068 214826955 1
42068 214826835 0.5
42068 214826606 0.5
4400219 214829325 1
4400219 214829327 0.5
6272097 214551913 1
6272097 214583617 0.5
7701602 214835126 1
7701602 214587328 0.5
7701602 214853143 0.5
7701602 214680371 0.5
7701602 214851279 0.5
5268587 214839935 1
5268587 214539705 0.5
8255677 214853177 1
8255677 214853758 0.5
2331761 214842733 1
2331761 214844454 0.5
2215443 214829878 1
2215443 214829882 0.5
2215443 214829887 0.5
10826869 214859240 1
10826869 214507331 0.5
3200132 214612706 1
3200132 214821315 0.5
3200132 214551607 0.5
5817489 214820231 1
5817489 214821277 0.5
2811034 214574777 1
2811034 214700992 0.5
2811034 214700990 0.5
4789404 214836512 1
4789404 214612901 0.5
1012894 214829004 1
1012894 214828989 0.5
1012894 214601542 0.5
5743782 214717003 1
5743782 214716984 0.5
5743782 214716928 0.5
5743782 214716943 0.5
8627377 214852978 1
8627377 214853094 0.5
8242354 214696824 1
8242354 214850450 0.5
3138739 214695193 1
3138739 214643932 0.5
3127497 214638474 1
3127497 214551583 0.5
1172668 214680369 1
1172668 214600989 0.5
1172668 214704182 0.5
11420864 214510445 1
11420864 214540035 0.5
11420864 214578011 0.5
10268192 214848302 1
10268192 214854677 0.5
2716873 214832653 1
2716873 214716977 0.5
1874193 214835752 1
1874193 214821020 0.5
46291 214839313 1
46291 214826700 0.5
2258132 214829390 1
2258132 214835132 0.5
5612762 214820261 1
5612762 214820233 0.5
2471142 214828989 1
2471142 214581680 0.5
4162801 214577057 1
4162801 214560013 0.5
4162801 214602534 0.5
7726324 214850936 1
7726324 214850743 0.5
11251639 214743515 1
11251639 214712237 0.5
10777863 214859139 1
10777863 214701787 0.5
2155786 214832720 1
2155786 214829857 0.5
6366477 214509401 1
6366477 214820227 0.5
1942804 214551780 1
1942804 214551776 0.5
2975006 214835745 1
2975006 214600492 0.5
8541474 214844439 1
8541474 214533022 0.5
8541474 214551626 0.5
8541474 214820261 0.5
8541474 214821341 0.5
8541474 214851279 0.5
4990243 214613915 1
4990243 214684372 0.5
7931201 214851279 1
7931201 214853145 0.5
7931201 214744258 0.5
7931201 214680371 0.5
7931201 214712235 0.5
202052 214821277 1
202052 214826837 0.5
8648018 214853327 1
8648018 214644639 0.5
6813019 214848945 1
6813019 214848954 0.5
6813019 214848941 0.5
4904293 214845508 1
4904293 214706452 0.5
1881446 214826709 1
1881446 214834997 0.5
5234606 214847255 1
5234606 214847261 0.5
1915934 214835752 1
1915934 214709792 0.5
2805993 214844439 1
2805993 214844394 0.5
1344889 214829861 1
1344889 214829705 0.5
2230862 214829878 1
2230862 214829880 0.5
2230862 214748336 0.5
10073479 214854165 1
10073479 214853715 0.5
10073479 214850790 0.5
3429771 214820242 1
3429771 214613893 0.5
3429771 214512431 0.5
10598206 214710159 1
10598206 214854510 0.5
693658 214714880 1
693658 214702828 0.5
9602461 214853454 1
9602461 214848185 0.5
9602461 214850942 0.5
7501231 214850707 1
7501231 214684093 0.5
2069938 214829878 1
2069938 214829880 0.5
2069938 214831946 0.5
996792 214829321 1
996792 214832555 0.5
4289982 214826666 1
4289982 214826662 0.5
4072904 214838105 1
4072904 214838102 0.5
2013457 214841640 1
2013457 214834873 0.5
9793106 214854022 1
9793106 214827020 0.5
3913202 643078800 1
3913202 214836932 0.5
11434139 214853317 1
11434139 214700000 0.5
11434139 214712235 0.5
11434139 214835117 0.5
11434139 214680371 0.5
11434139 214704180 0.5
11434139 214704182 0.5
11434139 214701787 0.5
1877508 214829085 1
1877508 214535621 0.5
1877508 214820261 0.5
5633544 214706460 1
5633544 214839982 0.5
3169648 643078800 1
3169648 214709737 0.5
1578518 214712235 1
1578518 214581489 0.5
7579162 214853177 1
7579162 214717003 0.5
7579162 214853175 0.5
8762929 214853105 1
8762929 214853090 0.5
8762929 214853085 0.5
79421 214717005 1
79421 214716941 0.5
8779334 214851155 1
8779334 214851152 0.5
9537103 214700002 1
9537103 214853321 0.5
9537103 214567078 0.5
1250896 214718210 1
1250896 214667970 0.5
1250896 214718207 0.5
7566931 214714663 1
7566931 214850282 0.5
7566931 214567100 0.5
159451 214821277 1
159451 214701242 0.5
4261479 214676535 1
4261479 214676580 0.5
5252719 214716943 1
5252719 214716971 0.5
7880297 214850285 1
7880297 214716965 0.5
7880297 214716982 0.5
8119916 214851152 1
8119916 214851155 0.5
9455256 214836506 1
9455256 214845504 0.5
9455256 214530729 0.5
9455256 214845502 0.5
2578076 214826666 1
2578076 214706460 0.5
2721448 214748304 1
2721448 214753505 0.5
11237033 214859242 1
11237033 214704182 0.5
1590957 214613893 1
1590957 214716932 0.5
2384841 214829878 1
2384841 214748336 0.5
2384841 214831948 0.5
4937404 214537528 1
4937404 214821367 0.5
8058558 214819772 1
8058558 214850771 0.5
8058558 214676375 0.5
1005249 214827009 1
1005249 214551913 0.5
825907 214540127 1
825907 214829312 0.5
7124693 214850715 1
7124693 214553702 0.5
4343513 214553700 1
4343513 214710152 0.5
4343513 214531560 0.5
4343513 214709970 0.5
4343513 214834918 0.5
7866662 214844394 1
7866662 214718207 0.5
7866662 214847940 0.5
7866662 214571006 0.5
7866662 214847942 0.5
7866662 214844439 0.5
11163381 214701787 1
11163381 214712237 0.5
1570552 214644549 1
1570552 214717307 0.5
1570552 214842733 0.5
1570552 214664831 0.5
10815227 214578011 1
10815227 214510451 0.5
10815227 214510445 0.5
321281 214640015 1
321281 214691150 0.5
11298567 214712235 1
11298567 214700000 0.5
11298567 214744258 0.5
4667147 214539039 1
4667147 214551776 0.5
4667147 214551780 0.5
2978094 214844439 1
2978094 214533022 0.5
4224798 214612785 1
4224798 214601012 0.5
8599329 214850756 1
8599329 214718220 0.5
8599329 214853077 0.5
6031143 214846014 1
6031143 214831946 0.5
6031143 214540183 0.5
6031143 214717511 0.5
4900662 214701307 1
4900662 214530491 0.5
9422648 214716973 1
9422648 214716939 0.5
9422648 214716980 0.5
9422648 214716975 0.5
5035836 214829317 1
5035836 214691467 0.5
8836932 214714721 1
8836932 214534747 0.5
7894858 214821277 1
7894858 214829707 0.5
7894858 214584939 0.5
5653207 214844452 1
5653207 214844458 0.5
5653207 214821309 0.5
5653207 214844462 0.5
9234263 214684717 1
9234263 214696897 0.5
9234263 214853338 0.5
9234263 214698418 0.5
7624547 214851279 1
7624547 214743515 0.5
4351847 214844394 1
4351847 214821305 0.5
5797739 214835747 1
5797739 214587712 0.5
2201453 214829865 1
2201453 214832717 0.5
6411923 214716937 1
6411923 214716986 0.5
9680774 214712237 1
9680774 214850953 0.5
2577586 214701787 1
2577586 643078800 0.5
2577586 214706452 0.5
2631562 214829880 1
2631562 214829878 0.5
5191566 214829364 1
5191566 214845577 0.5
2537362 214829878 1
2537362 214829882 0.5
2537362 214831959 0.5
11032467 214859242 1
11032467 214835117 0.5
11032467 214835287 0.5
874389 214716928 1
874389 214554358 0.5
874389 214717007 0.5
10729366 214853325 1
10729366 214835126 0.5
5076904 214676480 1
5076904 214542759 0.5
5878392 214510445 1
5878392 214819727 0.5
2095023 214829887 1
2095023 214680722 0.5
7313736 214832158 1
7313736 214844456 0.5
7313736 214844439 0.5
1941148 214828970 1
1941148 214829312 0.5
1941148 214663322 0.5
1941148 214686086 0.5
4265914 214820263 1
4265914 214821309 0.5
5453761 214581427 1
5453761 214848729 0.5
7591586 214712235 1
7591586 214700000 0.5
7591586 214744258 0.5
7591586 214680371 0.5
3127258 214835747 1
3127258 214828985 0.5
3127258 214835019 0.5
3127258 214553561 0.5
4157094 214712235 1
4157094 214744258 0.5
4997458 214644317 1
4997458 214708044 0.5
7378943 214712235 1
7378943 214700000 0.5
7378943 214835713 0.5
5355541 214844342 1
5355541 214844345 0.5
5355541 214836932 0.5
11192347 214829034 1
11192347 214687995 0.5
2054173 214829317 1
2054173 214587307 0.5
2463791 214836519 1
2463791 214836330 0.5
3010634 214829379 1
3010634 214586668 0.5
7630479 214717003 1
7630479 214850938 0.5
7630479 214850743 0.5
8259648 214700002 1
8259648 214743515 0.5
10614849 214854358 1
10614849 214854264 0.5
10614849 214567329 0.5
10614849 214684762 0.5
10614849 214567215 0.5
10614849 214853735 0.5
981059 214581489 1
981059 214602605 0.5
5012492 214838092 1
5012492 214837280 0.5
1991383 214537967 1
1991383 214829861 0.5
2132049 214581489 1
2132049 214680371 0.5
2132049 214577492 0.5
2132049 214712235 0.5
8276062 214695399 1
8276062 214851024 0.5
11298911 214700000 1
11298911 214853321 0.5
11298911 214744258 0.5
11298911 214680371 0.5
11298911 214712235 0.5
4823138 214716982 1
4823138 214612901 0.5
4823138 214748327 0.5
714857 214601197 1
714857 214696434 0.5
7514221 214849132 1
7514221 214510445 0.5
5884264 214840595 1
5884264 214584992 0.5
3758213 214509084 1
3758213 214613893 0.5
3895662 214848729 1
3895662 214846057 0.5
2971798 643078800 1
2971798 214551626 0.5
2971798 214559259 0.5
2971798 214710013 0.5
11160601 214854707 1
11160601 214853072 0.5
11160601 214849132 0.5
9748848 214853321 1
9748848 214700000 0.5
9748848 214712237 0.5
5015726 214837918 1
5015726 214838092 0.5
207026 214820231 1
207026 214821277 0.5
2836668 214712237 1
2836668 214680369 0.5
2836668 214743515 0.5
3012823 643078800 1
3012823 214829880 0.5
2148583 214551761 1
2148583 214826745 0.5
2148583 214551748 0.5
2148583 214538951 0.5
8321256 214851122 1
8321256 214717247 0.5
2496758 214829085 1
2496758 214820233 0.5
2496758 214820259 0.5
2496758 214820227 0.5
2496758 214821285 0.5
2496758 214829079 0.5
8030458 214551626 1
8030458 214848159 0.5
8785623 214851155 1
8785623 214851152 0.5
8785623 214716977 0.5
8785623 214853323 0.5
11360526 214744258 1
11360526 214700000 0.5
11360526 214712235 0.5
7969838 214835126 1
7969838 214854632 0.5
6564124 214850565 1
6564124 214695167 0.5
7985437 214844454 1
7985437 214551632 0.5
7985437 214821313 0.5
9241677 214853420 1
9241677 214850945 0.5
10103087 214851326 1
10103087 214853090 0.5
8628528 214716932 1
8628528 214716935 0.5
8821046 214853094 1
8821046 214853096 0.5
8821046 214853085 0.5
7120607 214828882 1
7120607 214853758 0.5
3041597 214829880 1
3041597 214829882 0.5
3041597 214829878 0.5
5107426 214835167 1
5107426 214829765 0.5
9703822 214853321 1
9703822 214700002 0.5
6691172 214512611 1
6691172 214744258 0.5
6222909 214821315 1
6222909 214586713 0.5
6222909 214533022 0.5
2484607 214706216 1
2484607 214774685 0.5
4946719 214848727 1
4946719 214695161 0.5
11159949 214853072 1
11159949 214578011 0.5
11159949 214854707 0.5
11159949 214854774 0.5
5187984 214836868 1
5187984 214833802 0.5
5187984 214613915 0.5
5187984 214602830 0.5
915857 214712237 1
915857 214600989 0.5
3062162 214844439 1
3062162 214844394 0.5
2427304 214844454 1
2427304 214821313 0.5
4131258 214839956 1
4131258 214829760 0.5
4131258 214838105 0.5
4131258 214674658 0.5
4913596 214845577 1
4913596 214829887 0.5
10058179 214844396 1
10058179 214853347 0.5
2934541 643078800 1
2934541 214587712 0.5
2934541 214835747 0.5
4098511 214826942 1
4098511 214838105 0.5
2415062 214829090 1
2415062 214753513 0.5
322009 214581489 1
322009 214712235 0.5
322009 214602605 0.5
6445533 214821285 1
6445533 214820227 0.5
6445533 214820383 0.5
7002596 214848326 1
7002596 214716926 0.5
424452 214717003 1
424452 214716928 0.5
1108499 214695167 1
1108499 214829747 0.5
1108499 214832670 0.5
3208968 214716984 1
3208968 214716986 0.5
2689461 214581489 1
2689461 214712235 0.5
2689461 214717627 0.5
2689461 214602605 0.5
3988041 214844439 1
3988041 214844394 0.5
7732126 214844454 1
7732126 214551626 0.5
5388898 214836517 1
5388898 214644650 0.5
8256099 214700002 1
8256099 214748336 0.5
4532842 214594678 1
4532842 214594680 0.5
5036653 214602830 1
5036653 214836868 0.5
621079 214821285 1
621079 214826801 0.5
9493138 214850945 1
9493138 214673295 0.5
11000479 214853077 1
11000479 214853085 0.5
7796228 214850707 1
7796228 214561457 0.5
9308847 214774678 1
9308847 214774676 0.5
11135682 214838128 1
11135682 214826805 0.5
3578566 214716984 1
3578566 214748327 0.5
3578566 214844439 0.5
7768782 214849155 1
7768782 214846067 0.5
2374353 643078800 1
2374353 643078783 0.5
11291349 214853754 1
11291349 214577709 0.5
441046 214835072 1
441046 214536440 0.5
8366826 214851122 1
8366826 214851133 0.5
1455934 214717003 1
1455934 214717007 0.5
11012877 214854774 1
11012877 214510445 0.5
4348691 214554510 1
4348691 214826666 0.5
9249924 214853420 1
9249924 214829878 0.5
6431194 214848847 1
6431194 214849312 0.5
6431194 214832747 0.5
6107286 214718207 1
6107286 214847940 0.5
6486826 214846033 1
6486826 214845577 0.5
6486826 214849076 0.5
6486826 214838105 0.5
8702766 214717320 1
8702766 214680356 0.5
826162 214821290 1
826162 214826801 0.5
6626104 214848847 1
6626104 214849018 0.5
7060283 214510777 1
7060283 214537466 0.5
9657149 214853420 1
9657149 214848185 0.5
7879488 214853173 1
7879488 214828882 0.5
11021144 214854774 1
11021144 214849132 0.5
4663102 214848727 1
4663102 214848326 0.5
5340028 214743515 1
5340028 214712237 0.5
8414994 214851122 1
8414994 214851236 0.5
6036356 214853323 1
6036356 214600513 0.5
5372807 214844257 1
5372807 214535042 0.5
3365783 214826608 1
3365783 214842553 0.5
5493914 214836517 1
5493914 214844370 0.5
3863024 214848729 1
3863024 214684513 0.5
6120603 214845407 1
6120603 214640520 0.5
1006803 214706216 1
1006803 214644992 0.5
9145259 214853122 1
9145259 214554234 0.5
9145259 214563182 0.5
6572972 214584992 1
6572972 214840595 0.5
11518451 214853090 1
11518451 214853096 0.5
9132981 214686857 1
9132981 214716577 0.5
11533252 214854707 1
11533252 214855016 0.5
2452421 214835087 1
2452421 214826977 0.5
2452421 214835111 0.5
6319049 214840584 1
6319049 214820272 0.5
7429071 214580293 1
7429071 214695399 0.5
1838073 214602605 1
1838073 214819400 0.5
1838073 214712235 0.5
7674877 214844460 1
7674877 214844394 0.5
6503424 214826827 1
6503424 214714721 0.5
1125379 214714880 1
1125379 214702828 0.5
9194501 214853177 1
9194501 214853758 0.5
10980378 214510445 1
10980378 214854707 0.5
10980378 214849132 0.5
2710558 214840584 1
2710558 214835132 0.5
2710558 214839740 0.5
2710558 214685782 0.5
4520993 214820272 1
4520993 214839740 0.5
4520993 214829670 0.5
4520993 214587703 0.5
11000867 214854707 1
11000867 214854774 0.5
7453873 214601040 1
7453873 214601042 0.5
2463466 214821290 1
2463466 214748340 0.5
2563118 214688098 1
2563118 214552147 0.5
1662892 214581489 1
1662892 214680371 0.5
1662892 214712235 0.5
6127058 214848746 1
6127058 214848324 0.5
1130651 214586711 1
1130651 214821302 0.5
8125493 214748310 1
8125493 214853657 0.5
8125493 214840378 0.5
7535671 214855183 1
7535671 214716984 0.5
8297529 214540597 1
8297529 214612895 0.5
4619949 214821315 1
4619949 214586557 0.5
4353091 214774676 1
4353091 214774678 0.5
2587716 643078800 1
2587716 214709737 0.5
2681928 214613893 1
2681928 214509084 0.5
9010249 214851152 1
9010249 214853096 0.5
9686093 214826987 1
9686093 214853325 0.5
3563192 214695399 1
3563192 214684123 0.5
10447956 214853735 1
10447956 214712244 0.5
10906718 214701787 1
10906718 214851032 0.5
2251877 214844394 1
2251877 214821305 0.5
2251877 214821309 0.5
6462566 214821309 1
6462566 214844456 0.5
6462566 214844458 0.5
3050601 214835132 1
3050601 214557009 0.5
257213 214716975 1
257213 214832653 0.5
257213 214717007 0.5
10009714 214680371 1
10009714 214712235 0.5
10009714 214512611 0.5
2350512 643078800 1
2350512 643078783 0.5
9993903 214853096 1
9993903 214853105 0.5
9993903 214558314 0.5
9993903 214853077 0.5
9993903 214853094 0.5
9993903 214853085 0.5
1781922 214560187 1
1781922 214558997 0.5
10398862 214510445 1
10398862 214718169 0.5
7150749 214828882 1
7150749 214853177 0.5
2321566 214641416 1
2321566 214706445 0.5
7773357 214855185 1
7773357 214717867 0.5
8092853 214832657 1
8092853 214717003 0.5
8092853 214832655 0.5
5639352 214821315 1
5639352 214533022 0.5
6797554 214748300 1
6797554 214839617 0.5
8039627 214850730 1
8039627 214716982 0.5
9645269 214850949 1
9645269 214829880 0.5
9645269 214853420 0.5
9841871 214717867 1
9841871 214716982 0.5
883932 214819762 1
883932 214819760 0.5
5541091 214846012 1
5541091 214838102 0.5
10930044 214857830 1
10930044 214826987 0.5
10930044 214853325 0.5
2546929 214832717 1
2546929 214829705 0.5
2546929 214829857 0.5
11529463 214712237 1
11529463 214743515 0.5
11529463 214859240 0.5
11529463 214835117 0.5
11529463 214704180 0.5
11529463 214704182 0.5
11529463 214701787 0.5
3228884 214613893 1
3228884 214820242 0.5
3228884 214512431 0.5
5827847 214640520 1
5827847 214845407 0.5
6495506 214846378 1
6495506 214706445 0.5
4492569 214539039 1
4492569 214840235 0.5
5083013 214836868 1
5083013 214843190 0.5
2325802 643078800 1
2325802 214829880 0.5
2325802 214829882 0.5
8734472 214835126 1
8734472 214826987 0.5
8734472 214857830 0.5
1817908 214821315 1
1817908 214533022 0.5
6040898 214700002 1
6040898 214511015 0.5
494917 214716928 1
494917 214716926 0.5
494917 214717007 0.5
310676 214840762 1
310676 214509013 0.5
6136894 214846408 1
6136894 214829720 0.5
2383181 214551776 1
2383181 214551780 0.5
2383181 214539110 0.5
8162642 214774676 1
8162642 214574777 0.5
9579861 214744258 1
9579861 214680371 0.5
9579861 214853420 0.5
10980703 214852980 1
10980703 214853105 0.5
10980703 214852978 0.5
10980703 214851326 0.5
10980703 214853094 0.5
8580454 214853145 1
8580454 214851279 0.5
7683434 214853122 1
7683434 214835017 0.5
7683434 214846035 0.5
9527869 214716971 1
9527869 214716973 0.5
4214131 214839341 1
4214131 214645618 0.5
4214131 214700990 0.5
40337 214716937 1
40337 214716973 0.5
2096532 214829715 1
2096532 214844392 0.5
9629081 214829730 1
9629081 214583610 0.5
9629081 214595139 0.5
1019241 214833800 1
1019241 214833802 0.5
9571744 214853325 1
9571744 214826987 0.5
7617954 214850630 1
7617954 214840378 0.5
7617954 214838111 0.5
7617954 214712132 0.5
7617954 214848159 0.5
3018147 214829317 1
3018147 214828997 0.5
10087849 214846382 1
10087849 214670064 0.5
5381548 214821277 1
5381548 214538030 0.5
6167989 214644320 1
6167989 214678432 0.5
880054 214684513 1
880054 214717331 0.5
11144643 214577709 1
11144643 214853754 0.5
19909 214567410 1
19909 214820938 0.5
8355271 214716967 1
8355271 214832653 0.5
3784137 214820255 1
3784137 214545932 0.5
3784137 214510757 0.5
6647248 214845502 1
6647248 214845504 0.5
6647248 214530729 0.5
6647248 214836506 0.5
6647248 214845506 0.5
9993682 214853327 1
9993682 214850947 0.5
2497102 214753505 1
2497102 214753513 0.5
4832726 214821339 1
4832726 214612708 0.5
4832726 214821309 0.5
4832726 214844439 0.5
10296569 214853094 1
10296569 214853096 0.5
8793564 214853090 1
8793564 214851326 0.5
3084197 214551776 1
3084197 214551780 0.5
5098981 214821339 1
5098981 214533020 0.5
5098981 214821309 0.5
5946368 214846425 1
5946368 214826610 0.5
5946368 214717562 0.5
10303387 214853732 1
10303387 214573305 0.5
10303387 214853724 0.5
10303387 214567333 0.5
3812851 214684513 1
3812851 214839373 0.5
8584696 214840378 1
8584696 214853122 0.5
3616769 214828963 1
3616769 214675920 0.5
8125956 214700000 1
8125956 214835713 0.5
8125956 214700002 0.5
8125956 214512611 0.5
8125956 214712235 0.5
3083782 214829861 1
3083782 214820263 0.5
4349456 214829792 1
4349456 214839596 0.5
4349456 214712237 0.5
7892502 214716932 1
7892502 214716930 0.5
839198 214712237 1
839198 214743515 0.5
5991978 214717307 1
5991978 214696824 0.5
3237129 214581489 1
3237129 214680371 0.5
417343 214832653 1
417343 214716928 0.5
417343 214716926 0.5
417343 214717007 0.5
347712 214594678 1
347712 214594680 0.5
347712 214820261 0.5
6319686 214834871 1
6319686 214828867 0.5
8695374 214853105 1
8695374 214853096 0.5
8695374 214853085 0.5
4841051 214840082 1
4841051 214633989 0.5
3161707 643078800 1
3161707 214832017 0.5
2928237 214835120 1
2928237 214712235 0.5
1412721 214516055 1
1412721 214711569 0.5
3194487 214601240 1
3194487 214510117 0.5
1171074 214748297 1
1171074 214748338 0.5
5455491 214515870 1
5455491 214699025 0.5
5455491 214844396 0.5
7618186 214716986 1
7618186 214716967 0.5
1834639 214829312 1
1834639 214546123 0.5
9825943 214853094 1
9825943 214853096 0.5
9428642 214850949 1
9428642 214829880 0.5
9428642 214838107 0.5
9428642 214853420 0.5
5369514 214744258 1
5369514 214700000 0.5
5369514 214680371 0.5
5369514 214512611 0.5
5369514 214577492 0.5
5369514 214846014 0.5
1138349 214826750 1
1138349 214711297 0.5
10976231 214854860 1
10976231 214567417 0.5
9576123 214717003 1
9576123 214854632 0.5
9576123 214716928 0.5
9576123 214717007 0.5
8789703 214850372 1
8789703 214851122 0.5
8163021 214717007 1
8163021 214848997 0.5
8163021 214854632 0.5
8163021 214717003 0.5
8163021 214716654 0.5
8163021 214580424 0.5
8163021 214851290 0.5
2764503 214638474 1
2764503 214835745 0.5
2764503 214600492 0.5
9673341 214700002 1
9673341 214853321 0.5
9673341 214743515 0.5
4632308 214821339 1
4632308 214839973 0.5
4316921 214836519 1
4316921 214839971 0.5
4316921 214839973 0.5
4316921 214531314 0.5
4316921 214602733 0.5
4316921 214601233 0.5
4316921 214602802 0.5
4316921 214553561 0.5
2023163 214829855 1
2023163 214832720 0.5
6594331 214665277 1
6594331 214848658 0.5
6594331 214848954 0.5
6594331 214849022 0.5
2514727 214748291 1
2514727 214840584 0.5
2514727 214753513 0.5
2514727 214842450 0.5
2514727 214748304 0.5
2514727 214587697 0.5
2514727 214820274 0.5
2514727 214829880 0.5
5644939 214845407 1
5644939 214706460 0.5
11304374 214857204 1
11304374 214835004 0.5
5210083 214684372 1
5210083 214839377 0.5
5210083 214613915 0.5
5210083 214602830 0.5
10595641 214744258 1
10595641 214712235 0.5
2215774 214612704 1
2215774 214831965 0.5
2215774 214829878 0.5
3174257 214820227 1
3174257 214821285 0.5
11313011 214650508 1
11313011 214859139 0.5
8617851 214851152 1
8617851 214531436 0.5
532351 214743515 1
532351 214569714 0.5
532351 214712237 0.5
1478528 214821277 1
1478528 214826801 0.5
1478528 214820231 0.5
315276 214840483 1
315276 214820225 0.5
315276 214819762 0.5
315276 214684843 0.5
10716484 214851326 1
10716484 214853096 0.5
10716484 214853105 0.5
10716484 214853077 0.5
10716484 214853094 0.5
73644 214716982 1
73644 214716980 0.5
73644 214716997 0.5
73644 214716965 0.5
2305969 214829863 1
2305969 214832717 0.5
2690998 214820274 1
2690998 214820265 0.5
2547017 214829887 1
2547017 214826666 0.5
5869499 214846029 1
5869499 214846033 0.5
634813 214706216 1
634813 214821272 0.5
2805698 214832717 1
2805698 214820259 0.5
2801614 214844394 1
2801614 214821305 0.5
1961944 214820439 1
1961944 214600502 0.5
4144463 214685747 1
4144463 214551624 0.5
4144463 214839913 0.5
10981342 214854159 1
10981342 214646617 0.5
5259233 214684702 1
5259233 214826987 0.5
6266851 214832604 1
6266851 214829390 0.5
397296 214716926 1
397296 214716937 0.5
6164471 214700000 1
6164471 214744258 0.5
6164471 214712235 0.5
