9224201 214821373 1
9224201 214850947 0.5
6376701 214838094 1
6376701 214557551 0.5
1871897 214844439 1
1871897 214844394 0.5
20529 214709820 1
20529 214827062 0.5
4538421 214839742 1
4538421 214829325 0.5
7909433 214640353 1
7909433 214540599 0.5
237627 214821388 1
237627 214584920 0.5
4493324 214819727 1
4493324 214819723 0.5
4493324 214510445 0.5
557131 214509084 1
557131 214512431 0.5
1646671 214829085 1
1646671 214820227 0.5
1151063 214828989 1
1151063 214828997 0.5
3061714 214828989 1
3061714 214587697 0.5
3061714 214835019 0.5
7027389 214580885 1
7027389 214557268 0.5
2855026 214831940 1
2855026 214835745 0.5
2855026 214600492 0.5
2236533 214826666 1
2236533 214554129 0.5
2236533 214829715 0.5
2236533 214554510 0.5
8564073 214853173 1
8564073 214853122 0.5
8564073 214853092 0.5
8564073 214851242 0.5
8564073 214828882 0.5
8564073 214851028 0.5
8564073 214853177 0.5
397436 214716932 1
397436 214716935 0.5
1380483 214716977 1
1380483 214743497 0.5
1380483 214819468 0.5
1380483 214716975 0.5
10821764 214845416 1
10821764 214836827 0.5
5320837 214842735 1
5320837 214838109 0.5
209032 214716973 1
209032 214821037 0.5
7733391 214716932 1
7733391 214716930 0.5
7733391 214716935 0.5
2728643 214846057 1
2728643 214662819 0.5
1854148 214820242 1
1854148 214509084 0.5
9031837 214853094 1
9031837 214853096 0.5
5214369 214840082 1
5214369 214633989 0.5
11305131 214849132 1
11305131 214510445 0.5
270516 214819490 1
270516 214839752 0.5
9212093 214853420 1
9212093 214850947 0.5
237766 214839313 1
237766 214821275 0.5
5562568 214534693 1
5562568 214537490 0.5
3412172 214663976 1
3412172 214710275 0.5
4247757 214716973 1
4247757 214716971 0.5
8814801 214717003 1
8814801 214716928 0.5
8814801 214717005 0.5
8814801 214717007 0.5
11327524 214853072 1
11327524 214853754 0.5
9724122 214853420 1
9724122 214845577 0.5
6648029 214850565 1
6648029 214530555 0.5
6648029 214840421 0.5
8470996 214853094 1
8470996 214853248 0.5
8470996 214853085 0.5
5534418 214836802 1
5534418 214717310 0.5
5464302 214684702 1
5464302 214826987 0.5
9064687 214836517 1
9064687 214844439 0.5
7442688 214851279 1
7442688 214829792 0.5
4021632 214836932 1
4021632 214835109 0.5
10973448 214853325 1
10973448 214831948 0.5
10973448 214857830 0.5
8406402 214748304 1
8406402 214850936 0.5
8406402 214748291 0.5
8406402 214850741 0.5
8406402 214853135 0.5
504078 214829085 1
504078 214820233 0.5
504078 214820227 0.5
5714202 214587193 1
5714202 214579226 0.5
7467291 214854632 1
7467291 214717005 0.5
11366684 214510445 1
11366684 214540035 0.5
11366684 214849132 0.5
11366684 214711211 0.5
5493022 214844347 1
5493022 214836932 0.5
2362988 214560187 1
2362988 214558997 0.5
10928429 214857204 1
10928429 214835000 0.5
9666868 214853175 1
9666868 214853177 0.5
9666868 214853758 0.5
8200524 214853173 1
8200524 214851120 0.5
8200524 214853758 0.5
5391421 214640520 1
5391421 214845407 0.5
1261906 214717003 1
1261906 214716928 0.5
1261906 214832657 0.5
1261906 214717007 0.5
1261906 214832655 0.5
10973527 214850932 1
10973527 214574777 0.5
10973527 214700990 0.5
6664541 214826750 1
6664541 214645590 0.5
6664541 214838109 0.5
6664541 214539238 0.5
426357 214717721 1
426357 214576500 0.5
10582761 214680371 1
10582761 214712235 0.5
4718968 214641870 1
4718968 214641868 0.5
3638676 214554358 1
3638676 214717003 0.5
3638676 214717007 0.5
5382522 214821277 1
5382522 214832156 0.5
3555707 214680371 1
3555707 214744258 0.5
3555707 214712235 0.5
3555707 214602605 0.5
3555707 214512611 0.5
3112342 214836517 1
3112342 643078800 0.5
3461516 214716973 1
3461516 214716975 0.5
8577422 214853173 1
8577422 214850936 0.5
8577422 214853758 0.5
7868816 214712237 1
7868816 214700002 0.5
7868816 214743515 0.5
8667554 214717003 1
8667554 214849076 0.5
4571557 214533020 1
4571557 214821339 0.5
8905128 214850932 1
8905128 214829822 0.5
4952518 214836525 1
4952518 214836330 0.5
4952518 214716635 0.5
4952518 214826951 0.5
9208266 214854118 1
9208266 214854125 0.5
7976903 214716930 1
7976903 214533022 0.5
1331677 214510044 1
1331677 214836785 0.5
1331677 214582387 0.5
1008099 214594678 1
1008099 214594680 0.5
3637732 214842735 1
3637732 214838109 0.5
2428326 214829880 1
2428326 214829878 0.5
4456936 214835012 1
4456936 214836924 0.5
4456936 214832557 0.5
1081842 214821341 1
1081842 214612704 0.5
4891134 214584939 1
4891134 214821277 0.5
4891134 214538030 0.5
7901702 214850936 1
7901702 214850938 0.5
5281196 214848729 1
5281196 214848727 0.5
1995283 214826662 1
1995283 214826668 0.5
10211861 214854118 1
10211861 214854065 0.5
10211861 214854060 0.5
4915739 214836830 1
4915739 214820398 0.5
246302 214821037 1
246302 214821373 0.5
4108831 214820242 1
4108831 214839592 0.5
4108831 214829747 0.5
8416689 214850743 1
8416689 214851585 0.5
2421292 214586983 1
2421292 214840762 0.5
2454062 214680371 1
2454062 214712235 0.5
667059 214821302 1
667059 214821305 0.5
1720892 214829747 1
1720892 214828995 0.5
6351626 214846475 1
6351626 214848322 0.5
7754303 214717003 1
7754303 214554358 0.5
7754303 214717007 0.5
8340384 214851107 1
8340384 214851112 0.5
8155724 214844454 1
8155724 214821313 0.5
2703958 214716928 1
2703958 214717003 0.5
2703958 214716971 0.5
2703958 214717005 0.5
2703958 214717007 0.5
2703958 214716982 0.5
2703958 214716984 0.5
4969049 214840082 1
4969049 214633989 0.5
10953316 214854707 1
10953316 214510445 0.5
4264556 214842735 1
4264556 214826750 0.5
5014127 214602830 1
5014127 214836868 0.5
3702907 214613893 1
3702907 214509084 0.5
8794741 214853090 1
8794741 214851326 0.5
11293314 214510445 1
11293314 214595855 0.5
11293314 214578011 0.5
11293314 214849132 0.5
11293314 214545879 0.5
1036937 214821305 1
1036937 214821302 0.5
4663239 214839356 1
4663239 214829100 0.5
4663239 214829310 0.5
3029787 214832124 1
3029787 214835122 0.5
1405629 214829310 1
1405629 214664765 0.5
4199107 214821305 1
4199107 214839592 0.5
4199107 214821309 0.5
6189768 214840595 1
6189768 214584992 0.5
5321422 214709807 1
5321422 214554384 0.5
508627 214826998 1
508627 214821401 0.5
5329622 214846057 1
5329622 214848727 0.5
9753304 214853321 1
9753304 214743515 0.5
10805989 214850612 1
10805989 214684093 0.5
5862119 214832655 1
5862119 214716967 0.5
738038 214827011 1
738038 214567404 0.5
3511048 214641412 1
3511048 214551920 0.5
3511048 214551926 0.5
291596 214645618 1
291596 214700990 0.5
291596 214774678 0.5
2323217 214821302 1
2323217 214821305 0.5
2323217 214821341 0.5
2323217 214821315 0.5
2323217 214821309 0.5
2323217 214844439 0.5
7488277 214836506 1
7488277 214845502 0.5
436359 214821277 1
436359 214711657 0.5
5264188 214833802 1
5264188 214594678 0.5
3988517 214848729 1
3988517 214536367 0.5
3988517 214844415 0.5
3988517 214550863 0.5
7797557 214851135 1
7797557 214846391 0.5
2522584 214844394 1
2522584 214821305 0.5
451402 214685795 1
451402 214820814 0.5
9671174 214853420 1
9671174 214829878 0.5
10039128 214851135 1
10039128 214848384 0.5
8130704 214853173 1
8130704 214851120 0.5
8130704 214820306 0.5
2937714 214748293 1
2937714 214753513 0.5
2937714 214748300 0.5
9597819 214700002 1
9597819 214711307 0.5
9597819 214850947 0.5
9597819 214853342 0.5
9597819 214743515 0.5
8577929 214716982 1
8577929 214716928 0.5
8577929 214717003 0.5
8577929 214717005 0.5
8577929 214717007 0.5
3342489 214744258 1
3342489 214680371 0.5
3342489 214510700 0.5
3342489 214602605 0.5
3342489 214512611 0.5
263402 214826705 1
263402 214826816 0.5
3212192 214716707 1
3212192 214716710 0.5
9405372 214854632 1
9405372 214717005 0.5
3406813 214844250 1
3406813 214844173 0.5
308173 214839313 1
308173 214839995 0.5
10126294 214853077 1
10126294 214852978 0.5
9453311 214853323 1
9453311 214853122 0.5
9453311 214850949 0.5
3970026 214594678 1
3970026 214645618 0.5
3970026 214839341 0.5
8446973 214851748 1
8446973 214850405 0.5
8446973 214717085 0.5
2921471 214581489 1
2921471 214680371 0.5
2921471 214712235 0.5
10565877 214850758 1
10565877 214718169 0.5
10565877 214718220 0.5
10565877 214677615 0.5
4031498 214508537 1
4031498 214674572 0.5
11355289 214510445 1
11355289 214849052 0.5
7689244 214853173 1
7689244 214853758 0.5
164907 214826835 1
164907 214826955 0.5
164907 214826715 0.5
11117617 214837286 1
11117617 214640012 0.5
5671091 214844396 1
5671091 214716977 0.5
6116413 214821290 1
6116413 214748340 0.5
5665859 214838094 1
5665859 214837288 0.5
5665859 214710101 0.5
2131016 214717003 1
2131016 214716928 0.5
2344009 214846057 1
2344009 214844420 0.5
9038008 214853077 1
9038008 214851326 0.5
1795162 214828970 1
1795162 214828963 0.5
8938598 214852978 1
8938598 214853094 0.5
1467497 214829720 1
1467497 214560187 0.5
8090732 214851581 1
8090732 214850936 0.5
8090732 214850700 0.5
4805748 214612901 1
4805748 214677984 0.5
9815169 214851238 1
9815169 214534340 0.5
2798724 214821367 1
2798724 214600502 0.5
3499141 643078800 1
3499141 214638474 0.5
3499141 214844250 0.5
1590421 214704182 1
1590421 214835120 0.5
8192196 214851152 1
8192196 214851155 0.5
3769498 214684513 1
3769498 214848729 0.5
3769498 214602538 0.5
3769498 214839373 0.5
3769498 214839369 0.5
284961 214820231 1
284961 214820261 0.5
2286811 214509084 1
2286811 214820242 0.5
3298538 214827011 1
3298538 214612901 0.5
1246451 214821309 1
1246451 214821315 0.5
2768921 214832730 1
2768921 214821290 0.5
2768921 214748340 0.5
2768921 214835591 0.5
4525359 214712235 1
4525359 214602605 0.5
6239488 214632146 1
6239488 214848980 0.5
3560709 214821277 1
3560709 214821290 0.5
11560209 214853096 1
11560209 214852980 0.5
4936984 214839956 1
4936984 214839977 0.5
11552027 214864880 1
11552027 214854819 0.5
11552027 214853102 0.5
495834 214537037 1
495834 214691484 0.5
3061028 214836761 1
3061028 214836752 0.5
2061608 214560187 1
2061608 214829720 0.5
4334906 214630042 1
4334906 214774676 0.5
2509023 214829366 1
2509023 214844439 0.5
9569598 214853420 1
9569598 214850947 0.5
2590032 214821305 1
2590032 214844394 0.5
4719958 214687987 1
4719958 214819481 0.5
10306904 214853282 1
10306904 214853767 0.5
3053796 643078800 1
3053796 214844456 0.5
9469499 214821377 1
9469499 214821373 0.5
4597097 214800264 1
4597097 214845131 0.5
4162922 214510757 1
4162922 214820255 0.5
10937712 214700000 1
10937712 214680371 0.5
3891017 214612901 1
3891017 214527028 0.5
10220947 214680371 1
10220947 214853321 0.5
11113876 214510445 1
11113876 214540035 0.5
5957021 214712237 1
5957021 214846029 0.5
1922469 214844456 1
1922469 214551617 0.5
3728809 214820255 1
3728809 214680356 0.5
8832426 214853105 1
8832426 214851326 0.5
8832426 214853094 0.5
8832426 214716110 0.5
2082228 214580293 1
2082228 214828970 0.5
11306569 214854707 1
11306569 214540035 0.5
11306569 214854774 0.5
8062392 214533022 1
8062392 214716982 0.5
5932479 214584992 1
5932479 214840595 0.5
1349057 214709638 1
1349057 214826818 0.5
1349057 214684108 0.5
6276684 214548793 1
6276684 214712237 0.5
2008528 214536279 1
2008528 214536302 0.5
155214 214819490 1
155214 214596107 0.5
10462688 214849807 1
10462688 214854311 0.5
10900967 214704182 1
10900967 214743515 0.5
10900967 214835117 0.5
9094641 214744258 1
9094641 214680371 0.5
4539893 214651517 1
4539893 214573357 0.5
3663352 214842735 1
3663352 214811752 0.5
4978173 214819468 1
4978173 214826818 0.5
2426368 643078800 1
2426368 214710062 0.5
11294209 214510445 1
11294209 214510447 0.5
4481963 214821315 1
4481963 214533022 0.5
3644838 214842735 1
3644838 214826750 0.5
5592664 214684093 1
5592664 214835107 0.5
5592664 214849350 0.5
5592664 214712240 0.5
5592664 214819762 0.5
5592664 214708372 0.5
5592664 214690839 0.5
5592664 214710013 0.5
5592664 214832126 0.5
5592664 214508287 0.5
837142 214821305 1
837142 214533026 0.5
837142 214821302 0.5
837142 214826606 0.5
2466736 214832717 1
2466736 214829705 0.5
4367917 214680371 1
4367917 214744258 0.5
4367917 214601203 0.5
4367917 214602605 0.5
9672252 214680371 1
9672252 214712235 0.5
779854 214821305 1
779854 214821313 0.5
491792 214839313 1
491792 214839995 0.5
3606119 214829846 1
3606119 214820261 0.5
5174891 214835717 1
5174891 214835591 0.5
2008688 214554967 1
2008688 214585633 0.5
579209 214829310 1
579209 214600492 0.5
9344654 214744258 1
9344654 214712235 0.5
9344654 214712237 0.5
9344654 214743515 0.5
8682513 214853094 1
8682513 214853077 0.5
2254492 214844439 1
2254492 214844450 0.5
6493856 214850722 1
6493856 214717295 0.5
4882032 214847940 1
4882032 214718207 0.5
7222952 214516749 1
7222952 214716973 0.5
2455209 214684093 1
2455209 214508287 0.5
9103026 214851581 1
9103026 214846067 0.5
1603266 214546978 1
1603266 214712229 0.5
5772996 214717295 1
5772996 214664758 0.5
2312708 214748304 1
2312708 214748291 0.5
2312708 214540125 0.5
7853688 214853173 1
7853688 214828882 0.5
7853688 214853758 0.5
4245203 214684513 1
4245203 214839369 0.5
4245203 214839373 0.5
4245203 214820261 0.5
792292 214700885 1
792292 214716643 0.5
3106537 214826947 1
3106537 214612704 0.5
3106537 214533022 0.5
6891243 214849327 1
6891243 214709807 0.5
2046631 214828989 1
2046631 214600502 0.5
8591097 214850936 1
8591097 214821032 0.5
8591097 214849365 0.5
6657812 214662819 1
6657812 214846057 0.5
6657812 214835885 0.5
173846 214748338 1
173846 214748297 0.5
9742108 214833326 1
9742108 214832672 0.5
4220702 214821309 1
4220702 214844456 0.5
4220702 214551626 0.5
4220702 214844458 0.5
3622701 214821313 1
3622701 214836827 0.5
7019028 214832156 1
7019028 214844420 0.5
7363553 214716984 1
7363553 214832653 0.5
7363553 214855183 0.5
8266038 214850722 1
8266038 214717295 0.5
7788358 214853173 1
7788358 214820201 0.5
7788358 214853323 0.5
7788358 214640012 0.5
7788358 214828882 0.5
7788358 214630042 0.5
7788358 214853758 0.5
137038 214819393 1
137038 214581611 0.5
5375242 214684108 1
5375242 214848746 0.5
11002171 214639370 1
11002171 214639372 0.5
382851 214826606 1
382851 214826627 0.5
2806763 214716928 1
2806763 214835745 0.5
2806763 214829878 0.5
4769697 214680371 1
4769697 214602605 0.5
5076904 214676480 1
5076904 214542759 0.5
10020807 214574777 1
10020807 214700990 0.5
534178 214821388 1
534178 214584920 0.5
5748696 214835713 1
5748696 214743515 0.5
1701852 214714880 1
1701852 214580304 0.5
1701852 214684513 0.5
5957621 214826664 1
5957621 214554510 0.5
2697214 643078800 1
2697214 214835745 0.5
2697214 214834867 0.5
6793216 214839947 1
6793216 214688610 0.5
11147268 214854782 1
11147268 214853100 0.5
10481324 214853090 1
10481324 214851326 0.5
219151 214716984 1
219151 214832657 0.5
6559397 214820261 1
6559397 214820233 0.5
1951762 214587611 1
1951762 214832730 0.5
7881049 214717003 1
7881049 214854632 0.5
8697896 214851152 1
8697896 214849327 0.5
8697896 214828970 0.5
8697896 214828963 0.5
8697896 214851155 0.5
6064193 214601197 1
6064193 214846477 0.5
2791499 214748300 1
2791499 214753513 0.5
6379598 214828952 1
6379598 214536302 0.5
6946614 214690781 1
6946614 214838225 0.5
297044 214712055 1
297044 214717888 0.5
297044 214716928 0.5
297044 214691396 0.5
297044 214832557 0.5
297044 214716982 0.5
4823138 214716982 1
4823138 214612901 0.5
4823138 214748327 0.5
10610787 214854300 1
10610787 214849464 0.5
5314664 214612901 1
5314664 214826722 0.5
8022123 214846391 1
8022123 214851135 0.5
10134897 214700876 1
10134897 214850932 0.5
3135621 214832017 1
3135621 214837916 0.5
10922119 214835000 1
10922119 214857204 0.5
1247372 214550398 1
1247372 214574135 0.5
4986562 214837918 1
4986562 214837916 0.5
7899279 214716932 1
7899279 214855185 0.5
7899279 214716935 0.5
4310724 214706216 1
4310724 214580304 0.5
4310724 214574777 0.5
4310724 214774676 0.5
2558109 214826668 1
2558109 214554510 0.5
112326 214716937 1
112326 214839311 0.5
7428267 214551913 1
7428267 214583617 0.5
4647953 214534693 1
4647953 214537490 0.5
9984194 214712235 1
9984194 214700000 0.5
9984194 214835120 0.5
9984194 214744258 0.5
9984194 214680371 0.5
6899907 214849327 1
6899907 214828970 0.5
10021062 214839913 1
10021062 214821371 0.5
3041481 214831940 1
3041481 214835503 0.5
2922706 214716971 1
2922706 214717003 0.5
2922706 214716982 0.5
2922706 214717007 0.5
4176093 214821315 1
4176093 214533022 0.5
8980704 214850707 1
8980704 214640237 0.5
7436516 214846061 1
7436516 214839587 0.5
4184293 214821339 1
4184293 214533020 0.5
4184293 214821309 0.5
4847846 214554384 1
4847846 214828970 0.5
7636691 214533022 1
7636691 214602240 0.5
7636691 214717003 0.5
9099509 214851155 1
9099509 214851152 0.5
3959037 214602536 1
3959037 214602534 0.5
10915541 214712235 1
10915541 214700000 0.5
10915541 214835120 0.5
2767104 214840792 1
2767104 214754210 0.5
2767104 214820242 0.5
2767104 214829085 0.5
4184424 214684372 1
4184424 214613912 0.5
3410191 643078800 1
3410191 214836050 0.5
4435672 214686086 1
4435672 214829312 0.5
4435672 214601450 0.5
7343151 214849132 1
7343151 214510449 0.5
4000028 214842735 1
4000028 214826750 0.5
1992989 214684093 1
1992989 214708372 0.5
26919 214716932 1
26919 214716930 0.5
26919 214533022 0.5
26919 214716935 0.5
9189689 214853165 1
9189689 214678376 0.5
9189689 214850947 0.5
9189689 214850700 0.5
2619711 214531550 1
2619711 214700885 0.5
10139968 214716643 1
10139968 214700885 0.5
10139968 214531550 0.5
4098374 214584939 1
4098374 214821277 0.5
4098374 214538030 0.5
4098374 214748342 0.5
11132641 214857830 1
11132641 214853325 0.5
579914 214716928 1
579914 214717003 0.5
9349473 214851279 1
9349473 214835713 0.5
1968484 214587028 1
1968484 214834873 0.5
2517352 214844394 1
2517352 214821305 0.5
10873197 214844450 1
10873197 214844439 0.5
4770159 214512431 1
4770159 214509084 0.5
4770159 214613893 0.5
657803 214748293 1
657803 214748338 0.5
657803 214748300 0.5
9578893 214845506 1
9578893 214836506 0.5
9578893 214835117 0.5
9578893 214845502 0.5
4960343 214613915 1
4960343 214684372 0.5
6179219 214551930 1
6179219 214551913 0.5
6179219 214652460 0.5
6179219 214583617 0.5
6011289 214846367 1
6011289 214846425 0.5
3467674 214844394 1
3467674 214821305 0.5
3467674 214844439 0.5
1255151 214548744 1
1255151 214828997 0.5
2894234 214835747 1
2894234 214835017 0.5
2894234 214835019 0.5
2681244 214829878 1
2681244 214829880 0.5
2681244 214831946 0.5
2521514 214844456 1
2521514 214551626 0.5
2521514 214587547 0.5
2984364 214831940 1
2984364 214835503 0.5
10907379 214846391 1
10907379 214687685 0.5
10907379 214854583 0.5
10907379 214846389 0.5
10907379 214840415 0.5
2451903 214829366 1
2451903 214829882 0.5
2451903 214829878 0.5
31173 214716930 1
31173 214716932 0.5
8088007 214832655 1
8088007 214716932 0.5
8088007 214748327 0.5
1952211 214829880 1
1952211 214709634 0.5
1911267 214820233 1
1911267 214820259 0.5
8239753 214850936 1
8239753 214850743 0.5
6261229 214580293 1
6261229 214585676 0.5
4374952 214820242 1
4374952 214828995 0.5
1804801 214826709 1
1804801 214829846 0.5
9345556 214850947 1
9345556 214829887 0.5
4753839 214578645 1
4753839 214682289 0.5
6412858 214695161 1
6412858 214844415 0.5
2331062 214831948 1
2331062 214829887 0.5
8014406 214848302 1
8014406 214821382 0.5
2071118 214748310 1
2071118 214531517 0.5
11254354 214854731 1
11254354 214650508 0.5
7735917 214850936 1
7735917 214850938 0.5
7797363 214850938 1
7797363 214850726 0.5
1878648 214826662 1
1878648 214829385 0.5
7285377 214829878 1
7285377 214820188 0.5
6687368 214548793 1
6687368 214700000 0.5
6687368 214850953 0.5
6687368 214512611 0.5
5221013 214847940 1
5221013 214718207 0.5
2632349 214704180 1
2632349 214674577 0.5
2632349 214544355 0.5
228007 214748336 1
228007 214819376 0.5
8792756 214853758 1
8792756 214828882 0.5
8792756 214853173 0.5
5434047 214845744 1
5434047 214613915 0.5
1829458 214560187 1
1829458 214829720 0.5
7645901 214842735 1
7645901 214826750 0.5
7987846 214835473 1
7987846 214716971 0.5
2218711 214832730 1
2218711 214832728 0.5
2218711 214835591 0.5
101083 214839313 1
101083 214839999 0.5
3574494 214684093 1
3574494 214708372 0.5
9994844 214851326 1
9994844 214853767 0.5
9181923 214853096 1
9181923 214853105 0.5
9181923 214853090 0.5
9181923 214851326 0.5
9116389 214829880 1
9116389 214846031 0.5
3398281 214844439 1
3398281 643078800 0.5
3398281 214586711 0.5
7404271 214665277 1
7404271 214849312 0.5
6150896 214850715 1
6150896 214840584 0.5
2398967 214829878 1
2398967 214826979 0.5
2398967 214829852 0.5
2398967 214716110 0.5
2398967 214835111 0.5
2353913 214700885 1
2353913 214716643 0.5
3635966 214829083 1
3635966 214829850 0.5
3635966 214829079 0.5
3574531 214832017 1
3574531 214589546 0.5
613128 214554384 1
613128 214563262 0.5
7269131 214829325 1
7269131 214844915 0.5
10394383 214580424 1
10394383 214640353 0.5
7346649 214709722 1
7346649 214838246 0.5
8219419 214589231 1
8219419 214844195 0.5
578693 214586711 1
578693 214551617 0.5
578693 214821302 0.5
1370924 214829042 1
1370924 214829079 0.5
2566962 214844439 1
2566962 214821341 0.5
6765376 214846378 1
6765376 214687768 0.5
8235846 214851155 1
8235846 214851152 0.5
3545933 214829887 1
3545933 214829880 0.5
3545933 214829878 0.5
1440591 214716930 1
1440591 214716932 0.5
1440591 214716935 0.5
51683 214827062 1
51683 214586711 0.5
4578149 214834873 1
4578149 214845131 0.5
9460583 214829730 1
9460583 214819721 0.5
9460583 214706102 0.5
9341814 214640520 1
9341814 214845407 0.5
2358149 214829880 1
2358149 214829051 0.5
2358149 214831948 0.5
2358149 214829887 0.5
3047921 214844439 1
3047921 214586711 0.5
5454762 214539112 1
5454762 214539232 0.5
4455341 214848729 1
4455341 214744768 0.5
9964464 214854022 1
9964464 214853252 0.5
3272521 214748300 1
3272521 214748293 0.5
3787708 214594678 1
3787708 214594680 0.5
6003648 214846057 1
6003648 214848727 0.5
7666628 214645005 1
7666628 214845999 0.5
10755016 214853090 1
10755016 214853096 0.5
2046943 214819747 1
2046943 214774682 0.5
59737 214567410 1
59737 214567404 0.5
9325542 214851135 1
9325542 214846391 0.5
1793003 214537528 1
1793003 214587028 0.5
4697084 214716932 1
4697084 214716935 0.5
4713479 214706452 1
4713479 214829792 0.5
4713479 214700002 0.5
4713479 214743515 0.5
4713479 214712237 0.5
10873871 214853072 1
10873871 214849468 0.5
424452 214717003 1
424452 214716928 0.5
1977372 214840412 1
1977372 214700992 0.5
1977372 214687685 0.5
1977372 214700990 0.5
6884384 214748304 1
6884384 214748291 0.5
382681 214716982 1
382681 214716984 0.5
382681 214832657 0.5
382681 214586722 0.5
382681 214832655 0.5
6806023 214516140 1
6806023 214848596 0.5
6806023 214848982 0.5
93228 214557268 1
93228 214551913 0.5
93228 214551911 0.5
10120239 214850758 1
10120239 214718220 0.5
367668 214748338 1
367668 214717888 0.5
367668 214753513 0.5
367668 214601197 0.5
367668 214832557 0.5
1846332 214709792 1
1846332 214835752 0.5
2395207 214820263 1
2395207 214829861 0.5
9452637 214851714 1
9452637 214854125 0.5
8621246 214829317 1
8621246 214583610 0.5
5462548 214839339 1
5462548 214630042 0.5
5462548 214774676 0.5
3861626 214509084 1
3861626 214820242 0.5
7417706 214849132 1
7417706 214510445 0.5
1956994 214829846 1
1956994 214829857 0.5
11242627 214853754 1
11242627 214676480 0.5
130182 214551926 1
130182 214717003 0.5
375943 214748300 1
375943 214748293 0.5
11504776 214842735 1
11504776 214701787 0.5
154767 214826803 1
154767 214821285 0.5
154767 214535621 0.5
11431061 214684785 1
11431061 214854358 0.5
5196969 214845579 1
5196969 214845577 0.5
5196969 214838107 0.5
5196969 214829878 0.5
5196969 214684734 0.5
5196969 214718398 0.5
2956477 214828974 1
2956477 214835574 0.5
10427592 214853100 1
10427592 214820186 0.5
10427592 214684734 0.5
122058 214716984 1
122058 214716937 0.5
5291219 214834989 1
5291219 214646745 0.5
9400868 214853420 1
9400868 214850945 0.5
9400868 214829878 0.5
9400868 214850949 0.5
9400868 214853422 0.5
10595548 214700002 1
10595548 214854345 0.5
10595548 214853321 0.5
1031394 214829392 1
1031394 214601201 0.5
8424979 214853657 1
8424979 214853122 0.5
1334506 214587609 1
1334506 214835717 0.5
2145517 214821302 1
2145517 214844439 0.5
6913263 214717307 1
6913263 214696824 0.5
2522366 214510757 1
2522366 214582541 0.5
7175382 214849807 1
7175382 214849766 0.5
9891079 214748291 1
9891079 214853214 0.5
449802 214748340 1
449802 214583190 0.5
3104013 214820263 1
3104013 214820261 0.5
3104013 214829861 0.5
6704398 214835473 1
6704398 214845131 0.5
1711377 214540035 1
1711377 214575491 0.5
1711377 214830060 0.5
4943128 214839956 1
4943128 214839977 0.5
4104254 214684721 1
4104254 214584832 0.5
7949608 214836517 1
7949608 214834873 0.5
4775212 214700885 1
4775212 214553702 0.5
7978291 214853175 1
7978291 214851120 0.5
9252148 214580291 1
9252148 214714880 0.5
8813892 214716977 1
8813892 214853092 0.5
2497867 214821309 1
2497867 214844458 0.5
2579798 643078800 1
2579798 643078783 0.5
6274407 214821305 1
6274407 214844465 0.5
6274407 214844439 0.5
4984178 214652460 1
4984178 214583852 0.5
11255159 214848315 1
11255159 214834989 0.5
589177 214833800 1
589177 214821313 0.5
1510778 214602605 1
1510778 214680371 0.5
2216511 214829045 1
2216511 214701212 0.5
2216511 214748338 0.5
2216511 214748300 0.5
10100631 214854118 1
10100631 214848757 0.5
8363407 214684093 1
8363407 214850612 0.5
4480409 214848729 1
4480409 214848727 0.5
5205402 214839956 1
5205402 214839977 0.5
5205402 214838092 0.5
5205402 214839341 0.5
5205402 214845127 0.5
4304283 214602605 1
4304283 214744258 0.5
4304283 214712235 0.5
4304283 214601207 0.5
1333829 214840599 1
1333829 214536392 0.5
1333829 214600620 0.5
8342968 214576777 1
8342968 214834922 0.5
8342968 214820938 0.5
2592187 214836517 1
2592187 214835087 0.5
2592187 214819430 0.5
2592187 214831967 0.5
8551874 214853177 1
8551874 214850936 0.5
4008929 214510757 1
4008929 214582541 0.5
470469 214717003 1
470469 214716928 0.5
470469 214716971 0.5
3997601 214684513 1
3997601 214594680 0.5
3997601 214594678 0.5
4496843 214706452 1
4496843 214829792 0.5
4533716 214744258 1
4533716 214602605 0.5
1173413 214581489 1
1173413 214602605 0.5
3694062 214594678 1
3694062 214613915 0.5
9211133 214853420 1
9211133 214853422 0.5
5123793 214833802 1
5123793 214691735 0.5
10812939 214853735 1
10812939 214853113 0.5
5291539 214710062 1
5291539 214537490 0.5
8424981 214853122 1
8424981 214851155 0.5
10911257 214854300 1
10911257 214853100 0.5
646708 214515883 1
646708 214550398 0.5
4263494 214602605 1
4263494 214744258 0.5
4263494 214680371 0.5
4087372 214717003 1
4087372 214554358 0.5
10780238 214601040 1
10780238 214601042 0.5
11013713 214701787 1
11013713 214853321 0.5
4333143 214829792 1
4333143 214848729 0.5
4333143 214554358 0.5
6930014 214509401 1
6930014 214553702 0.5
6037097 214840595 1
6037097 214584992 0.5
5070457 214725551 1
5070457 214748336 0.5
4533883 214577057 1
4533883 214587712 0.5
2678401 214712235 1
2678401 214706452 0.5
5000844 214602830 1
5000844 214684372 0.5
2379407 214829882 1
2379407 214829887 0.5
11322648 214700000 1
11322648 214680371 0.5
11322648 214701787 0.5
7958167 214832657 1
7958167 214716984 0.5
8089243 214701787 1
8089243 214680371 0.5
8089243 214851279 0.5
10403783 214849327 1
10403783 214854352 0.5
10403783 214854547 0.5
9854636 214853077 1
9854636 214852980 0.5
3653301 214848729 1
3653301 214848866 0.5
3653301 214844415 0.5
7962307 214844439 1
7962307 214821305 0.5
7962307 214844441 0.5
9170629 214844452 1
9170629 214844441 0.5
9170629 214551626 0.5
368326 214821292 1
368326 214717888 0.5
384711 214564687 1
384711 214674772 0.5
3591893 214508942 1
3591893 214844216 0.5
3780326 214826990 1
3780326 214838227 0.5
7085108 214828952 1
7085108 214536302 0.5
10964717 214853100 1
10964717 214853102 0.5
7892719 214716932 1
7892719 214832653 0.5
7892719 214716935 0.5
962289 214717007 1
962289 214717005 0.5
6631379 214850724 1
6631379 214850722 0.5
3735284 214821339 1
3735284 214551607 0.5
1937146 214828970 1
1937146 214828963 0.5
2547453 214684093 1
2547453 214708372 0.5
6332166 214850565 1
6332166 214706147 0.5
978903 214748293 1
978903 214748300 0.5
1785646 214834880 1
1785646 214834877 0.5
2375656 214829887 1
2375656 214819400 0.5
2375656 214831948 0.5
3241951 214686902 1
3241951 214829880 0.5
2301759 214831950 1
2301759 214829878 0.5
4505568 214600509 1
4505568 214700000 0.5
4505568 214743515 0.5
7995207 214853177 1
7995207 214828882 0.5
7995207 214853173 0.5
302921 214587307 1
302921 214716932 0.5
302921 214716935 0.5
1556302 214821309 1
1556302 214844460 0.5
11288401 214578011 1
11288401 214854707 0.5
5463903 214717562 1
5463903 214680720 0.5
1515373 214829752 1
1515373 214828974 0.5
8310761 214850938 1
8310761 214821020 0.5
8310761 214850726 0.5
2419348 214551626 1
2419348 214612704 0.5
2419348 214821309 0.5
6768619 214821309 1
6768619 214821315 0.5
4575116 214612901 1
4575116 214677984 0.5
4575116 214836512 0.5
4575116 214826747 0.5
4575116 214838109 0.5
7000141 214748310 1
7000141 214850565 0.5
10829736 214582942 1
10829736 214580467 0.5
1724333 214829861 1
1724333 214833800 0.5
139194 214716932 1
139194 214716935 0.5
1224636 214748293 1
1224636 214748338 0.5
4155381 214545879 1
4155381 214845127 0.5
5494093 214828952 1
5494093 214536302 0.5
8830932 214851326 1
8830932 214853248 0.5
8830932 214853090 0.5
8830932 214853094 0.5
8830932 214853105 0.5
8830932 214852978 0.5
8830932 214852980 0.5
8830932 214853077 0.5
6280526 214587028 1
6280526 214709807 0.5
9547769 214851075 1
9547769 214838225 0.5
9547769 214848997 0.5
9547769 214854118 0.5
9547769 214848849 0.5
5163002 214748300 1
5163002 214748293 0.5
7348202 214711517 1
7348202 214849740 0.5
2445291 214688012 1
2445291 214837498 0.5
3907564 214842735 1
3907564 214826750 0.5
163831 214826803 1
163831 214826810 0.5
90104 214827009 1
90104 214701242 0.5
90104 214826747 0.5
90104 214826876 0.5
