11476994 214701787 1
11476994 214857830 0.5
8766822 214700002 1
8766822 214574672 0.5
11481126 214853072 1
11481126 214831190 0.5
4694056 214712237 1
4694056 214710062 0.5
417834 214840762 1
417834 214644842 0.5
8417326 214716937 1
8417326 214716980 0.5
5021744 214845380 1
5021744 214829850 0.5
7223304 214848324 1
7223304 214684108 0.5
9284291 214700990 1
9284291 214700992 0.5
10825783 214853072 1
10825783 214712242 0.5
372794 214716935 1
372794 214716980 0.5
7725134 214561775 1
7725134 214651777 0.5
737293 214821305 1
737293 214612753 0.5
10149831 214700878 1
10149831 214701305 0.5
8654938 214716654 1
8654938 214564451 0.5
9674767 214850947 1
9674767 214829887 0.5
2568299 214844456 1
2568299 214551617 0.5
2568299 214844458 0.5
9252972 214853214 1
9252972 214846312 0.5
9252972 214853077 0.5
6434926 214846378 1
6434926 214706445 0.5
4370554 214849059 1
4370554 214836142 0.5
5402761 214601012 1
5402761 214602830 0.5
10686603 214851326 1
10686603 214853090 0.5
10686603 214853094 0.5
4010134 214821285 1
4010134 214838105 0.5
4010134 214836881 0.5
6217883 214544357 1
6217883 214848729 0.5
8216753 214774676 1
8216753 214574777 0.5
8216753 214695476 0.5
1810611 214748300 1
1810611 214748295 0.5
5140667 214819468 1
5140667 214716973 0.5
1738101 214828976 1
1738101 214826610 0.5
849952 214717528 1
849952 214712235 0.5
849952 214676580 0.5
26057 214820231 1
26057 214820227 0.5
2588894 214709792 1
2588894 214674427 0.5
2588894 214717406 0.5
4849887 214712235 1
4849887 214700000 0.5
5132514 214820377 1
5132514 214601542 0.5
1188069 214821302 1
1188069 214821305 0.5
5980411 214584992 1
5980411 214840595 0.5
6839894 214849076 1
6839894 214848692 0.5
5689617 214712235 1
5689617 214680371 0.5
565542 214839313 1
565542 214839995 0.5
3318059 214832717 1
3318059 214820227 0.5
3318059 214582950 0.5
9519837 214853122 1
9519837 214853657 0.5
5923121 214832567 1
5923121 214848613 0.5
8294708 214850758 1
8294708 214821020 0.5
9597254 214850949 1
9597254 214853428 0.5
9597254 214853422 0.5
2428983 214829878 1
2428983 214551626 0.5
6104611 214840595 1
6104611 214584992 0.5
9331046 214853143 1
9331046 214853145 0.5
9761127 214675888 1
9761127 214718160 0.5
9761127 214849322 0.5
9761127 214850758 0.5
6163806 214550398 1
6163806 214574137 0.5
8962424 214712235 1
8962424 214700000 0.5
8962424 214744258 0.5
8962424 214680371 0.5
8962424 214512611 0.5
1282431 214716928 1
1282431 214716965 0.5
1282431 214716926 0.5
1282431 214717007 0.5
10709739 214854819 1
10709739 214595855 0.5
3596684 214826829 1
3596684 214711438 0.5
5075349 214835017 1
5075349 214844257 0.5
8531354 214832156 1
8531354 214840082 0.5
8712608 214853105 1
8712608 214853096 0.5
8712608 214853090 0.5
2523558 214821313 1
2523558 214844454 0.5
5759406 214743515 1
5759406 214835120 0.5
5759406 214712237 0.5
7676352 214844441 1
7676352 214844456 0.5
7676352 214844394 0.5
7676352 214551626 0.5
7676352 214844458 0.5
7676352 214844462 0.5
7303617 214849327 1
7303617 214846033 0.5
7303617 214828970 0.5
7303617 214828963 0.5
7303617 214846031 0.5
1835464 214826666 1
1835464 214706460 0.5
1835464 214826662 0.5
3960908 214684513 1
3960908 214836521 0.5
3960908 214510854 0.5
3960908 214553735 0.5
8708557 214533022 1
8708557 214716935 0.5
4993101 214847261 1
4993101 214847255 0.5
7135696 214845943 1
7135696 214695193 0.5
5788324 214548793 1
5788324 214700002 0.5
4874711 214829792 1
4874711 214835120 0.5
4874711 214700002 0.5
4874711 214712237 0.5
1454553 214510757 1
1454553 214582541 0.5
7311838 214700000 1
7311838 214839594 0.5
11118673 214854707 1
11118673 214849132 0.5
11118673 214854774 0.5
10330603 214853094 1
10330603 214853096 0.5
10330603 214853090 0.5
10330603 214853085 0.5
2245102 214829878 1
2245102 214844184 0.5
328176 214716971 1
328176 214716943 0.5
8635137 214853090 1
8635137 214853085 0.5
8635137 214851326 0.5
8380936 214716926 1
8380936 214716935 0.5
3445271 214826803 1
3445271 214613915 0.5
3445271 214820227 0.5
270872 214716930 1
270872 214716935 0.5
5804577 214583617 1
5804577 214551928 0.5
7016994 214821367 1
7016994 214687798 0.5
7016994 214509830 0.5
7872603 214828882 1
7872603 214853758 0.5
6902313 214744530 1
6902313 214718201 0.5
7119406 214534693 1
7119406 214537490 0.5
4952157 214575193 1
4952157 214640353 0.5
238136 214821024 1
238136 214717888 0.5
238136 214821022 0.5
238136 214832559 0.5
1069631 214535102 1
1069631 214819528 0.5
1069631 214530264 0.5
4665922 214821339 1
4665922 214533020 0.5
4665922 214612708 0.5
2245189 214558331 1
2245189 214834922 0.5
3097176 214832717 1
3097176 214829083 0.5
3097176 214821285 0.5
7426651 214832657 1
7426651 214548744 0.5
6025824 214845407 1
6025824 214640520 0.5
4096609 214839587 1
4096609 214829321 0.5
4015547 214848729 1
4015547 214684513 0.5
4015547 214839373 0.5
4015547 214848727 0.5
10535526 214853767 1
10535526 214853730 0.5
615032 214510757 1
615032 214509403 0.5
615032 214584821 0.5
1745534 214829085 1
1745534 214829083 0.5
3101314 214820259 1
3101314 214832717 0.5
176776 214716930 1
176776 214716932 0.5
176776 214716935 0.5
10760847 214712237 1
10760847 214835120 0.5
10760847 214548793 0.5
2893937 214829390 1
2893937 214835132 0.5
4656583 214832555 1
4656583 214836881 0.5
1807024 214587028 1
1807024 214826994 0.5
9474743 214831948 1
9474743 214850942 0.5
2116383 214829861 1
2116383 214829707 0.5
5546374 214602605 1
5546374 214700000 0.5
2949839 214706452 1
2949839 214743515 0.5
5530329 214844394 1
5530329 214821305 0.5
1319647 214508287 1
1319647 214684093 0.5
5034729 214700002 1
5034729 214548793 0.5
2274031 214712132 1
2274031 214821309 0.5
3699452 214820255 1
3699452 643078800 0.5
8156087 214838505 1
8156087 214853323 0.5
8156087 214717262 0.5
8156087 214534655 0.5
8340254 214848337 1
8340254 214851290 0.5
10820236 214700000 1
10820236 214680371 0.5
10820236 214853767 0.5
2765603 214829887 1
2765603 214819760 0.5
2765603 214684730 0.5
2765603 214819762 0.5
2765603 214829878 0.5
9348011 214853177 1
9348011 214853758 0.5
9348011 214853175 0.5
2016049 214835752 1
2016049 214709792 0.5
422712 214819490 1
422712 214596101 0.5
3294022 214612704 1
3294022 214551624 0.5
7172938 214844394 1
7172938 214844443 0.5
8459088 214716930 1
8459088 214716932 0.5
6181713 214601233 1
6181713 214820265 0.5
6181713 214846007 0.5
1688408 214701307 1
1688408 214821285 0.5
4031337 214509084 1
4031337 214820242 0.5
4031337 214613893 0.5
4031337 214512431 0.5
3158897 214580293 1
3158897 214835109 0.5
5880539 214700000 1
5880539 214680371 0.5
5880539 214512611 0.5
2762904 214844250 1
2762904 214844173 0.5
439189 214716986 1
439189 214717005 0.5
9012141 214852978 1
9012141 214853090 0.5
9012141 214853094 0.5
803758 214587028 1
803758 214821313 0.5
803758 214584962 0.5
1151719 214714880 1
1151719 214744530 0.5
1151719 214580291 0.5
1151719 214580293 0.5
3813531 214826705 1
3813531 214698575 0.5
78774 214716971 1
78774 214716930 0.5
78774 214819468 0.5
78774 214716973 0.5
78774 214716975 0.5
4109813 214602534 1
4109813 214684513 0.5
4109813 214839356 0.5
4809681 214710152 1
4809681 214553700 0.5
9130972 214850400 1
9130972 214551930 0.5
7148521 214844439 1
7148521 214821305 0.5
7148521 214844394 0.5
8066027 214853173 1
8066027 214828882 0.5
10744813 214828970 1
10744813 214853730 0.5
4912113 214838092 1
4912113 214839384 0.5
3810294 214836830 1
3810294 214836875 0.5
7054327 214832655 1
7054327 214832653 0.5
6173688 214743515 1
6173688 214712237 0.5
6403067 214701307 1
6403067 214834922 0.5
10044417 214853094 1
10044417 214852978 0.5
10044417 214853077 0.5
4924418 214587317 1
4924418 214829280 0.5
4924418 214602598 0.5
4924418 214586694 0.5
4924418 214829775 0.5
3015684 214844441 1
3015684 214844456 0.5
3015684 214844458 0.5
3015684 214844462 0.5
7588571 214848658 1
7588571 214850936 0.5
2679816 214584980 1
2679816 214584992 0.5
2679816 214584962 0.5
2679816 214584965 0.5
2679816 214840595 0.5
2679816 214584982 0.5
2679816 214584988 0.5
2679816 214848382 0.5
9810958 214849327 1
9810958 214828970 0.5
8156179 214853122 1
8156179 214844441 0.5
8156179 214716932 0.5
8770583 214584821 1
8770583 214509401 0.5
5575709 214680371 1
5575709 214700000 0.5
5575709 214712235 0.5
4248607 214575206 1
4248607 214540479 0.5
4129824 214685743 1
4129824 214840556 0.5
3142699 214834867 1
3142699 214609325 0.5
5035056 214833802 1
5035056 214584939 0.5
5035056 214821277 0.5
2221109 214821290 1
2221109 214821277 0.5
6071363 214850722 1
6071363 214820272 0.5
6071363 214840584 0.5
11150423 214716937 1
11150423 214832653 0.5
3032154 214602605 1
3032154 214581489 0.5
9290853 214853177 1
9290853 214853758 0.5
7472233 214744258 1
7472233 214700000 0.5
7472233 214712235 0.5
7472233 214684715 0.5
7472233 214712237 0.5
7472233 214851279 0.5
7472233 214743515 0.5
7730283 214855185 1
7730283 214716935 0.5
2958461 214821315 1
2958461 214533022 0.5
6382721 214831948 1
6382721 214846012 0.5
4662406 214845131 1
4662406 214848176 0.5
5178503 214584825 1
5178503 214534655 0.5
4224139 214844443 1
4224139 214612753 0.5
5263822 214533020 1
5263822 214821339 0.5
6493339 214584986 1
6493339 214584980 0.5
4789404 214836512 1
4789404 214612901 0.5
8877214 214717003 1
8877214 214716928 0.5
8877214 214716971 0.5
3307717 214644650 1
3307717 214829878 0.5
9237667 214853214 1
9237667 214509403 0.5
7804771 214534655 1
7804771 214509842 0.5
6200179 214850565 1
6200179 214530555 0.5
6200179 214834899 0.5
6200179 214582950 0.5
6200179 214534215 0.5
7541949 214853122 1
7541949 214853758 0.5
2061523 214840762 1
2061523 214586983 0.5
2990286 214829390 1
2990286 214642153 0.5
2990286 214835132 0.5
10142948 214684736 1
10142948 214850945 0.5
7230698 214848307 1
7230698 214839596 0.5
2868459 214680369 1
2868459 214700002 0.5
6407404 214835000 1
6407404 214849070 0.5
3228909 214706452 1
3228909 214601207 0.5
5127721 214684372 1
5127721 214613915 0.5
1922304 214826705 1
1922304 214835940 0.5
2176258 214835752 1
2176258 214709792 0.5
2176258 214829878 0.5
1844492 214835499 1
1844492 214835610 0.5
1952644 214829321 1
1952644 214748336 0.5
1952644 214800272 0.5
1952644 214706102 0.5
5371164 214557607 1
5371164 214684702 0.5
885638 214820383 1
885638 214826803 0.5
9284488 214853214 1
9284488 214853248 0.5
10802499 214712235 1
10802499 214700000 0.5
10802499 214744258 0.5
10802499 214680371 0.5
10802499 214712237 0.5
10802499 214862317 0.5
11040069 214857830 1
11040069 214859242 0.5
6120603 214845407 1
6120603 214640520 0.5
10970461 214853698 1
10970461 214848658 0.5
10970461 214849247 0.5
10970461 214853767 0.5
8770929 214853758 1
8770929 214851120 0.5
10659189 214717003 1
10659189 214716928 0.5
10659189 214716965 0.5
10659189 214716926 0.5
10659189 214716941 0.5
2966911 214831950 1
2966911 214829882 0.5
3712384 214844250 1
3712384 214844173 0.5
4048266 214594678 1
4048266 214594680 0.5
4048266 214839377 0.5
4240962 214820255 1
4240962 214509403 0.5
4240962 214584821 0.5
4240962 214510757 0.5
9109347 214717061 1
9109347 214717063 0.5
9962918 214845356 1
9962918 214848605 0.5
459676 214716971 1
459676 214716984 0.5
459676 214716939 0.5
459676 214716973 0.5
459676 214716975 0.5
2442686 214832717 1
2442686 214829705 0.5
1878157 214509401 1
1878157 214582541 0.5
2901463 214835745 1
2901463 214600492 0.5
3028454 214718210 1
3028454 214712124 0.5
3028454 214711205 0.5
2250218 214829846 1
2250218 214829861 0.5
11417073 214849132 1
11417073 214510445 0.5
9512437 214712235 1
9512437 214826987 0.5
9512437 214835126 0.5
8087036 214533022 1
8087036 214840378 0.5
8087036 214821315 0.5
8087036 214844454 0.5
3892733 214601012 1
3892733 214836521 0.5
3966468 214744258 1
3966468 214585547 0.5
2049554 214711280 1
2049554 214712126 0.5
3062172 214829083 1
3062172 214829085 0.5
7734391 214612901 1
7734391 214539202 0.5
7734391 214826722 0.5
3802657 214837918 1
3802657 214837916 0.5
10974756 214701787 1
10974756 214704180 0.5
10974756 214555237 0.5
10974756 214853102 0.5
7019156 214612738 1
7019156 214849327 0.5
10879847 214842735 1
10879847 214509142 0.5
2228491 214835019 1
2228491 214533022 0.5
8771151 214696492 1
8771151 214567408 0.5
8771151 214850722 0.5
8771151 214648284 0.5
8771151 214676375 0.5
4097617 214684513 1
4097617 214539039 0.5
9279758 214853218 1
9279758 214595139 0.5
5117543 214836956 1
5117543 214838092 0.5
2733682 214844394 1
2733682 214844439 0.5
240574 214706460 1
240574 214821028 0.5
4146806 214821305 1
4146806 214551617 0.5
4146806 214551626 0.5
4146806 214551607 0.5
8601193 214710152 1
8601193 214553700 0.5
9424913 214851555 1
9424913 214851551 0.5
2266328 643078800 1
2266328 214717271 0.5
8234643 214844441 1
8234643 214844456 0.5
8234643 214551626 0.5
8234643 214821309 0.5
1377943 214596107 1
1377943 214829392 0.5
1377943 214819490 0.5
1377943 214596326 0.5
1377943 214531151 0.5
6399643 214554510 1
6399643 214826668 0.5
9703749 214717063 1
9703749 214717061 0.5
4611718 214836932 1
4611718 214845129 0.5
4611718 214839892 0.5
7866043 214716928 1
7866043 214716926 0.5
1158091 214716982 1
1158091 214716984 0.5
1158091 214716965 0.5
362181 214826897 1
362181 214826803 0.5
2418384 214551626 1
2418384 214844173 0.5
4626131 214836512 1
4626131 214826747 0.5
4626131 214539039 0.5
5977828 214846374 1
5977828 214553735 0.5
556668 214819490 1
556668 214596107 0.5
556668 214596326 0.5
829166 214547507 1
829166 214711575 0.5
2336502 214709792 1
2336502 214835752 0.5
3581688 214821277 1
3581688 214821290 0.5
976646 214819760 1
976646 214819762 0.5
976646 214684843 0.5
8685339 214852978 1
8685339 214853248 0.5
8685339 214853105 0.5
8685339 214853094 0.5
9344814 214696425 1
9344814 214712237 0.5
9819957 214836819 1
9819957 214595855 0.5
6505788 214821309 1
6505788 214844458 0.5
2950971 643078800 1
2950971 214587028 0.5
5064518 214840082 1
5064518 214633989 0.5
657236 214716932 1
657236 214716935 0.5
657236 214716930 0.5
657236 214826715 0.5
657236 214718255 0.5
6920022 214534215 1
6920022 214849312 0.5
6920022 214644650 0.5
5863057 214846119 1
5863057 214845962 0.5
4218461 214587384 1
4218461 214836947 0.5
2762603 214821341 1
2762603 214844465 0.5
7808886 214821315 1
7808886 214533022 0.5
9705342 214850938 1
9705342 214850936 0.5
2638827 214584992 1
2638827 214840595 0.5
3636886 214839984 1
3636886 214845127 0.5
9717649 214853145 1
9717649 214700000 0.5
9717649 214853143 0.5
9717649 214712235 0.5
9717649 214743515 0.5
9717649 214851279 0.5
399253 214716932 1
399253 214716984 0.5
4469061 214835124 1
4469061 214834880 0.5
96167 214554510 1
96167 214577732 0.5
5883816 214601197 1
5883816 214640867 0.5
5916587 214838505 1
5916587 214846119 0.5
5068716 214839956 1
5068716 214839977 0.5
3794861 214836924 1
3794861 214829788 0.5
8161198 214849344 1
8161198 214829280 0.5
8161198 214586743 0.5
8161198 214832023 0.5
5449658 214571143 1
5449658 214523709 0.5
9672641 214853077 1
9672641 214853096 0.5
9672641 214852980 0.5
9672641 214851326 0.5
5063046 214845407 1
5063046 214640520 0.5
6540962 214845131 1
6540962 214846460 0.5
6540962 214848613 0.5
3454932 643078800 1
3454932 214677615 0.5
11311066 214854707 1
11311066 214578011 0.5
11376604 214850754 1
11376604 214717888 0.5
11376604 214850765 0.5
4732897 214685743 1
4732897 214840556 0.5
1951729 214829846 1
1951729 214832720 0.5
1015637 214829085 1
1015637 214829079 0.5
2017271 214821277 1
2017271 214820231 0.5
6331391 214744258 1
6331391 214712235 0.5
5494483 214700000 1
5494483 214680371 0.5
5494483 214712235 0.5
5494483 214512611 0.5
3010218 214551624 1
3010218 214612704 0.5
9103362 214846391 1
9103362 214836830 0.5
9103362 214851135 0.5
3291152 214829366 1
3291152 214832747 0.5
5027864 214684372 1
5027864 214836536 0.5
5027864 214845577 0.5
5027864 214829878 0.5
2660377 214684093 1
2660377 214708372 0.5
6072347 214701307 1
6072347 214531436 0.5
6072347 214834925 0.5
248574 214584920 1
248574 214508563 0.5
7493668 214819419 1
7493668 214835917 0.5
7493668 214835655 0.5
6203433 214584992 1
6203433 214584980 0.5
714809 214510044 1
714809 214582387 0.5
2706209 214831955 1
2706209 214686082 0.5
7997516 214651777 1
7997516 214551626 0.5
7997516 214561775 0.5
297052 214718203 1
297052 214587384 0.5
297052 214821390 0.5
7231536 214848986 1
7231536 214848952 0.5
7231536 214848954 0.5
7231536 214848947 0.5
7231536 214848941 0.5
4659313 214844394 1
4659313 214844439 0.5
2242678 214826668 1
2242678 214826664 0.5
2242678 214829090 0.5
2242678 214835574 0.5
5392521 214684702 1
5392521 214844345 0.5
5392521 214700002 0.5
5392521 214826987 0.5
5392521 214819468 0.5
5392521 214829882 0.5
9070733 214853094 1
9070733 214852978 0.5
6547598 214584992 1
6547598 214584962 0.5
6547598 214840595 0.5
6547598 214584982 0.5
6547598 214584999 0.5
4630673 214744258 1
4630673 214700000 0.5
4630673 214712235 0.5
4630673 214602605 0.5
7932052 214850720 1
7932052 214851011 0.5
3729569 214584992 1
3729569 214836793 0.5
3729569 214840595 0.5
1206446 214821277 1
1206446 214584939 0.5
1206446 214826702 0.5
9812169 214853094 1
9812169 214853096 0.5
9459917 214851155 1
9459917 214851152 0.5
2431522 214844394 1
2431522 214821305 0.5
2431522 214844439 0.5
5228756 214602830 1
5228756 214820261 0.5
5228756 214829672 0.5
5228756 214820265 0.5
5228756 214684372 0.5
5228756 214848727 0.5
5228756 214821277 0.5
5228756 214820383 0.5
10799317 214853072 1
10799317 214540035 0.5
11311334 214859242 1
11311334 214859240 0.5
5708024 214717310 1
5708024 214602830 0.5
5708024 214510854 0.5
11426041 214578011 1
11426041 214853072 0.5
11426041 214540035 0.5
11426041 214854707 0.5
11426041 214854860 0.5
4020482 214836932 1
4020482 214836924 0.5
4129401 214821339 1
4129401 214839592 0.5
3280423 214835745 1
3280423 214835019 0.5
3280423 214600492 0.5
2832654 214612895 1
2832654 214539050 0.5
7653647 214612706 1
7653647 214533022 0.5
7653647 214551607 0.5
629027 214748293 1
629027 214748300 0.5
10156324 214849327 1
10156324 214748336 0.5
10156324 214848658 0.5
10156324 214853767 0.5
4856107 214553700 1
4856107 214710152 0.5
5984381 214584992 1
5984381 214584999 0.5
7473457 214574777 1
7473457 214700990 0.5
7366963 214716581 1
7366963 214676957 0.5
8821046 214853094 1
8821046 214853096 0.5
8821046 214853085 0.5
850232 214821305 1
850232 214586711 0.5
8968512 214853173 1
8968512 214853758 0.5
10594626 214848746 1
10594626 214643036 0.5
6904134 214743515 1
6904134 214700002 0.5
6904134 214836506 0.5
6904134 214712237 0.5
7592263 214851120 1
7592263 214820306 0.5
4212452 214821315 1
4212452 214716930 0.5
4212452 214716935 0.5
1366362 214829366 1
1366362 214643657 0.5
11400933 214854720 1
11400933 214853321 0.5
11400933 214712242 0.5
10156398 214574777 1
10156398 214774676 0.5
10156398 214700990 0.5
3385712 214829079 1
3385712 214829083 0.5
7592307 214717005 1
7592307 214716926 0.5
7592307 214717007 0.5
1144553 214828991 1
1144553 214829745 0.5
2050439 214835752 1
2050439 214695065 0.5
9066892 214853252 1
9066892 214828989 0.5
928157 214716577 1
928157 214577512 0.5
928157 214560622 0.5
8581531 214819412 1
8581531 214848298 0.5
10275254 214853113 1
10275254 214854300 0.5
10275254 214850405 0.5
4860329 214539050 1
4860329 214840235 0.5
3119542 214835745 1
3119542 214602600 0.5
3119542 214680705 0.5
3119542 214835747 0.5
3119542 214600492 0.5
7401888 214844452 1
7401888 214612708 0.5
4012494 214553735 1
4012494 214664777 0.5
9836081 214853321 1
9836081 214712237 0.5
1826552 214828970 1
1826552 214712132 0.5
1464797 214834880 1
1464797 214537490 0.5
7096806 214844420 1
7096806 214845020 0.5
7096806 214844415 0.5
9206867 214851238 1
9206867 214850949 0.5
4987399 214613915 1
4987399 214684372 0.5
5712394 214846425 1
5712394 214829385 0.5
5712394 214744779 0.5
6187551 214584992 1
6187551 214840595 0.5
3705376 214708372 1
3705376 214684093 0.5
4000297 214602538 1
4000297 214602536 0.5
4000297 214836731 0.5
4000297 214602534 0.5
9775667 214684093 1
9775667 214508287 0.5
4291127 214829079 1
4291127 214826803 0.5
4291127 214820383 0.5
10840634 214700000 1
10840634 214836506 0.5
6848269 214848849 1
6848269 214849046 0.5
6848269 214850615 0.5
1083984 214714880 1
1083984 214702826 0.5
1083984 214532107 0.5
9202789 214849350 1
9202789 214684093 0.5
9112162 214717007 1
9112162 214844462 0.5
7993962 214837494 1
7993962 214743339 0.5
7993962 214847261 0.5
7993962 214684502 0.5
7993962 214847255 0.5
8283239 214717003 1
8283239 214716928 0.5
4561239 214829711 1
4561239 214836855 0.5
11147893 214859242 1
11147893 214859240 0.5
1653369 214829752 1
1653369 214834880 0.5
3508863 214821277 1
3508863 214821290 0.5
2448008 214706216 1
2448008 214829822 0.5
9017997 214844394 1
9017997 214844439 0.5
2419348 214551626 1
2419348 214612704 0.5
2419348 214821309 0.5
9333408 214853420 1
9333408 214846033 0.5
3898017 214836932 1
3898017 214836924 0.5
4618011 214710150 1
4618011 214834875 0.5
4618011 214839973 0.5
9706148 214850945 1
9706148 214850947 0.5
9706148 214853420 0.5
7207593 214845407 1
7207593 214640520 0.5
8112583 214853122 1
8112583 214591571 0.5
8112583 214853323 0.5
8112583 214853758 0.5
9577586 214826987 1
9577586 214853321 0.5
8022711 214836517 1
8022711 214850707 0.5
8923842 214748300 1
8923842 214853420 0.5
8923842 214851028 0.5
8923842 214851317 0.5
10922698 214857204 1
10922698 214835000 0.5
10011767 214584821 1
10011767 214853250 0.5
8760012 214717757 1
8760012 214856762 0.5
8760012 214849327 0.5
7748304 214850771 1
7748304 214651777 0.5
7748304 214851242 0.5
6548177 214828882 1
6548177 214713947 0.5
7498454 214853122 1
7498454 214850771 0.5
7498454 214600535 0.5
5106809 214710099 1
5106809 214840082 0.5
1747677 214844452 1
1747677 214612708 0.5
4385506 214716982 1
4385506 214832657 0.5
4385506 214716965 0.5
7768812 214850707 1
7768812 214696824 0.5
441102 214716973 1
441102 214819468 0.5
6249241 214716937 1
6249241 214716980 0.5
5315671 214844400 1
5315671 214835745 0.5
11098907 214853100 1
11098907 214855016 0.5
11098907 214851125 0.5
9685789 214850949 1
9685789 214850947 0.5
6486814 214744530 1
6486814 214580293 0.5
4815647 214553700 1
4815647 214710152 0.5
4815647 214839913 0.5
3091234 214581489 1
3091234 214602605 0.5
9736667 214701787 1
9736667 214743515 0.5
3414836 214836527 1
3414836 214839600 0.5
7797557 214851135 1
7797557 214846391 0.5
3364824 214641412 1
3364824 214551930 0.5
4832062 214829730 1
4832062 214823548 0.5
6269773 214840595 1
6269773 214584992 0.5
7708472 214851279 1
7708472 214835126 0.5
2779989 214821285 1
2779989 214820227 0.5
3644246 214848729 1
3644246 214602538 0.5
3644246 214602534 0.5
3644246 214848727 0.5
1819109 214820261 1
1819109 214820233 0.5
1575793 214684093 1
1575793 214836080 0.5
8059764 214851242 1
8059764 214851152 0.5
23432 214821390 1
23432 214832559 0.5
6097801 214846408 1
6097801 214552097 0.5
2108308 214536412 1
2108308 214587437 0.5
6261276 214848315 1
6261276 214835137 0.5
6261276 214710097 0.5
10054561 214850715 1
10054561 214717284 0.5
10054561 214553702 0.5
6937506 214716932 1
6937506 214716935 0.5
4627363 214834873 1
4627363 214829885 0.5
5344178 214846057 1
5344178 214848727 0.5
1398792 214828989 1
1398792 214717097 0.5
11041724 214743515 1
11041724 214700000 0.5
11041724 214712237 0.5
9350083 214853105 1
9350083 214852980 0.5
9350083 214853094 0.5
7498697 214553702 1
7498697 214717284 0.5
7703501 214575193 1
7703501 214848315 0.5
2956256 214829079 1
2956256 214835111 0.5
6581222 214821367 1
6581222 214509830 0.5
7826602 214850771 1
7826602 214850743 0.5
494591 214594678 1
494591 214835885 0.5
4905987 214702895 1
4905987 214553962 0.5
10980378 214510445 1
10980378 214854707 0.5
10980378 214849132 0.5
2661416 214821313 1
2661416 214844454 0.5
4709421 214846057 1
4709421 214848727 0.5
810039 214684093 1
810039 214508287 0.5
11488313 214853072 1
11488313 214854707 0.5
7794527 214853145 1
7794527 214851279 0.5
6147142 214835745 1
6147142 214826565 0.5
10615883 214851714 1
10615883 214840082 0.5
9841741 214829878 1
9841741 214853420 0.5
7870426 214748295 1
7870426 214850743 0.5
8438223 214716984 1
8438223 214716980 0.5
8438223 214716973 0.5
8438223 214716982 0.5
8438223 214716943 0.5
5975127 214584992 1
5975127 214840595 0.5
6427407 214850565 1
6427407 214850722 0.5
4521058 214845131 1
4521058 214839960 0.5
4521058 214839973 0.5
5140329 214696425 1
5140329 214829792 0.5
5140329 214510689 0.5
5140329 214512611 0.5
5140329 214700000 0.5
5140329 214835120 0.5
5140329 214601203 0.5
5140329 214706452 0.5
4536753 214580291 1
4536753 214580304 0.5
324122 214706432 1
324122 214829312 0.5
324122 214821028 0.5
8506531 214534655 1
8506531 214537496 0.5
8506531 214857039 0.5
10288304 214861498 1
10288304 214839997 0.5
371897 214744530 1
371897 214537515 0.5
3538123 214832717 1
3538123 214826803 0.5
3538123 214820227 0.5
3538123 214821285 0.5
5284387 214844195 1
5284387 214844192 0.5
5284387 214591468 0.5
5284387 214586983 0.5
1219797 214821305 1
1219797 214821302 0.5
1178864 214821302 1
1178864 214821305 0.5
1178864 214829747 0.5
3022089 214829878 1
3022089 214831946 0.5
3022089 214695412 0.5
3022089 214673295 0.5
4214028 214748310 1
4214028 214716947 0.5
4214028 214716932 0.5
11472149 214854853 1
11472149 214853454 0.5
9039126 214826987 1
9039126 214712237 0.5
5532971 214717003 1
5532971 214716937 0.5
5532971 214716971 0.5
5532971 214716973 0.5
9753139 214700000 1
9753139 214700002 0.5
9753139 214701787 0.5
2153784 214826709 1
2153784 214560187 0.5
9802144 214854060 1
9802144 214848757 0.5
7863639 214849807 1
7863639 214820233 0.5
1433586 214580293 1
1433586 214714880 0.5
1433586 214829745 0.5
5657487 214846061 1
5657487 214849001 0.5
10325349 214854313 1
10325349 214700990 0.5
9568643 214717061 1
9568643 214717063 0.5
5389679 214533020 1
5389679 214821339 0.5
8859016 214851155 1
8859016 214851585 0.5
8859016 214851290 0.5
8859016 214851159 0.5
2653578 214836785 1
2653578 214510044 0.5
2858381 214829887 1
2858381 214829880 0.5
2858381 214829882 0.5
6826362 214832604 1
6826362 214716707 0.5
2756002 214844458 1
2756002 214844456 0.5
2756002 214551626 0.5
2756002 214821309 0.5
2756002 214844462 0.5
1973669 214716973 1
1973669 214716939 0.5
5529008 214826833 1
5529008 214640353 0.5
5529008 214819468 0.5
2526643 643078800 1
2526643 214709737 0.5
949693 214716926 1
949693 214717003 0.5
949693 214717005 0.5
949693 214717007 0.5
2391498 214845073 1
2391498 214686082 0.5
2391498 214831955 0.5
2391498 214829887 0.5
3914317 214828970 1
3914317 214828963 0.5
7200212 214826747 1
7200212 214826722 0.5
7200212 214612901 0.5
5942741 214601197 1
5942741 214845962 0.5
9077638 214684093 1
9077638 214851101 0.5
11300312 214582942 1
11300312 214687753 0.5
7237087 214829792 1
7237087 214712237 0.5
7237087 214851279 0.5
10816992 214854774 1
10816992 214578011 0.5
10816992 214849132 0.5
3037688 214551780 1
3037688 214551776 0.5
9596391 214700885 1
9596391 214850282 0.5
6946294 214820377 1
6946294 214829707 0.5
8941054 214551626 1
8941054 214853248 0.5
8941054 214853094 0.5
7908874 214855185 1
7908874 214678029 0.5
8424981 214853122 1
8424981 214851155 0.5
9313817 214688115 1
9313817 214819412 0.5
4619804 214844192 1
4619804 214844195 0.5
5819937 214840595 1
5819937 214584992 0.5
10956322 214846391 1
10956322 214854583 0.5
3370533 214832717 1
3370533 214826803 0.5
3370533 214820383 0.5
8089126 214714779 1
8089126 214748336 0.5
8089126 214851122 0.5
8089126 214829852 0.5
4656681 214716937 1
4656681 214716930 0.5
4656681 214716932 0.5
4656681 214716950 0.5
4926164 214845744 1
4926164 214698590 0.5
8704608 214852978 1
8704608 214853090 0.5
8704608 214853094 0.5
2530888 214831946 1
2530888 214819468 0.5
2436687 214844456 1
2436687 214716945 0.5
2436687 214821339 0.5
2436687 214821309 0.5
2436687 214844462 0.5
3329617 214602605 1
3329617 214512611 0.5
2123022 214829880 1
2123022 214829878 0.5
11345499 214601542 1
11345499 214509845 0.5
11345499 214509399 0.5
9432681 214680371 1
9432681 214700002 0.5
9432681 214743515 0.5
9432681 214712235 0.5
9432681 214712237 0.5
9432681 214851279 0.5
9432681 214853143 0.5
9432681 214701787 0.5
1338121 214702895 1
1338121 214553962 0.5
7601773 214684093 1
7601773 214708372 0.5
7208566 214844462 1
7208566 214821305 0.5
6112059 214846460 1
6112059 214846472 0.5
5582464 214700000 1
5582464 214581489 0.5
450177 214836819 1
450177 214596446 0.5
450177 214595855 0.5
2277012 643078800 1
2277012 643078783 0.5
7556758 214510757 1
7556758 214537496 0.5
8916634 214853094 1
8916634 214851326 0.5
1797787 214821305 1
1797787 214828970 0.5
1277599 214584992 1
1277599 214840595 0.5
3853998 214602534 1
3853998 214836731 0.5
7016111 214612738 1
7016111 214844439 0.5
11218209 214859139 1
11218209 214859242 0.5
11218209 214701787 0.5
6500044 214584980 1
6500044 214584965 0.5
327373 214748293 1
327373 214748338 0.5
1179364 214821313 1
1179364 214551632 0.5
3247846 214836521 1
3247846 214553735 0.5
1433322 214717097 1
1433322 214829042 0.5
2817771 214835137 1
2817771 214827032 0.5
7327489 214717007 1
7327489 214554358 0.5
11329283 214854707 1
11329283 214854819 0.5
2821892 214829390 1
2821892 214835132 0.5
7679752 214849344 1
7679752 214849312 0.5
7679752 214844347 0.5
7679752 214829366 0.5
7474957 214743515 1
7474957 214700002 0.5
7474957 214712237 0.5
7474957 214851279 0.5
7474957 214849333 0.5
7474957 214849239 0.5
7474957 214834877 0.5
1163024 214821302 1
1163024 214821305 0.5
1163024 214821315 0.5
9618051 214850949 1
9618051 214850945 0.5
9618051 214853767 0.5
2317107 214828970 1
2317107 214828963 0.5
11059164 214859242 1
11059164 214859240 0.5
4779819 214829885 1
4779819 214632146 0.5
716729 214835713 1
716729 214601203 0.5
9686841 214853214 1
9686841 214602240 0.5
798428 214709634 1
798428 214551665 0.5
798428 214827005 0.5
5091147 214847940 1
5091147 214836536 0.5
2337421 214844250 1
2337421 214844173 0.5
4759524 214508287 1
4759524 214684093 0.5
8269042 214836506 1
8269042 214845506 0.5
7573343 214717003 1
7573343 214716928 0.5
7573343 214849766 0.5
8159206 214716935 1
8159206 214716932 0.5
5328757 214561558 1
5328757 214835426 0.5
5328757 214835167 0.5
9158541 214844439 1
9158541 214844394 0.5
7668084 214853145 1
7668084 214850552 0.5
7668084 214853143 0.5
935369 214716980 1
935369 214716986 0.5
935369 214832655 0.5
5701581 214601542 1
5701581 214845420 0.5
8482771 214848298 1
8482771 214844394 0.5
5570518 214844458 1
5570518 214821309 0.5
5451738 214851032 1
5451738 214704180 0.5
6983648 214848658 1
6983648 214848757 0.5
11182054 214510445 1
11182054 214853072 0.5
1683441 214577732 1
1683441 214708305 0.5
1683441 214554510 0.5
10285042 214853735 1
10285042 214854536 0.5
10285042 214844345 0.5
10285042 214851290 0.5
10285042 214834877 0.5
10285042 214684942 0.5
