11145229 214853102 1
11145229 214853100 0.5
3702753 214530789 1
3702753 214530791 0.5
5410838 214701307 1
5410838 214576777 0.5
7221272 214697096 1
7221272 214850786 0.5
8945698 214852978 1
8945698 214853094 0.5
8842589 214853173 1
8842589 214828882 0.5
3469366 214716971 1
3469366 214832653 0.5
3469366 214716941 0.5
3469366 214716947 0.5
3469366 214716984 0.5
3469366 214838364 0.5
3469366 214717005 0.5
548921 214743515 1
548921 214600989 0.5
5550143 214680371 1
5550143 214712235 0.5
3677247 214820265 1
3677247 214613653 0.5
1032278 214584939 1
1032278 214748340 0.5
2338909 214820938 1
2338909 214826891 0.5
2338909 214718396 0.5
7295076 214849327 1
7295076 214828970 0.5
3686519 214836924 1
3686519 214836932 0.5
1970298 214829085 1
1970298 214820259 0.5
1970298 214636494 0.5
1970298 214820383 0.5
5116034 214684372 1
5116034 214613915 0.5
9597059 214850786 1
9597059 214849747 0.5
9597059 214829102 0.5
9597059 214578350 0.5
9597059 214561991 0.5
9212037 214744258 1
9212037 214700000 0.5
7983262 214832657 1
7983262 214831937 0.5
11223201 214854774 1
11223201 214849132 0.5
1227296 214551907 1
1227296 214551900 0.5
2613411 214829878 1
2613411 643078800 0.5
2613411 214829887 0.5
10916014 214853754 1
10916014 214577709 0.5
2662596 214829846 1
2662596 214829861 0.5
2662596 214829878 0.5
6950946 214829317 1
6950946 214687805 0.5
6950946 214828997 0.5
5057629 214613915 1
5057629 214684372 0.5
2711764 214835017 1
2711764 214835747 0.5
8519901 214828882 1
8519901 214853177 0.5
8519901 214553604 0.5
4575454 214743350 1
4575454 214646237 0.5
9834723 214853096 1
9834723 214853105 0.5
9834723 214853090 0.5
9834723 214853094 0.5
1188069 214821302 1
1188069 214821305 0.5
2724088 643078800 1
2724088 214576515 0.5
2724088 214630018 0.5
2724088 214827011 0.5
2724088 214629900 0.5
2724088 214586949 0.5
893177 214716984 1
893177 214716982 0.5
893177 214717007 0.5
3133692 214829085 1
3133692 214820259 0.5
7543509 214851101 1
7543509 214600492 0.5
10102828 214687768 1
10102828 214846378 0.5
10604817 214687475 1
10604817 214854731 0.5
10604817 214853702 0.5
4018468 214836129 1
4018468 214832717 0.5
2720041 214835017 1
2720041 214600492 0.5
4399407 214716928 1
4399407 214717003 0.5
4399407 214716926 0.5
5148992 214587547 1
5148992 214684372 0.5
9630018 214850945 1
9630018 214819400 0.5
9630018 214831946 0.5
9630018 214718255 0.5
9630018 214673295 0.5
9630018 214706428 0.5
9630018 214829887 0.5
2072909 214820261 1
2072909 214820233 0.5
2072909 214821277 0.5
4509379 214821315 1
4509379 214533022 0.5
11460976 214854853 1
11460976 214820188 0.5
3846519 214510757 1
3846519 214584821 0.5
4596683 214684513 1
4596683 214839373 0.5
5980538 214850994 1
5980538 214848157 0.5
11096448 214578011 1
11096448 214854785 0.5
2900353 214844439 1
2900353 214533022 0.5
11231618 214686864 1
11231618 214551909 0.5
11231618 214686879 0.5
4563937 214580304 1
4563937 214580291 0.5
9126284 214716984 1
9126284 214854572 0.5
9126284 214716965 0.5
9728397 214551926 1
9728397 214831948 0.5
9728397 214850372 0.5
9728397 214838102 0.5
9728397 214850942 0.5
4505998 214530791 1
4505998 214530789 0.5
6517141 214539148 1
6517141 214826720 0.5
6517141 214826722 0.5
6517141 214826747 0.5
6517141 214539150 0.5
10084761 214700000 1
10084761 214680371 0.5
7762349 214714665 1
7762349 214580424 0.5
7762349 214851322 0.5
7398814 214586940 1
7398814 214509013 0.5
3453374 214837918 1
3453374 214836875 0.5
3453374 214600492 0.5
3453374 214643925 0.5
2617813 214706460 1
2617813 643078800 0.5
2617813 214638474 0.5
2715727 214829880 1
2715727 214829882 0.5
2715727 214829885 0.5
2715727 214829878 0.5
2715727 214829887 0.5
7377374 214716982 1
7377374 214850304 0.5
2466272 214602568 1
2466272 214512429 0.5
371451 214706460 1
371451 214706432 0.5
1162049 214829321 1
1162049 214800272 0.5
1162049 214819430 0.5
9818606 214854495 1
9818606 214854545 0.5
3621363 214826803 1
3621363 214820259 0.5
3621363 214832717 0.5
3506679 214695065 1
3506679 214829398 0.5
10306042 214853094 1
10306042 214853090 0.5
10306042 214851326 0.5
7668227 214551626 1
7668227 214844462 0.5
7668227 214844454 0.5
9810444 214717867 1
9810444 214717001 0.5
9810444 214848326 0.5
11321872 214857204 1
11321872 214835000 0.5
4534806 214839947 1
4534806 214839977 0.5
4534806 214839956 0.5
2396933 214712235 1
2396933 214581489 0.5
2396933 214601203 0.5
2396933 214512611 0.5
2396933 214602605 0.5
2396933 214511015 0.5
1757732 214544535 1
1757732 214713122 0.5
1757732 214821037 0.5
380588 214819772 1
380588 214716928 0.5
380588 214744528 0.5
380588 214717003 0.5
11166471 214831190 1
11166471 214853754 0.5
3142746 214821277 1
3142746 214821292 0.5
852539 214839313 1
852539 214569714 0.5
5440064 214641412 1
5440064 214848180 0.5
5440064 214580885 0.5
3586827 214831950 1
3586827 214835747 0.5
5988934 214850996 1
5988934 214560538 0.5
4710986 214831948 1
4710986 214838102 0.5
5700366 214821313 1
5700366 214821339 0.5
4015547 214848729 1
4015547 214684513 0.5
4015547 214839373 0.5
4015547 214848727 0.5
4899432 214839956 1
4899432 214839977 0.5
4899432 214829042 0.5
7295616 214839947 1
7295616 214541548 0.5
877188 214600989 1
877188 214544355 0.5
3998349 214594678 1
3998349 214594680 0.5
4936336 214839939 1
4936336 214674572 0.5
5042837 214839956 1
5042837 214839977 0.5
3674798 214836947 1
3674798 214836795 0.5
8094389 214851155 1
8094389 214851152 0.5
7209661 214849132 1
7209661 214510445 0.5
3081692 214835503 1
3081692 214831940 0.5
1028808 214821302 1
1028808 214586711 0.5
6660809 214844394 1
6660809 214821305 0.5
6660809 214844439 0.5
2289783 214844456 1
2289783 214551624 0.5
2289783 214551626 0.5
2289783 214844458 0.5
5235404 214846312 1
5235404 214846318 0.5
9478873 214680371 1
9478873 214744258 0.5
7840486 214851032 1
7840486 214853143 0.5
7840486 214851279 0.5
3527414 214684702 1
3527414 214699065 0.5
312056 214829312 1
312056 214840762 0.5
11195137 214854172 1
11195137 214556218 0.5
1114887 214587305 1
1114887 214838520 0.5
1114887 214834873 0.5
1114887 214829735 0.5
4903689 214583852 1
4903689 214551913 0.5
8200974 214851152 1
8200974 214851155 0.5
6682072 214680371 1
6682072 214743515 0.5
1119001 214612706 1
1119001 214533022 0.5
836388 214687753 1
836388 214582942 0.5
9737001 214853252 1
9737001 214534667 0.5
8913712 214844205 1
8913712 214840760 0.5
5576111 214835713 1
5576111 214851032 0.5
5576111 214548793 0.5
10431287 214853994 1
10431287 214853992 0.5
10431287 214853413 0.5
9896783 214842733 1
9896783 214573357 0.5
1685646 214706460 1
1685646 214826666 0.5
4841548 214530789 1
4841548 214530791 0.5
7594129 214510449 1
7594129 214510445 0.5
7594129 214819727 0.5
8201703 214853122 1
8201703 214551626 0.5
8201703 214850938 0.5
3739741 214821277 1
3739741 214826816 0.5
1467247 214748300 1
1467247 214748295 0.5
1467247 214550263 0.5
1497878 214829100 1
1497878 214612762 0.5
1192821 214821277 1
1192821 214821290 0.5
4760442 214836932 1
4760442 214676019 0.5
10843003 214854300 1
10843003 214854579 0.5
9773949 214849327 1
9773949 214828970 0.5
1631102 214563238 1
1631102 214595137 0.5
1631102 214829822 0.5
1631102 214545879 0.5
10445632 214851155 1
10445632 214851152 0.5
9139076 214853105 1
9139076 214853096 0.5
4586989 214832655 1
4586989 214716945 0.5
4586989 214716982 0.5
4586989 214717007 0.5
2515857 214829390 1
2515857 214586711 0.5
9473631 214853122 1
9473631 214840378 0.5
5026722 214842735 1
5026722 214509152 0.5
7324587 214844439 1
7324587 214695540 0.5
7324587 214544550 0.5
4412332 214511015 1
4412332 214845352 0.5
4412332 214700002 0.5
4412332 214829878 0.5
4412332 214711087 0.5
2308999 214712235 1
2308999 214680371 0.5
2308999 214602605 0.5
996279 214821315 1
996279 214716930 0.5
996279 214716932 0.5
996279 214716935 0.5
6529976 214545939 1
6529976 214846385 0.5
5534669 214743350 1
5534669 214829880 0.5
5534669 214826818 0.5
4314072 214712235 1
4314072 214744258 0.5
2270178 214821277 1
2270178 214538027 0.5
3485862 214837916 1
3485862 214837918 0.5
2589672 214640870 1
2589672 214537715 0.5
2589672 214601197 0.5
1205237 214537967 1
1205237 214512425 0.5
6265262 214584992 1
6265262 214840595 0.5
8279038 214853173 1
8279038 214850743 0.5
10464858 214601207 1
10464858 214601216 0.5
8508417 214550398 1
8508417 214574141 0.5
1080526 214558331 1
1080526 214701307 0.5
7324702 214844394 1
7324702 214821305 0.5
7324702 214821341 0.5
7324702 214821309 0.5
3130409 214711297 1
3130409 214509144 0.5
3130409 214509148 0.5
11148807 214849132 1
11148807 214510445 0.5
4310063 214657305 1
4310063 214657290 0.5
4224062 214844394 1
4224062 214839592 0.5
4224062 214821305 0.5
4224062 214551624 0.5
4224062 214844439 0.5
5731402 214847940 1
5731402 214718207 0.5
6538323 214835042 1
6538323 214826833 0.5
6538323 214848847 0.5
10122327 214854264 1
10122327 214567329 0.5
10122327 214567333 0.5
10122327 214854262 0.5
10179674 214829880 1
10179674 214831946 0.5
10179674 214853420 0.5
10179674 214850949 0.5
11158628 214854774 1
11158628 214835117 0.5
8777628 214644577 1
8777628 214845416 0.5
4904066 214833802 1
4904066 214820261 0.5
578693 214586711 1
578693 214551617 0.5
578693 214821302 0.5
1451156 214748338 1
1451156 214753507 0.5
1451156 214748293 0.5
1358702 214836137 1
1358702 214836142 0.5
3163287 214832717 1
3163287 214820259 0.5
6177961 214826942 1
6177961 214826945 0.5
6735029 214587697 1
6735029 214848971 0.5
5830494 214829317 1
5830494 214687805 0.5
7596761 214632146 1
7596761 214514291 0.5
7596761 214668667 0.5
2864333 214594678 1
2864333 214839705 0.5
9032568 214849327 1
9032568 214828970 0.5
9032568 214828963 0.5
3171541 214829030 1
3171541 214832126 0.5
4408536 214645005 1
4408536 214845131 0.5
9688282 214853454 1
9688282 214850942 0.5
4728031 214648256 1
4728031 214826942 0.5
4728031 214829102 0.5
4728031 214821309 0.5
177377 214691396 1
177377 214587898 0.5
177377 214644317 0.5
9618301 214853342 1
9618301 214552682 0.5
9618301 214826987 0.5
8471818 214846393 1
8471818 214850758 0.5
10884367 214700000 1
10884367 214835120 0.5
10884367 214548793 0.5
10884367 214680371 0.5
10884367 214704180 0.5
345363 214551917 1
345363 214716971 0.5
345363 214716973 0.5
9164063 214853420 1
9164063 214846033 0.5
9164063 214846031 0.5
10600667 214854358 1
10600667 214705747 0.5
10600667 214854547 0.5
10600667 214567333 0.5
10600667 214854262 0.5
2229549 214829880 1
2229549 214829878 0.5
7345458 214717284 1
7345458 214850715 0.5
7345458 214553702 0.5
4924729 214684372 1
4924729 214613915 0.5
5829949 214712237 1
5829949 214836142 0.5
304446 214716984 1
304446 214717003 0.5
890183 214510854 1
890183 214510820 0.5
9225557 214826987 1
9225557 214853325 0.5
9225557 214850942 0.5
2234407 214717511 1
2234407 214831946 0.5
8476353 214716973 1
8476353 214716947 0.5
8476353 214716939 0.5
8476353 214716980 0.5
8476353 214716941 0.5
9254251 214829878 1
9254251 214853420 0.5
3413356 643078800 1
3413356 214638474 0.5
2360686 214510044 1
2360686 214600502 0.5
6481268 214846385 1
6481268 214545939 0.5
9663863 214712237 1
9663863 214701787 0.5
9663863 214712235 0.5
11113851 214514280 1
11113851 214854785 0.5
11113851 214854789 0.5
2954634 214551607 1
2954634 214551626 0.5
2954634 214533022 0.5
587159 214748291 1
587159 214748304 0.5
280132 214509084 1
280132 214613893 0.5
9328029 214534661 1
9328029 214832655 0.5
4728227 214717539 1
4728227 214832552 0.5
4728227 214835107 0.5
4728227 214832555 0.5
7271847 214836326 1
7271847 214712278 0.5
8483994 214853096 1
8483994 214853105 0.5
8483994 214853090 0.5
8483994 214853094 0.5
8483994 214851326 0.5
2852286 643078800 1
2852286 214835745 0.5
2549187 214829878 1
2549187 214829880 0.5
9156054 214582387 1
9156054 214836785 0.5
6395356 214514317 1
6395356 214706486 0.5
5141999 214844347 1
5141999 214826818 0.5
11329936 214718207 1
11329936 214847940 0.5
4490746 214826747 1
4490746 214587384 0.5
955902 214821315 1
955902 214533022 0.5
5223291 214835713 1
5223291 214844398 0.5
9958924 214853252 1
9958924 214835745 0.5
5568021 214845984 1
5568021 214846065 0.5
5568021 214846033 0.5
5568021 214848185 0.5
3802647 214826705 1
3802647 214840556 0.5
7579162 214853177 1
7579162 214717003 0.5
7579162 214853175 0.5
5363238 214712235 1
5363238 214700000 0.5
2045488 214832720 1
2045488 214829857 0.5
2045488 214829855 0.5
9610163 214853096 1
9610163 214853085 0.5
5297726 214643036 1
5297726 214826833 0.5
5297726 214848324 0.5
8021574 214717003 1
8021574 214716928 0.5
8021574 214854632 0.5
2516564 214516065 1
2516564 214712270 0.5
5109337 214613915 1
5109337 214820265 0.5
2574148 214718396 1
2574148 214711087 0.5
11142769 214857830 1
11142769 214835126 0.5
11142769 214854174 0.5
9397882 214835004 1
9397882 214831955 0.5
4687506 214829102 1
4687506 214839592 0.5
1839017 214826666 1
1839017 214554510 0.5
4642463 214584939 1
4642463 214748342 0.5
9008801 214852978 1
9008801 214840757 0.5
9467556 214849361 1
9467556 214853437 0.5
607912 214826908 1
607912 214826876 0.5
607912 214826837 0.5
9664176 214853321 1
9664176 214743515 0.5
1323978 214716941 1
1323978 214717003 0.5
1323978 214509084 0.5
3724997 214510757 1
3724997 214509403 0.5
3724997 214584821 0.5
3724997 214820255 0.5
4191942 214716707 1
4191942 214557009 0.5
4191942 214826623 0.5
198351 214716977 1
198351 214716984 0.5
198351 214717003 0.5
198351 214716971 0.5
1922771 214821277 1
1922771 214538027 0.5
272088 214716937 1
272088 214716928 0.5
272088 214839373 0.5
272088 214716973 0.5
1832669 214711280 1
1832669 214826610 0.5
5084902 214839947 1
5084902 214688610 0.5
9701108 214829878 1
9701108 214829882 0.5
1306142 214828989 1
1306142 214829004 0.5
11298567 214712235 1
11298567 214700000 0.5
11298567 214744258 0.5
7750616 214716932 1
7750616 214716930 0.5
2438933 214748300 1
2438933 214832720 0.5
2438933 214829857 0.5
2438933 214748293 0.5
2438933 214829855 0.5
771868 214833800 1
771868 214833802 0.5
5502752 214836517 1
5502752 214644650 0.5
10922289 214853102 1
10922289 214853100 0.5
2176047 214826666 1
2176047 214836129 0.5
2176047 214832717 0.5
2402103 214716984 1
2402103 214716977 0.5
2402103 214748327 0.5
11527997 214853094 1
11527997 214852978 0.5
3954502 214601210 1
3954502 214601207 0.5
9602017 214706216 1
9602017 214774685 0.5
9602017 214829045 0.5
10943551 214853102 1
10943551 214854785 0.5
10630993 214854358 1
10630993 214854547 0.5
8058709 214716982 1
8058709 214716984 0.5
8058709 214832657 0.5
8058709 214717007 0.5
7980889 214716984 1
7980889 214854632 0.5
7980889 214832657 0.5
7980889 214716986 0.5
8804193 214853325 1
8804193 214700002 0.5
8804193 214680371 0.5
6477671 214684093 1
6477671 214508287 0.5
1558382 214717305 1
1558382 214696817 0.5
2710294 214602605 1
2710294 214676593 0.5
2710294 214680371 0.5
4384632 214821309 1
4384632 214844456 0.5
4384632 214844458 0.5
4384632 214844462 0.5
3517493 214643925 1
3517493 214512425 0.5
3517493 214580291 0.5
1025941 214840760 1
1025941 214840762 0.5
14218 214716984 1
14218 214832657 0.5
2537362 214829878 1
2537362 214829882 0.5
2537362 214831959 0.5
5601603 214700000 1
5601603 214512611 0.5
808852 214821305 1
808852 214821302 0.5
9709998 214644577 1
9709998 214845416 0.5
2045859 214844456 1
2045859 214821309 0.5
8296609 214700000 1
8296609 214743515 0.5
5834672 214844439 1
5834672 214821305 0.5
5834672 214844460 0.5
5834672 214821341 0.5
10028979 214744258 1
10028979 214700000 0.5
6522807 214836519 1
6522807 214717837 0.5
2328223 643078800 1
2328223 214709737 0.5
8836086 214706216 1
8836086 214829822 0.5
8836086 214835126 0.5
10475169 214854174 1
10475169 214853113 0.5
7309261 214846061 1
7309261 214848658 0.5
2820053 214674772 1
2820053 214583844 0.5
2820053 214551917 0.5
198629 214571904 1
198629 214833800 0.5
9758696 214680371 1
9758696 214842735 0.5
5616638 214712124 1
5616638 214838225 0.5
708948 214748295 1
708948 214748300 0.5
4900864 214684372 1
4900864 214839377 0.5
5662721 214708305 1
5662721 214845405 0.5
4446217 214710152 1
4446217 214553700 0.5
4003856 214836924 1
4003856 214835109 0.5
7981077 214700002 1
7981077 214850353 0.5
7981077 214834991 0.5
7981077 214845420 0.5
7981077 214680356 0.5
6176431 214848324 1
6176431 214826818 0.5
6176431 214848746 0.5
7931568 214551626 1
7931568 214563182 0.5
4114039 214832717 1
4114039 214820259 0.5
4114039 214829079 0.5
7620652 214717867 1
7620652 214716935 0.5
5478066 214829880 1
5478066 214846007 0.5
5478066 214839973 0.5
5478066 214829878 0.5
5478066 214846031 0.5
9263163 214853420 1
9263163 214850949 0.5
4962384 214538951 1
4962384 214551761 0.5
2771027 214835132 1
2771027 214835747 0.5
10946656 214567327 1
10946656 214837286 0.5
8968289 214716982 1
8968289 214832655 0.5
2844776 214530729 1
2844776 214845506 0.5
2844776 214845502 0.5
2844776 214676535 0.5
7580007 214835126 1
7580007 214551626 0.5
4086802 214839594 1
4086802 214839932 0.5
10631286 214718160 1
10631286 214850771 0.5
7045481 214644159 1
7045481 214670240 0.5
7045481 214743367 0.5
5249387 214613915 1
5249387 214684372 0.5
3741838 214821309 1
3741838 214551617 0.5
3741838 214844458 0.5
1562772 214820439 1
1562772 214582387 0.5
1562772 214600502 0.5
202907 214716935 1
202907 214716930 0.5
284831 214716980 1
284831 214716973 0.5
2357418 643078800 1
2357418 214538572 0.5
9558193 214851279 1
9558193 214853143 0.5
1436021 214834875 1
1436021 214743493 0.5
2496706 214821277 1
2496706 214748340 0.5
5392581 214844370 1
5392581 214844347 0.5
6449199 214684093 1
6449199 214845416 0.5
8140494 214850771 1
8140494 214744265 0.5
8878304 214846391 1
8878304 214851135 0.5
6498538 214687963 1
6498538 214843627 0.5
6498538 214687959 0.5
493808 214558331 1
493808 214717757 0.5
739574 214821305 1
739574 214821302 0.5
739574 214586711 0.5
5232888 214613915 1
5232888 214840235 0.5
9671041 214850758 1
9671041 214848847 0.5
4004104 214839705 1
4004104 214594678 0.5
1166382 214821341 1
1166382 214821305 0.5
1166382 214586711 0.5
2222363 214826805 1
2222363 214554296 0.5
133406 214716926 1
133406 214716928 0.5
133406 214717005 0.5
4466981 214602598 1
4466981 214587317 0.5
1485097 214601040 1
1485097 214601042 0.5
7085108 214828952 1
7085108 214536302 0.5
3737918 214834880 1
3737918 214835124 0.5
3737918 214836926 0.5
10422591 214849807 1
10422591 214854345 0.5
5601604 214700000 1
5601604 214512611 0.5
11180382 214857204 1
11180382 214835004 0.5
11282786 214859240 1
11282786 214859139 0.5
11282786 214857830 0.5
11282786 214826987 0.5
11282786 214650508 0.5
11282786 214853325 0.5
11282786 214704180 0.5
10312036 214510445 1
10312036 214849132 0.5
8534507 214853758 1
8534507 214853177 0.5
10807659 214853754 1
10807659 214711556 0.5
2914674 214829880 1
2914674 214831946 0.5
2914674 214829878 0.5
8694131 214844205 1
8694131 214844203 0.5
8694131 214509013 0.5
3905914 214717003 1
3905914 214716928 0.5
8677764 214853090 1
8677764 214851326 0.5
2444758 214612895 1
2444758 214539050 0.5
7481742 214851167 1
7481742 214849395 0.5
8485276 214716984 1
8485276 214716930 0.5
8485276 214832653 0.5
8485276 214533022 0.5
10733393 214853090 1
10733393 214684785 0.5
10733393 214853085 0.5
10733393 214853767 0.5
5982647 214850565 1
5982647 214834899 0.5
5380552 214826987 1
5380552 214684702 0.5
9870412 214853321 1
9870412 214712237 0.5
8980941 214853094 1
8980941 214853096 0.5
8980941 214853090 0.5
47581 214819357 1
47581 214535653 0.5
1608171 214829390 1
1608171 214828976 0.5
4626924 214844456 1
4626924 214821309 0.5
6044141 214821277 1
6044141 214821285 0.5
2660847 214821315 1
2660847 214612706 0.5
6445552 214829390 1
6445552 214829392 0.5
3967482 214594678 1
3967482 214594680 0.5
7137826 214743367 1
7137826 214676480 0.5
7137826 214712242 0.5
3750438 214831970 1
3750438 214545005 0.5
2320941 214844394 1
2320941 214551780 0.5
7526959 214840378 1
7526959 214700002 0.5
7526959 214712237 0.5
2480689 214842733 1
2480689 214800264 0.5
7588418 214716984 1
7588418 214716967 0.5
7588418 214832653 0.5
7588418 214832655 0.5
8243782 214853122 1
8243782 214840378 0.5
9808311 214717867 1
9808311 214821341 0.5
9808311 214716926 0.5
3295826 214550248 1
3295826 214550263 0.5
9800279 214853707 1
9800279 214850945 0.5
9800279 214853420 0.5
3381849 214844439 1
3381849 214844394 0.5
907883 214826816 1
907883 214553936 0.5
907883 214827017 0.5
199287 214820201 1
199287 214691293 0.5
277113 214717003 1
277113 214826705 0.5
8105452 214717003 1
8105452 214716973 0.5
8105452 214553702 0.5
834176 214832730 1
834176 214833800 0.5
3529077 214743382 1
3529077 214839617 0.5
3529077 214561402 0.5
6224529 214709807 1
6224529 214644697 0.5
2165394 214835752 1
2165394 214836328 0.5
2165394 214712132 0.5
2165394 214648254 0.5
2165394 214829846 0.5
4782742 214640353 1
4782742 214678104 0.5
4782742 214678918 0.5
1825439 214695399 1
1825439 214829034 0.5
1825439 214826814 0.5
1825439 214602806 0.5
9857696 214819727 1
9857696 214540035 0.5
454427 214717005 1
454427 214717007 0.5
454427 214716941 0.5
454427 214832653 0.5
7436974 214700000 1
7436974 214835120 0.5
7436974 214548793 0.5
7436974 214704180 0.5
7133872 214632146 1
7133872 214668667 0.5
5382191 214550531 1
5382191 214839956 0.5
5195551 214829312 1
5195551 214546123 0.5
7547338 214853758 1
7547338 214828882 0.5
7547338 214849766 0.5
3943104 214829079 1
3943104 214832717 0.5
7080664 214677615 1
7080664 214718220 0.5
8370908 214716932 1
8370908 214716935 0.5
1256161 214584797 1
1256161 214820450 0.5
5429987 214844347 1
5429987 214844400 0.5
5429987 214844372 0.5
5429987 214846061 0.5
4935464 214835120 1
4935464 214512611 0.5
4935464 214712237 0.5
4935464 214743515 0.5
3701498 214743495 1
3701498 214829321 0.5
5892859 214839947 1
5892859 214688610 0.5
5040597 214840378 1
5040597 214544840 0.5
3205898 214834867 1
3205898 214609325 0.5
1944334 214534689 1
1944334 214534693 0.5
5331729 214847940 1
5331729 214515830 0.5
10407726 214650508 1
10407726 214853244 0.5
6056752 214848159 1
6056752 214835019 0.5
8722227 214846391 1
8722227 214849136 0.5
4672324 214835122 1
4672324 214832722 0.5
1008099 214594678 1
1008099 214594680 0.5
4393818 214587547 1
4393818 214826769 0.5
4393818 214512429 0.5
4393818 214509125 0.5
2235234 214820242 1
2235234 214613893 0.5
9681383 214853420 1
9681383 214850947 0.5
9681383 214850942 0.5
4782956 214838109 1
4782956 214836847 0.5
4782956 214821407 0.5
297846 214716932 1
297846 214716935 0.5
4291448 214829792 1
4291448 214680371 0.5
7896213 214717003 1
7896213 214716982 0.5
8133511 214844456 1
8133511 214844462 0.5
10132368 214540035 1
10132368 214853865 0.5
10132368 214853754 0.5
10132368 214578011 0.5
5565331 214738457 1
5565331 214835426 0.5
5565331 214716909 0.5
5565331 214595150 0.5
8903573 214851077 1
8903573 214636316 0.5
9776281 214510445 1
9776281 214540035 0.5
9776281 214849132 0.5
3902368 214821020 1
3902368 214586863 0.5
10238883 214854227 1
10238883 214857167 0.5
2775974 643078800 1
2775974 214706460 0.5
4365234 214744796 1
4365234 214717305 0.5
5251571 214684702 1
5251571 214826987 0.5
5251571 214557607 0.5
8821687 214853077 1
8821687 214852980 0.5
8821687 214853085 0.5
285641 214716935 1
285641 214716984 0.5
2617847 214831948 1
2617847 214829887 0.5
7977938 214853143 1
7977938 214851279 0.5
9825238 214716982 1
9825238 214717867 0.5
9825238 214854572 0.5
9825238 214832653 0.5
9825238 214855183 0.5
9825238 214716984 0.5
9825238 214832655 0.5
7862243 214845506 1
7862243 214845504 0.5
7862243 214836506 0.5
7057231 214849012 1
7057231 214836932 0.5
9219039 214853420 1
9219039 214850942 0.5
9423841 214717822 1
9423841 214850949 0.5
1833959 214844439 1
1833959 214821305 0.5
744428 214716977 1
744428 214716975 0.5
2935797 214835017 1
2935797 214835747 0.5
136858 214586711 1
136858 214821302 0.5
1241808 214701307 1
1241808 214576777 0.5
1241808 214696970 0.5
8637444 214826668 1
8637444 214554510 0.5
10992658 214849132 1
10992658 214510445 0.5
1231894 214821305 1
1231894 214821307 0.5
1231894 214821302 0.5
121891 214826955 1
121891 214826835 0.5
121891 214826627 0.5
1452943 214748338 1
1452943 214748293 0.5
4709421 214846057 1
4709421 214848727 0.5
11357233 214835004 1
11357233 214858680 0.5
11357233 214854789 0.5
8907844 214853094 1
8907844 214852980 0.5
8907844 214853085 0.5
8907844 214853077 0.5
7440908 214828882 1
7440908 214853173 0.5
846931 214701307 1
846931 214834922 0.5
846931 214558331 0.5
2948199 643078800 1
2948199 214821017 0.5
9609279 214717265 1
9609279 214717284 0.5
10603626 214567327 1
10603626 214854510 0.5
658539 214839373 1
658539 214684513 0.5
4880526 214844456 1
4880526 214844462 0.5
4144251 214835109 1
4144251 214836932 0.5
4144251 214836924 0.5
7527564 214849747 1
7527564 214849753 0.5
2112653 214716971 1
2112653 214716973 0.5
10037784 214853730 1
10037784 214853702 0.5
10037784 214853767 0.5
7314581 214513284 1
7314581 214513286 0.5
7685999 214509403 1
7685999 214584821 0.5
5373086 214843320 1
5373086 214551894 0.5
6618273 214842735 1
6618273 214826750 0.5
6439157 214716937 1
6439157 214717003 0.5
4295846 214829792 1
4295846 214743515 0.5
10795549 214853072 1
10795549 214854774 0.5
7601331 214696824 1
7601331 214850450 0.5
11140284 214701787 1
11140284 214680371 0.5
11140284 214650508 0.5
11140284 214704182 0.5
7591837 214717007 1
7591837 214716982 0.5
1850561 214821277 1
1850561 214821290 0.5
2747589 214836515 1
2747589 214829880 0.5
2747589 214829878 0.5
2747589 214829885 0.5
2747589 214831950 0.5
8129737 214844439 1
8129737 214844394 0.5
2964687 214835132 1
2964687 214829390 0.5
11233828 214854774 1
11233828 214510445 0.5
7601384 214849466 1
7601384 214849738 0.5
10811944 214835000 1
10811944 214857204 0.5
2673906 214663310 1
2673906 214657290 0.5
2231509 214748295 1
2231509 214748304 0.5
2231509 214753513 0.5
9702661 214835000 1
9702661 214532955 0.5
7814863 214684715 1
7814863 214514280 0.5
7814863 214826942 0.5
7138569 214821277 1
7138569 214821292 0.5
10919178 214854774 1
10919178 214578011 0.5
10919178 214510445 0.5
7861464 214509084 1
7861464 214820242 0.5
7834898 214716973 1
7834898 214844953 0.5
10906916 214859139 1
10906916 214835713 0.5
7666987 214835126 1
7666987 214587328 0.5
1449261 214821320 1
1449261 214826668 0.5
32056 214716926 1
32056 214717003 0.5
32056 214717005 0.5
4885817 214613915 1
4885817 214684372 0.5
10642859 214851742 1
10642859 214845962 0.5
10642859 214536195 0.5
5586238 214846065 1
5586238 214846470 0.5
10517824 214640351 1
10517824 214678104 0.5
6040898 214700002 1
6040898 214511015 0.5
5221701 214839956 1
5221701 214839977 0.5
310612 214839313 1
310612 214820261 0.5
8658276 214853094 1
8658276 214853096 0.5
8658276 214853085 0.5
4345196 214839341 1
4345196 214839339 0.5
1736047 214834873 1
1736047 214743493 0.5
10339663 214835120 1
10339663 214606408 0.5
10339663 214712235 0.5
10339663 214712237 0.5
10339663 214701787 0.5
8734613 214551626 1
8734613 214844456 0.5
11222402 214714755 1
11222402 214854733 0.5
4690747 214612901 1
4690747 214539236 0.5
3104139 214831940 1
3104139 214587028 0.5
3104139 214835503 0.5
2895248 214535602 1
2895248 214832730 0.5
2895248 214835717 0.5
2895248 214535610 0.5
10067346 214838308 1
10067346 214582942 0.5
1355163 214829366 1
1355163 214834877 0.5
3005852 214837918 1
3005852 214835137 0.5
6446494 214836519 1
6446494 214850402 0.5
8579653 214677615 1
8579653 214551748 0.5
1883554 214829861 1
1883554 214840599 0.5
3198373 214829820 1
3198373 214800264 0.5
3198373 214843635 0.5
1596841 214717003 1
1596841 214748336 0.5
1596841 214712130 0.5
1596841 214544799 0.5
1596841 214544782 0.5
1596841 214743495 0.5
10550699 214854300 1
10550699 214684762 0.5
10759598 214853094 1
10759598 214853090 0.5
5594543 214845131 1
5594543 214839932 0.5
10198452 214743367 1
10198452 214838094 0.5
1292193 214821401 1
1292193 214826908 0.5
1292193 214717286 0.5
5090763 214839947 1
5090763 214640015 0.5
859606 214827011 1
859606 214827009 0.5
5017508 214613915 1
5017508 214684372 0.5
4533723 214820938 1
4533723 214578350 0.5
4533723 214561991 0.5
3740924 214680371 1
3740924 214602605 0.5
5833027 214743515 1
5833027 214700002 0.5
5833027 214712237 0.5
5094892 214836830 1
5094892 214711205 0.5
4852306 214836875 1
4852306 214586668 0.5
4852306 214836830 0.5
5750261 214708044 1
5750261 214716658 0.5
5750261 214829398 0.5
7113303 214829668 1
7113303 214820272 0.5
6405649 214821315 1
6405649 214612706 0.5
1203731 214508942 1
1203731 214844216 0.5
4992533 214836536 1
4992533 214839600 0.5
10640929 214854358 1
10640929 214854707 0.5
11349538 214578011 1
11349538 214854774 0.5
10186279 214854172 1
10186279 214854148 0.5
10186279 214853996 0.5
10186279 214853865 0.5
4320808 214553700 1
4320808 214839913 0.5
806443 214748338 1
806443 214748300 0.5
11501103 214854502 1
11501103 214850702 0.5
6217276 214829317 1
6217276 214687805 0.5
11230788 214857204 1
11230788 214835000 0.5
2080331 214718210 1
2080331 214581917 0.5
2080331 214711205 0.5
2747997 214836330 1
2747997 214831959 0.5
1100389 214537967 1
1100389 214839373 0.5
2276216 214821277 1
2276216 214821285 0.5
10436198 214510445 1
10436198 214849132 0.5
2322023 214836515 1
2322023 214831931 0.5
3313258 214717614 1
3313258 214716924 0.5
10911344 214854774 1
10911344 214853072 0.5
10911344 214540035 0.5
10911344 214538572 0.5
10911344 214510445 0.5
10075761 214510445 1
10075761 214540035 0.5
2473601 214712235 1
2473601 214581489 0.5
876167 214826705 1
876167 214826608 0.5
4573732 214839973 1
4573732 214839975 0.5
7769744 214584939 1
7769744 214748340 0.5
4270571 214826803 1
4270571 214820383 0.5
1834664 214748302 1
1834664 214748297 0.5
6278841 214832154 1
6278841 214835473 0.5
198206 214537490 1
198206 214534693 0.5
8908483 214853248 1
8908483 214853094 0.5
2350803 214837916 1
2350803 214834867 0.5
11095766 214684762 1
11095766 214853726 0.5
880343 214827011 1
880343 214827013 0.5
1793759 214558254 1
1793759 214829368 0.5
7933904 214853177 1
7933904 214850938 0.5
4493027 214509842 1
4493027 214537490 0.5
3628777 214836924 1
3628777 214835475 0.5
3628777 214836932 0.5
3628777 214835167 0.5
11181806 214835117 1
11181806 214853102 0.5
10944239 214701787 1
10944239 214859139 0.5
4803009 214540125 1
4803009 214548744 0.5
4054797 214594678 1
4054797 214594680 0.5
4054797 214836881 0.5
4054797 214691366 0.5
2768654 214712235 1
2768654 214700002 0.5
2249348 214748297 1
2249348 214753513 0.5
5676826 214836506 1
5676826 214845502 0.5
2109211 214829855 1
2109211 214832720 0.5
5938972 214800264 1
5938972 214850996 0.5
2735901 214712235 1
2735901 214581489 0.5
3039011 214844458 1
3039011 214821309 0.5
3419944 214829773 1
3419944 214821407 0.5
2178857 214832720 1
2178857 214829820 0.5
2178857 214829855 0.5
7245612 214534667 1
7245612 214534661 0.5
10403631 214640015 1
10403631 214710159 0.5
7687986 214829317 1
7687986 214687805 0.5
4218679 214602605 1
4218679 214712235 0.5
8797423 214853252 1
8797423 214853420 0.5
10579774 214510445 1
10579774 214574777 0.5
7556927 214851279 1
7556927 214701787 0.5
134976 214716971 1
134976 214716973 0.5
1593313 214612762 1
1593313 214601040 0.5
1593313 214834880 0.5
1593313 214829100 0.5
11181903 214567215 1
11181903 214854268 0.5
7528294 214850792 1
7528294 214850938 0.5
9052018 214852978 1
9052018 214853094 0.5
5254332 214821313 1
5254332 214844454 0.5
5562238 214829325 1
5562238 214829327 0.5
1245057 214716984 1
1245057 214832657 0.5
8200173 214821277 1
8200173 214584939 0.5
9269148 214851279 1
9269148 214530729 0.5
7916869 214595137 1
7916869 214509401 0.5
7916869 214829762 0.5
7916869 214677894 0.5
8322978 214717007 1
8322978 214716984 0.5
8322978 214832655 0.5
2248614 214551626 1
2248614 214844250 0.5
2248614 214586711 0.5
3383237 214612706 1
3383237 214844394 0.5
11325393 214701787 1
11325393 214530705 0.5
5005267 214602733 1
5005267 214819762 0.5
5005267 214587317 0.5
4574542 214538820 1
4574542 214831970 0.5
4574542 214832557 0.5
4890586 214838094 1
4890586 214827032 0.5
4890586 214579372 0.5
9482203 214680371 1
9482203 214744258 0.5
9482203 214826987 0.5
9482203 214857830 0.5
9482203 214639815 0.5
507221 214821305 1
507221 214717322 0.5
507221 214717331 0.5
