5465053 214848727 1
5465053 214846057 0.5
10891277 214859139 1
10891277 214853321 0.5
10891277 214650508 0.5
11259926 214510445 1
11259926 214849132 0.5
2506779 214829846 1
2506779 214844420 0.5
1043802 214710159 1
1043802 214640015 0.5
10756132 214712278 1
10756132 214700876 0.5
7831604 214835126 1
7831604 214587328 0.5
7831604 214829792 0.5
7831604 214716935 0.5
2392117 214613893 1
2392117 214838505 0.5
1227449 214680371 1
1227449 214602605 0.5
5836891 214845502 1
5836891 214845504 0.5
10449594 214852978 1
10449594 214853248 0.5
8376416 214850743 1
8376416 214851122 0.5
8376416 214850771 0.5
8376416 214851236 0.5
8172226 214853323 1
8172226 214717003 0.5
4745234 214706452 1
4745234 214712237 0.5
7745647 214840378 1
7745647 214853657 0.5
9063612 214853758 1
9063612 214853177 0.5
9063612 214820306 0.5
2592897 214700002 1
2592897 214680369 0.5
2592897 214712237 0.5
2261123 214709638 1
2261123 214684108 0.5
10821764 214845416 1
10821764 214836827 0.5
11149447 214510445 1
11149447 214510460 0.5
4972681 214684372 1
4972681 214833802 0.5
10739853 214846391 1
10739853 214687475 0.5
10739853 214854583 0.5
10182799 214850304 1
10182799 214850282 0.5
8466083 214853173 1
8466083 214851120 0.5
8466083 214718216 0.5
8466083 214853758 0.5
8466083 214853175 0.5
958614 214717003 1
958614 214834880 0.5
958614 214833755 0.5
6388421 214509401 1
6388421 214820227 0.5
626034 214684093 1
626034 214708372 0.5
626034 214508287 0.5
2437302 214832717 1
2437302 214829705 0.5
1879412 214712229 1
1879412 214831931 0.5
6067917 214819627 1
6067917 214684715 0.5
6067917 214717507 0.5
6992377 214849350 1
6992377 214684093 0.5
9916612 214680371 1
9916612 214700000 0.5
9916612 214853317 0.5
3764428 214848729 1
3764428 214848727 0.5
274639 214717007 1
274639 214832655 0.5
2601174 214832717 1
2601174 214829711 0.5
3072219 643078800 1
3072219 214587028 0.5
2107432 214709638 1
2107432 214826818 0.5
2107432 214684108 0.5
7721212 214829792 1
7721212 214743515 0.5
7721212 214712237 0.5
10993921 214510445 1
10993921 214853072 0.5
7127302 214687892 1
7127302 214560069 0.5
11362573 214829822 1
11362573 214700876 0.5
2105616 214716973 1
2105616 214819468 0.5
8102166 214853173 1
8102166 214853657 0.5
5198106 214602830 1
5198106 214613915 0.5
151846 214684513 1
151846 214594616 0.5
151846 214716935 0.5
6906151 214832604 1
6906151 214848613 0.5
8314168 214853177 1
8314168 214853758 0.5
8314168 214853175 0.5
5873973 214846385 1
5873973 214545932 0.5
4624436 214839356 1
4624436 214552395 0.5
3107322 214829752 1
3107322 214831948 0.5
5202276 214613915 1
5202276 214839377 0.5
5202276 214684372 0.5
615144 214821028 1
615144 214706460 0.5
2581907 214829707 1
2581907 214829705 0.5
2581907 214829852 0.5
1952044 214602605 1
1952044 214835120 0.5
1952044 214829887 0.5
11022726 214577709 1
11022726 214853754 0.5
3096968 214832717 1
3096968 214820227 0.5
3096968 214973182 0.5
2586264 214716977 1
2586264 214716975 0.5
2586264 214716971 0.5
2586264 214717867 0.5
2586264 214748327 0.5
2347443 214748300 1
2347443 214748295 0.5
635289 214718210 1
635289 214572182 0.5
2711969 643078800 1
2711969 214829882 0.5
2654626 214515883 1
2654626 214550383 0.5
2082887 214716932 1
2082887 214716930 0.5
2082887 214716935 0.5
9138607 214849327 1
9138607 214668594 0.5
9138607 214828970 0.5
1356227 214680371 1
1356227 214712235 0.5
11423137 214853732 1
11423137 214853724 0.5
11423137 214854300 0.5
11423137 214857549 0.5
7406027 214849132 1
7406027 214849093 0.5
8397262 214853094 1
8397262 214852978 0.5
7664084 214826833 1
7664084 214835042 0.5
6682096 214743515 1
6682096 214700002 0.5
6682096 214712237 0.5
5648854 214820377 1
5648854 214584992 0.5
9953757 214846119 1
9953757 214559660 0.5
7370463 214844394 1
7370463 214821305 0.5
2330704 214533022 1
2330704 214716935 0.5
4121063 214540072 1
4121063 214540172 0.5
11297271 214774676 1
11297271 214774678 0.5
8126994 214850743 1
8126994 214849312 0.5
8126994 214851236 0.5
8126994 214835111 0.5
8126994 214748334 0.5
8126994 214829366 0.5
8126994 214844347 0.5
3019286 214533022 1
3019286 214716932 0.5
5026854 214684372 1
5026854 214695161 0.5
709148 214706216 1
709148 214827020 0.5
2396933 214712235 1
2396933 214581489 0.5
2396933 214601203 0.5
2396933 214512611 0.5
2396933 214602605 0.5
2396933 214511015 0.5
10334753 214680371 1
10334753 214700000 0.5
10334753 214851032 0.5
10334753 214712235 0.5
10334753 214676612 0.5
3793453 214584939 1
3793453 214820231 0.5
4932151 214839956 1
4932151 214839977 0.5
2418783 643078800 1
2418783 643078783 0.5
1720892 214829747 1
1720892 214828995 0.5
2859584 214836517 1
2859584 643078800 0.5
2652257 643078800 1
2652257 214573612 0.5
2652257 214684093 0.5
3937721 214833802 1
3937721 214535617 0.5
1770074 214509084 1
1770074 214613893 0.5
2826844 214827020 1
2826844 214677885 0.5
4899432 214839956 1
4899432 214839977 0.5
4899432 214829042 0.5
4878956 214717003 1
4878956 214717005 0.5
4878956 214554358 0.5
4878956 214717007 0.5
6390388 214820377 1
6390388 214820261 0.5
5427829 214743515 1
5427829 214835120 0.5
5427829 214541370 0.5
5427829 214704180 0.5
5427829 214712237 0.5
5427829 214511015 0.5
11104887 214853420 1
11104887 214855016 0.5
11104887 214845577 0.5
11104887 214829878 0.5
11104887 214853102 0.5
11104887 214846033 0.5
5091964 214821309 1
5091964 214844458 0.5
9183892 214700002 1
9183892 214743515 0.5
9183892 214712237 0.5
9183892 214851279 0.5
9183892 214853143 0.5
5783536 214849350 1
5783536 214708372 0.5
5783536 214684093 0.5
5783536 214508287 0.5
6640291 214578350 1
6640291 214849747 0.5
8274596 214555910 1
8274596 214850730 0.5
8274596 214836827 0.5
8274596 214540597 0.5
6279851 214748310 1
6279851 214819779 0.5
6279851 214709807 0.5
332468 214636505 1
332468 214639305 0.5
332468 214512431 0.5
3224264 214587609 1
3224264 214832728 0.5
3224264 214832730 0.5
451298 214820415 1
451298 214841640 0.5
451298 214535621 0.5
451298 214839373 0.5
4440808 214684513 1
4440808 214684372 0.5
9585397 214744258 1
9585397 214743515 0.5
9585397 214851279 0.5
9547959 214700002 1
9547959 214712237 0.5
9547959 214511015 0.5
4944641 214684372 1
4944641 214836868 0.5
4944641 214820261 0.5
4944641 214829672 0.5
4944641 214833802 0.5
4944641 214602830 0.5
4944641 214613915 0.5
11158278 214848324 1
11158278 214848746 0.5
6652704 214716707 1
6652704 214832604 0.5
835969 214840483 1
835969 214828987 0.5
11137834 214578011 1
11137834 214853072 0.5
1045298 214829747 1
1045298 214828995 0.5
4207406 214584907 1
4207406 214676480 0.5
4207406 214748340 0.5
4207406 214602534 0.5
5542704 214831970 1
5542704 214551748 0.5
5542704 214839982 0.5
2243382 214829880 1
2243382 214829878 0.5
2243382 214829887 0.5
586566 214833800 1
586566 214833802 0.5
95059 214537967 1
95059 214743515 0.5
172893 214832655 1
172893 214821275 0.5
172893 214716932 0.5
172893 214832653 0.5
172893 214716935 0.5
8401762 214828970 1
8401762 214534217 0.5
2138979 214716937 1
2138979 214716986 0.5
2138979 214717007 0.5
8377214 214851122 1
8377214 214851236 0.5
5182348 214829317 1
5182348 214828989 0.5
1855906 214834916 1
1855906 214644639 0.5
2536341 643078800 1
2536341 214826955 0.5
2536341 214538572 0.5
2536341 214829878 0.5
5559196 214613915 1
5559196 214684372 0.5
9868193 214853707 1
9868193 214853730 0.5
9384876 214712235 1
9384876 214680371 0.5
1811388 214829317 1
1811388 214587307 0.5
5393229 214511465 1
5393229 214738449 0.5
5393229 214537867 0.5
9348052 214852987 1
9348052 214850332 0.5
2474973 214826666 1
2474973 214753505 0.5
8745956 214716937 1
8745956 214716939 0.5
8745956 214716971 0.5
8745956 214716973 0.5
8745956 214716975 0.5
8745956 214716977 0.5
8745956 214716980 0.5
8745956 214554358 0.5
8745956 214716941 0.5
8745956 214717867 0.5
5933222 214560187 1
5933222 214595137 0.5
5933222 214846378 0.5
7250919 214829317 1
7250919 214828997 0.5
7017982 214849807 1
7017982 214849775 0.5
3757048 214836851 1
3757048 214836830 0.5
205658 214829312 1
205658 214539527 0.5
4900357 214839356 1
4900357 214829672 0.5
4900357 214685747 0.5
4900357 214829670 0.5
3757091 214600492 1
3757091 214835745 0.5
3757091 214554332 0.5
3757091 214586668 0.5
2651172 214820842 1
2651172 214555168 0.5
660517 214582387 1
660517 214510044 0.5
660517 214820439 0.5
2098214 214546123 1
2098214 214717292 0.5
2098214 214539527 0.5
3777576 214684513 1
3777576 214839369 0.5
7675757 214716930 1
7675757 214575193 0.5
9348144 214510447 1
9348144 214510451 0.5
9348144 214849132 0.5
9348144 214510445 0.5
7578691 214716932 1
7578691 214716930 0.5
7578691 214716982 0.5
5076037 214840082 1
5076037 214820398 0.5
3355724 214829878 1
3355724 214826835 0.5
3355724 214826955 0.5
9135189 214851155 1
9135189 214851152 0.5
10999993 214835117 1
10999993 214857551 0.5
7832664 214851279 1
7832664 214853145 0.5
7832664 214744258 0.5
7832664 214840378 0.5
2888798 214835503 1
2888798 214835745 0.5
2888798 214835017 0.5
2888798 214835019 0.5
2888798 214829390 0.5
2888798 214601233 0.5
2888798 214831959 0.5
2900837 643078800 1
2900837 214532107 0.5
10523754 214582513 1
10523754 214717320 0.5
2540656 214829885 1
2540656 214829878 0.5
2471036 214829878 1
2471036 214829882 0.5
4911473 214839956 1
4911473 214839977 0.5
8750219 214853090 1
8750219 214853248 0.5
8750219 214853094 0.5
204312 214716973 1
204312 214717003 0.5
204312 214716971 0.5
204312 214819468 0.5
204312 214716982 0.5
7591058 214853173 1
7591058 214828882 0.5
7668883 214855185 1
7668883 214716932 0.5
7668883 214716935 0.5
3859604 214684513 1
3859604 214839371 0.5
3859604 214602699 0.5
7839508 214717007 1
7839508 214554358 0.5
11203741 214853707 1
11203741 214716110 0.5
1303711 214716577 1
1303711 214717097 0.5
1303711 214674647 0.5
5010592 214613915 1
5010592 214684372 0.5
5502126 214712235 1
5502126 214835120 0.5
5502126 214700000 0.5
5502126 214744258 0.5
5502126 214836868 0.5
2215443 214829878 1
2215443 214829882 0.5
2215443 214829887 0.5
6512161 214821315 1
6512161 214612706 0.5
6512161 214533022 0.5
8955083 214579755 1
8955083 214846408 0.5
8955083 214560187 0.5
4446413 214712235 1
4446413 214744258 0.5
7529689 214851279 1
7529689 214853143 0.5
7529689 214853657 0.5
7529689 214743515 0.5
7529689 214853145 0.5
5612762 214820261 1
5612762 214820233 0.5
357601 214836765 1
357601 214836073 0.5
7939302 214844439 1
7939302 214854632 0.5
7939302 214717007 0.5
7935149 214851099 1
7935149 214819760 0.5
7935149 214819762 0.5
9340149 214832747 1
9340149 214849312 0.5
3038764 214844250 1
3038764 214509013 0.5
2065686 214743515 1
2065686 214712237 0.5
4863256 214821305 1
4863256 214821341 0.5
4863256 214844439 0.5
2647328 214706452 1
2647328 214700002 0.5
2647328 214743515 0.5
2647328 214835287 0.5
9839911 214849132 1
9839911 214539592 0.5
173357 214706460 1
173357 214826833 0.5
802843 214821305 1
802843 214821347 0.5
5807667 214849001 1
5807667 214574672 0.5
5807667 214574670 0.5
8422726 214851279 1
8422726 214826987 0.5
8422726 214835126 0.5
10825764 214716928 1
10825764 214716926 0.5
5047627 214840082 1
5047627 214633989 0.5
1840492 214613743 1
1840492 214821399 0.5
1840492 214539110 0.5
1840492 214743495 0.5
10995058 214704182 1
10995058 214859240 0.5
10995058 214859242 0.5
10995058 214859139 0.5
5449079 214826987 1
5449079 214684702 0.5
5883271 214846378 1
5883271 214706445 0.5
7619997 214716930 1
7619997 214819468 0.5
7751073 214853173 1
7751073 214850304 0.5
9504167 214717003 1
9504167 214716928 0.5
9504167 214717007 0.5
338844 214680371 1
338844 214835120 0.5
338844 214712235 0.5
4920903 214839956 1
4920903 214839977 0.5
4876863 214844439 1
4876863 214821305 0.5
4876863 214844394 0.5
4876863 214839587 0.5
4876863 214844447 0.5
3356079 214551780 1
3356079 214551776 0.5
3356079 214539110 0.5
5023156 214840082 1
5023156 214826818 0.5
5023156 214826820 0.5
5023156 214743350 0.5
6530489 214826833 1
6530489 214846378 0.5
3847617 214848729 1
3847617 214846057 0.5
10061387 214853767 1
10061387 214714721 0.5
5847286 214587005 1
5847286 214832019 0.5
6088268 214846378 1
6088268 214553664 0.5
6088268 214706445 0.5
7493066 214855185 1
7493066 214716930 0.5
7493066 214716932 0.5
1603019 214705991 1
1603019 214834880 0.5
1603019 214826610 0.5
1603019 214826955 0.5
3958228 214829788 1
3958228 214839600 0.5
8767962 214507331 1
8767962 214849350 0.5
8834641 214851326 1
8834641 214853248 0.5
5641712 214575193 1
5641712 214640240 0.5
7980531 214701787 1
7980531 214851279 0.5
891818 214826705 1
891818 214826810 0.5
7308798 214844439 1
7308798 214509013 0.5
6030848 214690781 1
6030848 214717770 0.5
5268993 214835120 1
5268993 214700002 0.5
5268993 214712235 0.5
10835464 214853732 1
10835464 214853724 0.5
10835464 214853325 0.5
3814923 214684513 1
3814923 214839371 0.5
3694168 214748338 1
3694168 214753513 0.5
8001044 214855185 1
8001044 214716935 0.5
4745479 214820263 1
4745479 214821277 0.5
341563 214717005 1
341563 214838368 0.5
4973493 214613915 1
4973493 214684372 0.5
11351628 214857570 1
11351628 214857568 0.5
8677266 214853094 1
8677266 214853248 0.5
8677266 214853090 0.5
8677266 214851326 0.5
11335271 214640015 1
11335271 214710159 0.5
8537704 214826987 1
8537704 214821377 0.5
11183036 214853072 1
11183036 214854774 0.5
8709744 214540172 1
8709744 214540136 0.5
2422389 214829878 1
2422389 214711408 0.5
2422389 214826955 0.5
6331327 214846462 1
6331327 214534215 0.5
2835976 214835017 1
2835976 214835128 0.5
2835976 214835745 0.5
2835976 214835747 0.5
3778197 214821285 1
3778197 214826803 0.5
3778197 214820227 0.5
3501421 214710159 1
3501421 214688668 0.5
3501421 214691188 0.5
3501421 214640015 0.5
1566363 214565578 1
1566363 214711005 0.5
2184876 214709792 1
2184876 214835752 0.5
2184876 214508287 0.5
4867766 214840595 1
4867766 214584992 0.5
4867766 214839971 0.5
4867766 214714790 0.5
9101893 214851122 1
9101893 214851581 0.5
849623 214821339 1
849623 214821309 0.5
2647771 643078800 1
2647771 643078783 0.5
296668 214716982 1
296668 214717003 0.5
296668 214716965 0.5
296668 214717007 0.5
820958 214821315 1
820958 214821305 0.5
820958 214551617 0.5
820958 214551626 0.5
820958 214821309 0.5
820958 214586711 0.5
4609768 214690781 1
4609768 214717770 0.5
7938343 214716935 1
7938343 214855185 0.5
7938343 214716932 0.5
9647422 214853420 1
9647422 214850949 0.5
10602233 214820938 1
10602233 214849747 0.5
11085591 214845506 1
11085591 214845504 0.5
11085591 214845502 0.5
9820913 214838246 1
9820913 214849063 0.5
9262881 214853325 1
9262881 214826987 0.5
8394531 214716928 1
8394531 214717003 0.5
7214726 214853758 1
7214726 214700000 0.5
7214726 214853177 0.5
4515624 214831970 1
4515624 214836512 0.5
3635006 214554510 1
3635006 214708305 0.5
2160449 214835752 1
2160449 214709792 0.5
9847777 214829042 1
9847777 214700992 0.5
3598158 214573612 1
3598158 214585676 0.5
3598158 214583190 0.5
11529079 214857204 1
11529079 214835000 0.5
6817627 214680371 1
6817627 214712235 0.5
3704671 643078800 1
3704671 214826990 0.5
6170464 214840595 1
6170464 214584992 0.5
133317 214716984 1
133317 214716928 0.5
133317 214716973 0.5
133317 214838375 0.5
534391 214826908 1
534391 214826904 0.5
534391 214826906 0.5
534391 214826837 0.5
694139 214716982 1
694139 214716928 0.5
694139 214716965 0.5
4859778 214821277 1
4859778 214584939 0.5
4237188 214594678 1
4237188 214836924 0.5
3099628 214539050 1
3099628 214539238 0.5
3856266 214836924 1
3856266 214835167 0.5
3532688 214587028 1
3532688 214835747 0.5
4613784 214846057 1
4613784 214844420 0.5
6924186 214837918 1
6924186 214837916 0.5
11036579 214578011 1
11036579 214854707 0.5
11036579 214849132 0.5
5311474 214828952 1
5311474 214845577 0.5
7874482 214716928 1
7874482 214854632 0.5
6907833 214836506 1
6907833 214849076 0.5
6907833 214845502 0.5
10016702 214537856 1
10016702 214537931 0.5
2029503 214819772 1
2029503 214834873 0.5
9107402 214546123 1
9107402 214555237 0.5
2471888 214832717 1
2471888 214836129 0.5
2471888 214829846 0.5
2471888 214829711 0.5
2681928 214613893 1
2681928 214509084 0.5
7460828 214717007 1
7460828 214844439 0.5
7460828 214716975 0.5
3123173 214552145 1
3123173 214657552 0.5
11413478 214859240 1
11413478 214859242 0.5
155281 214826816 1
155281 214826705 0.5
2557946 214701307 1
2557946 214700885 0.5
7062527 214829792 1
7062527 214712237 0.5
1951748 214835752 1
1951748 214709792 0.5
1951748 214532107 0.5
317451 214717003 1
317451 214711408 0.5
317451 214826627 0.5
317451 214717007 0.5
2709522 214820255 1
2709522 643078800 0.5
3304763 214712235 1
3304763 214835120 0.5
3304763 214512611 0.5
3304763 214602605 0.5
11470889 214675895 1
11470889 214826745 0.5
11470889 214821022 0.5
755757 214832557 1
755757 214821020 0.5
3942454 214842735 1
3942454 214612704 0.5
3942454 214711297 0.5
3942454 214612706 0.5
3942454 214717860 0.5
3942454 214716935 0.5
3942454 214705991 0.5
3942454 214829042 0.5
3942454 214509142 0.5
3942454 214844439 0.5
3942454 214533022 0.5
11208767 214554510 1
11208767 214708305 0.5
3487814 214587028 1
3487814 214706180 0.5
3487814 214573612 0.5
3487814 214837918 0.5
9808909 214744258 1
9808909 214700000 0.5
9808909 214680371 0.5
9808909 214826987 0.5
9808909 214712235 0.5
9808909 214853325 0.5
1902673 214821309 1
1902673 214612708 0.5
1206361 214829332 1
1206361 214829330 0.5
8864821 214717284 1
8864821 214850715 0.5
10545249 214700990 1
10545249 214700992 0.5
10545249 214574777 0.5
10545249 214774682 0.5
10545249 214774678 0.5
9582696 214853321 1
9582696 214700002 0.5
9582696 214743515 0.5
1433277 214725551 1
1433277 214555820 0.5
7624889 214716984 1
7624889 214716930 0.5
7624889 214717867 0.5
7624889 214716982 0.5
216389 214832730 1
216389 214833800 0.5
216389 214832728 0.5
3242122 214644159 1
3242122 214670240 0.5
6625421 214582942 1
6625421 214687753 0.5
5871853 214828989 1
5871853 214509401 0.5
5535894 214641967 1
5535894 214837280 0.5
6461603 214565535 1
6461603 214535634 0.5
6461603 214565522 0.5
7846052 214851120 1
7846052 214820306 0.5
3662877 214580291 1
3662877 214744530 0.5
3662877 214580293 0.5
4348087 214612895 1
4348087 214551776 0.5
4348087 214539110 0.5
10201281 214551626 1
10201281 214844458 0.5
8906946 214853090 1
8906946 214853094 0.5
6506693 214510785 1
6506693 214582485 0.5
6506693 214510783 0.5
2462753 214829880 1
2462753 214829878 0.5
5093576 214602733 1
5093576 214835473 0.5
9459917 214851155 1
9459917 214851152 0.5
8800469 214850771 1
8800469 214851581 0.5
8800469 214850743 0.5
7760092 214850282 1
7760092 214849747 0.5
9308389 214853156 1
9308389 214850949 0.5
9357562 214853327 1
9357562 214644639 0.5
10565892 214851326 1
10565892 214853094 0.5
9902341 214849132 1
9902341 214510445 0.5
3225864 214832717 1
3225864 214820259 0.5
2939148 214701787 1
2939148 214602605 0.5
4204833 214838096 1
4204833 214829887 0.5
5826856 214584992 1
5826856 214641412 0.5
9250526 214509401 1
9250526 214509403 0.5
7592248 214716928 1
7592248 214717003 0.5
3008828 214844394 1
3008828 214844456 0.5
3008828 214821305 0.5
5032256 214844405 1
5032256 214829672 0.5
8526148 214853177 1
8526148 214828882 0.5
9728397 214551926 1
9728397 214831948 0.5
9728397 214850372 0.5
9728397 214838102 0.5
9728397 214850942 0.5
207193 214826810 1
207193 214716930 0.5
10135898 214829822 1
10135898 214712278 0.5
2365798 214829707 1
2365798 214584939 0.5
2365798 214820231 0.5
8509806 214853177 1
8509806 214828882 0.5
8509806 214853175 0.5
7989622 214828882 1
7989622 214684730 0.5
4209018 214710159 1
4209018 214691188 0.5
1415548 214537942 1
1415548 214602583 0.5
4684163 214551917 1
4684163 214583844 0.5
7514501 214821313 1
7514501 214844454 0.5
2361756 214820233 1
2361756 214716924 0.5
2361756 214820261 0.5
5876127 214826949 1
5876127 214685857 0.5
5876127 214834877 0.5
55717 214535621 1
55717 214691390 0.5
8178098 214850743 1
8178098 214853130 0.5
8833439 214853094 1
8833439 214853096 0.5
6224319 214821305 1
6224319 214844439 0.5
11008467 214854707 1
11008467 214510445 0.5
10787287 214853077 1
10787287 214852980 0.5
6789884 214835473 1
6789884 214849012 0.5
6789884 214712126 0.5
5786082 214848997 1
5786082 214846007 0.5
2587123 214844394 1
2587123 214821305 0.5
5011959 214826990 1
5011959 214835109 0.5
244226 214820383 1
244226 214826803 0.5
4315651 214595137 1
4315651 214700876 0.5
5503508 214550259 1
5503508 214550244 0.5
6093337 214848298 1
6093337 214846033 0.5
6093337 214712237 0.5
10963484 214853072 1
10963484 214854707 0.5
4622881 214712235 1
4622881 214744258 0.5
3664421 214744258 1
3664421 214602605 0.5
3562041 214684093 1
3562041 214708372 0.5
222303 214716932 1
222303 214716935 0.5
9337406 214718220 1
9337406 214853094 0.5
5261887 214712235 1
5261887 214744258 0.5
4761097 214848727 1
4761097 214695161 0.5
4761097 214820377 0.5
4761097 214844415 0.5
10705478 214861498 1
10705478 214853090 0.5
7483832 214826750 1
7483832 214842735 0.5
11012706 214853072 1
11012706 214687839 0.5
11094628 214853072 1
11094628 214687839 0.5
7617128 214533022 1
7617128 214551626 0.5
472139 214710159 1
472139 214833701 0.5
472139 214688630 0.5
472139 214640015 0.5
3955316 214829079 1
3955316 214829083 0.5
244341 214717003 1
244341 214508563 0.5
2451903 214829366 1
2451903 214829882 0.5
2451903 214829878 0.5
3510039 214821277 1
3510039 214538030 0.5
11250327 214853327 1
11250327 214714755 0.5
8137373 214567408 1
8137373 214846312 0.5
5143202 214613915 1
5143202 214684372 0.5
11365027 214854707 1
11365027 214712242 0.5
2214567 214832717 1
2214567 214829705 0.5
10750667 214710159 1
10750667 214839947 0.5
10750667 214851285 0.5
10750667 214640015 0.5
9730509 214829730 1
9730509 214582200 0.5
9390804 214850291 1
9390804 214829885 0.5
3070682 214832017 1
3070682 214639348 0.5
3937404 214594678 1
3937404 214847649 0.5
3975634 214594678 1
3975634 214836830 0.5
2796894 643078800 1
2796894 214826833 0.5
507008 214827009 1
507008 214833800 0.5
1190668 214821313 1
1190668 214826705 0.5
1190668 214835940 0.5
9841426 214600468 1
9841426 214853420 0.5
8137491 214853173 1
8137491 214853177 0.5
8137491 214828882 0.5
7559307 214716932 1
7559307 214716930 0.5
6101791 214509401 1
6101791 214811752 0.5
10565008 214680371 1
10565008 214700000 0.5
10565008 214744258 0.5
10565008 214853317 0.5
10565008 214857830 0.5
10565008 214712235 0.5
10565008 214701787 0.5
8534839 214849327 1
8534839 214563262 0.5
5012281 214844447 1
5012281 214821309 0.5
1694526 214828970 1
1694526 214554384 0.5
1694526 214828963 0.5
5327692 214632146 1
5327692 214831950 0.5
2779998 214826818 1
2779998 214561558 0.5
2440043 214844456 1
2440043 214829880 0.5
15218 214716980 1
15218 214716935 0.5
2644861 214828970 1
2644861 214709807 0.5
10017663 214857039 1
10017663 214584830 0.5
387974 214587450 1
387974 214602832 0.5
387974 214602815 0.5
4889482 214821277 1
4889482 214829707 0.5
4889482 214538030 0.5
4889482 214820231 0.5
1317772 214841640 1
1317772 214826803 0.5
1317772 214821285 0.5
1317772 214820383 0.5
6228881 214509401 1
6228881 214836868 0.5
11344788 214854707 1
11344788 214510445 0.5
7846812 214684108 1
7846812 214848746 0.5
1702822 214550383 1
1702822 214581815 0.5
5483434 214515830 1
5483434 214836932 0.5
10922923 214774676 1
10922923 214574777 0.5
10922923 214700990 0.5
4803507 214821315 1
4803507 214821305 0.5
4803507 214821341 0.5
10570678 214853072 1
10570678 214854707 0.5
2370492 214829317 1
2370492 214716671 0.5
6015942 214842735 1
6015942 214509142 0.5
2518177 214846057 1
2518177 214844420 0.5
2609947 643078800 1
2609947 643078783 0.5
5163983 214819468 1
5163983 214839971 0.5
7973846 214696824 1
7973846 214853145 0.5
7973846 214853143 0.5
2789882 214835132 1
2789882 214835019 0.5
2789882 214831940 0.5
2789882 214829390 0.5
97348 214833800 1
97348 214836765 0.5
2186212 214829747 1
2186212 214601805 0.5
8563692 214716935 1
8563692 214716932 0.5
785392 214821305 1
785392 214586711 0.5
6181499 214850565 1
6181499 214530555 0.5
8190967 214718400 1
8190967 214834995 0.5
4918272 214819468 1
4918272 214839977 0.5
4918272 214829730 0.5
4918272 214839956 0.5
4918272 214700990 0.5
10877953 214510445 1
10877953 214854707 0.5
10877953 214854774 0.5
4230174 214836512 1
4230174 214821410 0.5
4911624 214700002 1
4911624 214700000 0.5
1322047 214829317 1
1322047 214828997 0.5
10996804 214854707 1
10996804 214853072 0.5
10996804 214849132 0.5
10996804 214510445 0.5
10996804 214854774 0.5
9718854 214850949 1
9718854 214853420 0.5
9718854 214853422 0.5
5216097 214640015 1
5216097 214839947 0.5
5216097 214541535 0.5
4181064 214829390 1
4181064 214836512 0.5
4181064 214589711 0.5
2980939 214835017 1
2980939 214587712 0.5
2980939 214835745 0.5
2980939 214835019 0.5
6674411 214584992 1
6674411 214677917 0.5
6674411 214677894 0.5
6687833 214717097 1
6687833 214674647 0.5
2092122 214716973 1
2092122 214716971 0.5
2657397 214829880 1
2657397 214829887 0.5
4036457 214829390 1
4036457 214552395 0.5
1080448 214821341 1
1080448 214821313 0.5
130182 214551926 1
130182 214717003 0.5
4822893 214829792 1
4822893 214743515 0.5
4822893 214712237 0.5
9643886 214853325 1
9643886 214587328 0.5
7232673 214849327 1
7232673 214709807 0.5
4295846 214829792 1
4295846 214743515 0.5
7625896 214844456 1
7625896 214844462 0.5
5422268 214837918 1
5422268 214836532 0.5
7388351 214716984 1
7388351 214716986 0.5
9096391 214716930 1
9096391 214716932 0.5
2510028 214844439 1
2510028 214586711 0.5
1080526 214558331 1
1080526 214701307 0.5
2813142 214573612 1
2813142 214829878 0.5
8629466 214774674 1
8629466 214851238 0.5
4213983 214829310 1
4213983 214838105 0.5
7916769 214848384 1
7916769 214829765 0.5
11295974 214510445 1
11295974 214849132 0.5
4099303 214838102 1
4099303 214839587 0.5
9420019 214829730 1
9420019 214595139 0.5
9481467 214853250 1
9481467 214680356 0.5
343308 214586711 1
343308 214551626 0.5
343308 214535621 0.5
4622211 214845127 1
4622211 214695472 0.5
11472149 214854853 1
11472149 214853454 0.5
27932 214555237 1
27932 214702719 0.5
11017501 214853077 1
11017501 214852978 0.5
4791583 214839947 1
4791583 214710159 0.5
4791583 214640015 0.5
5270817 214535617 1
5270817 214587609 0.5
1135154 214583190 1
1135154 214826904 0.5
1135154 214829747 0.5
2592059 214820242 1
2592059 214509084 0.5
4126602 214601805 1
4126602 214560013 0.5
3874111 214836830 1
3874111 214840419 0.5
5643586 214743350 1
5643586 214684108 0.5
4123977 214820242 1
4123977 214613893 0.5
6774097 214849327 1
6774097 214828970 0.5
2420051 214840595 1
2420051 214584992 0.5
5815637 214826750 1
5815637 214842735 0.5
4906343 214684702 1
4906343 214826987 0.5
3759194 214512431 1
3759194 214509084 0.5
3759194 214613893 0.5
9645436 214853323 1
9645436 214844394 0.5
8994193 214840378 1
8994193 214743515 0.5
8994193 214761838 0.5
3542419 214836941 1
3542419 214836795 0.5
3542419 214595150 0.5
2025253 214835750 1
2025253 214834873 0.5
2025253 214743495 0.5
6876571 214844255 1
6876571 214836868 0.5
1355163 214829366 1
1355163 214834877 0.5
9375133 214850949 1
9375133 214853420 0.5
10157037 214853321 1
10157037 214700002 0.5
10157037 214712237 0.5
2551219 643078800 1
2551219 214638474 0.5
2551219 643078783 0.5
4185561 214836519 1
4185561 214531314 0.5
5926383 214709807 1
5926383 214828963 0.5
7671281 214853145 1
7671281 214851279 0.5
11468276 214716937 1
11468276 214716973 0.5
4013557 214738451 1
4013557 214537867 0.5
5463542 214820259 1
5463542 214602832 0.5
5463542 214820383 0.5
5463542 214839703 0.5
3780521 214839341 1
3780521 214645618 0.5
3780521 214630042 0.5
8936957 214700002 1
8936957 214712237 0.5
9547266 214853454 1
9547266 214829878 0.5
10886662 214853102 1
10886662 214684730 0.5
2547207 643078800 1
2547207 214835017 0.5
2547207 214831946 0.5
2547207 214835747 0.5
2547207 214829878 0.5
11035223 214851097 1
11035223 214854172 0.5
11035223 214850756 0.5
11035223 214746382 0.5
11035223 214850790 0.5
11035223 214854583 0.5
171539 214835120 1
171539 214714757 0.5
3575316 214688098 1
3575316 643078800 0.5
8535579 214853143 1
8535579 214853657 0.5
8535579 214835126 0.5
8535579 214851279 0.5
5819937 214840595 1
5819937 214584992 0.5
5389866 214633989 1
5389866 214835473 0.5
7179819 214578350 1
7179819 214561991 0.5
4820524 214829775 1
4820524 214839969 0.5
4820524 214602733 0.5
11111997 214853317 1
11111997 214680371 0.5
10125922 214848956 1
10125922 214853698 0.5
11365972 214857568 1
11365972 214857570 0.5
5619294 214711205 1
5619294 214838227 0.5
5619294 214712124 0.5
10931472 214829042 1
10931472 214819472 0.5
10985059 214508287 1
10985059 214708372 0.5
1232489 214821309 1
1232489 214821341 0.5
6782573 214515842 1
6782573 214847936 0.5
11366001 214556218 1
11366001 214556212 0.5
3313271 214509401 1
3313271 643078800 0.5
3313271 214584821 0.5
3944093 214848866 1
3944093 214512429 0.5
10877552 214853327 1
10877552 214556111 0.5
10877552 214644639 0.5
7478946 214744258 1
7478946 214829792 0.5
7478946 214712235 0.5
1883822 214834873 1
1883822 214828697 0.5
5193743 214819468 1
5193743 214848324 0.5
7343804 214641967 1
7343804 214826990 0.5
10442016 214601216 1
10442016 214676597 0.5
7376586 214848324 1
7376586 214684108 0.5
1912524 214829752 1
1912524 214691390 0.5
8629967 214706216 1
8629967 214574777 0.5
8629967 214848315 0.5
8575609 214718220 1
8575609 214851290 0.5
1143413 214680369 1
1143413 214712237 0.5
1143413 214511015 0.5
9752302 214853214 1
9752302 214853250 0.5
3477233 214820242 1
3477233 214509084 0.5
3477233 214613893 0.5
5930738 214640019 1
5930738 214839954 0.5
9652264 214574777 1
9652264 214700992 0.5
5197561 214557607 1
5197561 214826987 0.5
8478462 214717003 1
8478462 214716928 0.5
2969346 214582408 1
2969346 214537856 0.5
2969346 214511696 0.5
2969346 214582415 0.5
1257222 214821290 1
1257222 214821277 0.5
5292572 214837918 1
5292572 214838092 0.5
4833034 214839341 1
4833034 214774678 0.5
6696721 214821309 1
6696721 214844458 0.5
6696721 214612708 0.5
6696721 214844462 0.5
4562708 214612901 1
4562708 214613915 0.5
1113878 214827011 1
1113878 214826747 0.5
10153751 214712237 1
10153751 214826987 0.5
4250927 214821277 1
4250927 214584939 0.5
4250927 214538030 0.5
8232746 214850754 1
8232746 214718220 0.5
1113902 214840760 1
1113902 214844205 0.5
1113902 214600055 0.5
9658167 214853420 1
9658167 214853422 0.5
4457942 214836512 1
4457942 214612901 0.5
4509514 214744258 1
4509514 214700000 0.5
4509514 214743515 0.5
11441463 214686879 1
11441463 214850420 0.5
5934942 214716937 1
5934942 214716939 0.5
5934942 214716971 0.5
5934942 214716975 0.5
6186299 214684108 1
6186299 214835745 0.5
2371432 643078800 1
2371432 214844456 0.5
1535853 214537967 1
1535853 214584969 0.5
5343891 214716928 1
5343891 214716926 0.5
2215797 214612895 1
2215797 214539050 0.5
6246268 214846408 1
6246268 214829720 0.5
6246268 214579755 0.5
9092999 214845420 1
9092999 214540597 0.5
7679903 214844456 1
7679903 214551626 0.5
5914532 214584821 1
5914532 214509401 0.5
3173276 214581489 1
3173276 214602605 0.5
6741934 214849132 1
6741934 214585676 0.5
5336578 214845502 1
5336578 214845504 0.5
5336578 214530729 0.5
5336578 214845506 0.5
5996531 214584992 1
5996531 214744530 0.5
9658292 214845420 1
9658292 214537496 0.5
9658292 214680356 0.5
3407804 214717007 1
3407804 214820259 0.5
3407804 214821285 0.5
3407804 214832717 0.5
2850762 214551626 1
2850762 214551624 0.5
2850762 214840562 0.5
2850762 214844460 0.5
9551824 214712235 1
9551824 214835120 0.5
9551824 214700000 0.5
9551824 214512611 0.5
9551824 214601203 0.5
4116433 214842735 1
4116433 214839939 0.5
4116433 214826750 0.5
4116433 214539039 0.5
1961944 214820439 1
1961944 214600502 0.5
10339663 214835120 1
10339663 214606408 0.5
10339663 214712235 0.5
10339663 214712237 0.5
10339663 214701787 0.5
3481568 214844439 1
3481568 214612704 0.5
3481568 214844456 0.5
3481568 214844458 0.5
3481568 214821341 0.5
2727916 214829885 1
2727916 214831946 0.5
2727916 214829887 0.5
3157999 643078800 1
3157999 214844394 0.5
2285552 214826662 1
2285552 214826668 0.5
2285552 643078783 0.5
7995377 214842735 1
7995377 214826750 0.5
2821459 214512671 1
2821459 214709792 0.5
2821459 214664777 0.5
4217514 214844360 1
4217514 214839808 0.5
4217514 214602225 0.5
