3837952 214711569 1
3837952 214829090 0.5
3837952 214678918 0.5
3837952 214516055 0.5
1720327 214826803 1
1720327 214832717 0.5
2961422 214535010 1
2961422 214581761 0.5
8306704 214853177 1
8306704 214853175 0.5
9617428 214850949 1
9617428 214850947 0.5
9617428 214853420 0.5
9617428 214853422 0.5
9166876 214853094 1
9166876 214853096 0.5
9166876 214853090 0.5
9166876 214853077 0.5
3579942 214829317 1
3579942 214819481 0.5
1626178 214829672 1
1626178 214826705 0.5
1626178 214829717 0.5
1626178 214829670 0.5
7446599 214844345 1
7446599 214829387 0.5
7446599 214848380 0.5
2449491 643078800 1
2449491 214829887 0.5
491606 214535677 1
491606 214532072 0.5
491606 214535675 0.5
4583511 214640015 1
4583511 214836512 0.5
4583511 214831970 0.5
4583511 214839947 0.5
4583511 214538820 0.5
4583511 214836879 0.5
5907814 214515883 1
5907814 214574124 0.5
7344231 214851279 1
7344231 214829792 0.5
8896619 214676580 1
8896619 214530729 0.5
8896619 214836506 0.5
8896619 214676535 0.5
1261679 214821313 1
1261679 214684513 0.5
1261679 214612706 0.5
1261679 214844454 0.5
1261679 214551607 0.5
3186801 214820263 1
3186801 214820265 0.5
856178 214680371 1
856178 214835120 0.5
856178 214512611 0.5
856178 214602605 0.5
6164597 214677962 1
6164597 214589548 0.5
1960219 214835752 1
1960219 214709792 0.5
7872657 214716707 1
7872657 214716710 0.5
10862744 214849132 1
10862744 214854774 0.5
4272292 214684093 1
4272292 214849350 0.5
159911 214826955 1
159911 214826835 0.5
3067251 214743515 1
3067251 214680369 0.5
3067251 214700002 0.5
3067251 214712237 0.5
3067251 214829878 0.5
437621 214714880 1
437621 214569714 0.5
437621 214580293 0.5
7502539 214716984 1
7502539 214716950 0.5
10002629 214533022 1
10002629 214716930 0.5
2486481 214748300 1
2486481 214748295 0.5
7966931 214855185 1
7966931 214716930 0.5
7966931 214716932 0.5
7966931 214716935 0.5
7098581 214695399 1
7098581 214819412 0.5
2976337 214613893 1
2976337 214509084 0.5
3813594 214836851 1
3813594 214553735 0.5
3813594 214836845 0.5
3813594 214829030 0.5
3813594 214829750 0.5
8638687 214836517 1
8638687 214834869 0.5
6686316 214849318 1
6686316 214849185 0.5
6686316 214849179 0.5
884971 214821305 1
884971 214821309 0.5
7086327 214510445 1
7086327 214819798 0.5
5173498 214826983 1
5173498 214836851 0.5
5796093 214748338 1
5796093 214748293 0.5
5955841 214840760 1
5955841 214508942 0.5
867866 214540127 1
867866 214540125 0.5
7990354 214509401 1
7990354 214840378 0.5
10457349 214567329 1
10457349 214854268 0.5
10457349 214567333 0.5
10457349 214567215 0.5
4530438 214820261 1
4530438 214820263 0.5
4112658 214510447 1
4112658 214510445 0.5
10942407 214774676 1
10942407 214700992 0.5
10942407 214574777 0.5
10942407 214550531 0.5
10942407 214774678 0.5
11084061 214859240 1
11084061 214859242 0.5
2351393 214600509 1
2351393 214829882 0.5
2351393 214831948 0.5
2351393 214829885 0.5
6754594 214774678 1
6754594 214774676 0.5
6754594 214700990 0.5
2507052 214700885 1
2507052 214531550 0.5
2375982 214613893 1
2375982 214820242 0.5
3719472 214594678 1
3719472 214594680 0.5
11117963 214836515 1
11117963 214553966 0.5
10985798 214853072 1
10985798 214540014 0.5
147784 214716930 1
147784 214716932 0.5
147784 214716935 0.5
6959436 214838109 1
6959436 214838831 0.5
2607161 214550582 1
2607161 214712132 0.5
5935759 214848727 1
5935759 214846057 0.5
2138479 214835752 1
2138479 214709792 0.5
5226866 214839967 1
5226866 214836853 0.5
7479674 214579755 1
7479674 214714719 0.5
9671041 214850758 1
9671041 214848847 0.5
8776427 214839911 1
8776427 214848990 0.5
4698504 214819490 1
4698504 214596326 0.5
2883991 214837916 1
2883991 214837918 0.5
1319321 214748295 1
1319321 214748304 0.5
2773403 214837916 1
2773403 214837918 0.5
9355772 214829822 1
9355772 214712278 0.5
3767708 214835167 1
3767708 214708040 0.5
3767708 214836924 0.5
5616042 214716977 1
5616042 214716990 0.5
5616042 214716943 0.5
2437562 214515883 1
2437562 643078800 0.5
11439519 214510445 1
11439519 214849132 0.5
8044998 214684093 1
8044998 214508287 0.5
2666966 214601197 1
2666966 214640870 0.5
3690354 214560013 1
3690354 214820242 0.5
3690354 214587547 0.5
3690354 214613893 0.5
4870628 214821339 1
4870628 214839592 0.5
4870628 214845129 0.5
4870628 214821309 0.5
10928627 214510445 1
10928627 214578011 0.5
8847863 214849037 1
8847863 214838259 0.5
7684604 214716937 1
7684604 214716980 0.5
7684604 214716973 0.5
7684604 214554358 0.5
7684604 214716975 0.5
5677567 214533540 1
5677567 214664739 0.5
9728513 214826987 1
9728513 214853325 0.5
2552322 643078800 1
2552322 214845425 0.5
2613763 214826664 1
2613763 214708305 0.5
9236566 214831946 1
9236566 214829887 0.5
7916972 214716930 1
7916972 214716935 0.5
10895883 214578011 1
10895883 214676480 0.5
2089501 214820233 1
2089501 214820261 0.5
7746078 214748338 1
7746078 214748293 0.5
348706 214716977 1
348706 214716943 0.5
11493927 214700000 1
11493927 214701787 0.5
10895912 214849132 1
10895912 214510445 0.5
9950643 214853730 1
9950643 214853698 0.5
9802302 214853767 1
9802302 214574672 0.5
9802302 214828970 0.5
9802302 214854551 0.5
7991874 214716932 1
7991874 214716935 0.5
234051 214717003 1
234051 214716928 0.5
234051 214717005 0.5
234051 214554358 0.5
1704521 214829747 1
1704521 214601805 0.5
6830221 214849350 1
6830221 214684093 0.5
10928721 214854707 1
10928721 214853754 0.5
10928721 214578011 0.5
6730327 214820231 1
6730327 214829707 0.5
7430748 214533022 1
7430748 214716930 0.5
7430748 214844454 0.5
4297312 214585676 1
4297312 214573612 0.5
4297312 214715621 0.5
7856737 214575193 1
7856737 214850938 0.5
11281002 214510445 1
11281002 214853072 0.5
7894461 214716932 1
7894461 214716930 0.5
6894192 214845971 1
6894192 214848337 0.5
6218362 214826662 1
6218362 214826666 0.5
140054 214717003 1
140054 214717007 0.5
140054 214554358 0.5
140054 214832655 0.5
2308894 214828970 1
2308894 214565512 0.5
8921787 214849747 1
8921787 214556212 0.5
2749119 214581489 1
2749119 214602605 0.5
6114081 214842553 1
6114081 214848317 0.5
2605777 214826705 1
2605777 214829670 0.5
572882 214716926 1
572882 214717005 0.5
414453 214821290 1
414453 214613865 0.5
8909562 214853214 1
8909562 214857039 0.5
43807 214748302 1
43807 214748297 0.5
5411587 214846447 1
5411587 214509842 0.5
5288722 214845502 1
5288722 214845504 0.5
5288722 214845506 0.5
9405212 214845947 1
9405212 214853420 0.5
9405212 214851135 0.5
2171679 214510044 1
2171679 214581489 0.5
4510498 214684513 1
4510498 214685784 0.5
2558086 214820263 1
2558086 214829850 0.5
2558086 214829863 0.5
2558086 214826711 0.5
4354854 214845502 1
4354854 214845506 0.5
9397043 214852980 1
9397043 214853077 0.5
7459636 214700002 1
7459636 214712235 0.5
7459636 214712237 0.5
1952211 214829880 1
1952211 214709634 0.5
4545539 214602598 1
4545539 214640017 0.5
4545539 214835012 0.5
4545539 214587317 0.5
4545539 214829366 0.5
2902843 214827007 1
2902843 214827005 0.5
447307 214567115 1
447307 214819760 0.5
447307 214601233 0.5
447307 214819762 0.5
3036773 214675920 1
3036773 214828970 0.5
20622 214716990 1
20622 214716995 0.5
5497691 214717003 1
5497691 214717005 0.5
4039531 214837916 1
4039531 214837918 0.5
6603636 214684108 1
6603636 214832619 0.5
10523512 214854159 1
10523512 214848326 0.5
1405817 214533022 1
1405817 214821315 0.5
11502458 214853072 1
11502458 214510445 0.5
1213311 214748300 1
1213311 214748293 0.5
9634696 214829398 1
9634696 214695067 0.5
9634696 214695071 0.5
2352021 214829846 1
2352021 214829865 0.5
4852832 214710152 1
4852832 214553700 0.5
2798518 214539845 1
2798518 214587641 0.5
4486079 214553700 1
4486079 214710152 0.5
4486079 214839913 0.5
2511836 643078800 1
2511836 643078783 0.5
6198237 214835713 1
6198237 214717627 0.5
8324062 214853173 1
8324062 214851120 0.5
8324062 214828882 0.5
8324062 214853758 0.5
2640037 643078800 1
2640037 214829880 0.5
2640037 214829878 0.5
1786869 214539845 1
1786869 214587641 0.5
2405366 214574137 1
2405366 214574141 0.5
5833728 214846033 1
5833728 214819779 0.5
4060162 214820938 1
4060162 214839592 0.5
4060162 214821305 0.5
4060162 214836851 0.5
4060162 214821309 0.5
3944771 214716928 1
3944771 214717003 0.5
3944771 214716971 0.5
3944771 214716937 0.5
3944771 214716939 0.5
3944771 214716941 0.5
3944771 214716973 0.5
3944771 214716977 0.5
3944771 214716980 0.5
3944771 214716975 0.5
11276046 214700000 1
11276046 214700002 0.5
4748323 214594678 1
4748323 214819760 0.5
7410731 214829792 1
7410731 214601040 0.5
7410731 214743515 0.5
7410731 214851279 0.5
10073132 214834922 1
10073132 214853702 0.5
6468654 214554510 1
6468654 214826666 0.5
1860658 214716937 1
1860658 214716975 0.5
7156793 214744258 1
7156793 214700000 0.5
7156793 214712235 0.5
4408383 214832017 1
4408383 214677962 0.5
4408383 214589548 0.5
2466887 214826666 1
2466887 214826833 0.5
2466887 214706460 0.5
7001163 214510757 1
7001163 214509401 0.5
7001163 214509403 0.5
7001163 214584821 0.5
3052623 214613893 1
3052623 214509084 0.5
1164371 214510757 1
1164371 214582541 0.5
1164371 214584821 0.5
9765978 214853321 1
9765978 214854510 0.5
8131686 214850771 1
8131686 214850743 0.5
7293799 214849807 1
7293799 214712237 0.5
3712112 214836932 1
3712112 214676019 0.5
1676402 214821410 1
1676402 214821412 0.5
1676402 214826589 0.5
6204947 214630042 1
6204947 214574777 0.5
6204947 214774676 0.5
10933366 214701787 1
10933366 214712237 0.5
10933366 214835287 0.5
2262139 214831948 1
2262139 214829887 0.5
816253 214821388 1
816253 214827011 0.5
3166634 643078800 1
3166634 214707875 0.5
5076097 214613915 1
5076097 214684372 0.5
11306874 214842735 1
11306874 214836879 0.5
11281554 214853072 1
11281554 214854707 0.5
1590421 214704182 1
1590421 214835120 0.5
3757223 214836924 1
3757223 214836932 0.5
3757223 214829366 0.5
3757223 214832559 0.5
10300956 214638474 1
10300956 214861498 0.5
2450612 643078800 1
2450612 214835019 0.5
2450612 214836517 0.5
10749116 214849350 1
10749116 214684093 0.5
8664256 214717007 1
8664256 214714665 0.5
2741441 214829880 1
2741441 214831946 0.5
9393354 214700000 1
9393354 214680371 0.5
4306124 214685792 1
4306124 214536984 0.5
4306124 214685754 0.5
4306124 214685422 0.5
5170388 214832017 1
5170388 214677962 0.5
5170388 214589548 0.5
2442456 214829878 1
2442456 214829880 0.5
2442456 214819762 0.5
3761372 214838505 1
3761372 214708040 0.5
3761372 214560615 0.5
2274531 643078800 1
2274531 214829880 0.5
7328998 214537496 1
7328998 214548744 0.5
2577639 214829846 1
2577639 214820392 0.5
2577639 214753515 0.5
2577639 214829852 0.5
2577639 214743495 0.5
6407404 214835000 1
6407404 214849070 0.5
3106032 214821285 1
3106032 214820227 0.5
337139 214839313 1
337139 214584962 0.5
337139 214839995 0.5
337139 214829810 0.5
2925813 643078800 1
2925813 214831948 0.5
5698806 214845420 1
5698806 214509845 0.5
5399801 214826818 1
5399801 214684108 0.5
5399801 214743350 0.5
507418 214748291 1
507418 214753507 0.5
11375893 214826668 1
11375893 214554510 0.5
2435289 214533022 1
2435289 214821315 0.5
9496794 214829730 1
9496794 214711524 0.5
4529942 214840235 1
4529942 214539112 0.5
4529942 214539110 0.5
9577586 214826987 1
9577586 214853321 0.5
1621553 214680369 1
1621553 214743497 0.5
1621553 214743495 0.5
4019508 214530789 1
4019508 214530791 0.5
11076923 214850947 1
11076923 214850304 0.5
11076923 214846029 0.5
11076923 214829887 0.5
1993403 214836328 1
1993403 214829368 0.5
1993403 214829366 0.5
941963 214821388 1
941963 214827011 0.5
5411042 214700000 1
5411042 214700002 0.5
5411042 214602605 0.5
7386447 214848384 1
7386447 214845962 0.5
7386447 214846119 0.5
10990928 214680371 1
10990928 214700000 0.5
8287596 214844394 1
8287596 214551626 0.5
8287596 214844439 0.5
4573989 214829887 1
4573989 214845577 0.5
4093308 214717003 1
4093308 214716928 0.5
6169994 214836506 1
6169994 214845504 0.5
10577296 214854358 1
10577296 214854510 0.5
10577296 214854262 0.5
10577296 214837494 0.5
7447957 214840595 1
7447957 214584992 0.5
198212 214717005 1
198212 214716926 0.5
427419 214748300 1
427419 214748293 0.5
5580496 214835019 1
5580496 214846447 0.5
824901 214826705 1
824901 214835940 0.5
7751073 214853173 1
7751073 214850304 0.5
6084014 214845984 1
6084014 214828985 0.5
7663859 214716928 1
7663859 214554358 0.5
2393531 214834873 1
2393531 214587305 0.5
1250752 214680371 1
1250752 214600989 0.5
11273666 214848986 1
11273666 214853102 0.5
5162436 214838109 1
5162436 214509148 0.5
11548109 214650508 1
11548109 214859242 0.5
4915448 214684372 1
4915448 214613915 0.5
5109202 214838109 1
5109202 214560013 0.5
375262 214819640 1
375262 214559660 0.5
2250218 214829846 1
2250218 214829861 0.5
2811376 643078800 1
2811376 214829887 0.5
4898387 214826833 1
4898387 214684108 0.5
4384259 214573612 1
4384259 214585676 0.5
7796237 214853175 1
7796237 214828882 0.5
4642318 214706452 1
4642318 214829792 0.5
6309391 214848315 1
6309391 214848613 0.5
847587 214839313 1
847587 214839999 0.5
8873508 214851152 1
8873508 214829280 0.5
8873508 214832747 0.5
8873508 214718385 0.5
8873508 214846067 0.5
8873508 214829366 0.5
8873508 214844347 0.5
8508282 214695399 1
8508282 214851024 0.5
8508282 214853122 0.5
8508282 214716671 0.5
1156662 214844195 1
1156662 214842341 0.5
8828473 214852978 1
8828473 214853094 0.5
7351951 214832619 1
7351951 214643036 0.5
3098177 214835017 1
3098177 643078800 0.5
3098177 214834867 0.5
7890507 214700000 1
7890507 214601203 0.5
7890507 214712235 0.5
7890507 214511015 0.5
3991119 214602605 1
3991119 214680371 0.5
3991119 214712235 0.5
9967187 214848731 1
9967187 214848729 0.5
7939671 214844439 1
7939671 214533022 0.5
7939671 214551607 0.5
2755952 214827011 1
2755952 214846057 0.5
3315314 214821332 1
3315314 214819490 0.5
3975443 214820255 1
3975443 214509401 0.5
3975443 214509403 0.5
3975443 214584821 0.5
3975443 214582541 0.5
9193084 214855185 1
9193084 214716935 0.5
1177214 214826747 1
1177214 214829747 0.5
1177214 214827013 0.5
1177214 214828995 0.5
4597381 214845577 1
4597381 214577025 0.5
4597381 214819468 0.5
4597381 214838094 0.5
4597381 214820402 0.5
4597381 214829878 0.5
4597381 214845502 0.5
1941146 214835124 1
1941146 214831967 0.5
9742074 214851135 1
9742074 214687685 0.5
4060813 214832717 1
4060813 214820227 0.5
4859542 214644650 1
4859542 214650617 0.5
3273571 214835019 1
3273571 214835017 0.5
11101214 214853072 1
11101214 214540014 0.5
52977 214684513 1
52977 214839373 0.5
2653413 214829846 1
2653413 214829861 0.5
5113546 214836868 1
5113546 214602830 0.5
2418384 214551626 1
2418384 214844173 0.5
10229471 214846378 1
10229471 214687768 0.5
10860259 214853102 1
10860259 214835000 0.5
10860259 214676612 0.5
8314279 214710152 1
8314279 214587257 0.5
3409644 214716973 1
3409644 214716971 0.5
3409644 214716980 0.5
702189 214840762 1
702189 214536697 0.5
9705768 214850949 1
9705768 214853420 0.5
8177394 214853094 1
8177394 214851326 0.5
4919692 214839956 1
4919692 214677875 0.5
4919692 214774676 0.5
1996544 214834880 1
1996544 214833755 0.5
1996544 214826610 0.5
1996544 214829387 0.5
1996544 214834877 0.5
1996544 214829366 0.5
9750282 214717003 1
9750282 214716928 0.5
8148748 214850709 1
8148748 214846464 0.5
2406161 214510738 1
2406161 214509830 0.5
2406161 214821367 0.5
3148078 214820227 1
3148078 214584907 0.5
8059866 214844394 1
8059866 214844456 0.5
8059866 214551626 0.5
8059866 214844454 0.5
8059866 214844439 0.5
652253 214508942 1
652253 214581761 0.5
9324347 214851315 1
9324347 214849344 0.5
9324347 214850945 0.5
9324347 214850947 0.5
9324347 214848845 0.5
9324347 214585670 0.5
4663102 214848727 1
4663102 214848326 0.5
5574283 214542759 1
5574283 214678987 0.5
21066 214820261 1
21066 214587611 0.5
21066 214821277 0.5
11101836 214700000 1
11101836 214680371 0.5
4847436 214821277 1
4847436 214848729 0.5
472916 214717003 1
472916 214643045 0.5
10788494 214844439 1
10788494 214844394 0.5
6817627 214680371 1
6817627 214712235 0.5
6526818 214509401 1
6526818 214820261 0.5
6195054 214846029 1
6195054 214846031 0.5
2034664 214828970 1
2034664 214821317 0.5
7665522 214845127 1
7665522 214827030 0.5
2631562 214829880 1
2631562 214829878 0.5
874389 214716928 1
874389 214554358 0.5
874389 214717007 0.5
3999663 214821285 1
3999663 214829672 0.5
3999663 214826705 0.5
3999663 214821290 0.5
3999663 214826816 0.5
9402288 214852978 1
9402288 214853225 0.5
10589854 214852978 1
10589854 214853094 0.5
5834399 214846033 1
5834399 214851032 0.5
5834399 214829878 0.5
649148 214839313 1
649148 214839999 0.5
10159093 214851326 1
10159093 214848658 0.5
3647424 214838225 1
3647424 214820807 0.5
10930509 214850758 1
10930509 214836947 0.5
7415762 214748293 1
7415762 214748295 0.5
4892254 214820261 1
4892254 214698465 0.5
4892254 214837918 0.5
683387 214706216 1
683387 214601040 0.5
683387 214601042 0.5
683387 214717003 0.5
683387 214827020 0.5
683387 214774685 0.5
4306926 214552166 1
4306926 214819481 0.5
4026883 214725551 1
4026883 214838105 0.5
4026883 214838107 0.5
4026883 214832012 0.5
9299958 214716977 1
9299958 214716971 0.5
9299958 214716937 0.5
9299958 214716939 0.5
9299958 214716941 0.5
9299958 214716973 0.5
9299958 214832657 0.5
9299958 214716980 0.5
9299958 214554358 0.5
9299958 214716975 0.5
11134968 214859246 1
11134968 214853094 0.5
11134968 214851326 0.5
8419324 214717003 1
8419324 214716928 0.5
11417598 214853102 1
11417598 214684730 0.5
11417598 214853420 0.5
11417598 214829878 0.5
9644032 214567404 1
9644032 214567410 0.5
10913796 214835000 1
10913796 214857204 0.5
10913796 214835004 0.5
9312261 214509401 1
9312261 214853255 0.5
10470416 214849350 1
10470416 214684093 0.5
7020887 214712237 1
7020887 214829792 0.5
7020887 214700002 0.5
140973 214664767 1
140973 214716932 0.5
140973 214509084 0.5
140973 214512431 0.5
10004496 214853282 1
10004496 214853342 0.5
7756803 214821313 1
7756803 214716930 0.5
7756803 214844454 0.5
7756803 214533022 0.5
7756803 214833326 0.5
9246743 214743515 1
9246743 214853321 0.5
9246743 214826987 0.5
3450907 214826668 1
3450907 214826664 0.5
10812486 214510449 1
10812486 214849132 0.5
2388314 214718372 1
2388314 214641967 0.5
2111518 214829846 1
2111518 214829861 0.5
8919071 214853105 1
8919071 214853096 0.5
8919071 214853085 0.5
7663963 214853122 1
7663963 214571904 0.5
3578976 214844439 1
3578976 214551626 0.5
3578976 214821339 0.5
7268403 214717003 1
7268403 214716928 0.5
7890577 214849292 1
7890577 214582387 0.5
8714299 214717003 1
8714299 214717005 0.5
8714299 214716926 0.5
5118033 214849350 1
5118033 214708372 0.5
469074 214820255 1
469074 214509403 0.5
469074 214821277 0.5
469074 214510757 0.5
2418783 643078800 1
2418783 643078783 0.5
10658639 214680371 1
10658639 214700000 0.5
4765798 214553700 1
4765798 214710152 0.5
3779603 214840235 1
3779603 214539110 0.5
6105209 214680371 1
6105209 214700000 0.5
10907316 214835000 1
10907316 214857204 0.5
10907316 214835004 0.5
7653739 214716982 1
7653739 214717867 0.5
11225232 214835000 1
11225232 214853102 0.5
9320597 214700992 1
9320597 214700990 0.5
4425888 214839947 1
4425888 214640015 0.5
3254434 214516065 1
3254434 214836830 0.5
2095269 214829846 1
2095269 214829865 0.5
2095269 214829717 0.5
2622492 643078800 1
2622492 214832717 0.5
3287216 214826951 1
3287216 214832128 0.5
3287216 214835505 0.5
3287216 214835122 0.5
3287216 214832115 0.5
3287216 214836534 0.5
3287216 214832124 0.5
3287216 214832126 0.5
3287216 214821407 0.5
3799232 214829846 1
3799232 214829765 0.5
2858016 214821315 1
2858016 214844394 0.5
2858016 214533022 0.5
2259152 214533022 1
2259152 214551626 0.5
9664731 214851279 1
9664731 214853321 0.5
9664731 214680371 0.5
9664731 214712237 0.5
9664731 214743515 0.5
9103582 214851155 1
9103582 214851152 0.5
3373282 214837918 1
3373282 643078800 0.5
3373282 214837916 0.5
6146278 214509401 1
6146278 214848315 0.5
5003497 214684372 1
5003497 214613915 0.5
7547118 214716984 1
7547118 214716982 0.5
932081 214594680 1
932081 214594678 0.5
1939698 214826610 1
1939698 214829387 0.5
1939698 214833755 0.5
1939698 214834877 0.5
2877688 214835745 1
2877688 214600492 0.5
2877688 214832780 0.5
2877688 214716110 0.5
10807548 214853102 1
10807548 214854785 0.5
1819981 214826833 1
1819981 214835042 0.5
1819981 214532107 0.5
10565892 214851326 1
10565892 214853094 0.5
7047432 214848746 1
7047432 214554950 0.5
8907017 214678104 1
8907017 214829090 0.5
2156812 214835752 1
2156812 214819760 0.5
646708 214515883 1
646708 214550398 0.5
8427793 214849327 1
8427793 214828963 0.5
8688687 214651419 1
8688687 214695399 0.5
1722758 214685784 1
1722758 214821277 0.5
1091884 214594680 1
1091884 214594678 0.5
9414964 214845407 1
9414964 214640520 0.5
4286788 214709792 1
4286788 214585676 0.5
6146384 214829317 1
6146384 214687805 0.5
4826169 214844439 1
4826169 214844458 0.5
5744988 214828882 1
5744988 214553604 0.5
743773 214548744 1
743773 214553936 0.5
3934559 214844456 1
3934559 214844458 0.5
3934559 214844439 0.5
3316068 214844462 1
3316068 214844456 0.5
3316068 214844441 0.5
3316068 214844458 0.5
3316068 214551626 0.5
2958396 214829327 1
2958396 214839742 0.5
11498409 214684108 1
11498409 214848746 0.5
1071489 214601040 1
1071489 214601042 0.5
5990789 214829042 1
5990789 214845962 0.5
3746183 214836932 1
3746183 214711280 0.5
3746183 214826990 0.5
3746183 214831974 0.5
6936973 214849132 1
6936973 214510445 0.5
10213786 214853767 1
10213786 214853698 0.5
4999578 214684372 1
4999578 214839377 0.5
4999578 214613915 0.5
4999578 214632975 0.5
1776036 214601040 1
1776036 214601042 0.5
354033 214717005 1
354033 214716930 0.5
354033 214716932 0.5
354033 214716935 0.5
6102771 214716982 1
6102771 214832655 0.5
7076276 214846318 1
7076276 214581611 0.5
3656117 214844456 1
3656117 214844458 0.5
9734583 214850942 1
9734583 214826987 0.5
5941693 214840595 1
5941693 214584992 0.5
2849214 214551776 1
2849214 214539110 0.5
2963191 214834871 1
2963191 214716924 0.5
11205069 214854853 1
11205069 214849468 0.5
3146106 214748293 1
3146106 214753513 0.5
3146106 214748338 0.5
7965141 214829792 1
7965141 214712237 0.5
7635403 214551626 1
7635403 214844441 0.5
10807779 214835000 1
10807779 214639472 0.5
10807779 214857204 0.5
10926566 214701787 1
10926566 214704180 0.5
10869223 214582942 1
10869223 214567072 0.5
655288 214811752 1
655288 214839905 0.5
4942329 214828970 1
4942329 214642697 0.5
9640451 214853145 1
9640451 214700002 0.5
9640451 214851279 0.5
9640451 214712237 0.5
9640451 214853143 0.5
1210884 214833800 1
1210884 214833802 0.5
6105612 214844347 1
6105612 214836932 0.5
940559 214668596 1
940559 214716984 0.5
940559 214551892 0.5
940559 214716973 0.5
5610003 214716980 1
5610003 214716973 0.5
3136024 214826818 1
3136024 214684108 0.5
7776803 214844454 1
7776803 214821313 0.5
3959351 214594680 1
3959351 214594678 0.5
2807701 214844439 1
2807701 214821305 0.5
2807701 214586711 0.5
1858107 214844458 1
1858107 214844456 0.5
1858107 214821305 0.5
1858107 214821309 0.5
5802558 214845412 1
5802558 214846061 0.5
5802558 214845583 0.5
3603009 214836932 1
3603009 214836924 0.5
2976326 214844441 1
2976326 214844456 0.5
2976326 214551617 0.5
2976326 214844462 0.5
9117452 214851135 1
9117452 214846391 0.5
1751627 214508287 1
1751627 214684093 0.5
1751627 214552543 0.5
3996238 214718207 1
3996238 214829788 0.5
3996238 214836932 0.5
2431567 214846057 1
2431567 214662819 0.5
2431567 214580287 0.5
2873937 214574777 1
2873937 214700992 0.5
2873937 214700990 0.5
10837 214716971 1
10837 214716930 0.5
2374232 214691321 1
2374232 214829878 0.5
2374232 214691319 0.5
3320419 214836845 1
3320419 214716461 0.5
4079399 214594678 1
4079399 214829825 0.5
2288461 214701307 1
2288461 214558331 0.5
2288461 214835747 0.5
7617131 214700000 1
7617131 214700002 0.5
658043 214821302 1
658043 214586711 0.5
4983428 214684702 1
4983428 214826987 0.5
3242629 214584821 1
3242629 214510757 0.5
14982 214512611 1
14982 214835120 0.5
14982 214548793 0.5
14982 214712235 0.5
14982 214602605 0.5
14982 214511015 0.5
3472009 214613893 1
3472009 214820242 0.5
11094667 214574137 1
11094667 214550398 0.5
8944278 214695399 1
8944278 214706216 0.5
8944278 214534217 0.5
2553471 214612895 1
2553471 214539050 0.5
3116827 214748293 1
3116827 214753513 0.5
8340593 214509401 1
8340593 214509403 0.5
8340593 214848302 0.5
2524822 214574137 1
2524822 214550398 0.5
4721778 214698577 1
4721778 214698575 0.5
1588231 214828991 1
1588231 214829745 0.5
5950138 214839339 1
5950138 214700992 0.5
5950138 214640019 0.5
5950138 214774676 0.5
5950138 214700990 0.5
5950138 214774678 0.5
326774 214826955 1
326774 214826835 0.5
7281359 214855185 1
7281359 214819468 0.5
7281359 214716935 0.5
8325848 214844439 1
8325848 214844394 0.5
7486171 214853175 1
7486171 214853177 0.5
4831964 214684372 1
4831964 214602830 0.5
6761181 214851032 1
6761181 214835713 0.5
6761181 214712237 0.5
1489633 214717003 1
1489633 214716928 0.5
1489633 214829085 0.5
1489633 214717007 0.5
2118779 214718210 1
2118779 214711205 0.5
5008113 214840082 1
5008113 214835137 0.5
187129 214684513 1
187129 214839313 0.5
187129 214839373 0.5
5331711 214613915 1
5331711 214684372 0.5
2353923 214844439 1
2353923 214828697 0.5
2353923 214844394 0.5
2353923 214834873 0.5
4367489 214848729 1
4367489 214845129 0.5
3324693 214820233 1
3324693 214820263 0.5
3324693 214820261 0.5
3324693 214820231 0.5
6413444 214716658 1
6413444 214509401 0.5
4150296 214842735 1
4150296 214826750 0.5
4500264 214712235 1
4500264 214706452 0.5
11115307 214853077 1
11115307 214852980 0.5
8311946 214821277 1
8311946 214820231 0.5
7138122 214828989 1
7138122 214821367 0.5
3521366 214680369 1
3521366 214700002 0.5
5108879 214613915 1
5108879 214684372 0.5
2792286 214829878 1
2792286 214831946 0.5
2824678 214581489 1
2824678 214680371 0.5
2824678 214712235 0.5
2824678 214602605 0.5
7560039 214821341 1
7560039 214716984 0.5
6630252 214820242 1
6630252 214509084 0.5
6716276 214848845 1
6716276 214548793 0.5
6716276 214700002 0.5
6716276 214743515 0.5
6716276 214712237 0.5
6716276 214578645 0.5
9635646 214744258 1
9635646 214712235 0.5
9635646 214712237 0.5
1444731 214695399 1
1444731 214651419 0.5
666496 214829321 1
666496 214839600 0.5
727938 214743515 1
727938 214680369 0.5
727938 214827011 0.5
727938 214827020 0.5
727938 214600989 0.5
727938 214826747 0.5
2491542 214712235 1
2491542 214581489 0.5
4492174 214710152 1
4492174 214839913 0.5
4492174 214553700 0.5
8825752 214680371 1
8825752 214700000 0.5
7281561 214551776 1
7281561 214551780 0.5
7728029 214836947 1
7728029 214848302 0.5
2730937 214834877 1
2730937 214834880 0.5
4389822 214829102 1
4389822 214725549 0.5
10787776 214854707 1
10787776 214510445 0.5
4615114 214829852 1
4615114 214839960 0.5
9079759 214716928 1
9079759 214716926 0.5
2882512 214509084 1
2882512 214613893 0.5
8752081 214579755 1
8752081 214820447 0.5
8752081 214714719 0.5
1022933 214829398 1
1022933 214695065 0.5
6360023 214551776 1
6360023 214551780 0.5
2788314 214716986 1
2788314 214832655 0.5
9907169 214853402 1
9907169 214678526 0.5
9915363 214851152 1
9915363 214834922 0.5
2980842 214510445 1
2980842 214540035 0.5
5311474 214828952 1
5311474 214845577 0.5
4430836 214838105 1
4430836 214838107 0.5
6638079 214709807 1
6638079 214828963 0.5
6638079 214849327 0.5
2857986 643078800 1
2857986 214632272 0.5
2210828 214551780 1
2210828 214638474 0.5
535568 214691426 1
535568 214691321 0.5
8789009 214700002 1
8789009 214845506 0.5
8789009 214840378 0.5
8789009 214853325 0.5
8789009 214743515 0.5
8789009 214851279 0.5
10734612 214849807 1
10734612 214556216 0.5
10869788 214854774 1
10869788 214510445 0.5
7105571 214829792 1
7105571 214849809 0.5
9100324 214853094 1
9100324 214853248 0.5
1166382 214821341 1
1166382 214821305 0.5
1166382 214586711 0.5
9591856 214851152 1
9591856 214828970 0.5
9591856 214851155 0.5
9591856 214849327 0.5
9567283 214853420 1
9567283 214850942 0.5
4313887 214842735 1
4313887 214826750 0.5
5179232 214684372 1
5179232 214632975 0.5
8690771 214853094 1
8690771 214853096 0.5
8690771 214853248 0.5
1739863 214821292 1
1739863 214821277 0.5
4324443 214612706 1
4324443 214839592 0.5
4324443 214821315 0.5
4324443 214533022 0.5
4324443 214551607 0.5
5057629 214613915 1
5057629 214684372 0.5
10906718 214701787 1
10906718 214851032 0.5
4799584 214849059 1
4799584 214839956 0.5
10009699 214851581 1
10009699 214853767 0.5
10853477 214859240 1
10853477 214859242 0.5
3759212 214829079 1
3759212 214829085 0.5
6466671 214840584 1
6466671 214829720 0.5
6466671 214820227 0.5
6466671 214845980 0.5
2956401 214630042 1
2956401 214645618 0.5
10325106 214510445 1
10325106 214854774 0.5
4938867 214743350 1
4938867 214643036 0.5
4938867 214554950 0.5
4302117 214831970 1
4302117 214538820 0.5
6212726 214584992 1
6212726 214840595 0.5
6212726 214846462 0.5
11504776 214842735 1
11504776 214701787 0.5
298121 214716928 1
298121 214717003 0.5
6678382 214706216 1
6678382 214836845 0.5
4525252 214712235 1
4525252 214819400 0.5
4525252 214510689 0.5
4525252 214601203 0.5
4525252 214717511 0.5
7042928 214700000 1
7042928 214712235 0.5
11185322 214850315 1
11185322 214846012 0.5
2330489 214709792 1
2330489 214652882 0.5
6208693 214848695 1
6208693 214848950 0.5
6208693 214836519 0.5
9079998 214850765 1
9079998 214515834 0.5
9079998 214515830 0.5
8023242 214853094 1
8023242 214844158 0.5
5614799 214845420 1
5614799 214509845 0.5
9874653 214857830 1
9874653 214700002 0.5
9874653 214835117 0.5
9874653 214853325 0.5
5197026 214829852 1
5197026 214839973 0.5
445671 214600989 1
445671 214743515 0.5
445671 214712237 0.5
8521563 214835126 1
8521563 214826987 0.5
6174592 214582942 1
6174592 214687753 0.5
3104013 214820263 1
3104013 214820261 0.5
3104013 214829861 0.5
9538777 214853325 1
9538777 214826987 0.5
3958868 214685747 1
3958868 214829672 0.5
4095274 214530789 1
4095274 214848729 0.5
4095274 214848727 0.5
8355119 214828970 1
8355119 214849327 0.5
5131578 214836868 1
5131578 214602830 0.5
6348094 214509401 1
6348094 214846067 0.5
5725504 214712244 1
5725504 214829882 0.5
6856003 214849132 1
6856003 214510447 0.5
8326473 214651419 1
8326473 214851024 0.5
8326473 214850450 0.5
8326473 214711029 0.5
8285524 214716982 1
8285524 214716984 0.5
3202714 214581761 1
3202714 214820810 0.5
3202714 214835019 0.5
8543577 214850758 1
8543577 214651777 0.5
8543577 214850771 0.5
8543577 214561775 0.5
1838427 214709792 1
1838427 214835752 0.5
10737552 214850792 1
10737552 214853726 0.5
2207079 214829865 1
2207079 214829846 0.5
7712113 214716982 1
7712113 214716984 0.5
7712113 214716986 0.5
7712113 214855183 0.5
3677556 214560013 1
3677556 214509084 0.5
318839 214716973 1
318839 214819468 0.5
102292 214840762 1
102292 214639372 0.5
11070847 214859242 1
11070847 214859240 0.5
4423041 214584939 1
4423041 214844394 0.5
4423041 214844439 0.5
10911109 214704182 1
10911109 214704180 0.5
1265034 214558331 1
1265034 214701210 0.5
1265034 214701307 0.5
4345228 214820259 1
4345228 214820261 0.5
3456397 214820265 1
3456397 214836129 0.5
5737878 214820396 1
5737878 214820392 0.5
5737878 214850402 0.5
9076272 214853094 1
9076272 214853096 0.5
9076272 214853090 0.5
4480409 214848729 1
4480409 214848727 0.5
7388399 214743515 1
7388399 214744258 0.5
7388399 214712237 0.5
6131101 214744258 1
6131101 214835120 0.5
10603948 214850932 1
10603948 214709634 0.5
10837423 214835004 1
10837423 214582104 0.5
2334133 214717265 1
2334133 643078800 0.5
4315721 214836512 1
4315721 214826747 0.5
4315721 214589709 0.5
11361721 214854774 1
11361721 214849132 0.5
3853762 214594678 1
3853762 214594680 0.5
7544267 214716930 1
7544267 214855185 0.5
7544267 214716935 0.5
7314901 214685797 1
7314901 214836517 0.5
9219542 214587011 1
9219542 214696434 0.5
9219542 214840483 0.5
7118302 214687892 1
7118302 214644650 0.5
7118302 214836517 0.5
117329 214594680 1
117329 214594678 0.5
7527912 214849747 1
7527912 214849738 0.5
6364649 214840595 1
6364649 214584992 0.5
4939119 214716973 1
4939119 214819410 0.5
6852096 214712235 1
6852096 214700000 0.5
6852096 214835120 0.5
2498066 214709807 1
2498066 214828970 0.5
130593 214840760 1
130593 214508942 0.5
2319474 214836517 1
2319474 214835019 0.5
7396904 214848746 1
7396904 214851225 0.5
7396904 214684108 0.5
5646544 214574777 1
5646544 214700990 0.5
10927666 214835117 1
10927666 214859240 0.5
8130107 214677615 1
8130107 214651777 0.5
8130107 214850743 0.5
4968031 214836536 1
4968031 214646745 0.5
1646177 214829747 1
1646177 214829745 0.5
7528034 214855185 1
7528034 214716935 0.5
11275876 214687753 1
11275876 214582942 0.5
5443186 214833802 1
5443186 214587797 0.5
7281939 214509845 1
7281939 214537496 0.5
5048782 214829668 1
5048782 214820261 0.5
7073406 214677615 1
7073406 214821017 0.5
4056341 214836512 1
4056341 214839587 0.5
4056341 214835111 0.5
5058176 214833802 1
5058176 214684372 0.5
3521778 214828970 1
3521778 214836519 0.5
2338447 214716658 1
2338447 214695065 0.5
1769528 214828970 1
1769528 214826610 0.5
7192223 214849766 1
7192223 214567410 0.5
7192223 214850692 0.5
6213281 214821309 1
6213281 214748289 0.5
6213281 214753505 0.5
1556132 214829747 1
1556132 214828995 0.5
3798894 214842735 1
3798894 214826750 0.5
7315116 214850304 1
7315116 214716930 0.5
7315116 214533022 0.5
7315116 214725551 0.5
4819783 214842735 1
4819783 214839973 0.5
4819783 214602598 0.5
4819783 214836855 0.5
5693119 214835017 1
5693119 214835745 0.5
5693119 214835019 0.5
5693119 214826565 0.5
3231427 214829880 1
3231427 214826835 0.5
11443911 214680371 1
11443911 214744258 0.5
761557 214748300 1
761557 214748293 0.5
5779161 214839377 1
5779161 214602830 0.5
6684382 214837918 1
6684382 214837916 0.5
2686689 214826816 1
2686689 214826705 0.5
971387 214821302 1
971387 214821305 0.5
692178 214716930 1
692178 214716932 0.5
692178 214716935 0.5
192166 214820259 1
192166 214535621 0.5
9314041 214845127 1
9314041 214853420 0.5
9314041 214849301 0.5
5746427 214712237 1
5746427 214743515 0.5
4205343 214840235 1
4205343 214613743 0.5
325967 214509152 1
325967 214711297 0.5
5357321 214691735 1
5357321 214613649 0.5
5357321 214839611 0.5
9477902 214850949 1
9477902 214853422 0.5
9477902 214853454 0.5
9477902 214850942 0.5
5332754 214839947 1
5332754 214640015 0.5
10444566 214510445 1
10444566 214854707 0.5
6197017 214845131 1
6197017 214835111 0.5
7051256 214851032 1
7051256 214829792 0.5
7051256 214851279 0.5
9309992 214845962 1
9309992 214536195 0.5
9309992 214845971 0.5
5660458 214645005 1
5660458 214691563 0.5
8912684 214853758 1
8912684 214853177 0.5
8912684 214853173 0.5
8777538 214851155 1
8777538 214851152 0.5
8777538 214574777 0.5
1769286 214717005 1
1769286 214717003 0.5
1769286 214717007 0.5
11244316 214853102 1
11244316 214854840 0.5
11244316 214853072 0.5
5295963 214820261 1
5295963 214833802 0.5
5295963 214821277 0.5
7982948 214851279 1
7982948 214853143 0.5
7528294 214850792 1
7528294 214850938 0.5
3743598 214684513 1
3743598 214602817 0.5
3743598 214613925 0.5
3743598 214839369 0.5
1929078 214826709 1
1929078 214587547 0.5
1929078 214700990 0.5
7901051 214850934 1
7901051 214545879 0.5
7901051 214850743 0.5
3653502 214716932 1
3653502 214716930 0.5
3653502 214821309 0.5
3653502 214821341 0.5
3653502 214716935 0.5
4849539 214640015 1
4849539 214839947 0.5
8953739 214774678 1
8953739 214774676 0.5
7442332 214716707 1
7442332 214832604 0.5
10063777 214853218 1
10063777 214577709 0.5
5197733 214632272 1
5197733 214574672 0.5
5197733 214845577 0.5
5197733 214845581 0.5
1126314 214717620 1
1126314 214834925 0.5
2625453 214832717 1
2625453 214829079 0.5
4005806 214845127 1
4005806 214839600 0.5
4005806 214829765 0.5
3964232 214551776 1
3964232 214551780 0.5
896361 214716984 1
896361 214832657 0.5
896361 214832655 0.5
4706242 214556216 1
4706242 214640353 0.5
7131084 214712126 1
7131084 214849132 0.5
4738381 214643036 1
4738381 214836519 0.5
4485748 214839339 1
4485748 214774676 0.5
6221137 214717310 1
6221137 214850565 0.5
6221137 214580293 0.5
7964668 214716932 1
7964668 214855185 0.5
7964668 214716930 0.5
7491566 214700002 1
7491566 214836536 0.5
