8065033 214853177 1
8065033 214853758 0.5
6488077 214819490 1
6488077 214580094 0.5
118806 214821290 1
118806 214748340 0.5
10127364 214718220 1
10127364 214850743 0.5
4882458 214748302 1
4882458 214850302 0.5
7962654 214533022 1
7962654 214821315 0.5
11022368 214701787 1
11022368 214712235 0.5
11022368 214859139 0.5
8326824 214853177 1
8326824 214853173 0.5
3661881 214836830 1
3661881 214687685 0.5
581699 214717003 1
581699 214717007 0.5
7688261 214585676 1
7688261 214573612 0.5
7204193 214849807 1
7204193 214849747 0.5
327768 214717003 1
327768 214716928 0.5
327768 214716926 0.5
10944602 214857204 1
10944602 214835000 0.5
3768411 214594678 1
3768411 214594680 0.5
3014754 214835132 1
3014754 214829392 0.5
3006481 214709735 1
3006481 214584047 0.5
10829936 214853102 1
10829936 214853100 0.5
3903606 214836830 1
3903606 214836851 0.5
778359 214840762 1
778359 214840760 0.5
1446016 214821290 1
1446016 214748340 0.5
7168132 214828970 1
7168132 214828963 0.5
7168132 214849327 0.5
5361799 214842735 1
5361799 214838109 0.5
5361799 214539238 0.5
3323248 214831957 1
3323248 214711307 0.5
3323248 214738453 0.5
377017 214716930 1
377017 214716935 0.5
1618106 214716928 1
1618106 214717003 0.5
6385851 214644577 1
6385851 214845416 0.5
3514556 214836830 1
3514556 214832128 0.5
4853961 214844394 1
4853961 214844439 0.5
8814801 214717003 1
8814801 214716928 0.5
8814801 214717005 0.5
8814801 214717007 0.5
4055268 214842735 1
4055268 214836881 0.5
1900774 214709792 1
1900774 214835752 0.5
3064046 214844394 1
3064046 214551624 0.5
6979827 214849327 1
6979827 214829387 0.5
9691384 214852980 1
9691384 214853077 0.5
7115014 214587328 1
7115014 214835126 0.5
3223832 214844439 1
3223832 214821305 0.5
3223832 214821309 0.5
3223832 214586711 0.5
6414619 214840595 1
6414619 214584992 0.5
7668011 214563182 1
7668011 214850743 0.5
4370736 214820261 1
4370736 214820233 0.5
4402 214826803 1
4402 214841640 0.5
8200533 214687753 1
8200533 214567072 0.5
7250266 214643036 1
7250266 214718372 0.5
7250266 214641967 0.5
8237408 214844394 1
8237408 214716982 0.5
2240874 214748293 1
2240874 214753513 0.5
2515006 214587257 1
2515006 214553700 0.5
8151422 214665277 1
8151422 214849284 0.5
8151422 214826990 0.5
1704329 214844439 1
1704329 214821305 0.5
1704329 214844394 0.5
1704329 214821302 0.5
10359189 214851326 1
10359189 214853090 0.5
10359189 214852978 0.5
10359189 214853094 0.5
10359189 214853077 0.5
8585622 214853094 1
8585622 214852978 0.5
6463898 214845405 1
6463898 214708305 0.5
3494299 214695067 1
3494299 214717406 0.5
1092644 214829747 1
1092644 214828995 0.5
9630112 214826987 1
9630112 214853325 0.5
802203 214716932 1
802203 214716930 0.5
802203 214716935 0.5
9478566 214853420 1
9478566 214850949 0.5
11112901 214853454 1
11112901 214835000 0.5
2339254 214829887 1
2339254 214831946 0.5
2339254 214831948 0.5
2593209 214587305 1
2593209 214834873 0.5
10121658 214858680 1
10121658 214850949 0.5
1678941 214680369 1
1678941 214511015 0.5
4555201 214534220 1
4555201 214612695 0.5
4764104 214585633 1
4764104 214840412 0.5
4338122 214844439 1
4338122 214844452 0.5
4338122 214844456 0.5
4338122 214844458 0.5
4338122 214844441 0.5
4338122 214821339 0.5
4338122 214533020 0.5
8438223 214716984 1
8438223 214716980 0.5
8438223 214716973 0.5
8438223 214716982 0.5
8438223 214716943 0.5
1696208 214716928 1
1696208 214717007 0.5
9271374 214850949 1
9271374 214853454 0.5
7733718 214844456 1
7733718 214551626 0.5
7733718 214821309 0.5
7733718 214844462 0.5
10846692 214853072 1
10846692 214676480 0.5
2459969 214844394 1
2459969 214844439 0.5
10723837 214854262 1
10723837 214567327 0.5
8729086 214853094 1
8729086 214853248 0.5
598537 214833800 1
598537 214832728 0.5
5202444 214581427 1
5202444 214832645 0.5
3007001 214829672 1
3007001 214820272 0.5
3007001 214842508 0.5
9277992 214821377 1
9277992 214846378 0.5
8935517 214828963 1
8935517 214849327 0.5
6926902 214716707 1
6926902 214832604 0.5
4780606 214748310 1
4780606 214834873 0.5
6914632 214717738 1
6914632 214531517 0.5
8829709 214836515 1
8829709 214828965 0.5
2949712 214836515 1
2949712 643078800 0.5
62056 214840483 1
62056 214717003 0.5
62056 214826955 0.5
1856114 214829672 1
1856114 214826608 0.5
1856114 214829863 0.5
1852047 214716943 1
1852047 214716971 0.5
1852047 214716997 0.5
1852047 214716982 0.5
1852047 214716965 0.5
5548691 214684702 1
5548691 214826987 0.5
37528 214819430 1
37528 214748336 0.5
37528 214577450 0.5
7893659 214844456 1
7893659 214748336 0.5
7893659 214844458 0.5
5616293 214595855 1
5616293 214836819 0.5
5767854 214828882 1
5767854 214534627 0.5
9589431 214712237 1
9589431 214853424 0.5
9589431 214853321 0.5
9589431 214829042 0.5
9589431 214743515 0.5
6313422 214584992 1
6313422 214840595 0.5
10523352 214854345 1
10523352 214854555 0.5
8024799 214850932 1
8024799 214851135 0.5
4948706 214832017 1
4948706 214640353 0.5
4948706 214690813 0.5
11436808 214849132 1
11436808 214578011 0.5
11436808 214510445 0.5
11436808 214857830 0.5
11436808 214826987 0.5
1370924 214829042 1
1370924 214829079 0.5
7623434 214853122 1
7623434 214828882 0.5
3804634 214836932 1
3804634 214836924 0.5
3804634 214829765 0.5
7176993 214828882 1
7176993 214853758 0.5
7176993 214849766 0.5
1492829 214834880 1
1492829 214821412 0.5
3046876 214836515 1
3046876 214829887 0.5
4326189 214831955 1
4326189 214832143 0.5
5559099 214706452 1
5559099 214700002 0.5
5559099 214601542 0.5
5559099 214846447 0.5
2974532 214844250 1
2974532 214844173 0.5
5882697 214846031 1
5882697 214829880 0.5
8102748 214853173 1
8102748 214851120 0.5
8102748 214828882 0.5
8102748 214853758 0.5
8817451 214853143 1
8817451 214835126 0.5
5601618 214848746 1
5601618 214684108 0.5
5601618 214848324 0.5
1172344 214716928 1
1172344 214717007 0.5
1172344 214832655 0.5
3830654 214594680 1
3830654 214594678 0.5
2737028 214836515 1
2737028 214840584 0.5
9651078 214851155 1
9651078 214851152 0.5
9651078 214834922 0.5
9651078 214856831 0.5
115594 214684108 1
115594 214643045 0.5
115594 214743350 0.5
2515857 214829390 1
2515857 214586711 0.5
11035553 214854853 1
11035553 214864880 0.5
11035553 214855016 0.5
3086429 214844394 1
3086429 214844439 0.5
11051964 214854774 1
11051964 214540035 0.5
11396033 214680371 1
11396033 214712235 0.5
6140867 214846061 1
6140867 214748336 0.5
6140867 214846033 0.5
6140867 214836330 0.5
9790416 214853700 1
9790416 214820400 0.5
9790416 214853698 0.5
5157844 214551791 1
5157844 214551776 0.5
5157844 214677984 0.5
5157844 214589707 0.5
5157844 214551780 0.5
5157844 214539112 0.5
5157844 214539050 0.5
5157844 214840235 0.5
5157844 214826747 0.5
5157844 214539039 0.5
1894564 214701307 1
1894564 214820392 0.5
2900954 214832730 1
2900954 214664767 0.5
3646448 214848729 1
3646448 214848727 0.5
9450486 214717612 1
9450486 214717614 0.5
1151828 214821305 1
1151828 214821302 0.5
2622463 214613893 1
2622463 214664767 0.5
10253144 214861895 1
10253144 214848658 0.5
10253144 214854298 0.5
10253144 214853767 0.5
3114006 214836519 1
3114006 214826979 0.5
3114006 214716935 0.5
3081049 214551776 1
3081049 214539112 0.5
3081049 214551780 0.5
3081049 214539110 0.5
3486752 214837918 1
3486752 214837916 0.5
3041861 214844394 1
3041861 214844439 0.5
8557609 214828882 1
8557609 214853173 0.5
10298424 214854300 1
10298424 214854534 0.5
5575742 214846061 1
5575742 214849001 0.5
6313027 214700000 1
6313027 214851032 0.5
6313027 214835713 0.5
6313027 214744258 0.5
6313027 214712237 0.5
4744266 214847255 1
4744266 214836857 0.5
1860683 214834880 1
1860683 214826610 0.5
3920973 214821367 1
3920973 214534706 0.5
5379154 214826724 1
5379154 214677984 0.5
5379154 214551748 0.5
5379154 214612901 0.5
7840853 214844462 1
7840853 214551626 0.5
7840853 214844458 0.5
3019867 214835132 1
3019867 214829390 0.5
10808917 214743367 1
10808917 214854782 0.5
1393763 214717003 1
1393763 214716928 0.5
1393763 214717001 0.5
1393763 214717005 0.5
1393763 214716967 0.5
8283239 214717003 1
8283239 214716928 0.5
10372202 214644444 1
10372202 214856582 0.5
4252781 214648256 1
4252781 214574672 0.5
7529586 214696824 1
7529586 214577750 0.5
7210099 214851032 1
7210099 214512611 0.5
7210099 214712235 0.5
5182584 214839947 1
5182584 214688610 0.5
9016442 214680371 1
9016442 214744258 0.5
9016442 214512611 0.5
9016442 214712235 0.5
10765442 214712235 1
10765442 214680371 0.5
238726 214586711 1
238726 214712235 0.5
10122384 214853767 1
10122384 214853698 0.5
5043346 214684372 1
5043346 214836868 0.5
5043346 214820261 0.5
5043346 214820265 0.5
5043346 214833802 0.5
5043346 214602830 0.5
5043346 214848727 0.5
2466967 643078800 1
2466967 214539050 0.5
2466967 214551780 0.5
1131684 214582541 1
1131684 214509401 0.5
919751 214832672 1
919751 214571904 0.5
5461183 214844439 1
5461183 214601233 0.5
5461183 214844372 0.5
5461183 214826990 0.5
5461183 214844342 0.5
4322507 214820255 1
4322507 214846057 0.5
4322507 214848735 0.5
4322507 214848727 0.5
4322507 214829327 0.5
10440928 214515842 1
10440928 214515883 0.5
100152 214594680 1
100152 214594678 0.5
6874328 214821305 1
6874328 214844394 0.5
10405081 214849807 1
10405081 214854345 0.5
10405081 214854555 0.5
2893029 214587305 1
2893029 214834873 0.5
7492839 214844458 1
7492839 214844441 0.5
7492839 214551626 0.5
7492839 214533020 0.5
7492839 214821309 0.5
2196713 214829846 1
2196713 214829083 0.5
10753276 214567333 1
10753276 214684762 0.5
10753276 214854262 0.5
10753276 214853726 0.5
10753276 214854358 0.5
5375242 214684108 1
5375242 214848746 0.5
8203824 214850936 1
8203824 214850771 0.5
2061607 214821290 1
2061607 214829711 0.5
4850986 214712235 1
4850986 214700000 0.5
4850986 214706452 0.5
8111408 214680371 1
8111408 214835126 0.5
7915059 214844394 1
7915059 214849807 0.5
3818842 214835019 1
3818842 214829773 0.5
9635166 214853077 1
9635166 214853248 0.5
9635166 214851326 0.5
4588903 214712235 1
4588903 214700000 0.5
4588903 214744258 0.5
4588903 214706452 0.5
1562172 214844456 1
1562172 214684160 0.5
1562172 214844458 0.5
2434414 643078800 1
2434414 214831946 0.5
3569008 214551626 1
3569008 214844456 0.5
6877417 214826666 1
6877417 214708305 0.5
6877417 214845405 0.5
9035831 214851322 1
9035831 214678989 0.5
6702459 214844456 1
6702459 214844441 0.5
6702459 214821309 0.5
464259 214832655 1
464259 214716984 0.5
464259 214832657 0.5
464259 214716986 0.5
464259 214716982 0.5
1435034 214829717 1
1435034 214829668 0.5
1074587 214821302 1
1074587 214821305 0.5
1074587 214844447 0.5
7992741 214821341 1
7992741 214821305 0.5
1664424 214716984 1
1664424 214716986 0.5
8779181 214853214 1
8779181 214584830 0.5
7361978 214849775 1
7361978 214850422 0.5
886218 214515842 1
886218 214699033 0.5
6694348 214820261 1
6694348 214717307 0.5
8664534 214717003 1
8664534 214716928 0.5
8664534 214717005 0.5
6743519 214849365 1
6743519 214834867 0.5
6743519 214829765 0.5
11150824 214854300 1
11150824 214684762 0.5
8606474 214832143 1
8606474 214831955 0.5
8606474 214853340 0.5
2893309 214844250 1
2893309 214844173 0.5
4830721 214821339 1
4830721 214839592 0.5
2586114 214718400 1
2586114 214716110 0.5
7452169 214850932 1
7452169 214700876 0.5
4924938 214828952 1
4924938 214585631 0.5
8738318 214716714 1
8738318 214684942 0.5
3331604 214748293 1
3331604 214835745 0.5
3331604 214748300 0.5
5649943 214541582 1
5649943 214846033 0.5
5649943 214820265 0.5
7394846 214850282 1
7394846 214844394 0.5
7394846 214665277 0.5
9704997 214612706 1
9704997 214533022 0.5
2491953 214581489 1
2491953 214680371 0.5
5428786 214551776 1
5428786 214840235 0.5
5428786 214551780 0.5
5428786 214539039 0.5
2733621 643078800 1
2733621 214820259 0.5
3917369 214837916 1
3917369 214820400 0.5
3917369 214835122 0.5
3917369 214600492 0.5
4857439 214839960 1
4857439 214836330 0.5
1271356 214821305 1
1271356 214844394 0.5
9643587 214712235 1
9643587 214744258 0.5
9643587 214680371 0.5
6698567 214849132 1
6698567 214584992 0.5
2287183 214835111 1
2287183 214819760 0.5
2287183 214828970 0.5
2287183 214835019 0.5
2287183 214600492 0.5
4552278 214838109 1
4552278 214551695 0.5
5838431 214716982 1
5838431 214716984 0.5
5838431 214716965 0.5
5838431 214748327 0.5
8848992 214850743 1
8848992 214849046 0.5
6030947 214684702 1
6030947 214831948 0.5
9262692 214842735 1
9262692 214509142 0.5
3143271 214829317 1
3143271 214584815 0.5
8537704 214826987 1
8537704 214821377 0.5
8170476 214851290 1
8170476 214850936 0.5
8170476 214829666 0.5
10847854 214716982 1
10847854 214854570 0.5
10847854 214716971 0.5
10847854 214854620 0.5
11018307 214705659 1
11018307 214531475 0.5
8754821 214852978 1
8754821 214743367 0.5
542342 214832655 1
542342 214716947 0.5
542342 214716982 0.5
7136228 214680371 1
7136228 214512611 0.5
4839051 214829672 1
4839051 214587560 0.5
11478671 214853735 1
11478671 214854352 0.5
10049168 214853767 1
10049168 214853702 0.5
997018 214551630 1
997018 214844439 0.5
6858218 214835137 1
6858218 214846462 0.5
3925669 214551626 1
3925669 214612708 0.5
6997617 214851032 1
6997617 214835713 0.5
2467526 214846057 1
2467526 214554384 0.5
2467526 214844420 0.5
9963208 214853321 1
9963208 214831946 0.5
9963208 214853420 0.5
9963208 214829878 0.5
2153421 214582942 1
2153421 214687753 0.5
7577209 214717003 1
7577209 214716926 0.5
9688792 214853325 1
9688792 214826987 0.5
7968477 214844394 1
7968477 214716930 0.5
8402662 214716932 1
8402662 214834873 0.5
5528531 214821309 1
5528531 214844458 0.5
2523843 214581489 1
2523843 643078800 0.5
2523843 214680371 0.5
2523843 214712235 0.5
2523843 214602605 0.5
10048469 214850945 1
10048469 214853698 0.5
10048469 214854300 0.5
5062272 214821285 1
5062272 214821277 0.5
8922883 214853177 1
8922883 214828882 0.5
8922883 214853758 0.5
6997767 214711569 1
6997767 214554950 0.5
2111109 214826662 1
2111109 214826664 0.5
3213089 643078800 1
3213089 214541355 0.5
9855282 214853090 1
9855282 214853105 0.5
9855282 214852980 0.5
3815224 214842735 1
3815224 214711297 0.5
3815224 214838109 0.5
3815224 214826750 0.5
8054587 214851028 1
8054587 214564380 0.5
4400957 214821305 1
4400957 214844394 0.5
10213187 214716982 1
10213187 214716971 0.5
10213187 214717003 0.5
10213187 214716965 0.5
10213187 214716990 0.5
968517 214821341 1
968517 214551624 0.5
968517 214844465 0.5
4300919 214553700 1
4300919 214710152 0.5
182097 214601012 1
182097 214612785 0.5
2733908 214602605 1
2733908 214712235 0.5
2733908 214706452 0.5
2733908 214512611 0.5
7227223 214678987 1
7227223 214542759 0.5
11278176 214858680 1
11278176 214848980 0.5
11121638 214835000 1
11121638 214857204 0.5
6195054 214846029 1
6195054 214846031 0.5
6287811 214848622 1
6287811 214821277 0.5
26481 214748293 1
26481 214748338 0.5
2672502 643078800 1
2672502 214831946 0.5
2672502 214831948 0.5
5195412 214643036 1
5195412 214826818 0.5
5195412 214848324 0.5
6080384 214820259 1
6080384 214820261 0.5
6113154 214845962 1
6113154 214846447 0.5
11425679 214854774 1
11425679 214849132 0.5
10831761 214853102 1
10831761 214854716 0.5
649113 214821315 1
649113 214718216 0.5
8879087 214828882 1
8879087 214851120 0.5
8879087 214853173 0.5
632741 214821305 1
632741 214821309 0.5
11126698 214716937 1
11126698 214854572 0.5
5736364 214840595 1
5736364 214584992 0.5
2271151 214840595 1
2271151 214584992 0.5
2271151 214601040 0.5
2271151 214601042 0.5
5339058 214836536 1
5339058 214844336 0.5
3618747 214748297 1
3618747 214748338 0.5
3962814 214602536 1
3962814 214602538 0.5
472054 214583190 1
472054 214832559 0.5
5343183 214842735 1
5343183 214848729 0.5
939986 214709737 1
939986 214821302 0.5
9152473 214836536 1
9152473 214853420 0.5
9152473 214853094 0.5
710623 214821388 1
710623 214589696 0.5
710623 214584920 0.5
710623 214539202 0.5
710623 214827011 0.5
6768619 214821309 1
6768619 214821315 0.5
10950642 214700002 1
10950642 214743515 0.5
9215207 214851279 1
9215207 214853143 0.5
4577286 214716939 1
4577286 214716937 0.5
4577286 214716973 0.5
8001548 214851279 1
8001548 214829792 0.5
2951182 643078800 1
2951182 214835165 0.5
4184082 214537490 1
4184082 214537487 0.5
4077593 214820439 1
4077593 214600502 0.5
11020326 214851326 1
11020326 214853094 0.5
383027 214800262 1
383027 214684843 0.5
9340984 214828963 1
9340984 214828970 0.5
8898621 214852978 1
8898621 214853094 0.5
8259648 214700002 1
8259648 214743515 0.5
9533506 214828882 1
9533506 214553604 0.5
6065163 214846057 1
6065163 214716577 0.5
3840068 214844394 1
3840068 214821305 0.5
3840068 214844439 0.5
4720721 214838505 1
4720721 214834873 0.5
4347991 214842735 1
4347991 214836932 0.5
903256 214668590 1
903256 214716984 0.5
903256 214832657 0.5
903256 214717003 0.5
903256 214587384 0.5
903256 214579288 0.5
1759341 214829042 1
1759341 214774685 0.5
3762287 214836129 1
3762287 214602536 0.5
3762287 214602538 0.5
3762287 214602534 0.5
2893937 214829390 1
2893937 214835132 0.5
9885821 214853122 1
9885821 214534340 0.5
10492031 214853090 1
10492031 214853248 0.5
10492031 214851326 0.5
11274368 214510445 1
11274368 214854707 0.5
1300609 214711408 1
1300609 214829321 0.5
1300609 214826955 0.5
8751467 214551632 1
8751467 214844454 0.5
2889658 214584992 1
2889658 214584962 0.5
7256208 214844439 1
7256208 214821305 0.5
7256208 214821380 0.5
7501976 214849327 1
7501976 214648256 0.5
7501976 214850282 0.5
10635418 214680371 1
10635418 214700000 0.5
10635418 214744258 0.5
10635418 214712235 0.5
2640037 643078800 1
2640037 214829880 0.5
2640037 214829878 0.5
3209394 214836830 1
3209394 643078800 0.5
542409 214680369 1
542409 214743515 0.5
542409 214511015 0.5
9218234 214853420 1
9218234 214850949 0.5
9218234 214853422 0.5
592081 214827022 1
592081 214827020 0.5
6547677 214846029 1
6547677 214829887 0.5
9230571 214680371 1
9230571 214700000 0.5
1927408 214829317 1
1927408 214584815 0.5
3180792 214844458 1
3180792 214844456 0.5
3991804 214509084 1
3991804 214613893 0.5
9414938 214853402 1
9414938 214716673 0.5
710941 214821302 1
710941 214533026 0.5
710941 214821339 0.5
710941 214821341 0.5
3385632 214709792 1
3385632 214829405 0.5
9922851 214852978 1
9922851 214853248 0.5
9922851 214852980 0.5
9922851 214853077 0.5
9922851 214853094 0.5
26919 214716932 1
26919 214716930 0.5
26919 214533022 0.5
26919 214716935 0.5
2287914 214832557 1
2287914 214820405 0.5
10792669 214835120 1
10792669 214853321 0.5
10792669 214862317 0.5
10792669 214676593 0.5
10792669 214696425 0.5
7547221 214844454 1
7547221 214821313 0.5
9202029 214853317 1
9202029 214853338 0.5
9202029 214532955 0.5
3328369 214844439 1
3328369 214612704 0.5
3328369 214844465 0.5
3328369 214844394 0.5
3328369 214821305 0.5
3328369 214586711 0.5
10705267 214853321 1
10705267 214712237 0.5
11278713 214859242 1
11278713 214859240 0.5
10830229 214577709 1
10830229 214853754 0.5
10873216 214853102 1
10873216 214853100 0.5
4925834 214836932 1
4925834 214829366 0.5
4782476 214701307 1
4782476 214558331 0.5
739734 214821315 1
739734 214577518 0.5
3819927 214844415 1
3819927 214836129 0.5
3819927 214836761 0.5
3643807 214709792 1
3643807 214836932 0.5
2426346 214709822 1
2426346 214831948 0.5
4602279 214712235 1
4602279 214700000 0.5
4602279 214744258 0.5
4602279 214836330 0.5
4860329 214539050 1
4860329 214840235 0.5
2648492 214829887 1
2648492 214829878 0.5
9623988 214853454 1
9623988 214850945 0.5
9623988 214850947 0.5
11368889 214859139 1
11368889 214859242 0.5
11368889 214853317 0.5
11368889 214829878 0.5
8501663 214853323 1
8501663 214853177 0.5
3807684 214650645 1
3807684 214639207 0.5
7890678 214551913 1
7890678 214717007 0.5
9341383 214852980 1
9341383 214852978 0.5
9341383 214853077 0.5
3578316 214716932 1
3578316 214716930 0.5
3578316 214716935 0.5
3791312 214840595 1
3791312 214538820 0.5
7051737 214846530 1
7051737 214845131 0.5
7051737 214717286 0.5
334301 214600502 1
334301 214537967 0.5
3414501 214711297 1
3414501 214509148 0.5
4778473 214821277 1
4778473 214584907 0.5
6650279 214821315 1
6650279 214612706 0.5
6650279 214533022 0.5
11327984 214853100 1
11327984 214854840 0.5
2097576 214706452 1
2097576 214743515 0.5
10983923 214704180 1
10983923 214853321 0.5
10983923 214700002 0.5
10983923 214704182 0.5
227071 214594678 1
227071 214594680 0.5
6216201 214512416 1
6216201 214512425 0.5
6216201 214848866 0.5
6216201 214509084 0.5
7440908 214828882 1
7440908 214853173 0.5
1526288 214684513 1
1526288 214843526 0.5
4389394 214596107 1
4389394 214848729 0.5
4389394 214819490 0.5
11348501 214854352 1
11348501 214574672 0.5
11348501 214848658 0.5
11348501 214574670 0.5
11348501 214743495 0.5
4848156 214695480 1
4848156 214839954 0.5
8440349 214716928 1
8440349 214717003 0.5
5622311 214748336 1
5622311 214846061 0.5
1690154 214834873 1
1690154 214828963 0.5
7809589 214844454 1
7809589 214821313 0.5
420423 214821390 1
420423 214572182 0.5
2648649 214821305 1
2648649 214821302 0.5
5065297 214672841 1
5065297 214821015 0.5
11276046 214700000 1
11276046 214700002 0.5
8457999 214826987 1
8457999 214552682 0.5
8457999 214853325 0.5
8457999 214835126 0.5
8457999 214851279 0.5
9730653 214853420 1
9730653 214850947 0.5
6371279 214849076 1
6371279 214509401 0.5
678517 214716932 1
678517 214716935 0.5
11074166 214712235 1
11074166 214700000 0.5
3453243 214601197 1
3453243 214640870 0.5
4926074 214842735 1
4926074 214826750 0.5
2087558 214709792 1
2087558 214835752 0.5
3910294 214829880 1
3910294 214829878 0.5
6371991 214836326 1
6371991 214712278 0.5
2177689 214717406 1
2177689 214695067 0.5
2177689 214717046 0.5
7912094 214844439 1
7912094 214844394 0.5
10977733 214859242 1
10977733 214859240 0.5
10977733 214701787 0.5
10977733 214704180 0.5
10977733 214704182 0.5
10977733 214835287 0.5
9558688 214853321 1
9558688 214700002 0.5
9558688 214511015 0.5
9681569 214850940 1
9681569 214744779 0.5
4958906 214839939 1
4958906 214674707 0.5
10414784 214853094 1
10414784 214852978 0.5
3771077 214717007 1
3771077 214716928 0.5
3771077 214717005 0.5
1809096 214834880 1
1809096 214821410 0.5
1809096 214826610 0.5
1252073 214821305 1
1252073 214821315 0.5
5851602 214842735 1
5851602 214547593 0.5
5851602 214509148 0.5
5851602 214826750 0.5
2505454 214835019 1
2505454 214753513 0.5
5913327 214709745 1
5913327 214748338 0.5
5913327 214709747 0.5
5823251 214845420 1
5823251 214844370 0.5
10344921 214854174 1
10344921 214676306 0.5
1059619 214706216 1
1059619 214581427 0.5
1059619 214672942 0.5
4877092 214829801 1
4877092 214838109 0.5
4877092 214842735 0.5
3152682 214587547 1
3152682 214512425 0.5
1106501 214748297 1
1106501 214748338 0.5
9816888 214850949 1
9816888 214853454 0.5
9816888 214853422 0.5
1706822 214829366 1
1706822 214821410 0.5
1706822 214821412 0.5
4388664 214744258 1
4388664 214602605 0.5
7924579 214849807 1
7924579 214835126 0.5
8039289 214850743 1
8039289 214850938 0.5
8039289 214850771 0.5
9276566 214846391 1
9276566 214851320 0.5
2947977 214844456 1
2947977 214821309 0.5
6970268 214849284 1
6970268 214848658 0.5
2378654 214829878 1
2378654 214829882 0.5
8969122 214853077 1
8969122 214853096 0.5
8969122 214853094 0.5
10759086 214849807 1
10759086 214854555 0.5
4035061 214840757 1
4035061 214509035 0.5
2648061 643078800 1
2648061 214709737 0.5
11307981 214853100 1
11307981 214850949 0.5
6773737 214840595 1
6773737 214584992 0.5
8563692 214716935 1
8563692 214716932 0.5
1395197 214826610 1
1395197 214829366 0.5
11332593 214700002 1
11332593 214853321 0.5
4727832 214712237 1
4727832 214700002 0.5
1481727 214821290 1
1481727 214748340 0.5
10077356 214540127 1
10077356 214540179 0.5
10077356 214853420 0.5
10077356 214540125 0.5
6969177 214716973 1
6969177 214716937 0.5
6969177 214716980 0.5
10128411 214829880 1
10128411 214850949 0.5
1793052 214844462 1
1793052 214844394 0.5
1793052 214533026 0.5
3812383 214594680 1
3812383 214594678 0.5
3222562 643078800 1
3222562 214827011 0.5
3222562 214829390 0.5
11361334 214853177 1
11361334 214828882 0.5
7498249 214587028 1
7498249 214836947 0.5
691258 214821305 1
691258 214821302 0.5
469514 214716932 1
469514 214821305 0.5
469514 214716935 0.5
469514 214821341 0.5
469514 214551617 0.5
9002057 214850758 1
9002057 214668590 0.5
9002057 214848302 0.5
11488344 214835000 1
11488344 214857204 0.5
11488344 214835004 0.5
5098591 214684702 1
5098591 214826987 0.5
3710051 214844394 1
3710051 214844465 0.5
3710051 214844439 0.5
785513 214587384 1
785513 214668590 0.5
44142 214753507 1
44142 214533026 0.5
5176434 214836536 1
5176434 214613915 0.5
5176434 214684372 0.5
2731123 643078800 1
2731123 214834867 0.5
11275399 214567072 1
11275399 214854707 0.5
2075787 214841640 1
2075787 214832717 0.5
10121578 214850949 1
10121578 214853422 0.5
10121578 214850942 0.5
4510566 214714805 1
4510566 214839943 0.5
5975203 214845583 1
5975203 214838225 0.5
5975203 214839587 0.5
5622958 214829317 1
5622958 214581761 0.5
5549231 214835137 1
5549231 214827032 0.5
1871026 214698465 1
1871026 214698575 0.5
6103818 214584992 1
6103818 214840595 0.5
7290052 214849018 1
7290052 214835167 0.5
1686726 214829042 1
1686726 214828867 0.5
10099911 214853094 1
10099911 214851326 0.5
761036 214680371 1
761036 214512611 0.5
4554362 214550398 1
4554362 214574137 0.5
4554362 214515825 0.5
2497743 214835019 1
2497743 214716935 0.5
8105169 214821313 1
8105169 214821305 0.5
3382481 214587613 1
3382481 214535621 0.5
7777524 214716982 1
7777524 214716928 0.5
7777524 214717867 0.5
7777524 214748327 0.5
7777524 214717003 0.5
7777524 214832655 0.5
7777524 214554358 0.5
7777524 214716984 0.5
7777524 214716986 0.5
10296569 214853094 1
10296569 214853096 0.5
11210961 214854707 1
11210961 214601542 0.5
3853577 214838124 1
3853577 214700990 0.5
4898062 214684372 1
4898062 214839377 0.5
2010388 214834873 1
2010388 214707875 0.5
3128598 214844456 1
3128598 214844458 0.5
3128598 214533022 0.5
7589144 214844450 1
7589144 214612704 0.5
7589144 214844465 0.5
7589144 214821341 0.5
1375519 214701307 1
1375519 214558331 0.5
3620129 214842735 1
3620129 214826750 0.5
1924394 214718210 1
1924394 214826610 0.5
1924394 214829366 0.5
10022187 214850949 1
10022187 214853420 0.5
7911986 214716935 1
7911986 214832655 0.5
10906936 214853317 1
10906936 214680371 0.5
10906936 214650508 0.5
10906936 214854853 0.5
8695102 214821377 1
8695102 214716118 0.5
11367506 214835000 1
11367506 214854716 0.5
9837894 214853767 1
9837894 214853730 0.5
9837894 214853702 0.5
4574542 214538820 1
4574542 214831970 0.5
4574542 214832557 0.5
2844559 214829880 1
2844559 214829882 0.5
2844559 214831948 0.5
2844559 214829885 0.5
2844559 214829887 0.5
10325349 214854313 1
10325349 214700990 0.5
7912681 214828882 1
7912681 214553604 0.5
1011072 214716932 1
1011072 214716984 0.5
1011072 214551907 0.5
1011072 214716935 0.5
8024641 214716935 1
8024641 214716932 0.5
8024641 214716930 0.5
8024641 214819468 0.5
8024641 214533022 0.5
3870091 214836924 1
3870091 214829762 0.5
1355163 214829366 1
1355163 214834877 0.5
4024219 214716982 1
4024219 214748327 0.5
3722664 214716975 1
3722664 214717007 0.5
9203122 214581611 1
9203122 214853094 0.5
7075492 214687802 1
7075492 214717316 0.5
9604548 214851155 1
9604548 214851152 0.5
9604548 214834922 0.5
8158664 214848980 1
8158664 214711438 0.5
267717 214832730 1
267717 214832728 0.5
267717 214833802 0.5
4533716 214744258 1
4533716 214602605 0.5
11132236 214551917 1
11132236 214850370 0.5
11038171 214701787 1
11038171 214854830 0.5
3669469 214842735 1
3669469 214826750 0.5
6004194 214584821 1
6004194 214509401 0.5
6004194 214510757 0.5
11091447 214839911 1
11091447 214702895 0.5
10395147 214851326 1
10395147 214853090 0.5
10395147 214853094 0.5
10395147 214853096 0.5
10395147 214853105 0.5
10395147 214852978 0.5
10395147 214852980 0.5
2873261 214834867 1
2873261 214680705 0.5
2997791 214844394 1
2997791 214551624 0.5
7458337 214716928 1
7458337 214554358 0.5
2305969 214829863 1
2305969 214832717 0.5
2788918 214601012 1
2788918 214612785 0.5
5852728 214837916 1
5852728 214711348 0.5
5852728 214837918 0.5
6446662 214743515 1
6446662 214712237 0.5
5574217 214845416 1
5574217 214800264 0.5
5574217 214601197 0.5
5574217 214656382 0.5
9477707 214853214 1
9477707 214680356 0.5
1100389 214537967 1
1100389 214839373 0.5
6344291 214848971 1
6344291 214836519 0.5
3489388 214820255 1
3489388 214509401 0.5
1838706 214826709 1
1838706 214840584 0.5
2425449 214748338 1
2425449 214821032 0.5
9031297 214828963 1
9031297 214828970 0.5
9031297 214849327 0.5
5394054 214712237 1
5394054 214700002 0.5
5394054 214540127 0.5
4742796 214712270 1
4742796 214516033 0.5
4800146 214684372 1
4800146 214839956 0.5
2703008 214831940 1
2703008 214835503 0.5
8195749 214839596 1
8195749 214848307 0.5
10804912 214854707 1
10804912 214853072 0.5
9416384 214853321 1
9416384 214700002 0.5
9416384 214680371 0.5
11501249 214700002 1
11501249 214853321 0.5
11484872 214684785 1
11484872 214854358 0.5
9025467 214853105 1
9025467 214853096 0.5
9025467 214853090 0.5
9025467 214852980 0.5
9025467 214851326 0.5
9025467 214853094 0.5
9207506 214821285 1
9207506 214851748 0.5
8142 214587650 1
8142 214833802 0.5
3739351 214702895 1
3739351 214839982 0.5
3739351 214836870 0.5
3739351 214826662 0.5
1556189 214834880 1
1556189 214834877 0.5
8584927 214850771 1
8584927 214676306 0.5
8584927 214850743 0.5
8404707 214691188 1
8404707 214688668 0.5
8404707 214691117 0.5
8466152 214851155 1
8466152 214851152 0.5
4327378 214836932 1
4327378 214835109 0.5
4327378 214821015 0.5
6343293 214844394 1
6343293 214821305 0.5
8199922 214851097 1
8199922 214821032 0.5
8199922 214849365 0.5
9416438 214848746 1
9416438 214848324 0.5
9416438 214684108 0.5
5381879 214821309 1
5381879 214844458 0.5
10444539 214675895 1
10444539 214676375 0.5
6958864 214744258 1
6958864 214700000 0.5
6958864 214835120 0.5
6958864 214680371 0.5
6958864 214512611 0.5
4968211 214640015 1
4968211 214839947 0.5
5787426 214838109 1
5787426 214509148 0.5
8298104 214853094 1
8298104 214853096 0.5
8298104 214853248 0.5
8298104 214852978 0.5
8298104 214851326 0.5
5615403 214748293 1
5615403 214748338 0.5
9391917 214851135 1
9391917 214853077 0.5
7044942 214846127 1
7044942 214849738 0.5
7044942 214849046 0.5
43589 214717005 1
43589 214717007 0.5
1675098 214551626 1
1675098 214844452 0.5
8866447 214612738 1
8866447 214844447 0.5
9187168 214853094 1
9187168 214853096 0.5
9187168 214853090 0.5
9187168 214852978 0.5
11550578 214510445 1
11550578 214854774 0.5
4640628 214648256 1
4640628 214826945 0.5
5316474 214691735 1
5316474 214509133 0.5
7466878 214851279 1
7466878 214853657 0.5
7466878 214835126 0.5
2269077 214587650 1
2269077 214535617 0.5
10264476 214853321 1
10264476 214701787 0.5
10264476 214712235 0.5
10264476 214743515 0.5
10114791 214676480 1
10114791 214714665 0.5
4915116 214837918 1
4915116 214837916 0.5
278446 214821028 1
278446 214706432 0.5
6332336 214826945 1
6332336 214554371 0.5
8490934 214851155 1
8490934 214851152 0.5
2801614 214844394 1
2801614 214821305 0.5
3186641 214837918 1
3186641 214561402 0.5
3186641 214834877 0.5
9117652 214839596 1
9117652 214540127 0.5
6991833 214848973 1
6991833 214851009 0.5
4218842 214509084 1
4218842 214820242 0.5
4218842 214512431 0.5
2670569 214716926 1
2670569 214716928 0.5
2670569 214717003 0.5
2670569 214717007 0.5
3588082 214516033 1
3588082 214712270 0.5
5767156 214684093 1
5767156 214708372 0.5
7958517 214717284 1
7958517 214553702 0.5
7958517 214561775 0.5
