9838192 214718160 1
9838192 214853713 0.5
9224201 214821373 1
9224201 214850947 0.5
2637861 643078800 1
2637861 643078783 0.5
7946282 214612706 1
7946282 214533022 0.5
458799 214716937 1
458799 214716977 0.5
7172818 214837262 1
7172818 214839718 0.5
8310142 214847940 1
8310142 214851290 0.5
6946887 214840595 1
6946887 214584992 0.5
948236 214832780 1
948236 214829280 0.5
948236 214800268 0.5
948236 214819380 0.5
11464781 214853072 1
11464781 214854707 0.5
11464781 214510445 0.5
503821 214716932 1
503821 214716935 0.5
8130652 214851326 1
8130652 214853090 0.5
2617442 214820263 1
2617442 214832730 0.5
2617442 214587797 0.5
2617442 214835510 0.5
10975932 214835117 1
10975932 214676535 0.5
5976184 214717305 1
5976184 214717307 0.5
2203784 214826705 1
2203784 214826816 0.5
770209 214820201 1
770209 214701787 0.5
6058146 214846460 1
6058146 214846472 0.5
6058146 214846421 0.5
2195622 214547255 1
2195622 214534449 0.5
5613596 214836519 1
5613596 214835473 0.5
5288106 214845407 1
5288106 214640520 0.5
5288106 214826662 0.5
692396 214641967 1
692396 214839313 0.5
9693896 214700990 1
9693896 214700992 0.5
1573043 214684093 1
1573043 214709792 0.5
2752697 214612895 1
2752697 214539050 0.5
1802428 214680369 1
1802428 214700002 0.5
1802428 214511015 0.5
6156479 214849350 1
6156479 214684093 0.5
6156479 214508287 0.5
7824076 214849327 1
7824076 214717753 0.5
5427403 214847940 1
5427403 214718207 0.5
10980728 214712235 1
10980728 214701787 0.5
3109076 214821277 1
3109076 214820231 0.5
2851032 214706452 1
2851032 214700002 0.5
2851032 214701787 0.5
2851032 214639620 0.5
2851032 214712237 0.5
2851032 214743515 0.5
11440356 214853072 1
11440356 214854707 0.5
11440356 214578011 0.5
3969253 214684513 1
3969253 214839371 0.5
10309863 214851326 1
10309863 214853105 0.5
10309863 214852980 0.5
2293997 643078800 1
2293997 214829882 0.5
4276464 214829312 1
4276464 214746386 0.5
4276464 214685795 0.5
2326774 214844439 1
2326774 214844456 0.5
2326774 214844458 0.5
2326774 214844462 0.5
4149496 214587028 1
4149496 214845129 0.5
4149496 214839915 0.5
9105658 214853420 1
9105658 214851322 0.5
9105658 214853227 0.5
9105658 214845980 0.5
9105658 214851101 0.5
9105658 214829878 0.5
1405179 214718210 1
1405179 214834880 0.5
2859266 214829878 1
2859266 214829882 0.5
2828764 214581489 1
2828764 214680371 0.5
2828764 214712235 0.5
2828764 214676574 0.5
2828764 214602605 0.5
2828764 214701787 0.5
6832414 214582511 1
6832414 214510783 0.5
3469609 214844394 1
3469609 214844439 0.5
11182384 214853102 1
11182384 214712242 0.5
11182384 214853100 0.5
7926067 214853177 1
7926067 214828882 0.5
7926067 214850621 0.5
9272979 214851279 1
9272979 214712237 0.5
9146683 214700000 1
9146683 214850945 0.5
11297089 214849132 1
11297089 214854707 0.5
4114427 214839341 1
4114427 214839339 0.5
5235033 214706460 1
5235033 214640520 0.5
1306976 214829861 1
1306976 214832717 0.5
3215728 214836521 1
3215728 214553735 0.5
3215728 214539039 0.5
7750008 214716928 1
7750008 214854630 0.5
7750008 214854632 0.5
7750008 214716937 0.5
7750008 214717003 0.5
7750008 214716973 0.5
7750008 214716982 0.5
7750008 214716926 0.5
9929082 214716982 1
9929082 214716984 0.5
9929082 214717867 0.5
1991042 214820439 1
1991042 214836785 0.5
1991042 214600502 0.5
11207404 214844462 1
11207404 214844441 0.5
11207404 214821309 0.5
8642959 214853177 1
8642959 214853758 0.5
11329936 214718207 1
11329936 214847940 0.5
1950103 214509084 1
1950103 214645835 0.5
1950103 214613893 0.5
5030312 214835120 1
5030312 214601203 0.5
3569366 214716973 1
3569366 214716937 0.5
3569366 214716971 0.5
164274 214510783 1
164274 214589574 0.5
3744179 214717562 1
3744179 214743495 0.5
3744179 214584821 0.5
3744179 214510757 0.5
1937844 214573612 1
1937844 214705659 0.5
3908028 214589707 1
3908028 214840235 0.5
3908028 214612901 0.5
3908028 214589709 0.5
2318788 214696243 1
2318788 214509084 0.5
2318788 214820242 0.5
2318788 214712908 0.5
4436427 214839960 1
4436427 214832145 0.5
10043108 214853992 1
10043108 214851748 0.5
1323482 214714880 1
1323482 214580291 0.5
4424157 214648256 1
4424157 214639509 0.5
4850149 214844456 1
4850149 214844441 0.5
4850149 214844462 0.5
9343462 214680371 1
9343462 214700000 0.5
4161618 214840556 1
4161618 214685747 0.5
4161618 214685743 0.5
3805682 214836932 1
3805682 214676019 0.5
926196 214821290 1
926196 214684010 0.5
4780533 214835019 1
4780533 214514640 0.5
2445829 214613893 1
2445829 214820242 0.5
2445829 214509084 0.5
2445829 214512431 0.5
7897609 214851097 1
7897609 214850720 0.5
7897609 214850936 0.5
7897609 214851028 0.5
7897609 214850741 0.5
7897609 214851165 0.5
5235224 214509084 1
5235224 214613893 0.5
5235224 214512431 0.5
10550641 214851135 1
10550641 214840412 0.5
10550641 214846391 0.5
7843248 214687963 1
7843248 214531359 0.5
565797 214535621 1
565797 214833800 0.5
565797 214587613 0.5
3834418 214829079 1
3834418 214829083 0.5
3322441 214842555 1
3322441 214842553 0.5
7160394 214828963 1
7160394 214849327 0.5
9581134 214848845 1
9581134 214851315 0.5
1278552 214680371 1
1278552 214512611 0.5
4469337 214820263 1
4469337 214820259 0.5
6070874 214836932 1
6070874 214846031 0.5
4040808 214539039 1
4040808 214551776 0.5
4040808 214539050 0.5
4040808 214551780 0.5
569981 214517880 1
569981 214712242 0.5
1897088 214820842 1
1897088 214531151 0.5
11096707 214644650 1
11096707 214664820 0.5
11096707 214836517 0.5
2855559 214581489 1
2855559 214712235 0.5
2855559 214836506 0.5
2855559 214680371 0.5
2855559 214602605 0.5
11428208 214554510 1
11428208 214826668 0.5
9822317 214853096 1
9822317 214853077 0.5
4391578 214832143 1
4391578 214829797 0.5
7770784 214844439 1
7770784 214821305 0.5
111272 214716935 1
111272 214717003 0.5
5518011 214821313 1
5518011 214844454 0.5
316093 214717007 1
316093 214716926 0.5
6849312 214838109 1
6849312 214509148 0.5
6933064 214849132 1
6933064 214849127 0.5
1303244 214827011 1
1303244 214711297 0.5
1303244 214551748 0.5
1303244 214827013 0.5
1303244 214539110 0.5
11428561 214853754 1
11428561 214710013 0.5
9519837 214853122 1
9519837 214853657 0.5
4071849 214714805 1
4071849 214567331 0.5
6996896 214644662 1
6996896 214531618 0.5
3904236 214836932 1
3904236 214836924 0.5
3494654 214837916 1
3494654 214837918 0.5
705282 214827013 1
705282 214826615 0.5
6390531 214845962 1
6390531 214536195 0.5
6473857 214717307 1
6473857 214850724 0.5
3580696 214844456 1
3580696 214551617 0.5
6382383 214826747 1
6382383 214539084 0.5
6509356 214510783 1
6509356 214672920 0.5
6509356 214510785 0.5
6509356 214582511 0.5
8057651 214836506 1
8057651 214845504 0.5
8057651 214530729 0.5
8057651 214839594 0.5
8057651 214845502 0.5
10117954 214850949 1
10117954 214846031 0.5
906053 214677917 1
906053 214820201 0.5
906053 214602605 0.5
906053 214677887 0.5
6386514 214584992 1
6386514 214840595 0.5
9913179 214849350 1
9913179 214684093 0.5
2761577 214701787 1
2761577 214581489 0.5
2761577 214512611 0.5
2761577 214712235 0.5
2761577 214680371 0.5
2761577 214602605 0.5
4719488 214551607 1
4719488 214828991 0.5
10986373 214853735 1
10986373 214853732 0.5
9290634 214853420 1
9290634 214850947 0.5
9290634 214850942 0.5
7132048 214834882 1
7132048 214717048 0.5
7132048 214826805 0.5
7132048 214709975 0.5
2909083 214826985 1
2909083 214826983 0.5
2909083 214600509 0.5
2909083 214829878 0.5
2909083 214829887 0.5
9118848 214853105 1
9118848 214853096 0.5
9118848 214853085 0.5
9118848 214853094 0.5
9999264 214853767 1
9999264 214853707 0.5
11453936 214854707 1
11453936 214510445 0.5
2638696 643078800 1
2638696 643078783 0.5
10597301 214509013 1
10597301 214586927 0.5
10875039 214835117 1
10875039 214675888 0.5
2687137 214709792 1
2687137 214835752 0.5
7885772 214849747 1
7885772 214556212 0.5
8324062 214853173 1
8324062 214851120 0.5
8324062 214828882 0.5
8324062 214853758 0.5
7635938 214853173 1
7635938 214853122 0.5
4592616 214821277 1
4592616 214831970 0.5
4592616 214820231 0.5
4592616 214821290 0.5
4592616 214538030 0.5
4592616 214829711 0.5
4592616 214748340 0.5
4592616 214839356 0.5
672754 214716926 1
672754 214554358 0.5
2233339 214844420 1
2233339 214846057 0.5
2671614 214829880 1
2671614 214829878 0.5
2077696 214829861 1
2077696 214829707 0.5
6524416 214709807 1
6524416 214563262 0.5
4928518 214832017 1
4928518 214677962 0.5
4928518 214589548 0.5
157157 214716973 1
157157 214716937 0.5
4685997 214837410 1
4685997 214849059 0.5
10044436 214853767 1
10044436 214854152 0.5
4256789 214842735 1
4256789 214821305 0.5
1147932 214821302 1
1147932 214821315 0.5
10933282 214859240 1
10933282 214859242 0.5
4819804 214680371 1
4819804 214829792 0.5
4819804 214700000 0.5
7656494 214850694 1
7656494 214551776 0.5
7656494 214853122 0.5
7656494 214595139 0.5
7656494 214853323 0.5
7656494 214826668 0.5
7656494 214554510 0.5
7656494 214677615 0.5
3818553 214820255 1
3818553 214509403 0.5
2872382 214835132 1
2872382 214829390 0.5
1361008 214826816 1
1361008 214842553 0.5
316493 214832655 1
316493 214832657 0.5
316493 214832653 0.5
316493 214716999 0.5
3052623 214613893 1
3052623 214509084 0.5
2348022 214820842 1
2348022 214774674 0.5
8250477 214853173 1
8250477 214853177 0.5
4568176 214700000 1
4568176 214743515 0.5
4449128 214849350 1
4449128 214684093 0.5
8844407 214852980 1
8844407 214852978 0.5
8844407 214853094 0.5
8751296 214853094 1
8751296 214853248 0.5
8751296 214851326 0.5
5131119 214717757 1
5131119 214717760 0.5
4062584 214839356 1
4062584 214684513 0.5
4062584 214552395 0.5
3597498 214842735 1
3597498 214826750 0.5
2997109 214821285 1
2997109 214820227 0.5
730308 214717003 1
730308 214716977 0.5
730308 214717007 0.5
10781913 214849327 1
10781913 214828970 0.5
8192246 214851097 1
8192246 214850936 0.5
11207912 214853094 1
11207912 214852978 0.5
8516853 214849361 1
8516853 214853437 0.5
9237752 214717061 1
9237752 214853096 0.5
9237752 214853094 0.5
2458086 214829878 1
2458086 214829880 0.5
2458086 214831948 0.5
8705294 214716973 1
8705294 214716937 0.5
8705294 214820938 0.5
8705294 214717867 0.5
8705294 214716975 0.5
7750932 214828882 1
7750932 214853173 0.5
4089109 214708211 1
4089109 214835017 0.5
7365919 214849327 1
7365919 214828970 0.5
7365919 214828963 0.5
10994992 214850942 1
10994992 214850945 0.5
3090943 214551607 1
3090943 214821339 0.5
3396921 214748304 1
3396921 214748291 0.5
10945851 214826987 1
10945851 214854785 0.5
10945851 214853102 0.5
7296326 214849284 1
7296326 214820402 0.5
7296326 214665277 0.5
6350156 214717063 1
6350156 214717061 0.5
2331986 214613893 1
2331986 214820242 0.5
5031252 214839947 1
5031252 214640015 0.5
6886748 214717307 1
6886748 214696817 0.5
2635324 214517880 1
2635324 214510449 0.5
2635324 214510445 0.5
1230187 214695167 1
1230187 214573269 0.5
1267258 214600989 1
1267258 214743515 0.5
7169412 214853143 1
7169412 214853657 0.5
11076997 214510445 1
11076997 214853077 0.5
11076997 214857830 0.5
4543881 214712237 1
4543881 214829792 0.5
4543881 214700002 0.5
4543881 214743515 0.5
4543881 214645005 0.5
5932428 214850996 1
5932428 214848695 0.5
7640461 214561775 1
7640461 214651777 0.5
7640461 214850771 0.5
2384109 643078800 1
2384109 643078783 0.5
5850514 214821315 1
5850514 214612706 0.5
5850514 214716932 0.5
5850514 214533022 0.5
3239491 214834867 1
3239491 214600492 0.5
3239491 214609325 0.5
8394133 214850694 1
8394133 214850415 0.5
4822431 214717003 1
4822431 214821305 0.5
4068769 214821277 1
4068769 214820263 0.5
2446759 214829880 1
2446759 214829878 0.5
7706031 214534655 1
7706031 214829325 0.5
9881009 214844394 1
9881009 214821305 0.5
9881009 214821341 0.5
9094579 214510445 1
9094579 214853094 0.5
2426293 214832717 1
2426293 214829705 0.5
2426293 214829707 0.5
2426293 214587547 0.5
2426293 214829861 0.5
2426293 214829846 0.5
5240249 214644320 1
5240249 214839943 0.5
9651642 214853325 1
9651642 214835126 0.5
652731 214820201 1
652731 214709634 0.5
3139004 214828970 1
3139004 214553702 0.5
10786237 214687475 1
10786237 214853728 0.5
10786237 214853724 0.5
10786237 214853732 0.5
10786237 214853735 0.5
9074112 214700000 1
9074112 214835120 0.5
3806677 214836517 1
3806677 214650617 0.5
2867403 214835745 1
2867403 214600492 0.5
779738 214821277 1
779738 214821290 0.5
779738 214826955 0.5
779738 214836407 0.5
7797129 214855183 1
7797129 214832653 0.5
7797129 214832655 0.5
6759907 214849286 1
6759907 214849179 0.5
5289448 214844398 1
5289448 214844400 0.5
5289448 214844396 0.5
5581052 214832567 1
5581052 214844342 0.5
3782137 643078800 1
3782137 214835109 0.5
7534074 214560013 1
7534074 214587547 0.5
9172477 214853077 1
9172477 214853096 0.5
3648053 214837916 1
3648053 214748300 0.5
2512393 214550987 1
2512393 214844362 0.5
2512393 214831948 0.5
994904 214829321 1
994904 214748336 0.5
994904 214800272 0.5
7139587 214716930 1
7139587 214855185 0.5
3766532 214684513 1
3766532 214839369 0.5
3766532 214839373 0.5
4818461 214539039 1
4818461 214551776 0.5
4818461 214551780 0.5
9582117 214853321 1
9582117 214700002 0.5
5940779 214828963 1
5940779 214554384 0.5
4351534 214685747 1
4351534 214839960 0.5
4351534 214839776 0.5
4351534 214698418 0.5
4351534 214839587 0.5
7104052 214680371 1
7104052 214700000 0.5
6112826 214584992 1
6112826 214840595 0.5
8955469 214853094 1
8955469 214853096 0.5
8955469 214853105 0.5
8955469 214852978 0.5
5940822 214835120 1
5940822 214712237 0.5
1571769 214827011 1
1571769 214821388 0.5
9864794 214846391 1
9864794 214687685 0.5
738926 214821285 1
738926 214821277 0.5
8327969 214687963 1
8327969 214644560 0.5
9668222 214857830 1
9668222 214853325 0.5
9668222 214835126 0.5
23242 214840419 1
23242 214687685 0.5
5686923 214508287 1
5686923 214708372 0.5
3925669 214551626 1
3925669 214612708 0.5
10167236 214853730 1
10167236 214853707 0.5
8701619 214717003 1
8701619 214716980 0.5
8701619 214554358 0.5
8701619 214716926 0.5
8332988 214684093 1
8332988 214508287 0.5
11314896 214859240 1
11314896 214859139 0.5
288469 214716926 1
288469 214716928 0.5
288469 214717003 0.5
288469 214716980 0.5
2213598 214510445 1
2213598 214517880 0.5
2213598 214540035 0.5
10716593 214716926 1
10716593 214717005 0.5
1074934 214827011 1
1074934 214711297 0.5
8791679 214853094 1
8791679 214851326 0.5
514349 214601040 1
514349 214826036 0.5
514349 214821341 0.5
309016 214826801 1
309016 214718220 0.5
11532059 214845502 1
11532059 214845504 0.5
11532059 214839594 0.5
11532059 214845506 0.5
11532059 214836506 0.5
5457699 214845407 1
5457699 214657305 0.5
3352359 214716939 1
3352359 214716975 0.5
11216878 214854313 1
11216878 214846378 0.5
4433717 214602605 1
4433717 214700000 0.5
4433717 214744258 0.5
4433717 214712235 0.5
8941054 214551626 1
8941054 214853248 0.5
8941054 214853094 0.5
3954491 214845502 1
3954491 214845504 0.5
3954491 214530729 0.5
3954491 214845506 0.5
3954491 214606395 0.5
3954491 214836506 0.5
11527997 214853094 1
11527997 214852978 0.5
3122827 214828989 1
3122827 214821367 0.5
3696457 214826623 1
3696457 214667912 0.5
5650062 214712124 1
5650062 214712126 0.5
3655511 214842735 1
3655511 214714805 0.5
6526818 214509401 1
6526818 214820261 0.5
5396323 214551632 1
5396323 214821313 0.5
5396323 214844454 0.5
2832241 214821315 1
2832241 214743497 0.5
2832241 214716930 0.5
2832241 214832115 0.5
2832241 214533022 0.5
2832241 214819577 0.5
10902186 214826987 1
10902186 214857830 0.5
2328448 214586711 1
2328448 214844439 0.5
10524832 214859139 1
10524832 214701787 0.5
2248747 214829878 1
2248747 214829887 0.5
3733396 214836932 1
3733396 214836924 0.5
8189847 214700885 1
8189847 214716643 0.5
8189847 214711965 0.5
7989153 214854630 1
7989153 214717003 0.5
7989153 214855183 0.5
2258857 214712237 1
2258857 214717507 0.5
2258857 214819468 0.5
2258857 214826983 0.5
2418603 214586711 1
2418603 214821305 0.5
10194053 214839911 1
10194053 214853735 0.5
2525104 643078800 1
2525104 214709737 0.5
3848121 214829846 1
3848121 214820842 0.5
2111421 214748327 1
2111421 214716988 0.5
2111421 214832655 0.5
6326209 214850565 1
6326209 214834899 0.5
10364867 214854358 1
10364867 214684785 0.5
3114688 214551626 1
3114688 214586711 0.5
380577 214820383 1
380577 214826803 0.5
7423946 214846372 1
7423946 214580293 0.5
11019253 214853072 1
11019253 214569727 0.5
11019253 214687839 0.5
7563234 214716930 1
7563234 214716935 0.5
4814823 214839947 1
4814823 214688610 0.5
4814823 214688668 0.5
4814823 214710159 0.5
7472126 214551913 1
7472126 214600502 0.5
10016757 214853096 1
10016757 214853077 0.5
2541563 214832717 1
2541563 214820201 0.5
2541563 214820227 0.5
2541563 214829711 0.5
9777493 214510445 1
9777493 214540035 0.5
129027 214826897 1
129027 214716941 0.5
2942987 214844415 1
2942987 214836761 0.5
3600729 214839371 1
3600729 214684513 0.5
3921952 214700885 1
3921952 214711965 0.5
1234986 214821313 1
1234986 214821305 0.5
1234986 214821302 0.5
3756832 214842735 1
3756832 214821309 0.5
6658112 214850315 1
6658112 214849247 0.5
8861761 214853094 1
8861761 214853090 0.5
10373187 214696826 1
10373187 214696824 0.5
3061848 214834882 1
3061848 214717048 0.5
3061848 214834884 0.5
5236826 214539050 1
5236826 214840235 0.5
5236826 214551780 0.5
5236826 214612895 0.5
8755293 214851152 1
8755293 214851155 0.5
5177701 214836519 1
5177701 214839311 0.5
9689191 214850949 1
9689191 214853420 0.5
8001641 214851279 1
8001641 214855185 0.5
8001641 214716932 0.5
8653842 214695399 1
8653842 214851024 0.5
8653842 214821377 0.5
10686309 214848845 1
10686309 214851315 0.5
11114623 214853100 1
11114623 214854785 0.5
2784909 643078800 1
2784909 214829880 0.5
2784909 214819468 0.5
1030273 214829282 1
1030273 214551617 0.5
1030273 214821309 0.5
764034 214826803 1
764034 214711312 0.5
3471501 214844439 1
3471501 214821305 0.5
4597904 214832649 1
4597904 214744768 0.5
108691 214600989 1
108691 214835120 0.5
4921494 214510445 1
4921494 214829760 0.5
10123416 214853730 1
10123416 214853707 0.5
2771101 214551776 1
2771101 214551780 0.5
2771101 214539110 0.5
8829088 214853094 1
8829088 214853090 0.5
1198244 214821292 1
1198244 214821285 0.5
2916721 214533022 1
2916721 214716935 0.5
9918633 214853767 1
9918633 214848658 0.5
9918633 214851581 0.5
5032109 214672961 1
5032109 214672963 0.5
7391406 214849127 1
7391406 214853754 0.5
11534024 214835000 1
11534024 214639509 0.5
7354554 214849132 1
7354554 214716977 0.5
7354554 214716971 0.5
7354554 214510445 0.5
7354554 214716982 0.5
2928531 214831946 1
2928531 214829882 0.5
2928531 214829878 0.5
7985343 214716932 1
7985343 214716930 0.5
141504 214537967 1
141504 214536868 0.5
7371808 214716982 1
7371808 214641412 0.5
6027466 214850565 1
6027466 214834899 0.5
8962424 214712235 1
8962424 214700000 0.5
8962424 214744258 0.5
8962424 214680371 0.5
8962424 214512611 0.5
4925651 214684372 1
4925651 214602830 0.5
2749477 214581489 1
2749477 214680371 0.5
2749477 214602605 0.5
7457007 214716932 1
7457007 214716935 0.5
10459378 214853280 1
10459378 214717824 0.5
10148086 214854118 1
10148086 214853713 0.5
10148086 214850947 0.5
10148086 214853702 0.5
776444 214553702 1
776444 214717284 0.5
4008209 214684513 1
4008209 214820259 0.5
6617371 214848980 1
6617371 214514272 0.5
3696924 214684513 1
3696924 214844415 0.5
9726238 214853325 1
9726238 214853321 0.5
11298523 214701787 1
11298523 214530705 0.5
6658348 214821367 1
6658348 214687805 0.5
6658348 214820255 0.5
227721 214581489 1
227721 214602605 0.5
227721 214680371 0.5
227721 214512611 0.5
227721 214712235 0.5
227721 214552685 0.5
265496 214533026 1
265496 214821305 0.5
265496 214821307 0.5
4548944 214829312 1
4548944 214684042 0.5
919891 214821302 1
919891 214821315 0.5
59737 214567410 1
59737 214567404 0.5
2275694 643078800 1
2275694 643078783 0.5
1087857 214716971 1
1087857 214716973 0.5
1087857 214717007 0.5
2386902 643078800 1
2386902 643078783 0.5
1907061 214821339 1
1907061 214533020 0.5
3893628 214612777 1
3893628 214601012 0.5
653696 214748291 1
653696 214748295 0.5
108929 214716982 1
108929 214832657 0.5
108929 214717003 0.5
108929 214832653 0.5
108929 214832655 0.5
5302673 214842735 1
5302673 214509148 0.5
5302673 214826750 0.5
1550749 214628792 1
1550749 214554242 0.5
8526249 214748291 1
8526249 214753505 0.5
10000826 214684093 1
10000826 214508287 0.5
2771391 214587557 1
2771391 214584907 0.5
2771391 214840556 0.5
2771391 214685743 0.5
7875021 214829317 1
7875021 214687805 0.5
7773944 214821309 1
7773944 214533020 0.5
522706 214821305 1
522706 214586711 0.5
1886683 214821290 1
1886683 214821277 0.5
1106341 214829079 1
1106341 214829083 0.5
1505763 214716982 1
1505763 214639470 0.5
6568421 214680371 1
6568421 214544820 0.5
6568421 214819468 0.5
6568421 214697278 0.5
6568421 214706452 0.5
6568421 214748327 0.5
11069926 214510445 1
11069926 214578011 0.5
11069926 214859062 0.5
7854569 214580293 1
7854569 214680356 0.5
4962807 214716982 1
4962807 214716984 0.5
11144961 214851155 1
11144961 214851152 0.5
8948234 214853092 1
8948234 214711267 0.5
2472459 214699412 1
2472459 214550844 0.5
9173529 214853094 1
9173529 214853096 0.5
1157667 214688610 1
1157667 214541548 0.5
5196341 214684372 1
5196341 214613915 0.5
5005374 214684372 1
5005374 214553735 0.5
2406989 214551780 1
2406989 214539110 0.5
1206863 214551607 1
1206863 214821305 0.5
5708372 214718207 1
5708372 214847940 0.5
2824789 214826803 1
2824789 214838456 0.5
2824789 214820259 0.5
10496602 214853105 1
10496602 214853096 0.5
10496602 214852980 0.5
5339741 214644650 1
5339741 214836517 0.5
4332127 214829792 1
4332127 214706452 0.5
4332127 214845508 0.5
7939856 214696824 1
7939856 214850707 0.5
5388898 214836517 1
5388898 214644650 0.5
5819496 214700000 1
5819496 214744258 0.5
5819496 214712235 0.5
2808434 214829878 1
2808434 214829887 0.5
891507 214821302 1
891507 214821309 0.5
6085239 214845407 1
6085239 214846460 0.5
930944 214716977 1
930944 214716971 0.5
2468484 214832559 1
2468484 214829366 0.5
3062406 214533022 1
3062406 214551607 0.5
1727114 214828989 1
1727114 214843905 0.5
7707281 214717284 1
7707281 214717288 0.5
7707281 214553702 0.5
3127959 214701787 1
3127959 214706452 0.5
3127959 214712237 0.5
10037913 214850947 1
10037913 214850304 0.5
10037913 214829887 0.5
4926113 214640015 1
4926113 214839947 0.5
4790961 214844394 1
4790961 214844456 0.5
4790961 214844462 0.5
6642364 214836830 1
6642364 214687685 0.5
4831964 214684372 1
4831964 214602830 0.5
7237413 214850492 1
7237413 214696824 0.5
7237413 214774674 0.5
7237413 214687539 0.5
8411878 214851290 1
8411878 214835473 0.5
8411878 214849252 0.5
8411878 214851133 0.5
8411878 214748334 0.5
8411878 214557095 0.5
5425898 214712235 1
5425898 214700000 0.5
5630702 214641412 1
5630702 214551920 0.5
5630702 214848180 0.5
8194802 214581611 1
8194802 214676306 0.5
7678707 214844439 1
7678707 214844394 0.5
7678707 214844458 0.5
7678707 214821309 0.5
10087158 214579220 1
10087158 214854155 0.5
10087158 214850936 0.5
10087158 214717867 0.5
10087158 214709625 0.5
10087158 214743367 0.5
3582714 214837918 1
3582714 214601233 0.5
3582714 214600492 0.5
5708547 214837918 1
5708547 214837916 0.5
1800978 214587388 1
1800978 214829861 0.5
1800978 214829846 0.5
2560473 214829878 1
2560473 214829880 0.5
2560473 214831965 0.5
2560473 214829887 0.5
6249241 214716937 1
6249241 214716980 0.5
4451103 214821339 1
4451103 214839592 0.5
4451103 214533020 0.5
10394413 214852980 1
10394413 214852978 0.5
666427 214748295 1
666427 214753505 0.5
8923973 214853094 1
8923973 214853096 0.5
8923973 214852978 0.5
7899983 214854632 1
7899983 214717007 0.5
6036316 214840595 1
6036316 214584992 0.5
5479262 214700002 1
5479262 214712237 0.5
5598057 214716688 1
5598057 214744768 0.5
2009962 214821309 1
2009962 214844458 0.5
6040039 214836506 1
6040039 214845504 0.5
6040039 214846067 0.5
3854826 214712237 1
3854826 214743515 0.5
10865544 214853072 1
10865544 214710013 0.5
2661269 214551626 1
2661269 214844439 0.5
5764934 214583190 1
5764934 214573607 0.5
2796454 643078800 1
2796454 214835017 0.5
1325992 214821294 1
1325992 214834880 0.5
1325992 214826610 0.5
1325992 214834877 0.5
6491052 214584821 1
6491052 214509401 0.5
9313204 214850949 1
9313204 214850947 0.5
2730937 214834877 1
2730937 214834880 0.5
6388674 214563262 1
6388674 214828963 0.5
6388674 214709807 0.5
9823393 214716928 1
9823393 214717003 0.5
10939336 214700000 1
10939336 214835120 0.5
10939336 214548793 0.5
10939336 214700002 0.5
10939336 214704180 0.5
5065681 214551913 1
5065681 214583852 0.5
7101416 214828882 1
7101416 214853173 0.5
2767852 643078800 1
2767852 214832017 0.5
2767852 214836532 0.5
2431989 214838505 1
2431989 214712126 0.5
6446074 214636505 1
6446074 214560013 0.5
3193861 214553735 1
3193861 214836521 0.5
8829976 214644317 1
8829976 214644320 0.5
8829976 214851748 0.5
8829976 214853135 0.5
5786649 214848185 1
5786649 214553544 0.5
3779614 214601542 1
3779614 214538484 0.5
870382 214539112 1
870382 214539110 0.5
9423904 214851155 1
9423904 214856827 0.5
3431458 214844439 1
3431458 214612704 0.5
3431458 214844394 0.5
93228 214557268 1
93228 214551913 0.5
93228 214551911 0.5
7958369 214644650 1
7958369 214836517 0.5
815717 214708372 1
815717 214507331 0.5
815717 214684093 0.5
815717 214716982 0.5
7318713 214684513 1
7318713 214839369 0.5
7318713 214839373 0.5
2636907 214820231 1
2636907 214743497 0.5
1481838 214834880 1
1481838 214833755 0.5
9604288 214712235 1
9604288 214700002 0.5
9604288 214851279 0.5
9604288 214744258 0.5
9604288 214743515 0.5
9604288 214712237 0.5
2899079 214696832 1
2899079 214677617 0.5
11287694 214859242 1
11287694 214859139 0.5
2407822 214829878 1
2407822 214831946 0.5
2784407 214612895 1
2784407 214539050 0.5
7015579 214844452 1
7015579 214612708 0.5
3906731 214684513 1
3906731 214839371 0.5
122033 214582387 1
122033 214820439 0.5
4377786 214594678 1
4377786 214594680 0.5
6659264 214850724 1
6659264 214640231 0.5
7503058 214717003 1
7503058 214716928 0.5
11328723 214854352 1
11328723 214850792 0.5
2847268 643078800 1
2847268 214638474 0.5
9522403 214551695 1
9522403 214509150 0.5
515316 214532051 1
515316 214613865 0.5
515316 214826627 0.5
515316 214613863 0.5
4939002 214684372 1
4939002 214836330 0.5
4570374 214716937 1
4570374 214716965 0.5
696193 214826705 1
696193 214826608 0.5
863503 214718207 1
863503 214515845 0.5
6495506 214846378 1
6495506 214706445 0.5
1375507 214828970 1
1375507 214828963 0.5
7953703 214853177 1
7953703 214853758 0.5
109866 214820201 1
109866 214826702 0.5
2292308 214829880 1
2292308 214829878 0.5
5623089 214845131 1
5623089 214748336 0.5
5623089 214845917 0.5
2557069 643078800 1
2557069 214548744 0.5
3325238 214820242 1
3325238 214512431 0.5
2338112 214844394 1
2338112 214586711 0.5
5033284 214716973 1
5033284 214716937 0.5
5033284 214716980 0.5
5000519 214684372 1
5000519 214640488 0.5
4283733 214845502 1
4283733 214836506 0.5
4091228 214836521 1
4091228 214716977 0.5
3753192 214829801 1
3753192 214628792 0.5
310623 214717003 1
310623 214717007 0.5
310623 214716939 0.5
310623 214716950 0.5
310623 214832655 0.5
3238459 214553702 1
3238459 214717284 0.5
8804241 214853248 1
8804241 214851326 0.5
8804241 214853094 0.5
9035113 214853090 1
9035113 214851326 0.5
6364524 214551763 1
6364524 214551765 0.5
6188397 214846318 1
6188397 214845962 0.5
11255157 214857830 1
11255157 214826987 0.5
11255157 214853325 0.5
10837368 214704180 1
10837368 214700002 0.5
7698583 214853173 1
7698583 214853758 0.5
11070847 214859242 1
11070847 214859240 0.5
4545921 214832017 1
4545921 214677962 0.5
4545921 214589548 0.5
1985926 214826709 1
1985926 214826610 0.5
1985926 214829366 0.5
2252188 214821309 1
2252188 214844458 0.5
2252188 214612708 0.5
1080733 214828978 1
1080733 214717085 0.5
10657186 214854358 1
10657186 214854262 0.5
10657186 214853726 0.5
9469348 214857830 1
9469348 214835126 0.5
7523754 214855185 1
7523754 214850936 0.5
7523754 214850938 0.5
7523754 214850743 0.5
10550699 214854300 1
10550699 214684762 0.5
1265072 214834877 1
1265072 214826610 0.5
2526643 643078800 1
2526643 214709737 0.5
4885106 214826833 1
4885106 214601233 0.5
4885106 214676010 0.5
4885106 214612730 0.5
4885106 214839973 0.5
11505078 214853754 1
11505078 214643036 0.5
7763873 214849194 1
7763873 214839967 0.5
5725649 214839967 1
5725649 214821339 0.5
5725649 214573350 0.5
4201941 214551626 1
4201941 214612708 0.5
6770599 214716932 1
6770599 214716984 0.5
6770599 214854632 0.5
6770599 214716939 0.5
7237112 214846367 1
7237112 214849764 0.5
8875371 214853105 1
8875371 214853085 0.5
8875371 214851326 0.5
3153406 214842735 1
3153406 214826750 0.5
7740927 214844394 1
7740927 214844439 0.5
10535526 214853767 1
10535526 214853730 0.5
3939859 214836924 1
3939859 214832557 0.5
224788 214594678 1
224788 214717003 0.5
3436059 214836765 1
3436059 214836073 0.5
3436059 214846057 0.5
2297222 214748300 1
2297222 214753513 0.5
10075399 214853707 1
10075399 214853713 0.5
10075399 214854148 0.5
7544368 214838505 1
7544368 214838503 0.5
5057236 214684372 1
5057236 214613915 0.5
4808253 214821305 1
4808253 214844394 0.5
4808253 214821341 0.5
4808253 214586711 0.5
7749182 214844454 1
7749182 214580293 0.5
8695374 214853105 1
8695374 214853096 0.5
8695374 214853085 0.5
11173464 214704180 1
11173464 214857830 0.5
7880297 214850285 1
7880297 214716965 0.5
7880297 214716982 0.5
10956407 214701787 1
10956407 214712235 0.5
10940041 214700000 1
10940041 214680371 0.5
2367121 214560187 1
2367121 214543552 0.5
7958167 214832657 1
7958167 214716984 0.5
798362 214821305 1
798362 214551626 0.5
798362 214821309 0.5
798362 214586711 0.5
5258909 214537490 1
5258909 214534693 0.5
6115952 214836517 1
6115952 214644650 0.5
7593643 214853145 1
7593643 214704180 0.5
7593643 214835126 0.5
7593643 214716982 0.5
11210414 214567327 1
11210414 214854510 0.5
1992648 214844415 1
1992648 214836761 0.5
65202 214716982 1
65202 214716932 0.5
65202 214832653 0.5
65202 214832655 0.5
65202 214832657 0.5
65202 214716984 0.5
65202 214716986 0.5
9539256 214687963 1
9539256 214644560 0.5
10190531 214849327 1
10190531 214828970 0.5
1186423 214717005 1
1186423 214717003 0.5
3390813 214819490 1
3390813 214580094 0.5
2109154 214829670 1
2109154 214826705 0.5
11312872 214835000 1
11312872 214835004 0.5
10964717 214853100 1
10964717 214853102 0.5
8825469 214853094 1
8825469 214851326 0.5
52977 214684513 1
52977 214839373 0.5
5168889 214684372 1
5168889 214613915 0.5
5168889 214602830 0.5
7327489 214717007 1
7327489 214554358 0.5
2997551 643078800 1
2997551 214587013 0.5
2997551 214574150 0.5
2997551 214550263 0.5
7044896 214848941 1
7044896 214848954 0.5
3995611 214535672 1
3995611 214535675 0.5
3995611 214535685 0.5
4472612 214829792 1
4472612 214712235 0.5
4472612 214712237 0.5
3533446 214539050 1
3533446 214551776 0.5
3533446 214840235 0.5
3533446 214551780 0.5
3533446 214539110 0.5
3533446 214539039 0.5
9408316 214853420 1
9408316 214850949 0.5
9408316 214829878 0.5
5232888 214613915 1
5232888 214840235 0.5
3125073 214821309 1
3125073 214533020 0.5
7270229 214849766 1
7270229 214612704 0.5
7270229 214844439 0.5
9650008 214539050 1
9650008 214612895 0.5
7401949 214700885 1
7401949 214834873 0.5
5149993 214687922 1
5149993 214687747 0.5
5149993 214695167 0.5
5020992 214832017 1
5020992 214677962 0.5
5020992 214589548 0.5
6156174 214718207 1
6156174 214540597 0.5
6705042 214846067 1
6705042 214848658 0.5
5799829 214835473 1
5799829 214748336 0.5
5799829 214826949 0.5
5316518 214684734 1
5316518 214717830 0.5
274359 214684745 1
274359 214559940 0.5
5286659 214716928 1
5286659 214716984 0.5
6029243 214850565 1
6029243 214834899 0.5
9949116 214853321 1
9949116 214711537 0.5
9949116 214677757 0.5
2440523 214844394 1
2440523 214821305 0.5
1105863 214821277 1
1105863 214821290 0.5
1105863 214584939 0.5
3575763 214551626 1
3575763 214844454 0.5
8830932 214851326 1
8830932 214853248 0.5
8830932 214853090 0.5
8830932 214853094 0.5
8830932 214853105 0.5
8830932 214852978 0.5
8830932 214852980 0.5
8830932 214853077 0.5
5705688 214838094 1
5705688 214746377 0.5
2330589 214643036 1
2330589 214743350 0.5
7183454 214550263 1
7183454 214848986 0.5
5382128 214700000 1
5382128 214744258 0.5
5382128 214680371 0.5
1777653 214533022 1
1777653 214717001 0.5
1777653 214612706 0.5
