8245248 214851122 1
8245248 214851581 0.5
8245248 214851133 0.5
9310211 214845502 1
9310211 214845504 0.5
9310211 214836506 0.5
9310211 214835117 0.5
3108882 214579220 1
3108882 214826947 0.5
8912931 214828952 1
8912931 214536302 0.5
10825764 214716928 1
10825764 214716926 0.5
7479341 214845502 1
7479341 214530729 0.5
7479341 214836506 0.5
9212597 214853657 1
9212597 214700000 0.5
9212597 214680371 0.5
9212597 214744258 0.5
9212597 214712235 0.5
4788298 214595150 1
4788298 214839973 0.5
240311 214826803 1
240311 214546102 0.5
6823949 214826722 1
6823949 214539202 0.5
6823949 214539204 0.5
5189713 214645005 1
5189713 214836838 0.5
6393942 214821309 1
6393942 214844441 0.5
6393942 214844458 0.5
6393942 214612708 0.5
2264234 214838505 1
2264234 214838503 0.5
9813763 214853732 1
9813763 214853724 0.5
4812897 214612706 1
4812897 214839977 0.5
4812897 214821315 0.5
4812897 214839956 0.5
4812897 214748310 0.5
4505704 214839341 1
4505704 214645618 0.5
5062768 214560187 1
5062768 214826977 0.5
10371208 214582942 1
10371208 214687753 0.5
8421517 214716930 1
8421517 214855185 0.5
8421517 214716932 0.5
8421517 214716935 0.5
2191504 214842485 1
2191504 214840577 0.5
4976664 214684093 1
4976664 214849350 0.5
8986779 214853214 1
8986779 214849153 0.5
7188637 214828970 1
7188637 214849327 0.5
4296877 214842735 1
4296877 214826750 0.5
5968048 214826722 1
5968048 214836512 0.5
5968048 214539202 0.5
2056104 214828970 1
2056104 214828963 0.5
192693 214680369 1
192693 214826702 0.5
192693 214819490 0.5
192693 214821277 0.5
192693 214580094 0.5
1183949 214575491 1
1183949 214517880 0.5
1183949 214540035 0.5
7844049 214716932 1
7844049 214716930 0.5
9912538 214510447 1
9912538 214510449 0.5
9912538 214510451 0.5
9912538 214849132 0.5
9912538 214510445 0.5
9199838 214829887 1
9199838 214850282 0.5
9199838 214849076 0.5
9199838 214849070 0.5
880866 214821305 1
880866 214821302 0.5
4923627 214820186 1
4923627 214820184 0.5
1159404 214821302 1
1159404 214821339 0.5
1159404 214586711 0.5
8397054 214849740 1
8397054 214848954 0.5
1974541 214821339 1
1974541 214834880 0.5
1974541 214546978 0.5
1974541 214834877 0.5
1290511 214688610 1
1290511 214710159 0.5
5198106 214602830 1
5198106 214613915 0.5
5886236 214551695 1
5886236 214509146 0.5
5886236 214838109 0.5
5886236 214509142 0.5
7266592 214850938 1
7266592 214850756 0.5
7266592 214850743 0.5
6140207 214835426 1
6140207 214835473 0.5
2634037 214829878 1
2634037 214819760 0.5
2634037 214601233 0.5
2634037 214819762 0.5
2634037 214831948 0.5
2634037 214831967 0.5
9265463 214849010 1
9265463 214846117 0.5
1995073 214551928 1
1995073 214551913 0.5
3944771 214716928 1
3944771 214717003 0.5
3944771 214716971 0.5
3944771 214716937 0.5
3944771 214716939 0.5
3944771 214716941 0.5
3944771 214716973 0.5
3944771 214716977 0.5
3944771 214716980 0.5
3944771 214716975 0.5
2888009 214835132 1
2888009 214835017 0.5
2888009 214829390 0.5
10061879 214577334 1
10061879 214567410 0.5
4182631 214535675 1
4182631 214821277 0.5
10048092 214656380 1
10048092 214696794 0.5
6328839 214848727 1
6328839 214846057 0.5
6328839 214839369 0.5
8642924 214651517 1
8642924 214849153 0.5
8642924 214849155 0.5
5800308 214838505 1
5800308 214819528 0.5
2441596 643078800 1
2441596 643078783 0.5
3748221 214842735 1
3748221 214826750 0.5
2610581 214829878 1
2610581 214829880 0.5
1823107 214538030 1
1823107 214821277 0.5
2105752 214821332 1
2105752 214553735 0.5
3994013 214842735 1
3994013 214821285 0.5
10799173 214852978 1
10799173 214854352 0.5
3554032 643078800 1
3554032 214835017 0.5
3554032 214835747 0.5
6717869 214684093 1
6717869 214708372 0.5
2478837 214840584 1
2478837 214685788 0.5
4068769 214821277 1
4068769 214820263 0.5
10600906 214850758 1
10600906 214850762 0.5
2765268 214687892 1
2765268 214838604 0.5
2765268 214838589 0.5
2765268 214560069 0.5
7811544 214835126 1
7811544 214851279 0.5
2396644 214584992 1
2396644 643078800 0.5
6722024 214714794 1
6722024 214714790 0.5
9146868 214839952 1
9146868 214510755 0.5
6783484 214846445 1
6783484 214561974 0.5
6783484 214553735 0.5
11527806 214712235 1
11527806 214700000 0.5
2204158 214826709 1
2204158 214829660 0.5
5157383 214688610 1
5157383 214839947 0.5
5157383 214688668 0.5
5157383 214640015 0.5
1931352 214584939 1
1931352 214821277 0.5
1931352 214538030 0.5
4665876 214821315 1
4665876 214551607 0.5
3293723 214836932 1
3293723 214836924 0.5
9007644 214680371 1
9007644 214820938 0.5
4104742 214848727 1
4104742 214846057 0.5
9277992 214821377 1
9277992 214846378 0.5
225833 214535589 1
225833 214833800 0.5
225833 214832728 0.5
225833 214839313 0.5
4289243 214844394 1
4289243 214821305 0.5
4289243 214577334 0.5
7119406 214534693 1
7119406 214537490 0.5
3924527 214539845 1
3924527 214601805 0.5
2585144 643078800 1
2585144 214829878 0.5
2896446 214844458 1
2896446 214844456 0.5
2896446 214844441 0.5
3412549 214840235 1
3412549 214539105 0.5
3412549 214539110 0.5
758347 214827009 1
758347 214827015 0.5
3371597 214821309 1
3371597 214844458 0.5
3371597 214842733 0.5
698343 214716984 1
698343 214832657 0.5
698343 214717867 0.5
698343 214716982 0.5
4743769 214848729 1
4743769 214839356 0.5
2720212 214644317 1
2720212 214644320 0.5
5722717 214678987 1
5722717 214706460 0.5
5722717 214826662 0.5
2523751 214829880 1
2523751 214831948 0.5
2523751 214829887 0.5
3670641 214821277 1
3670641 214821285 0.5
3670641 214973182 0.5
8512123 214644317 1
8512123 214644320 0.5
3551882 214821277 1
3551882 214821285 0.5
6574757 214849070 1
6574757 214848950 0.5
3871404 214842735 1
3871404 214826750 0.5
10138292 214551917 1
10138292 214850396 0.5
4809406 214844458 1
4809406 214821309 0.5
2749119 214581489 1
2749119 214602605 0.5
6877302 214632146 1
6877302 214668667 0.5
6877302 214829885 0.5
9474761 214850947 1
9474761 214853420 0.5
9100337 214829317 1
9100337 214687805 0.5
5698252 214652460 1
5698252 214564687 0.5
3871451 214839341 1
3871451 214645618 0.5
324316 214684108 1
324316 214826818 0.5
324316 214709638 0.5
732991 214680371 1
732991 214602605 0.5
4719336 214844439 1
4719336 214821305 0.5
2859754 214844439 1
2859754 214844394 0.5
11268844 214859139 1
11268844 214676610 0.5
9713106 214509401 1
9713106 214836536 0.5
6935283 214700002 1
6935283 214511015 0.5
9904889 214849807 1
9904889 214829090 0.5
5460739 214697096 1
5460739 214712709 0.5
3756832 214842735 1
3756832 214821309 0.5
94343 214826803 1
94343 214841640 0.5
8004396 214716928 1
8004396 214717003 0.5
4522803 214821313 1
4522803 214844454 0.5
11510584 214510445 1
11510584 214854774 0.5
1209153 214510757 1
1209153 214537490 0.5
7644642 214716932 1
7644642 214716930 0.5
10343259 214854174 1
10343259 214853732 0.5
2798433 214717003 1
2798433 214717007 0.5
108691 214600989 1
108691 214835120 0.5
8788674 214706486 1
8788674 214514317 0.5
2347919 214743515 1
2347919 214680369 0.5
2347919 214700002 0.5
2347919 214712235 0.5
2347919 214712237 0.5
2347919 214511015 0.5
6804379 214716707 1
6804379 214832604 0.5
156573 214585397 1
156573 214585395 0.5
7160742 214853758 1
7160742 214849361 0.5
2033898 214587384 1
2033898 214668590 0.5
2033898 214712126 0.5
5403594 214845476 1
5403594 214695210 0.5
177099 214680369 1
177099 214712237 0.5
6038349 214580291 1
6038349 214819528 0.5
5505187 214553604 1
5505187 214851116 0.5
4490746 214826747 1
4490746 214587384 0.5
305317 214668590 1
305317 214587384 0.5
1344481 214821290 1
1344481 214748340 0.5
816098 214821315 1
816098 214551607 0.5
2298852 643078800 1
2298852 214684093 0.5
10335216 214847486 1
10335216 214535092 0.5
2409458 643078800 1
2409458 643078783 0.5
2286582 214829880 1
2286582 214829882 0.5
7164927 214828970 1
7164927 214849327 0.5
1233926 214821277 1
1233926 214833800 0.5
1233926 214584939 0.5
10933664 214857030 1
10933664 214534661 0.5
3826713 214645618 1
3826713 214839341 0.5
4819393 214847261 1
4819393 214847255 0.5
4121641 214839587 1
4121641 214839932 0.5
5176839 214842735 1
5176839 214589702 0.5
5176839 214509142 0.5
11240503 214853707 1
11240503 214716110 0.5
8442953 214530729 1
8442953 214845502 0.5
8442953 214676535 0.5
3355724 214829878 1
3355724 214826835 0.5
3355724 214826955 0.5
6276178 214842735 1
6276178 214826750 0.5
6075482 214848727 1
6075482 214846057 0.5
1303649 214839373 1
1303649 214716928 0.5
9380971 214716928 1
9380971 214716984 0.5
9380971 214717003 0.5
9380971 214716973 0.5
4486256 214839956 1
4486256 214839977 0.5
4486256 214829730 0.5
4486256 214829042 0.5
9692691 214853420 1
9692691 214850945 0.5
7574644 214535092 1
7574644 214847486 0.5
5354636 214613915 1
5354636 214684372 0.5
4916373 214844405 1
4916373 214640098 0.5
4916373 214819468 0.5
4088367 214835167 1
4088367 214829765 0.5
10933402 214575193 1
10933402 214676480 0.5
10933402 214578011 0.5
10933402 214854707 0.5
5039274 214845502 1
5039274 214698577 0.5
5039274 214544357 0.5
5039274 214836879 0.5
9946291 214700990 1
9946291 214853402 0.5
1545397 214584920 1
1545397 214821388 0.5
10859714 214857830 1
10859714 214826987 0.5
5970123 214848727 1
5970123 214846057 0.5
7193802 214557268 1
7193802 214573168 0.5
2823373 214829317 1
2823373 214687805 0.5
8078548 214849055 1
8078548 214849052 0.5
8474834 214851122 1
8474834 214851133 0.5
2897138 214827022 1
2897138 214676390 0.5
7632136 214851279 1
7632136 214845506 0.5
7632136 214853143 0.5
6219037 214688610 1
6219037 214688630 0.5
11011362 214854853 1
11011362 214853454 0.5
11011362 214850287 0.5
8795442 214695399 1
8795442 214851238 0.5
8341043 214852978 1
8341043 214853248 0.5
3035358 214581489 1
3035358 214835019 0.5
3035358 214829767 0.5
5539128 214828867 1
5539128 214644320 0.5
6051129 214820443 1
6051129 214535092 0.5
9647422 214853420 1
9647422 214850949 0.5
5278467 214716928 1
5278467 214716937 0.5
5548258 214829878 1
5548258 214845579 0.5
9143634 214849807 1
9143634 214717003 0.5
7581923 214821315 1
7581923 214551626 0.5
5403991 214842480 1
5403991 214829672 0.5
3016026 214820231 1
3016026 214821277 0.5
2536813 643078800 1
2536813 643078783 0.5
4928881 214684372 1
4928881 214613915 0.5
10511736 214821313 1
10511736 214844454 0.5
9860486 214853094 1
9860486 214852978 0.5
5612936 214833802 1
5612936 214612895 0.5
4570109 214839356 1
4570109 214839592 0.5
3088218 214837918 1
3088218 214837916 0.5
9840014 214638474 1
9840014 214837425 0.5
9840014 214551566 0.5
5936341 214846367 1
5936341 214849001 0.5
5035438 214845131 1
5035438 214839600 0.5
5035438 214602733 0.5
5035438 214602598 0.5
4052412 214712235 1
4052412 214829792 0.5
4052412 214829769 0.5
4052412 214744258 0.5
5735873 214821277 1
5735873 214821290 0.5
10917324 214510445 1
10917324 214849132 0.5
3859923 214842735 1
3859923 214826750 0.5
11552223 214854358 1
11552223 214687905 0.5
8049363 214851099 1
8049363 214819762 0.5
8049363 214851317 0.5
9561576 214850771 1
9561576 214556840 0.5
2341117 214845502 1
2341117 214845504 0.5
2341117 214530729 0.5
2341117 214845506 0.5
9213426 214680371 1
9213426 214700000 0.5
9213426 214512611 0.5
10241539 214854230 1
10241539 214849807 0.5
3151372 214594678 1
3151372 214644842 0.5
4785696 214711297 1
4785696 214509142 0.5
7238579 214700000 1
7238579 214744258 0.5
7238579 214712235 0.5
7238579 214743515 0.5
4650553 214706452 1
4650553 214829792 0.5
4650553 214700002 0.5
4650553 214743515 0.5
1537594 214537490 1
1537594 214829004 0.5
415293 214716930 1
415293 214716932 0.5
317008 214836073 1
317008 214662819 0.5
6182493 214699884 1
6182493 214545922 0.5
7628383 214844394 1
7628383 214844454 0.5
7628383 214844439 0.5
18027 214718169 1
18027 214821022 0.5
9102964 214851135 1
9102964 214556840 0.5
9102964 214840412 0.5
3819126 214594678 1
3819126 214594680 0.5
5672704 214701307 1
5672704 214576777 0.5
3524252 214821277 1
3524252 214538030 0.5
3524252 214820231 0.5
4978336 214839956 1
4978336 214839977 0.5
2883868 214644718 1
2883868 214523632 0.5
2565802 214844439 1
2565802 214714880 0.5
2565802 214545879 0.5
8502688 214717284 1
8502688 214553702 0.5
7874229 214832657 1
7874229 214716984 0.5
4986562 214837918 1
4986562 214837916 0.5
3999433 214836830 1
3999433 214829769 0.5
6231754 214536894 1
6231754 214846417 0.5
7104803 214717307 1
7104803 214717305 0.5
2299609 643078800 1
2299609 643078783 0.5
5318369 214585633 1
5318369 214844345 0.5
5318369 214839311 0.5
8144612 214717288 1
8144612 214717284 0.5
7165684 214835713 1
7165684 214510689 0.5
11069174 214716982 1
11069174 214716971 0.5
11069174 214716943 0.5
2991871 214556055 1
2991871 214832128 0.5
2991871 214716707 0.5
2991871 214716710 0.5
3167191 214844439 1
3167191 214821305 0.5
3167191 214844394 0.5
3167191 214586711 0.5
8361744 214744530 1
8361744 214844420 0.5
2385687 214743495 1
2385687 214829850 0.5
8169241 214851238 1
8169241 214819412 0.5
6571653 214509401 1
6571653 214838225 0.5
8660768 214853090 1
8660768 214853096 0.5
8394531 214716928 1
8394531 214717003 0.5
852779 214821315 1
852779 214574672 0.5
852779 214612706 0.5
852779 214533022 0.5
852779 214574670 0.5
852779 214551607 0.5
11020074 214853102 1
11020074 214854840 0.5
5031744 214744258 1
5031744 214700000 0.5
5031744 214680371 0.5
3012421 214844415 1
3012421 214836761 0.5
7583559 214855183 1
7583559 214844439 0.5
5183313 214584939 1
5183313 214821277 0.5
4073312 214838107 1
4073312 214838096 0.5
4073312 214838105 0.5
1365858 214828989 1
1365858 214512416 0.5
3114862 214835747 1
3114862 214587712 0.5
5838564 214851116 1
5838564 214544357 0.5
505728 214517880 1
505728 214512425 0.5
8722312 214640015 1
8722312 214688649 0.5
8722312 214691150 0.5
1382281 214834880 1
1382281 214834877 0.5
5793674 214748293 1
5793674 214748300 0.5
11425679 214854774 1
11425679 214849132 0.5
2348946 214581489 1
2348946 214680369 0.5
2348946 214712235 0.5
2348946 214712229 0.5
2348946 214602605 0.5
3970974 214820242 1
3970974 214509084 0.5
9201292 214829730 1
9201292 214595139 0.5
3233719 214584815 1
3233719 214829317 0.5
1861586 214680371 1
1861586 214712235 0.5
7002072 214849331 1
7002072 214848658 0.5
7002072 214849022 0.5
7845856 214849350 1
7845856 214684093 0.5
5556199 214844405 1
5556199 214640098 0.5
5068716 214839956 1
5068716 214839977 0.5
11237033 214859242 1
11237033 214704182 0.5
2369537 214748293 1
2369537 214748297 0.5
2369537 214748300 0.5
10098694 214859139 1
10098694 214859240 0.5
10098694 214835713 0.5
10098694 214859242 0.5
2484236 214836506 1
2484236 214845506 0.5
2484236 214845502 0.5
288781 214716930 1
288781 214716935 0.5
3885583 214718207 1
3885583 214836877 0.5
3885583 214829878 0.5
3885583 214842735 0.5
7501857 214853173 1
7501857 214572182 0.5
7931941 214851279 1
7931941 214851032 0.5
7931941 214835713 0.5
7931941 214712235 0.5
8779829 214844439 1
8779829 214844394 0.5
2164791 214828989 1
2164791 214510738 0.5
1268236 214582387 1
1268236 214582492 0.5
1268236 214820439 0.5
4899517 214845133 1
4899517 214827022 0.5
1611874 214829379 1
1611874 214554332 0.5
1611874 214821399 0.5
10594413 214641890 1
10594413 214612695 0.5
9773417 214828970 1
9773417 214850942 0.5
9773417 214849327 0.5
3068934 214835747 1
3068934 214835017 0.5
7051391 214774676 1
7051391 214574777 0.5
7051391 214700990 0.5
559246 214840483 1
559246 214753505 0.5
9040631 214853077 1
9040631 214853096 0.5
8612004 214678989 1
8612004 214717288 0.5
8612004 214851322 0.5
8612004 214708063 0.5
11495272 214717003 1
11495272 214716926 0.5
5015726 214837918 1
5015726 214838092 0.5
3668156 214836932 1
3668156 214838227 0.5
3668156 214835109 0.5
3135678 643078800 1
3135678 214648256 0.5
3135678 214551780 0.5
5580998 214551917 1
5580998 214677935 0.5
5093576 214602733 1
5093576 214835473 0.5
9812169 214853094 1
9812169 214853096 0.5
592081 214827022 1
592081 214827020 0.5
2816216 214836517 1
2816216 643078800 0.5
2816216 214612738 0.5
2816216 214551607 0.5
5101788 214716986 1
5101788 214716926 0.5
5101788 214542759 0.5
3373282 214837918 1
3373282 643078800 0.5
3373282 214837916 0.5
3922147 214560013 1
3922147 214829747 0.5
6699269 214567410 1
6699269 214848952 0.5
6699269 214850291 0.5
6699269 214567404 0.5
1009938 214632362 1
1009938 214585397 0.5
8683001 214850630 1
8683001 214851122 0.5
8683001 214851236 0.5
8683001 214850743 0.5
7698712 214850707 1
7698712 214850722 0.5
6072602 214821339 1
6072602 214844452 0.5
8567088 214717003 1
8567088 214716977 0.5
8567088 214716939 0.5
8567088 214717005 0.5
8567088 214716975 0.5
8567088 214832657 0.5
8567088 214716980 0.5
8567088 214554358 0.5
583986 214602605 1
583986 214835120 0.5
583986 214680371 0.5
583986 214704182 0.5
11540799 214701787 1
11540799 214835120 0.5
11540799 214530710 0.5
4733249 214587305 1
4733249 214834873 0.5
4524354 214748310 1
4524354 214839592 0.5
2554179 643078800 1
2554179 214538572 0.5
3324239 214718199 1
3324239 214711205 0.5
2861393 214677650 1
2861393 214820267 0.5
4921683 214844405 1
4921683 214640098 0.5
2586969 214832717 1
2586969 214836129 0.5
3168604 214820259 1
3168604 214832717 0.5
6240611 214846385 1
6240611 214580293 0.5
1845617 214829720 1
1845617 214560187 0.5
3897737 214530789 1
3897737 214530791 0.5
5738904 214838111 1
5738904 214835137 0.5
4008341 214836924 1
4008341 214835167 0.5
5941657 214836512 1
5941657 214539202 0.5
9214364 214712237 1
9214364 214851234 0.5
9214364 214701787 0.5
9214364 214556055 0.5
1996032 214638474 1
1996032 214551583 0.5
2431408 214533022 1
2431408 214821315 0.5
2431408 214551607 0.5
1067443 214684093 1
1067443 214582387 0.5
1067443 214820439 0.5
2160372 214716930 1
2160372 214821315 0.5
2160372 214716932 0.5
2160372 214716935 0.5
10234309 214854345 1
10234309 214854555 0.5
4340173 214838225 1
4340173 214832780 0.5
5732823 214826666 1
5732823 214826664 0.5
5732823 214840760 0.5
3446274 214708044 1
3446274 214678432 0.5
3446274 214644317 0.5
9308641 214712237 1
9308641 214853321 0.5
9308641 214700002 0.5
9308641 214743515 0.5
2300386 214709792 1
2300386 214835752 0.5
2058727 214582541 1
2058727 214510757 0.5
5204464 214602830 1
5204464 214613915 0.5
10873332 214854227 1
10873332 214853102 0.5
7487283 214717007 1
7487283 214854632 0.5
7487283 214716928 0.5
7487283 214717003 0.5
1931781 214826662 1
1931781 214826666 0.5
11308802 214510445 1
11308802 214705757 0.5
7281176 214829887 1
7281176 214850304 0.5
1853979 214829317 1
1853979 214837877 0.5
1853979 214829822 0.5
4127278 214831967 1
4127278 214828985 0.5
870959 214821305 1
870959 214821341 0.5
2480689 214842733 1
2480689 214800264 0.5
657978 214539845 1
657978 214601805 0.5
4053567 214717007 1
4053567 214554358 0.5
4041294 214594678 1
4041294 214594680 0.5
4041294 214539039 0.5
4287089 214738453 1
4287089 214835109 0.5
4926067 214833802 1
4926067 214836868 0.5
4926067 214602830 0.5
10771068 214854227 1
10771068 214859139 0.5
5020293 214847940 1
5020293 214836868 0.5
4598418 214839356 1
4598418 214834873 0.5
4598418 214831970 0.5
9812628 214853996 1
9812628 214850792 0.5
2767511 214844462 1
2767511 214551626 0.5
2643056 214821315 1
2643056 214612706 0.5
5135018 214840082 1
5135018 214633989 0.5
9165483 214842735 1
9165483 214826750 0.5
4442803 214612901 1
4442803 214836512 0.5
4442803 214674577 0.5
11221686 214853105 1
11221686 214852980 0.5
11221686 214853077 0.5
11221686 214853094 0.5
9808567 214853420 1
9808567 214844345 0.5
9808567 214853767 0.5
9808567 214838225 0.5
9657022 214853077 1
9657022 214853096 0.5
4987598 214539112 1
4987598 214539110 0.5
7678707 214844439 1
7678707 214844394 0.5
7678707 214844458 0.5
7678707 214821309 0.5
7641854 214716973 1
7641854 214716937 0.5
2845442 214701307 1
2845442 214558331 0.5
1211139 214821305 1
1211139 214827002 0.5
11229959 214853102 1
11229959 214853100 0.5
3975951 214705991 1
3975951 214718398 0.5
2906909 214537490 1
2906909 214509842 0.5
2906909 214582387 0.5
2906909 214836830 0.5
2906909 214586870 0.5
4283167 214842735 1
4283167 214836512 0.5
9018163 214853105 1
9018163 214853096 0.5
9018163 214853085 0.5
6347572 214709807 1
6347572 214828963 0.5
3193656 214837918 1
3193656 214837916 0.5
3193656 214573612 0.5
7949119 214717003 1
7949119 214716928 0.5
7699268 214551607 1
7699268 214533022 0.5
6592994 214846378 1
6592994 214706445 0.5
9337681 214851135 1
9337681 214850936 0.5
9337681 214743339 0.5
9337681 214836830 0.5
9578309 214839339 1
9578309 214774676 0.5
9578309 214849301 0.5
674647 214829310 1
674647 214664765 0.5
11475429 214853072 1
11475429 214540035 0.5
11475429 214854707 0.5
7293799 214849807 1
7293799 214712237 0.5
3640168 214706452 1
3640168 214551530 0.5
10460016 214839339 1
10460016 214774676 0.5
1249768 214748300 1
1249768 214748338 0.5
2812804 214821277 1
2812804 214835745 0.5
3312517 214687839 1
3312517 214819730 0.5
1321863 214600989 1
1321863 214712237 0.5
4411884 214847255 1
4411884 214836536 0.5
3365773 214829850 1
3365773 214820402 0.5
413037 214644317 1
413037 214644320 0.5
1100712 214821309 1
1100712 214821341 0.5
2551571 214844394 1
2551571 214821341 0.5
7023776 214828882 1
7023776 214853173 0.5
3247048 214820231 1
3247048 214551626 0.5
9550796 214820938 1
9550796 214849747 0.5
8682453 214853077 1
8682453 214853248 0.5
8682453 214853096 0.5
8682453 214852978 0.5
8682453 214853085 0.5
8682453 214853094 0.5
9055191 214853077 1
9055191 214852980 0.5
3668956 214829327 1
3668956 214829325 0.5
2743461 214553700 1
2743461 214829820 0.5
10054624 214853700 1
10054624 214853730 0.5
8760294 214850370 1
8760294 214853096 0.5
8760294 214853105 0.5
8760294 214853077 0.5
5048046 214829720 1
5048046 214700000 0.5
5048046 214700002 0.5
5048046 214819468 0.5
4078594 214835017 1
4078594 214587712 0.5
2018311 214834873 1
2018311 214587305 0.5
2018311 214828959 0.5
10140247 214829730 1
10140247 214832156 0.5
5659667 214829672 1
5659667 214820377 0.5
2763796 214832730 1
2763796 214835591 0.5
5028886 214832557 1
5028886 214836924 0.5
11160601 214854707 1
11160601 214853072 0.5
11160601 214849132 0.5
1506331 214820263 1
1506331 214833800 0.5
9329692 214743515 1
9329692 214700002 0.5
9329692 214712237 0.5
7265323 214849807 1
7265323 214820377 0.5
1231368 214821309 1
1231368 214551617 0.5
10939444 214510445 1
10939444 214854707 0.5
10939444 214849132 0.5
3681333 214551695 1
3681333 214509155 0.5
3161144 214538572 1
3161144 214538484 0.5
4009823 214842735 1
4009823 214509142 0.5
10943551 214853102 1
10943551 214854785 0.5
10874722 214854583 1
10874722 214850947 0.5
10874722 214831948 0.5
10874722 214853102 0.5
10874722 214846033 0.5
10874722 214829878 0.5
10874722 214846391 0.5
10874722 214838107 0.5
8825969 214852978 1
8825969 214853094 0.5
9358463 214853420 1
9358463 214850947 0.5
9403542 214850949 1
9403542 214850945 0.5
9403542 214831946 0.5
9403542 214853420 0.5
9403542 214829878 0.5
208026 214716982 1
208026 214716986 0.5
10585297 214853072 1
10585297 214854774 0.5
3730626 214684513 1
3730626 214613865 0.5
9981131 214716982 1
9981131 214716984 0.5
7986374 214850743 1
7986374 214850872 0.5
9096391 214716930 1
9096391 214716932 0.5
5274829 214820272 1
5274829 214829672 0.5
2339363 214586711 1
2339363 214821305 0.5
9235687 214716971 1
9235687 214716928 0.5
9235687 214717003 0.5
8981737 214852978 1
8981737 214852980 0.5
3898602 214836924 1
3898602 214829765 0.5
6016236 214712237 1
6016236 214700002 0.5
9789993 214854300 1
9789993 214820456 0.5
9789993 214850402 0.5
7529207 214575311 1
7529207 214851120 0.5
301612 214716932 1
301612 214716935 0.5
2653451 214844439 1
2653451 214829880 0.5
2653451 214821305 0.5
2653451 214834867 0.5
2653451 214609325 0.5
2653451 214819430 0.5
9211151 214854122 1
9211151 214853690 0.5
9211151 214844454 0.5
10931472 214829042 1
10931472 214819472 0.5
11030891 214687768 1
11030891 214844454 0.5
3620129 214842735 1
3620129 214826750 0.5
4652326 214744258 1
4652326 214700000 0.5
4652326 214838105 0.5
4652326 214712235 0.5
4496682 214829792 1
4496682 214743515 0.5
1129159 214716707 1
1129159 214753515 0.5
3428916 214716973 1
3428916 214716930 0.5
3428916 214716971 0.5
3428916 214716932 0.5
6159702 214510689 1
6159702 214717627 0.5
3922489 214836932 1
3922489 214826990 0.5
3796312 214829390 1
3796312 214835132 0.5
10808667 214853090 1
10808667 214853094 0.5
10203271 214849327 1
10203271 214842733 0.5
6495583 214849350 1
6495583 214684093 0.5
239504 214718203 1
239504 214821390 0.5
5668197 214680371 1
5668197 214744258 0.5
11074791 214854707 1
11074791 214849132 0.5
4529517 214745312 1
4529517 214839960 0.5
4529517 214839973 0.5
10911086 214854707 1
10911086 214853072 0.5
6921592 214835713 1
6921592 214712235 0.5
6921592 214530705 0.5
6921592 214680371 0.5
6921592 214704180 0.5
6921592 214704182 0.5
6921592 214851032 0.5
6921592 214717627 0.5
5193359 214829887 1
5193359 214839347 0.5
6082453 214846067 1
6082453 214845885 0.5
11123948 214578011 1
11123948 214830296 0.5
11123948 214849132 0.5
8912271 214853094 1
8912271 214852978 0.5
8912271 214853085 0.5
2256274 214821367 1
2256274 214585100 0.5
4124076 214831942 1
4124076 214838105 0.5
7277997 214839954 1
7277997 214640019 0.5
4229473 214652460 1
4229473 214583852 0.5
2551219 643078800 1
2551219 214638474 0.5
2551219 643078783 0.5
10198452 214743367 1
10198452 214838094 0.5
4614729 214541495 1
4614729 214645010 0.5
5082554 214833802 1
5082554 214832730 0.5
1555903 214821302 1
1555903 214821305 0.5
3853762 214594678 1
3853762 214594680 0.5
8768964 214835426 1
8768964 214595150 0.5
9412041 214850947 1
9412041 214853342 0.5
1973723 214821277 1
1973723 214538030 0.5
101869 214717007 1
101869 214717003 0.5
3739124 214836932 1
3739124 214829366 0.5
10601726 214849055 1
10601726 214849048 0.5
5078524 214837918 1
5078524 214829765 0.5
454146 214717007 1
454146 214717003 0.5
454146 214691255 0.5
9785259 214510445 1
9785259 214510447 0.5
7650823 214696824 1
7650823 214836517 0.5
6290953 214662819 1
6290953 214695161 0.5
6290953 214836073 0.5
6290953 214844420 0.5
6290953 214846057 0.5
2503854 214612895 1
2503854 214539050 0.5
2503854 214539110 0.5
1818129 214826666 1
1818129 214826662 0.5
4273412 214716984 1
4273412 214716928 0.5
4273412 214716937 0.5
4273412 214717003 0.5
4273412 214832653 0.5
4273412 214717007 0.5
4273412 214716947 0.5
4273412 214716986 0.5
4273412 214716926 0.5
1658402 214821412 1
1658402 214821410 0.5
5144112 214539202 1
5144112 214826747 0.5
5144112 214539204 0.5
10927666 214835117 1
10927666 214859240 0.5
2657848 214826983 1
2657848 214600509 0.5
3100217 214551695 1
3100217 214509150 0.5
8789587 214533022 1
8789587 214851234 0.5
3685973 214685747 1
3685973 214539039 0.5
5877337 214834880 1
5877337 214846412 0.5
7601773 214684093 1
7601773 214708372 0.5
1896048 214748300 1
1896048 214748338 0.5
1982068 214828989 1
1982068 214826709 0.5
7601789 214851279 1
7601789 214587328 0.5
7601789 214845506 0.5
7601789 214835126 0.5
2780804 214748336 1
2780804 214819760 0.5
2780804 214601233 0.5
9428622 214509401 1
9428622 214853252 0.5
4026003 214686857 1
4026003 214577512 0.5
4026003 214716577 0.5
11128491 214854707 1
11128491 214853321 0.5
11128491 214854853 0.5
11128491 214853102 0.5
8424693 214852978 1
8424693 214853094 0.5
7683454 214850936 1
7683454 214850771 0.5
6037177 214575193 1
6037177 214829880 0.5
7933634 214716982 1
7933634 214717867 0.5
7933634 214748327 0.5
7933634 214850415 0.5
5312201 214835287 1
5312201 214851032 0.5
4914891 214684372 1
4914891 214613915 0.5
1613524 214834880 1
1613524 214833755 0.5
11136728 214853102 1
11136728 214853100 0.5
6008547 214849010 1
6008547 214846029 0.5
6008547 214846031 0.5
446181 214716930 1
446181 214716932 0.5
446181 214716935 0.5
9125631 214853214 1
9125631 214853252 0.5
1267339 214680369 1
1267339 214743515 0.5
200463 214821277 1
200463 214820231 0.5
8478242 214574777 1
8478242 214700990 0.5
5676826 214836506 1
5676826 214845502 0.5
7438136 214717757 1
7438136 214687736 0.5
7438136 214849327 0.5
8699706 214716932 1
8699706 214716930 0.5
8699706 214533022 0.5
2301759 214831950 1
2301759 214829878 0.5
7569222 214612901 1
7569222 214575193 0.5
7570391 214844394 1
7570391 214844439 0.5
3687737 214842735 1
3687737 214826750 0.5
200537 214585397 1
200537 214585395 0.5
9310047 214509401 1
9310047 214832604 0.5
7016111 214612738 1
7016111 214844439 0.5
7528294 214850792 1
7528294 214850938 0.5
7642429 214851279 1
7642429 214850936 0.5
9887602 214701787 1
9887602 214700000 0.5
9887602 214680371 0.5
4695358 214553700 1
4695358 214710152 0.5
7737219 214844394 1
7737219 214821305 0.5
2273163 214551617 1
2273163 214844458 0.5
8319591 214844394 1
8319591 214551624 0.5
8319591 214844456 0.5
8319591 214551626 0.5
8319591 214844462 0.5
3448748 214717832 1
3448748 214828961 0.5
10559419 214700885 1
10559419 214531545 0.5
692162 214716941 1
692162 214716945 0.5
692162 214716947 0.5
8510114 214839339 1
8510114 214700990 0.5
9293776 214700990 1
9293776 214700992 0.5
1613816 214821309 1
1613816 214844458 0.5
1613816 214844357 0.5
10690526 214853096 1
10690526 214853085 0.5
10690526 214837286 0.5
11149282 214857204 1
11149282 214835000 0.5
2666469 214829846 1
2666469 214829878 0.5
2613227 214844439 1
2613227 214612708 0.5
9035758 214716707 1
9035758 214716710 0.5
5382128 214700000 1
5382128 214744258 0.5
5382128 214680371 0.5
