5551446 214829878 1
5551446 214829885 1
5551446 214846033 0.5
5551446 214684730 0.5
5551446 214838105 0.5
5819052 214709975 1
5819052 214717622 1
5819052 214717048 0.5
5819052 214717625 0.5
5819052 214834882 0.5
5819052 214717721 0.5
3190797 214835745 1
3190797 214602600 1
3190797 214600492 0.5
8437783 214851322 1
8437783 214849102 1
8437783 214678989 0.5
6209564 214840595 1
6209564 214509401 1
6209564 214584992 0.5
6098987 214846110 1
6098987 214846479 1
6098987 214846061 0.5
3125297 214826947 1
3125297 214834867 1
3125297 214577450 0.5
3125297 214609325 0.5
3125297 214835122 0.5
6545463 214851032 1
6545463 214684717 1
6545463 214848795 0.5
6545463 214848977 0.5
6545463 214826835 0.5
6545463 214849070 0.5
9347128 214853420 1
9347128 214853422 1
9347128 214700990 0.5
9109564 214839339 1
9109564 214845127 1
9109564 214541357 0.5
9244733 214850938 1
9244733 214850771 1
9244733 214850743 0.5
8130557 214595139 1
8130557 214540597 1
8130557 214850732 0.5
8130557 214850694 0.5
11300934 214854853 1
11300934 214854782 1
11300934 214864880 0.5
11399243 214687475 1
11399243 214854583 1
11399243 214848315 0.5
11399243 214687685 0.5
11399243 214851135 0.5
7426138 214849466 1
7426138 214849762 1
7426138 214849738 0.5
9265247 214853077 1
9265247 214852980 1
9265247 214851326 0.5
10649701 214854819 1
10649701 214854857 1
10649701 214850402 0.5
663654 214827026 1
663654 214827009 1
663654 214834865 0.5
4673639 214839973 1
4673639 214839971 1
4673639 214829797 0.5
6894269 214849132 1
6894269 214849097 1
6894269 214848658 0.5
6894269 214849046 0.5
8122481 214851133 1
8122481 214851131 1
8122481 214851290 0.5
8122481 214851579 0.5
8122481 214716671 0.5
3633267 214829773 1
3633267 214836795 1
3633267 214595150 0.5
11550839 214567329 1
11550839 214854268 1
11550839 214567215 0.5
5406846 214836506 1
5406846 214845502 1
5406846 214845504 0.5
5406846 214845506 0.5
5406846 214839594 0.5
5406846 214676580 0.5
5406846 214714757 0.5
9474178 214850366 1
9474178 214848980 1
9474178 214819627 0.5
10831894 214853100 1
10831894 214854782 1
10831894 214853102 0.5
10831894 214764598 0.5
7729287 214850771 1
7729287 214850747 1
7729287 214850934 0.5
7729287 214836830 0.5
1417362 214829865 1
1417362 214829861 1
1417362 214829707 0.5
1417362 214829863 0.5
8872092 214850938 1
8872092 214850936 1
8872092 214850771 0.5
8872092 214850743 0.5
7348384 214846085 1
7348384 214744427 1
7348384 214743367 0.5
8810683 214852978 1
8810683 214853248 1
8810683 214853077 0.5
3612868 214832747 1
3612868 214839982 1
3612868 214838227 0.5
3612868 214836932 0.5
3612868 214829366 0.5
9085136 214853105 1
9085136 214853085 1
9085136 214853096 0.5
950488 214829321 1
950488 214657318 1
950488 214601233 0.5
950488 214545879 0.5
10661924 214854538 1
10661924 214854517 1
10661924 214854527 0.5
10661924 214744775 0.5
8106214 214851294 1
8106214 214851150 1
8106214 214850932 0.5
5742824 214846061 1
5742824 214839587 1
5742824 214687852 0.5
5742824 214706102 0.5
1474794 214821290 1
1474794 214821277 1
1474794 214536937 0.5
1474794 214821292 0.5
1474794 214536932 0.5
4321526 214839596 1
4321526 214839594 1
4321526 214716965 0.5
4321526 214716945 0.5
4321526 214717007 0.5
4321526 214832657 0.5
4321526 214716977 0.5
4321526 214716984 0.5
4321526 214716986 0.5
4321526 214826942 0.5
9109751 214850771 1
9109751 214846001 1
9109751 214577450 0.5
9109751 214849046 0.5
807163 214748304 1
807163 214753507 1
807163 214821313 0.5
807163 214553604 0.5
2531586 214821326 1
2531586 214821322 1
2531586 214680722 0.5
327953 214826705 1
327953 214826608 1
327953 214821277 0.5
2347286 214744530 1
2347286 214829085 1
2347286 214580304 0.5
2347286 214684018 0.5
2347286 214829715 0.5
2347286 214844439 0.5
8286491 214836924 1
8286491 214851577 1
8286491 214718379 0.5
8286491 214595150 0.5
10851717 214854774 1
10851717 214854780 1
10851717 214712242 0.5
495904 214820227 1
495904 214535621 1
495904 214820233 0.5
5091617 214819468 1
5091617 214582346 1
5091617 214844336 0.5
5091617 214839971 0.5
7348514 214850295 1
7348514 214850287 1
7348514 214850315 0.5
3858733 214587697 1
3858733 214826565 1
3858733 214829657 0.5
3858733 214820458 0.5
3858733 214835747 0.5
3858733 214826951 0.5
9929019 214857830 1
9929019 214712235 1
9929019 214601216 0.5
9929019 214700000 0.5
9929019 214744258 0.5
9929019 214853321 0.5
9929019 214835117 0.5
9929019 214835120 0.5
9929019 214680371 0.5
9929019 214835126 0.5
10772797 214853102 1
10772797 214854785 1
10772797 214864880 0.5
10772797 214684710 0.5
3866954 214612738 1
3866954 214551607 1
3866954 214819760 0.5
3866954 214819762 0.5
3866954 214836330 0.5
2699616 214717007 1
2699616 214716971 1
2699616 214717005 0.5
2699616 214716926 0.5
840423 214533020 1
840423 214821307 1
840423 214821339 0.5
840423 214612708 0.5
7840124 214717003 1
7840124 214716977 1
7840124 214717867 0.5
758147 214613743 1
758147 214829310 1
758147 214711297 0.5
758147 214827011 0.5
9765254 214853702 1
9765254 214853767 1
9765254 214853707 0.5
5566858 214845405 1
5566858 214835428 1
5566858 214708305 0.5
3862923 214831944 1
3862923 214838105 1
3862923 214838096 0.5
3862923 214548103 0.5
3862923 214832780 0.5
3862923 214711408 0.5
3862923 214829878 0.5
3862923 214832023 0.5
3862923 214838137 0.5
3862923 214838107 0.5
3862923 214718396 0.5
3862923 214836926 0.5
3862923 214829887 0.5
4592026 214584815 1
4592026 214835167 1
4592026 214839962 0.5
4592026 214612901 0.5
786849 214748304 1
786849 214821292 1
786849 214748291 0.5
3207594 214832021 1
3207594 214573612 1
3207594 214602611 0.5
7049643 214849466 1
7049643 214844398 1
7049643 214820807 0.5
7049643 214826990 0.5
7049643 214846479 0.5
7049643 214821017 0.5
7049643 214846427 0.5
7049643 214665277 0.5
6095287 214845958 1
6095287 214848165 1
6095287 214850872 0.5
6226361 214838109 1
6226361 214538597 1
6226361 214538820 0.5
9037216 214853105 1
9037216 214853096 1
9037216 214853090 0.5
6762946 214844394 1
6762946 214844439 1
6762946 214821305 0.5
5852291 214846061 1
5852291 214718385 1
5852291 214819721 0.5
5852291 214845887 0.5
5852291 214743495 0.5
9142743 214509401 1
9142743 214852987 1
9142743 214853128 0.5
9142743 214840762 0.5
9142743 214821371 0.5
9142743 214845135 0.5
651742 214821302 1
651742 214840483 1
651742 214533026 0.5
651742 214821315 0.5
651742 214551626 0.5
651742 214821309 0.5
7713247 214826662 1
7713247 214826668 1
7713247 214640520 0.5
7713247 214826666 0.5
7713247 214554510 0.5
7713247 214845407 0.5
9470441 214700000 1
9470441 214831946 1
9470441 214512611 0.5
9470441 214514270 0.5
8495596 214852978 1
8495596 214849314 1
8495596 214850938 0.5
8495596 214573310 0.5
3215856 214829878 1
3215856 214831946 1
3215856 643078800 0.5
3662324 214820197 1
3662324 214826711 1
3662324 214537541 0.5
3662324 214643340 0.5
3662324 214609325 0.5
3662324 214561457 0.5
3662324 214834867 0.5
3662324 214602806 0.5
3662324 214561496 0.5
2154582 214829855 1
2154582 214826666 1
2154582 214832720 0.5
2154582 214829657 0.5
2154582 214832722 0.5
9396742 214711307 1
9396742 214853420 1
9396742 214853428 0.5
9396742 214853422 0.5
4710919 214712235 1
4710919 214838107 1
4710919 214700000 0.5
3187238 214706180 1
3187238 214829083 1
3187238 214835475 0.5
3187238 214829079 0.5
6210089 214848977 1
6210089 214848982 1
6210089 214849070 0.5
2863662 214587712 1
2863662 214834867 1
2863662 214835017 0.5
2863662 214835747 0.5
10056239 214853156 1
10056239 214844439 1
10056239 214853147 0.5
10916407 214857830 1
10916407 214859139 1
10916407 214826987 0.5
10916407 214650508 0.5
3984821 214821285 1
3984821 214820259 1
3984821 214832717 0.5
9015887 214852978 1
9015887 214853242 1
9015887 214853248 0.5
7742042 214853177 1
7742042 214853175 1
7742042 214851120 0.5
7742042 214828882 0.5
7742042 214853173 0.5
7742042 214853758 0.5
7705181 214850852 1
7705181 214850413 1
7705181 214853177 0.5
7705181 214748289 0.5
6505056 214848626 1
6505056 214844396 1
6505056 214848656 0.5
6505056 214848330 0.5
6505056 214846530 0.5
7704678 214850754 1
7704678 214850765 1
7704678 214556840 0.5
7704678 214850700 0.5
7704678 214676306 0.5
7704678 214850771 0.5
7704678 214850743 0.5
7704678 214821022 0.5
6616906 214845131 1
6616906 214828985 1
6616906 214839600 0.5
6616906 214846530 0.5
6616906 214836932 0.5
6616906 214743495 0.5
6616906 214848695 0.5
6616906 214680722 0.5
6616906 214846127 0.5
6616906 214748336 0.5
6616906 214826610 0.5
6616906 214849331 0.5
6616906 214553844 0.5
6616906 214829366 0.5
6616906 214844345 0.5
6616906 214849284 0.5
6616906 214844347 0.5
6616906 214839932 0.5
3023469 214832717 1
3023469 214821285 1
3023469 214705736 0.5
3023469 214550987 0.5
7455344 214821309 1
7455344 214717262 1
7455344 214716928 0.5
7455344 214716984 0.5
3695244 214820261 1
3695244 214820233 1
3695244 214820259 0.5
11113109 214853422 1
11113109 214853420 1
11113109 214829880 0.5
11113109 214850947 0.5
11113109 214829878 0.5
1610396 214834877 1
1610396 214834880 1
1610396 214826837 0.5
1610396 214826998 0.5
1610396 214826615 0.5
11137137 214853077 1
11137137 214852980 1
11137137 214853096 0.5
11137137 214853105 0.5
11137137 214852978 0.5
11137137 214853094 0.5
3248819 214837882 1
3248819 214831959 1
3248819 214834877 0.5
991929 214819640 1
991929 214821302 1
991929 214811739 0.5
4903613 214716941 1
4903613 214716986 1
4903613 214716980 0.5
4903613 214832653 0.5
4903613 214716975 0.5
10224319 214853730 1
10224319 214853700 1
10224319 214853722 0.5
2319041 214684702 1
2319041 214712237 1
2319041 214700002 0.5
2319041 214743515 0.5
2536133 214829887 1
2536133 214829880 1
2536133 214829878 0.5
2511561 214836519 1
2511561 214829887 1
2511561 214821277 0.5
7021267 214850285 1
7021267 214850315 1
7021267 214820188 0.5
7021267 214846031 0.5
7021267 214718398 0.5
7021267 214829880 0.5
7021267 214838107 0.5
7021267 214846012 0.5
7021267 214684734 0.5
3109594 214829878 1
3109594 214831948 1
3109594 214819762 0.5
9835243 214851714 1
9835243 214853242 1
9835243 214853996 0.5
82682 214821305 1
82682 214821309 1
82682 214716937 0.5
10207998 214853848 1
10207998 214853994 1
10207998 214854152 0.5
10207998 214853435 0.5
9932928 214853698 1
9932928 214853707 1
9932928 214853767 0.5
9323268 214643036 1
9323268 214838094 1
9323268 214717867 0.5
9323268 214854159 0.5
10224391 214567329 1
10224391 214854262 1
10224391 214681091 0.5
10224391 214820812 0.5
10224391 214596502 0.5
10490637 214853700 1
10490637 214854298 1
10490637 214820394 0.5
10490637 214854547 0.5
10490637 214854534 0.5
201486 214821290 1
201486 214826705 1
201486 214821277 0.5
9234564 214850949 1
9234564 214849809 1
9234564 214829882 0.5
9234564 214829878 0.5
9234564 214853422 0.5
5100314 214840082 1
5100314 214537541 1
5100314 214554707 0.5
2622236 214826621 1
2622236 214826612 1
2622236 214826615 0.5
5948208 214846408 1
5948208 214846082 1
5948208 214819760 0.5
5948208 214846472 0.5
5948208 214846370 0.5
5948208 214836926 0.5
5948208 214839975 0.5
7697188 214677615 1
7697188 214676306 1
7697188 214850700 0.5
7697188 214850743 0.5
5997361 214846031 1
5997361 214848157 1
5997361 214846033 0.5
5997361 214829878 0.5
7594794 214564380 1
7594794 214851290 1
7594794 214851232 0.5
7594794 214552522 0.5
7594794 214851101 0.5
9589552 214853420 1
9589552 214850947 1
9589552 214853428 0.5
9589552 214853154 0.5
9589552 214853147 0.5
9589552 214853156 0.5
9589552 214850949 0.5
10933044 214704180 1
10933044 214853100 1
10933044 214556563 0.5
10933044 214710159 0.5
5522232 214844370 1
5522232 214844402 1
5522232 214844355 0.5
5522232 214844368 0.5
5522232 214844372 0.5
5522232 214844345 0.5
5522232 214582170 0.5
5522232 214844347 0.5
5522232 214579837 0.5
4719428 214829670 1
4719428 214834869 1
4719428 214842560 0.5
4719428 214842480 0.5
4719428 214842482 0.5
4719428 214829668 0.5
4719428 214842553 0.5
8713031 214851150 1
8713031 214851285 1
8713031 214716977 0.5
8713031 214848380 0.5
4203337 214838105 1
4203337 214838102 1
4203337 214826932 0.5
4203337 214832015 0.5
6251339 214840091 1
6251339 214835023 1
6251339 214642560 0.5
6251339 214840483 0.5
6251339 214850953 0.5
6251339 214531151 0.5
6251339 214535057 0.5
6251339 214535060 0.5
6251339 214850330 0.5
4477782 214831970 1
4477782 214836512 1
4477782 214538820 0.5
1160023 214833800 1
1160023 214584939 1
1160023 214826807 0.5
9905009 214853767 1
9905009 214853698 1
9905009 214853353 0.5
6534004 214835167 1
6534004 214848596 1
6534004 214829765 0.5
5387126 214844396 1
5387126 214844355 1
5387126 214844345 0.5
5387126 214573290 0.5
6669177 214832655 1
6669177 214716988 1
6669177 214854572 0.5
6148988 214835064 1
6148988 214835426 1
6148988 214561475 0.5
6148988 214846029 0.5
9601922 214853321 1
9601922 214853325 1
9601922 214700002 0.5
4371337 214602605 1
4371337 214838098 1
4371337 214838096 0.5
1487756 214826610 1
1487756 214834877 1
1487756 214834880 0.5
1487756 214829387 0.5
2724783 214820263 1
2724783 214820261 1
2724783 214820233 0.5
5137329 214845131 1
5137329 214839971 1
5137329 214829280 0.5
5137329 214836932 0.5
5137329 214586694 0.5
5137329 214829385 0.5
5137329 214820812 0.5
5137329 214836847 0.5
5137329 214839600 0.5
5137329 214829657 0.5
5137329 214832126 0.5
836543 214711312 1
836543 214711438 1
836543 214718255 0.5
353218 214546106 1
353218 214546121 1
353218 214686086 0.5
1188803 214819357 1
1188803 214828989 1
1188803 214828980 0.5
1188803 214586694 0.5
1188803 214586743 0.5
3056582 214821322 1
3056582 214821326 1
3056582 214565535 0.5
3193676 214836847 1
3193676 214826670 1
3193676 214819760 0.5
3193676 214835137 0.5
3193676 214819762 0.5
2941919 214837882 1
2941919 214709735 1
2941919 214832128 0.5
2941919 214835475 0.5
2941919 214835107 0.5
2941919 214832555 0.5
1881058 214829865 1
1881058 214829707 1
1881058 214640398 0.5
9458662 214844462 1
9458662 214844439 1
9458662 214844456 0.5
9458662 214551626 0.5
9458662 214844458 0.5
9458662 214716935 0.5
10748921 214853113 1
10748921 214854352 1
10748921 214854577 0.5
7664634 214850938 1
7664634 214850743 1
7664634 214676306 0.5
7238651 214849132 1
7238651 214849093 1
7238651 214510445 0.5
3580927 214748304 1
3580927 214748293 1
3580927 214748291 0.5
6505474 214849076 1
6505474 214848605 1
6505474 214844400 0.5
6505474 214850953 0.5
3830793 214835167 1
3830793 214651777 1
3830793 214708029 0.5
3830793 214595150 0.5
9360402 214850310 1
9360402 214684730 1
9360402 214848692 0.5
9360402 214853420 0.5
2786324 214837916 1
2786324 214837918 1
2786324 214835503 0.5
11080727 214853100 1
11080727 214854842 1
11080727 214854800 0.5
1192989 214691522 1
1192989 214829085 1
1192989 214828995 0.5
10912812 214857204 1
10912812 214835004 1
10912812 214835000 0.5
3097646 214820261 1
3097646 214821277 1
3097646 214839755 0.5
10457267 214853113 1
10457267 214854547 1
10457267 214854352 0.5
10457267 214854300 0.5
10457267 214821397 0.5
2135092 214835750 1
2135092 214832720 1
2135092 214642153 0.5
2135092 214829666 0.5
2135092 214832722 0.5
2135092 214836330 0.5
7525432 214850936 1
7525432 214850938 1
7525432 214850743 0.5
7148608 214820345 1
7148608 214850364 1
7148608 214849747 0.5
1426502 214826925 1
1426502 214829085 1
1426502 214827000 0.5
1426502 214826908 0.5
1426502 214827005 0.5
1426502 214829079 0.5
7488588 214850700 1
7488588 214850936 1
7488588 214850705 0.5
7488588 214850621 0.5
7488588 214850405 0.5
7488588 214564382 0.5
7488588 214850743 0.5
492621 214717003 1
492621 214717007 1
492621 214716928 0.5
492621 214717005 0.5
492621 214716926 0.5
6493267 214571413 1
6493267 214846408 1
6493267 214846397 0.5
1385558 214829396 1
1385558 214821350 1
1385558 214826561 0.5
7410778 214849747 1
7410778 214850282 1
7410778 214849753 0.5
6427742 214826715 1
6427742 214846014 1
6427742 214819400 0.5
6427742 214831946 0.5
6427742 214838098 0.5
6427742 214718255 0.5
2027708 214828970 1
2027708 214834871 1
2027708 214826610 0.5
2806891 214831950 1
2806891 214829885 1
2806891 214514265 0.5
4007622 214835167 1
4007622 214829765 1
4007622 214836932 0.5
3097716 214826565 1
3097716 214829364 1
3097716 214577025 0.5
3097716 214600492 0.5
3097716 214835745 0.5
6521997 214835473 1
6521997 214845986 1
6521997 214819760 0.5
6521997 214819762 0.5
6521997 214846007 0.5
6521997 214612730 0.5
6521997 214832023 0.5
3368083 214835462 1
3368083 214839617 1
3368083 214826623 0.5
3368083 214837882 0.5
3368083 214835475 0.5
3368083 214835469 0.5
3368083 214836527 0.5
9352342 214853077 1
9352342 214852980 1
9352342 214853096 0.5
9352342 214853105 0.5
9352342 214853227 0.5
9405594 214853325 1
9405594 214853156 1
9405594 214583610 0.5
9157621 214852978 1
9157621 214853094 1
9157621 214853248 0.5
9157621 214853090 0.5
9157621 214853077 0.5
4170911 214595150 1
4170911 214583610 1
4170911 214836795 0.5
1688742 214834880 1
1688742 214834877 1
1688742 214826610 0.5
1688742 214829387 0.5
8283304 214852978 1
8283304 214853094 1
8283304 214514640 0.5
8283304 214743339 0.5
3642538 214821285 1
3642538 214836924 1
3642538 214585667 0.5
3642538 214836932 0.5
3642538 214691563 0.5
3642538 214832747 0.5
3642538 214839600 0.5
3642538 214829079 0.5
3642538 214838137 0.5
3772213 214829799 1
3772213 214838225 1
3772213 214839600 0.5
3772213 214829852 0.5
3772213 214832023 0.5
7918774 214716939 1
7918774 214850621 1
7918774 214717007 0.5
7918774 214716971 0.5
7918774 214716941 0.5
7918774 214716973 0.5
7918774 214716975 0.5
4031672 214845129 1
4031672 214839356 1
4031672 214552395 0.5
7898301 214835109 1
7898301 214850743 1
7898301 214651777 0.5
7898301 214716110 0.5
7898301 214851313 0.5
7898301 214850771 0.5
7898301 214851159 0.5
7898301 214851290 0.5
7898301 214835167 0.5
4945086 214837280 1
4945086 214832010 1
4945086 214845579 0.5
160964 214826705 1
160964 214820441 1
160964 214826810 0.5
7881929 214844439 1
7881929 214716930 1
7881929 214717003 0.5
7881929 214821315 0.5
7881929 214716982 0.5
7881929 214844454 0.5
475343 214839995 1
475343 214839313 1
475343 214691426 0.5
475343 214826900 0.5
475343 214691390 0.5
475343 214826799 0.5
7607517 214551626 1
7607517 214748282 1
7607517 214851279 0.5
7632102 214850936 1
7632102 214850771 1
7632102 214850732 0.5
120048 214832557 1
120048 214587384 1
120048 214717888 0.5
3745032 214594678 1
3745032 214594680 1
3745032 214550019 0.5
5326108 214648256 1
5326108 214829887 1
5326108 214838096 0.5
5326108 214846029 0.5
992547 214821305 1
992547 214821302 1
992547 214821309 0.5
8164914 214844394 1
8164914 214844439 1
8164914 214854570 0.5
8164914 214716943 0.5
1647924 214829861 1
1647924 214829863 1
1647924 214587388 0.5
6047042 214839975 1
6047042 214848410 1
6047042 214836926 0.5
4199749 214838098 1
4199749 214744258 1
4199749 214839594 0.5
4199749 214832012 0.5
11490638 214714755 1
11490638 214853113 1
11490638 214853362 0.5
11490638 214850940 0.5
5125458 214845131 1
5125458 214844413 1
5125458 214839600 0.5
5125458 214819760 0.5
10941789 214864880 1
10941789 214853102 1
10941789 214643938 0.5
9905502 214850743 1
9905502 214718220 1
9905502 214853130 0.5
9905502 214850758 0.5
5584224 214846462 1
5584224 214848305 1
5584224 214835747 0.5
5584224 214552522 0.5
5584224 214829387 0.5
5584224 214846447 0.5
5584224 214846033 0.5
5584224 214831931 0.5
5969249 214846425 1
5969249 214846466 1
5969249 214584992 0.5
5969249 214840595 0.5
5969249 214846412 0.5
3133226 214835019 1
3133226 214835745 1
3133226 214600492 0.5
7540969 214587317 1
7540969 214839617 1
7540969 214850713 0.5
7540969 214849466 0.5
7540969 214849747 0.5
7540969 214586694 0.5
11072888 214853102 1
11072888 214855016 1
11072888 214864880 0.5
2213241 214820383 1
2213241 214821285 1
2213241 214826803 0.5
588694 214821305 1
588694 214821315 1
588694 214586711 0.5
6473096 214667970 1
6473096 214533778 1
6473096 214846417 0.5
656781 214826925 1
656781 214827000 1
656781 214827005 0.5
656781 214827007 0.5
7083413 214849768 1
7083413 214849766 1
7083413 214848613 0.5
3523993 214826803 1
3523993 214821285 1
3523993 214836776 0.5
3523993 214820402 0.5
3523993 214832717 0.5
3523993 214826711 0.5
3966371 214836932 1
3966371 214835109 1
3966371 214835167 0.5
7792043 214853758 1
7792043 214853173 1
7792043 214612704 0.5
6833582 214826670 1
6833582 214848605 1
6833582 214848656 0.5
6833582 214835137 0.5
1881528 214834880 1
1881528 214826837 1
1881528 214716752 0.5
1881528 214668185 0.5
1881528 214583670 0.5
1881528 214601229 0.5
1881528 214828982 0.5
7783872 214710152 1
7783872 214850938 1
7783872 214651777 0.5
7783872 214850762 0.5
7783872 214850765 0.5
7783872 214850758 0.5
7783872 214561775 0.5
882121 214828987 1
882121 214826912 1
882121 214826934 0.5
882121 214826927 0.5
2688459 214844439 1
2688459 214844394 1
2688459 214586711 0.5
4400594 214712237 1
4400594 214684702 1
4400594 214829792 0.5
4400594 214700002 0.5
2999763 214836517 1
2999763 214835550 1
2999763 214587257 0.5
11408853 214854800 1
11408853 214857204 1
11408853 214850366 0.5
11408853 214851750 0.5
1488347 214834880 1
1488347 214834877 1
1488347 214833755 0.5
1488347 214826610 0.5
1488347 214829387 0.5
1488347 214829366 0.5
5281253 214844370 1
5281253 214845585 1
5281253 214844347 0.5
5281253 214710101 0.5
5281253 214845583 0.5
9881069 214853767 1
9881069 214854118 1
9881069 214853730 0.5
9881069 214854060 0.5
9881069 214853702 0.5
1284349 214716984 1
1284349 214717003 1
1284349 214716928 0.5
1284349 214716982 0.5
1284349 214717007 0.5
10212852 214819577 1
10212852 214854534 1
10212852 214853460 0.5
10212852 214854262 0.5
8865271 214845962 1
8865271 214853165 1
8865271 214853075 0.5
8865271 214851742 0.5
1406461 214829664 1
1406461 214829666 1
1406461 214828976 0.5
1406461 214833755 0.5
1406461 214554277 0.5
1406461 214829366 0.5
9946624 214854508 1
9946624 214851311 1
9946624 214854808 0.5
9946624 214850743 0.5
9946624 214853381 0.5
9946624 214548103 0.5
4298254 214587712 1
4298254 214835017 1
4298254 214600492 0.5
6911504 214848973 1
6911504 214848980 1
6911504 214831955 0.5
6911504 214848982 0.5
3931666 214836924 1
3931666 214835167 1
3931666 214836932 0.5
3931666 214829765 0.5
1766931 214717048 1
1766931 214743493 1
1766931 214826805 0.5
1414687 214587317 1
1414687 214587697 1
1414687 214686860 0.5
1414687 214834877 0.5
7150512 214849766 1
7150512 214846475 1
7150512 214845590 0.5
4699688 214839956 1
4699688 214839977 1
4699688 214630042 0.5
4699688 214839339 0.5
11216428 214853362 1
11216428 214854722 1
11216428 214854770 0.5
11216428 214854767 0.5
2643549 214829878 1
2643549 214829882 1
2643549 214829887 0.5
2483763 214831946 1
2483763 214829878 1
2483763 214835019 0.5
2483763 214831967 0.5
9479734 214853420 1
9479734 214850947 1
9479734 214684730 0.5
7247416 214849738 1
7247416 214849757 1
7247416 214849762 0.5
1330686 214834880 1
1330686 214826589 1
1330686 214839600 0.5
1330686 214800272 0.5
1330686 214829321 0.5
3761731 214820220 1
3761731 214718169 1
3761731 214676962 0.5
3761731 214821022 0.5
10634829 214849807 1
10634829 214854536 1
10634829 214854352 0.5
10634829 214854354 0.5
10634829 214850739 0.5
10634829 214854262 0.5
10634829 214853113 0.5
10634829 214854335 0.5
10634829 214853244 0.5
10634829 214567327 0.5
8525392 214850619 1
8525392 214851748 1
8525392 214850870 0.5
8525392 214853135 0.5
2860627 214835017 1
2860627 214835747 1
2860627 214587712 0.5
2860627 214587697 0.5
2860627 214835132 0.5
2860627 214844462 0.5
4479246 214632146 1
4479246 214831944 1
4479246 214838102 0.5
4479246 214832015 0.5
11028061 214853102 1
11028061 214854840 1
11028061 214854782 0.5
2016869 214820261 1
2016869 214820233 1
2016869 214820263 0.5
5064296 214836926 1
5064296 214826990 1
5064296 214836847 0.5
46698 214826606 1
46698 214718396 1
46698 214826835 0.5
46698 214718390 0.5
2831979 214835747 1
2831979 214835017 1
2831979 214587712 0.5
8734316 214851326 1
8734316 214853090 1
8734316 214853085 0.5
3913326 214680369 1
3913326 214829887 1
3913326 214831944 0.5
3913326 214838096 0.5
3913326 214743515 0.5
3913326 214584092 0.5
10925131 214854797 1
10925131 214854853 1
10925131 214854795 0.5
7198323 214853758 1
7198323 214828882 1
7198323 214853177 0.5
7198323 214553604 0.5
6383226 214840584 1
6383226 214842555 1
6383226 214842553 0.5
6383226 214836915 0.5
5817984 214846033 1
5817984 214849010 1
5817984 214846312 0.5
5817984 214846318 0.5
6088336 214586443 1
6088336 214846117 1
6088336 214819586 0.5
6567977 214540127 1
6567977 214846029 1
6567977 214848982 0.5
6567977 214829887 0.5
1701529 214510854 1
1701529 214537417 1
1701529 214582511 0.5
1701529 214510783 0.5
8169158 214853105 1
8169158 214851326 1
8169158 214853077 0.5
9500361 214850932 1
9500361 214537419 1
9500361 214672978 0.5
9500361 214700876 0.5
9500361 214836847 0.5
10691533 214578011 1
10691533 214853754 1
10691533 214586805 0.5
7282397 214561775 1
7282397 214651777 1
7282397 214850555 0.5
3614442 214836924 1
3614442 214835167 1
3614442 214836932 0.5
3614442 214827030 0.5
3614442 214845127 0.5
9271019 214680371 1
9271019 214853342 1
9271019 214744258 0.5
472018 214716939 1
472018 214716971 1
472018 214716937 0.5
472018 214716973 0.5
472018 214717007 0.5
472018 214716977 0.5
472018 214832655 0.5
472018 214717005 0.5
1054461 214753513 1
1054461 214753505 1
1054461 214753507 0.5
1054461 214748300 0.5
1054461 214748293 0.5
1521407 214538951 1
1521407 214717097 1
1521407 214551748 0.5
1521407 214551761 0.5
1521407 214701812 0.5
1521407 214674647 0.5
1521407 214826745 0.5
1521407 214645595 0.5
1521407 214645181 0.5
616192 214705757 1
616192 214829737 1
616192 214709685 0.5
9926408 214849046 1
9926408 214853730 1
9926408 214853700 0.5
9926408 214853767 0.5
8029277 214851317 1
8029277 214851099 1
8029277 214849252 0.5
8029277 214851122 0.5
8029277 214851236 0.5
8029277 214851013 0.5
5755864 214601218 1
5755864 214835747 1
5755864 214835745 0.5
5755864 214836330 0.5
5755864 214826565 0.5
5755864 214835017 0.5
5035819 214700002 1
5035819 214700000 1
5035819 214712237 0.5
5035819 214602605 0.5
9264093 214850949 1
9264093 214853422 1
9264093 214853428 0.5
8537907 214850743 1
8537907 214850747 1
8537907 214821017 0.5
517087 214829321 1
517087 214586743 1
517087 214800272 0.5
517087 214839600 0.5
517087 214819376 0.5
517087 214651430 0.5
517087 214601233 0.5
7644994 214850771 1
7644994 214850743 1
7644994 214850936 0.5
7644994 214716932 0.5
7644994 214533022 0.5
7644994 214850694 0.5
9443146 214853420 1
9443146 214853317 1
9443146 214850947 0.5
9443146 214850949 0.5
9443146 214853454 0.5
9443146 214853428 0.5
9443146 214853422 0.5
9443146 214763542 0.5
9443146 214684730 0.5
7657294 214844462 1
7657294 214716932 1
7657294 214716930 0.5
7657294 214533022 0.5
5797711 214849001 1
5797711 214845131 1
5797711 214835745 0.5
4589413 214845131 1
4589413 214587317 1
4589413 214602598 0.5
3934057 214836932 1
3934057 214835167 1
3934057 214836924 0.5
8038252 214846530 1
8038252 214829799 1
8038252 214835745 0.5
8038252 214839587 0.5
8038252 214706102 0.5
8038252 214657318 0.5
8038252 214849031 0.5
8038252 214744779 0.5
8038252 214600492 0.5
8038252 214846061 0.5
8038252 214839975 0.5
8038252 214848656 0.5
8038252 214676945 0.5
8038252 214820402 0.5
8038252 214846067 0.5
8038252 214846001 0.5
8038252 214826998 0.5
8038252 214553561 0.5
8038252 214850940 0.5
8038252 214851101 0.5
11413361 214854857 1
11413361 214857557 1
11413361 214854819 0.5
7890802 214844439 1
7890802 214849807 1
7890802 214850936 0.5
7890802 214850720 0.5
7890802 214850621 0.5
4269939 214584815 1
4269939 214716707 1
4269939 214716710 0.5
8573929 214851317 1
8573929 214851099 1
8573929 214851234 0.5
8573929 214851581 0.5
8573929 214716110 0.5
6371197 214846061 1
6371197 214835017 1
6371197 214835747 0.5
6371197 214845587 0.5
6371197 214839587 0.5
6371197 214846067 0.5
6371197 214835475 0.5
6371197 214848695 0.5
5646208 214847255 1
5646208 214828952 1
5646208 214847261 0.5
3774337 214836795 1
3774337 214826938 1
3774337 214829769 0.5
6263787 214848701 1
6263787 214848626 1
6263787 214848328 0.5
6263787 214848630 0.5
6263787 214846535 0.5
7636874 214665277 1
7636874 214849284 1
7636874 214848656 0.5
7636874 214834877 0.5
7636874 214574672 0.5
7636874 214680722 0.5
7636874 214849239 0.5
7636874 214851290 0.5
7636874 214561402 0.5
10917801 214849132 1
10917801 214853072 1
10917801 214712244 0.5
2115503 214695399 1
2115503 214828970 1
2115503 214716930 0.5
2115503 214716935 0.5
8558517 214853122 1
8558517 214712235 1
8558517 214826987 0.5
8558517 214835126 0.5
8558517 214639815 0.5
3579554 214820261 1
3579554 214820233 1
3579554 214846271 0.5
7141348 214853758 1
7141348 214828882 1
7141348 214853173 0.5
10967017 214853100 1
10967017 214854782 1
10967017 214854853 0.5
8021999 214714721 1
8021999 214851152 1
8021999 214851155 0.5
8021999 214840091 0.5
8021999 214826827 0.5
5957628 214845954 1
5957628 214846312 1
5957628 214849010 0.5
5957628 214845965 0.5
5957628 214821382 0.5
11053064 214717273 1
11053064 214853102 1
11053064 214858680 0.5
11053064 214684715 0.5
11053064 214514276 0.5
7284747 214848302 1
7284747 214748282 1
7284747 214821017 0.5
7284747 214850758 0.5
7133199 214854632 1
7133199 214717007 1
7133199 214716971 0.5
7133199 214717003 0.5
7133199 214716939 0.5
7133199 214716941 0.5
7133199 214716973 0.5
8062997 214851075 1
8062997 214851133 1
8062997 214851236 0.5
8062997 214851581 0.5
5756954 214850402 1
5756954 214849252 1
5756954 214845412 0.5
5675058 214844482 1
5675058 214844355 1
5675058 214829765 0.5
5675058 214554982 0.5
5675058 214835167 0.5
10995766 214510445 1
10995766 214853754 1
10995766 214510460 0.5
7985223 214555333 1
7985223 214839598 1
7985223 214687457 0.5
1239113 214829321 1
1239113 214839600 1
1239113 214800272 0.5
5101924 214847936 1
5101924 214819468 1
5101924 214847940 0.5
5101924 214844327 0.5
6051764 214844400 1
6051764 214845879 1
6051764 214846007 0.5
3578013 214826610 1
3578013 214826612 1
3578013 214836075 0.5
3578013 214835017 0.5
3578013 214829387 0.5
3578013 214835109 0.5
6681342 214707995 1
6681342 214707879 1
6681342 214819490 0.5
6681342 214849275 0.5
6681342 214849333 0.5
6681342 214849245 0.5
7706723 214850936 1
7706723 214850621 1
7706723 214850938 0.5
7706723 214564382 0.5
10516581 214853713 1
10516581 214853767 1
10516581 214853698 0.5
10516581 214853702 0.5
10516581 214844396 0.5
10516581 214819410 0.5
10516581 214854125 0.5
10516581 214844402 0.5
10868409 214853325 1
10868409 214704180 1
10868409 214859240 0.5
10868409 214743515 0.5
10868409 214712237 0.5
7885842 214849046 1
7885842 214820396 1
7885842 214839587 0.5
7885842 214835019 0.5
7885842 214601233 0.5
7885842 214706102 0.5
7885842 214829850 0.5
7885842 214845885 0.5
3651697 214832747 1
3651697 214836932 1
3651697 214676019 0.5
3856498 214791688 1
3856498 214829878 1
3856498 214838105 0.5
3856498 214820810 0.5
3856498 214838107 0.5
3856498 214829882 0.5
2536468 214829880 1
2536468 214829885 1
2536468 214829882 0.5
2536468 214829878 0.5
2754686 214829878 1
2754686 214829887 1
2754686 214835745 0.5
2754686 214826947 0.5
2754686 214826979 0.5
1636484 214829392 1
1636484 214829390 1
1636484 214596502 0.5
1636484 214821407 0.5
6453386 214595137 1
6453386 214706216 1
6453386 214700876 0.5
10692758 214854536 1
10692758 214854527 1
10692758 214854352 0.5
10692758 214853113 0.5
10692758 214850739 0.5
428194 214826897 1
428194 214826606 1
428194 214582370 0.5
428194 214535621 0.5
8509614 214853237 1
8509614 214851750 1
8509614 214853225 0.5
8509614 214853210 0.5
8509614 214853132 0.5
8509614 214853182 0.5
8509614 214853222 0.5
7841976 214849132 1
7841976 214712242 1
7841976 214510445 0.5
10025152 214853698 1
10025152 214853722 1
10025152 214718160 0.5
10025152 214718169 0.5
10025152 214560534 0.5
9046216 214852978 1
9046216 214853105 1
9046216 214853094 0.5
8251617 214851028 1
8251617 214819412 1
8251617 214716714 0.5
8251617 214716671 0.5
10169383 214853327 1
10169383 214644688 1
10169383 214847000 0.5
10169383 214530457 0.5
10169383 214554382 0.5
10586353 214854230 1
10586353 214854075 1
10586353 214556216 0.5
10586353 214556212 0.5
2476281 214831948 1
2476281 214829880 1
2476281 214831946 0.5
2476281 214831965 0.5
2476281 214829878 0.5
9885957 214826987 1
9885957 214540181 1
9885957 214850945 0.5
9885957 214514295 0.5
9885957 214600468 0.5
9885957 214673295 0.5
7567622 214850938 1
7567622 214677615 1
7567622 214850411 0.5
7567622 214573310 0.5
7710989 214844439 1
7710989 214651777 1
7710989 214821305 0.5
3922193 214835109 1
3922193 214835167 1
3922193 214613741 0.5
3922193 214829765 0.5
9636119 214853195 1
9636119 214853227 1
9636119 214716671 0.5
9636119 214853233 0.5
9636119 214851131 0.5
9636119 214853135 0.5
7031172 214849132 1
7031172 214712242 1
7031172 214830763 0.5
7031172 214849093 0.5
7031172 214716635 0.5
4208924 214836830 1
4208924 214840412 1
4208924 214687685 0.5
11099462 214854356 1
11099462 214854838 1
11099462 214848658 0.5
11099462 214853102 0.5
4409647 214839913 1
4409647 214714721 1
4409647 214826827 0.5
4409647 214553700 0.5
10402103 214853730 1
10402103 214687845 1
10402103 214853698 0.5
5376318 214710101 1
5376318 214573123 1
5376318 214845587 0.5
5376318 214845131 0.5
5376318 214819468 0.5
5376318 214845583 0.5
7883071 214612901 1
7883071 214712242 1
7883071 214560585 0.5
7883071 214821022 0.5
7883071 214573310 0.5
7563601 214853758 1
7563601 214828882 1
7563601 214853173 0.5
4032857 214831942 1
4032857 214832015 1
4032857 214831944 0.5
4032857 214832012 0.5
11106652 214854682 1
11106652 214712244 1
11106652 214712242 0.5
11106652 214849100 0.5
8038757 214853225 1
8038757 214853242 1
8038757 214851080 0.5
8038757 214853186 0.5
8038757 214851028 0.5
8038757 214851122 0.5
846182 214820261 1
846182 214820233 1
846182 214601040 0.5
846182 214748336 0.5
846182 214839755 0.5
846182 214829085 0.5
846182 214829321 0.5
2472302 214819468 1
2472302 214718212 1
2472302 214716937 0.5
2472302 214829882 0.5
2472302 214716947 0.5
8382833 214563182 1
8382833 214849031 1
8382833 214850402 0.5
8382833 214839943 0.5
8382833 214820402 0.5
8382833 214845583 0.5
8382833 214587697 0.5
8382833 214543922 0.5
4266363 214839971 1
4266363 214839975 1
4266363 214820400 0.5
2689408 214829863 1
2689408 214832717 1
2689408 214820259 0.5
2689408 214821285 0.5
9386388 214854152 1
9386388 214854125 1
9386388 214853707 0.5
657813 214834865 1
657813 214827005 1
657813 214826908 0.5
6314263 214848337 1
6314263 214848380 1
6314263 214848328 0.5
6314263 214848330 0.5
6314263 214849012 0.5
6314263 214846535 0.5
10979738 214853100 1
10979738 214854785 1
10979738 214853102 0.5
7689821 214850282 1
7689821 214850285 1
7689821 214850287 0.5
7313824 214849738 1
7313824 214849764 1
7313824 214849745 0.5
7313824 214844355 0.5
7313824 214849757 0.5
1952161 214821305 1
1952161 214821302 1
1952161 214832722 0.5
1952161 214553844 0.5
1952161 214844439 0.5
3377572 214820396 1
3377572 214833755 1
3377572 214826977 0.5
3377572 214839617 0.5
3377572 214743495 0.5
3377572 214716752 0.5
3377572 214819378 0.5
3377572 214583670 0.5
3377572 214831959 0.5
7430556 214850295 1
7430556 214844347 1
7430556 214849312 0.5
7430556 214829882 0.5
7430556 214849012 0.5
7430556 214845581 0.5
3672498 214842735 1
3672498 214836870 1
3672498 214845127 0.5
3672498 214829769 0.5
3672498 214582378 0.5
3672498 214829771 0.5
3672498 214829773 0.5
3672498 214826938 0.5
10361278 214684115 1
10361278 214854583 1
10361278 214861498 0.5
10361278 214687475 0.5
10361278 214583610 0.5
10361278 214846391 0.5
8313288 214845489 1
8313288 214706216 1
8313288 214819779 0.5
6932937 214848986 1
6932937 214844368 1
6932937 214564706 0.5
6932937 214718372 0.5
6932937 214595150 0.5
4229578 214684730 1
4229578 214826983 1
4229578 214711087 0.5
8874446 214853094 1
8874446 214851326 1
8874446 214853096 0.5
11237841 214853102 1
11237841 214855016 1
11237841 214854840 0.5
11237841 214712242 0.5
11237841 214854787 0.5
3025376 214829705 1
3025376 214650592 1
3025376 214829880 0.5
3025376 214561402 0.5
3025376 214573277 0.5
3025376 214829878 0.5
3025376 214560615 0.5
4131318 214836050 1
4131318 214839356 1
4131318 214837905 0.5
8231426 214685049 1
8231426 214714794 1
8231426 214851161 0.5
8231426 214851234 0.5
8231426 214851097 0.5
8231426 214821397 0.5
8231426 214851317 0.5
1350151 214835754 1
1350151 214834997 1
1350151 214696897 0.5
1350151 214712229 0.5
1350151 214835752 0.5
1350151 214744779 0.5
1350151 214826610 0.5
1350151 214821399 0.5
9239048 214839913 1
9239048 214853402 1
9239048 214850949 0.5
9239048 214846031 0.5
2505228 214716937 1
2505228 214716928 1
2505228 214832653 0.5
8280589 214844439 1
8280589 214853122 1
8280589 214844394 0.5
10893838 214835000 1
10893838 214835004 1
10893838 214696897 0.5
10893838 214857204 0.5
9681426 214717003 1
9681426 214849764 1
9681426 214716928 0.5
9681426 214717867 0.5
9681426 214537541 0.5
9681426 214716971 0.5
9681426 214717005 0.5
9681426 214595150 0.5
9681426 214853105 0.5
9681426 214851155 0.5
9681426 214852980 0.5
9681426 214716982 0.5
9681426 214826711 0.5
1796628 214829672 1
1796628 214842485 1
1796628 214587560 0.5
1796628 214836915 0.5
1796628 214835940 0.5
10972932 214851161 1
10972932 214857570 1
10972932 214848808 0.5
10972932 214853713 0.5
10972932 214743495 0.5
10910248 214857830 1
10910248 214859139 1
10910248 214701787 0.5
10910248 214650508 0.5
10910248 214826987 0.5
10447406 214826805 1
10447406 214839347 1
10447406 214856863 0.5
7916639 214835126 1
7916639 214853143 1
7916639 214853657 0.5
10533441 214567215 1
10533441 214567329 1
10533441 214854264 0.5
10533441 214854268 0.5
10533441 214854510 0.5
4553282 214839937 1
4553282 214831970 1
4553282 214826737 0.5
4553282 214589698 0.5
4553282 214538820 0.5
3787347 214836924 1
3787347 214826990 1
3787347 214714697 0.5
3787347 214829762 0.5
3787347 214838227 0.5
3787347 214836932 0.5
3787347 214835109 0.5
8645204 214540597 1
8645204 214574777 1
8645204 214700992 0.5
266681 214556477 1
266681 214551913 1
266681 214551930 0.5
266681 214821339 0.5
5847646 214844396 1
5847646 214844400 1
5847646 214835428 0.5
5847646 214835462 0.5
5933663 214845962 1
5933663 214846119 1
5933663 214559660 0.5
5933663 214845965 0.5
686689 214829336 1
686689 214829045 1
686689 214678880 0.5
686689 214677928 0.5
686689 214701212 0.5
11233894 214854840 1
11233894 214854782 1
11233894 214854819 0.5
11233894 214853102 0.5
5204584 214836536 1
5204584 214845380 1
5204584 214845577 0.5
7363179 214836530 1
7363179 214849745 1
7363179 214558258 0.5
10250686 214854352 1
10250686 214854577 1
10250686 214849464 0.5
10250686 214854300 0.5
10250686 214854268 0.5
10250686 214557701 0.5
8055416 214851148 1
8055416 214851287 1
8055416 214583610 0.5
8055416 214827022 0.5
10226307 214851714 1
10226307 214854159 1
10226307 214853850 0.5
10226307 214853683 0.5
4377228 214829878 1
4377228 214838096 1
4377228 214684730 0.5
9071247 214852987 1
9071247 214853263 1
9071247 214845939 0.5
10955412 214712242 1
10955412 214854707 1
10955412 214854682 0.5
9128599 214852980 1
9128599 214853077 1
9128599 214853085 0.5
10709656 214684785 1
10709656 214684736 1
10709656 214853762 0.5
10709656 214718372 0.5
10709656 214853735 0.5
10709656 214854347 0.5
10709656 214854352 0.5
10709656 214854358 0.5
10709656 214684762 0.5
5686378 214835064 1
5686378 214844370 1
5686378 214826949 0.5
989852 214837442 1
989852 214838831 1
989852 214837483 0.5
989852 214837487 0.5
4799148 214839356 1
4799148 214821339 1
4799148 214839592 0.5
11307698 214859242 1
11307698 214835000 1
11307698 214700002 0.5
5724852 214845954 1
5724852 214748336 1
5724852 214845965 0.5
10922689 214853325 1
10922689 214700002 1
10922689 214853420 0.5
10922689 214829878 0.5
3025609 214835107 1
3025609 214832126 1
3025609 214832128 0.5
3025609 214829385 0.5
3025609 214835122 0.5
3025609 214829660 0.5
3025609 214835002 0.5
8649424 214853077 1
8649424 214852980 1
8649424 214853096 0.5
7482067 214849132 1
7482067 214712242 1
7482067 214509084 0.5
7482067 214510445 0.5
9591523 214853852 1
9591523 214854176 1
9591523 214853848 0.5
9591523 214853994 0.5
9591523 214854148 0.5
9591523 214853413 0.5
9591523 214853846 0.5
10832613 214854842 1
10832613 214854785 1
10832613 214738457 0.5
10832613 214684762 0.5
10832613 214849247 0.5
10832613 214717562 0.5
10832613 214743495 0.5
9046767 214853248 1
9046767 214853105 1
9046767 214853090 0.5
9046767 214853094 0.5
9046767 214853096 0.5
9046767 214852978 0.5
9046767 214853077 0.5
9046767 214853085 0.5
9046767 214851326 0.5
2530041 214829878 1
2530041 214831948 1
2530041 214831946 0.5
6788223 214849076 1
6788223 214845352 1
6788223 214848692 0.5
6788223 214848605 0.5
1297148 214829083 1
1297148 214829079 1
1297148 214829085 0.5
3824388 214582348 1
3824388 214829771 1
3824388 214836885 0.5
1407751 214834877 1
1407751 214834880 1
1407751 214826610 0.5
1407751 214829387 0.5
1407751 214829396 0.5
4016906 214831970 1
4016906 214826730 1
4016906 214839937 0.5
4016906 214589698 0.5
4016906 214551748 0.5
4016906 214538951 0.5
4016906 214826728 0.5
4016906 214645295 0.5
4016906 214826737 0.5
4016906 214826739 0.5
4016906 214826745 0.5
9431827 214850949 1
9431827 214850942 1
9431827 214850947 0.5
9431827 214853420 0.5
9431827 214853454 0.5
5876511 214848337 1
5876511 214835473 1
5876511 214848695 0.5
11074337 214704180 1
11074337 214855016 1
11074337 214859240 0.5
11074337 214859139 0.5
11074337 214650508 0.5
11074337 214835117 0.5
5587422 214829317 1
5587422 214537185 1
5587422 214708202 0.5
1317688 214821332 1
1317688 214826814 1
1317688 214829392 0.5
1141566 214829310 1
1141566 214827009 1
1141566 214821305 0.5
1141566 214821307 0.5
7334724 214850295 1
7334724 214850282 1
7334724 214849796 0.5
7613253 214850743 1
7613253 214850938 1
7613253 214850762 0.5
2222937 214835747 1
2222937 214602600 1
2222937 214832792 0.5
2222937 214587712 0.5
4434784 214836855 1
4434784 214829775 1
4434784 214839975 0.5
10103653 214853698 1
10103653 214853767 1
10103653 214854152 0.5
10103653 214853713 0.5
11516774 214851326 1
11516774 214852978 1
11516774 214853248 0.5
2534292 214821292 1
2534292 214716924 1
2534292 214821290 0.5
2534292 214835572 0.5
2534292 214835550 0.5
2534292 214835574 0.5
2534292 214829711 0.5
10132381 214850743 1
10132381 214850771 1
10132381 214651777 0.5
10132381 214849466 0.5
10132381 214848596 0.5
10132381 214821022 0.5
10132381 214849745 0.5
10967966 214600492 1
10967966 214835745 1
10967966 214657318 0.5
11406262 214853102 1
11406262 214714755 1
11406262 214854733 0.5
8739768 214712237 1
8739768 214712235 1
8739768 214530710 0.5
8739768 214853143 0.5
8113119 214849018 1
8113119 214849312 1
8113119 214829366 0.5
8113119 214832747 0.5
8113119 214851313 0.5
8113119 214851315 0.5
8113119 214844342 0.5
8113119 214851290 0.5
8113119 214844347 0.5
8113119 214851101 0.5
7887849 214851131 1
7887849 214851163 1
7887849 214716671 0.5
1797102 214829861 1
1797102 214829865 1
1797102 214829707 0.5
1997813 214826662 1
1997813 214826668 1
1997813 214582952 0.5
2534392 214820227 1
2534392 214820259 1
2534392 214832717 0.5
10636292 214853767 1
10636292 214853732 1
10636292 214567333 0.5
10636292 214854262 0.5
4604262 214839973 1
4604262 214839971 1
4604262 214602598 0.5
4604262 214839975 0.5
4604262 214826825 0.5
4604262 214845131 0.5
4604262 214839600 0.5
4604262 214835475 0.5
3932126 214836932 1
3932126 214835109 1
3932126 214835017 0.5
3932126 214821410 0.5
3932126 214835747 0.5
3932126 214561402 0.5
3932126 214826589 0.5
109584 214826998 1
109584 214712130 1
109584 214819721 0.5
109584 214687852 0.5
109584 214554765 0.5
109584 214556334 0.5
109584 214826893 0.5
109584 214706102 0.5
109584 214553561 0.5
8490003 214820345 1
8490003 214748336 1
8490003 214849740 0.5
8490003 214551626 0.5
8490003 214564387 0.5
8490003 214846404 0.5
8490003 214716982 0.5
5149189 214836530 1
5149189 214832156 1
5149189 214837280 0.5
10758663 214854257 1
10758663 214851320 1
10758663 214850739 0.5
10509366 214854795 1
10509366 214858680 1
10509366 214854497 0.5
10509366 214711682 0.5
10509366 214853732 0.5
10509366 214853702 0.5
10509366 214854855 0.5
10509366 214854857 0.5
10509366 214854347 0.5
10509366 214650508 0.5
10509366 214854510 0.5
10509366 214861455 0.5
10509366 214857204 0.5
10509366 214854549 0.5
10509366 214854262 0.5
10509366 214835000 0.5
10509366 214567327 0.5
10509366 214854815 0.5
2120763 214826563 1
2120763 214835021 1
2120763 214829657 0.5
2120763 214829396 0.5
2120763 214826589 0.5
2120763 214821407 0.5
4725828 214674658 1
4725828 214547814 1
4725828 214554371 0.5
958309 214584821 1
958309 214842553 1
958309 214509401 0.5
958309 214509403 0.5
958309 214836067 0.5
958309 214582541 0.5
958309 214545879 0.5
9964641 214851326 1
9964641 214853248 1
9964641 214819760 0.5
9964641 214851099 0.5
9964641 214853420 0.5
5086307 214508475 1
5086307 214702931 1
5086307 214845131 0.5
5086307 214839975 0.5
4791411 214587317 1
4791411 214847261 1
4791411 214829280 0.5
4791411 214844497 0.5
4791411 214828985 0.5
4791411 214602598 0.5
4791411 214847255 0.5
11041908 214854853 1
11041908 214854795 1
11041908 214850368 0.5
11041908 214853424 0.5
11041908 214850287 0.5
11041908 214853454 0.5
11041908 214848967 0.5
1522806 214821290 1
1522806 214526083 1
1522806 214839600 0.5
1522806 214833755 0.5
1522806 214821285 0.5
1522806 214819430 0.5
1522806 214826589 0.5
7474296 214849738 1
7474296 214849762 1
7474296 214844400 0.5
7474296 214849736 0.5
7474296 214849740 0.5
9866362 214718220 1
9866362 214851281 1
9866362 214718169 0.5
4417386 214829775 1
4417386 214602598 1
4417386 214836855 0.5
10243199 214854268 1
10243199 214854358 1
10243199 214684785 0.5
10243199 214853855 0.5
10243199 214853726 0.5
10243199 214854510 0.5
10243199 214819599 0.5
203909 214748304 1
203909 214753507 1
203909 214753505 0.5
203909 214748291 0.5
1498247 214718220 1
1498247 214832557 1
1498247 214800268 0.5
1498247 214717247 0.5
9231519 214851135 1
9231519 214850940 1
9231519 214716707 0.5
9231519 214851581 0.5
7024496 214849031 1
7024496 214849250 1
7024496 214586743 0.5
7024496 214586694 0.5
7024496 214602598 0.5
7024496 214836855 0.5
7024496 214820402 0.5
7024496 214828980 0.5
7024496 214587317 0.5
7024496 214706102 0.5
7024496 214675895 0.5
7024496 214820345 0.5
10894508 214857830 1
10894508 214835117 1
10894508 214578011 0.5
10894508 214853325 0.5
10894508 214826987 0.5
4615344 214839975 1
4615344 214845131 1
4615344 214839600 0.5
9219259 214853154 1
9219259 214853347 1
9219259 214853360 0.5
9219259 214834873 0.5
2137286 214821277 1
2137286 214820263 1
2137286 214832730 0.5
2137286 214820270 0.5
7004346 214846427 1
7004346 214846415 1
7004346 214839617 0.5
7004346 214849331 0.5
7004346 214844396 0.5
8371418 214853263 1
8371418 214853160 1
8371418 214851755 0.5
8371418 214606980 0.5
4185309 214839341 1
4185309 214838124 1
4185309 214839339 0.5
3337441 214835012 1
3337441 214644662 1
3337441 214717003 0.5
3337441 214835019 0.5
3337441 214820197 0.5
3337441 214717005 0.5
4742378 214839962 1
4742378 214602598 1
4742378 214587317 0.5
4742378 214586694 0.5
4742378 214829775 0.5
11050223 214853996 1
11050223 214849155 1
11050223 214716746 0.5
11050223 214552142 0.5
10689801 214853244 1
10689801 214854352 1
10689801 214854354 0.5
6367789 214846385 1
6367789 214846378 1
6367789 214545932 0.5
2325784 214748338 1
2325784 214748302 1
2325784 214748293 0.5
7601434 214850700 1
7601434 214850711 1
7601434 214839617 0.5
797979 214837485 1
797979 214837487 1
797979 214837442 0.5
4775202 214836575 1
4775202 214826983 1
4775202 214712120 0.5
4775202 214684730 0.5
2174243 214826589 1
2174243 214826934 1
2174243 214821410 0.5
2174243 214757379 0.5
2174243 214820810 0.5
10883633 214854707 1
10883633 214838094 1
10883633 214684710 0.5
10883633 214853100 0.5
10883633 214864880 0.5
10883633 214853105 0.5
10883633 214832156 0.5
10883633 214849245 0.5
1043753 214819760 1
1043753 214819762 1
1043753 214684843 0.5
9325881 214853420 1
9325881 214850947 1
9325881 214850945 0.5
9325881 214850949 0.5
9325881 214717511 0.5
9325881 214853321 0.5
9325881 214853454 0.5
9325881 214849391 0.5
9325881 214853424 0.5
9325881 214853426 0.5
9325881 214831955 0.5
9325881 214853422 0.5
9325881 214763542 0.5
9325881 214853143 0.5
9325881 214829887 0.5
9325881 214853342 0.5
9325881 214851845 0.5
2391363 214829878 1
2391363 214831948 1
2391363 214829882 0.5
2391363 214829887 0.5
6962501 214835042 1
6962501 214844400 1
6962501 214826833 0.5
9215308 214853420 1
9215308 214850942 1
9215308 214850947 0.5
9215308 214829878 0.5
6905166 214832604 1
6905166 214716707 1
6905166 214820272 0.5
10919851 214774685 1
10919851 214550563 1
10919851 214709634 0.5
10919851 214550565 0.5
8596827 214853075 1
8596827 214853107 1
8596827 214820443 0.5
8596827 214845879 0.5
4205934 214839956 1
4205934 214716639 1
4205934 214695480 0.5
7675248 214850938 1
7675248 214850936 1
7675248 214850756 0.5
7675248 214850758 0.5
7675248 214850762 0.5
7675248 214677615 0.5
7675248 214850743 0.5
7675248 214850619 0.5
7675248 214850621 0.5
9067903 214678387 1
9067903 214853128 1
9067903 214845962 0.5
9067903 214677830 0.5
9067903 214851742 0.5
1768847 214834880 1
1768847 214826610 1
1768847 214821412 0.5
6000019 214846117 1
6000019 214849072 1
6000019 214846033 0.5
6000019 214845962 0.5
6000019 214845971 0.5
6000019 214846318 0.5
6000019 214845135 0.5
10911124 214854782 1
10911124 214853102 1
10911124 214854840 0.5
10911124 214855016 0.5
3063191 214844394 1
3063191 214551607 1
3063191 214844456 0.5
3063191 214821305 0.5
3063191 214551626 0.5
5328283 214845585 1
5328283 214845590 1
5328283 214835012 0.5
5598632 214846447 1
5598632 214848997 1
5598632 214574672 0.5
5598632 214835745 0.5
5598632 214832145 0.5
5598632 214829385 0.5
4619701 214651777 1
4619701 214678526 1
4619701 214847968 0.5
4619701 214680515 0.5
9145788 214836536 1
9145788 214853075 1
9145788 214700002 0.5
175552 214716937 1
175552 214717005 1
175552 214716928 0.5
175552 214717003 0.5
175552 214716939 0.5
175552 214716999 0.5
175552 214706216 0.5
175552 214716967 0.5
175552 214716971 0.5
175552 214716941 0.5
175552 214716975 0.5
175552 214832657 0.5
175552 214716980 0.5
175552 214716977 0.5
175552 214717007 0.5
175552 214716973 0.5
175552 214716926 0.5
5987777 214846460 1
5987777 214846472 1
5987777 214826906 0.5
5987777 214846421 0.5
7445956 214850938 1
7445956 214850936 1
7445956 214821022 0.5
7445956 214586743 0.5
10124743 214854262 1
10124743 214854510 1
10124743 214854358 0.5
9895372 214839587 1
9895372 214706102 1
9895372 214854298 0.5
9895372 214853700 0.5
9895372 214853709 0.5
9895372 214853702 0.5
3821011 214835167 1
3821011 214829765 1
3821011 214820402 0.5
4267483 214553700 1
4267483 214839954 1
4267483 214710152 0.5
4267483 214839913 0.5
355804 214821305 1
355804 214844357 1
355804 214691426 0.5
355804 214838100 0.5
355804 214586711 0.5
3849694 214829390 1
3849694 214820452 1
3849694 214571188 0.5
10960379 214857830 1
10960379 214859139 1
10960379 214826987 0.5
265724 214748304 1
265724 214753507 1
265724 214840483 0.5
3427849 214837918 1
3427849 214573612 1
3427849 214836521 0.5
10673682 214854298 1
10673682 214687685 1
10673682 214687475 0.5
10673682 214687845 0.5
10673682 214854583 0.5
495133 214819762 1
495133 214819721 1
495133 214819760 0.5
495133 214684843 0.5
9309727 214850947 1
9309727 214853420 1
9309727 214845577 0.5
9309727 214853210 0.5
9309727 214851028 0.5
9309727 214829878 0.5
4197921 214835167 1
4197921 214829765 1
4197921 214838225 0.5
4197921 214845127 0.5
4197921 214827030 0.5
4197921 214829799 0.5
9772583 214854510 1
9772583 214854262 1
9772583 214853865 0.5
9772583 214851748 0.5
9772583 214567333 0.5
9772583 214853135 0.5
2600504 214836517 1
2600504 214835512 1
2600504 214829885 0.5
4705849 214836146 1
4705849 214836050 1
4705849 214836075 0.5
9023034 214700002 1
9023034 214676945 1
9023034 214853325 0.5
10583401 214684762 1
10583401 214684785 1
10583401 214567333 0.5
10583401 214854262 0.5
10583401 214854549 0.5
8371777 214695399 1
8371777 214838111 1
8371777 214851024 0.5
8371777 214829034 0.5
8371777 214711029 0.5
8371777 214848159 0.5
3714634 214717005 1
3714634 214717007 1
3714634 214554358 0.5
3968599 214717007 1
3968599 214821285 1
3968599 214716928 0.5
3968599 214821277 0.5
10311847 214853698 1
10311847 214853722 1
10311847 214854060 0.5
4086541 214829880 1
4086541 214829882 1
4086541 214838107 0.5
11050597 214643036 1
11050597 214857120 1
11050597 214643942 0.5
10166481 214668667 1
10166481 214850291 1
10166481 214829885 0.5
2252429 214829880 1
2252429 214829882 1
2252429 214829887 0.5
667294 214821307 1
667294 214826912 1
667294 214844357 0.5
2084512 214712229 1
2084512 214560187 1
2084512 214829720 0.5
1265322 214586743 1
1265322 214587317 1
1265322 214829008 0.5
1265322 214748336 0.5
7966384 214835126 1
7966384 214851279 1
7966384 214712235 0.5
2997534 214829850 1
2997534 214836530 1
2997534 214832780 0.5
2997534 214716110 0.5
2997534 214707952 0.5
2997534 214587317 0.5
2997534 214831959 0.5
2997534 214828985 0.5
10510006 214567215 1
10510006 214567329 1
10510006 214854264 0.5
10510006 214684785 0.5
10510006 214684762 0.5
10510006 214854268 0.5
10510006 214853726 0.5
6148041 214846031 1
6148041 214838107 1
6148041 214718398 0.5
6148041 214684734 0.5
11542201 214853102 1
11542201 214850304 1
11542201 214854785 0.5
1769146 214711438 1
1769146 214711312 1
1769146 214826829 0.5
9600704 214853325 1
9600704 214853321 1
9600704 214700002 0.5
9600704 214853317 0.5
3981002 214829765 1
3981002 214835167 1
3981002 214829771 0.5
3981002 214829773 0.5
4480719 214838102 1
4480719 214832015 1
4480719 214831948 0.5
4284123 214821305 1
4284123 214844439 1
4284123 214821315 0.5
4284123 214844456 0.5
4284123 214844394 0.5
4284123 214821309 0.5
4284123 214844465 0.5
4284123 214821341 0.5
4284123 214844443 0.5
4284123 214844458 0.5
364262 214716928 1
364262 214716973 1
364262 214716971 0.5
364262 214716930 0.5
364262 214717003 0.5
364262 214832657 0.5
364262 214832655 0.5
9887463 214853700 1
9887463 214853707 1
9887463 214574672 0.5
10874609 214853102 1
10874609 214854857 1
10874609 214853100 0.5
7057144 214716937 1
7057144 214716977 1
7057144 214716930 0.5
7057144 214716956 0.5
634622 214821015 1
634622 214826612 1
634622 214826617 0.5
7896836 214850771 1
7896836 214821022 1
7896836 214850936 0.5
7896836 214850743 0.5
8544009 214851750 1
8544009 214850940 1
8544009 214850938 0.5
8544009 214744779 0.5
10641163 214567333 1
10641163 214567327 1
10641163 214684785 0.5
10641163 214684762 0.5
10641163 214853726 0.5
10641163 214854358 0.5
10641163 214854510 0.5
2663986 214844439 1
2663986 214829885 1
2663986 214612704 0.5
2663986 214844456 0.5
2663986 214844394 0.5
2663986 214551626 0.5
10538779 214854358 1
10538779 214684762 1
10538779 214684785 0.5
10538779 214853726 0.5
2744096 214835017 1
2744096 214835019 1
2744096 214835747 0.5
9264943 214847261 1
9264943 214854176 1
9264943 214853225 0.5
9264943 214853210 0.5
10997554 214861455 1
10997554 214705757 1
10997554 214854802 0.5
10551092 214850949 1
10551092 214853700 1
10551092 214853420 0.5
10622942 214572448 1
10622942 214712242 1
10622942 214849100 0.5
9282868 214846432 1
9282868 214844355 1
9282868 214849764 0.5
9282868 214846468 0.5
342666 214821279 1
342666 214820240 1
342666 214820938 0.5
4091713 214820261 1
4091713 214820233 1
4091713 214820231 0.5
10243912 214854840 1
10243912 214853102 1
10243912 214854510 0.5
10243912 214764598 0.5
3735372 214835120 1
3735372 214684702 1
3735372 214829792 0.5
3735372 214680369 0.5
3735372 214743515 0.5
11497442 214743367 1
11497442 214774678 1
11497442 214774676 0.5
2490203 214829887 1
2490203 214829878 1
2490203 214831946 0.5
4874079 214839973 1
4874079 214845131 1
4874079 214821350 0.5
4874079 214838225 0.5
4874079 214829737 0.5
4874079 214832780 0.5
4874079 214761838 0.5
4874079 214827005 0.5
4874079 214837873 0.5
4874079 214705747 0.5
4874079 214587317 0.5
4874079 214839960 0.5
4874079 214829850 0.5
4874079 214705757 0.5
4874079 214827007 0.5
4460388 214845131 1
4460388 214839971 1
4460388 214839975 0.5
4767589 214836915 1
4767589 214685747 1
4767589 214836519 0.5
9838443 214854547 1
9838443 214854534 1
9838443 214819577 0.5
9838443 214854300 0.5
9838443 214854579 0.5
9838443 214696676 0.5
10574482 214854313 1
10574482 214854575 1
10574482 214684115 0.5
10574482 214854343 0.5
9899894 214853698 1
9899894 214853730 1
9899894 214853707 0.5
9899894 214853702 0.5
11550586 214684785 1
11550586 214567215 1
11550586 214684762 0.5
11550586 214743339 0.5
5466776 214845587 1
5466776 214845412 1
5466776 214850402 0.5
5525487 214743515 1
5525487 214684702 1
5525487 214831944 0.5
5525487 214712237 0.5
5226398 214835426 1
5226398 214835070 1
5226398 214835473 0.5
5226398 214835428 0.5
10985381 214704180 1
10985381 214704182 1
10985381 214853317 0.5
9015281 214851131 1
9015281 214559940 1
9015281 214716714 0.5
9015281 214851579 0.5
9015281 214836517 0.5
9015281 214851165 0.5
9178439 214853242 1
9178439 214851750 1
9178439 214853225 0.5
5501796 214844400 1
5501796 214844396 1
5501796 214844402 0.5
4161469 214848326 1
4161469 214832015 1
4161469 214838096 0.5
4161469 214836932 0.5
4161469 214839592 0.5
4161469 214819760 0.5
4161469 214819762 0.5
4161469 214838102 0.5
2666434 214829846 1
2666434 214829863 1
2666434 214829865 0.5
2666434 214829861 0.5
8712132 214853094 1
8712132 214853105 1
8712132 214853248 0.5
2777079 214835132 1
2777079 214602600 1
2777079 214829390 0.5
675798 214837485 1
675798 214838831 1
675798 214698446 0.5
11291983 214853102 1
11291983 214854787 1
11291983 214854840 0.5
8056798 214533022 1
8056798 214551624 1
8056798 214612706 0.5
8056798 214821315 0.5
2454181 214829880 1
2454181 214829887 1
2454181 214831946 0.5
2454181 214551626 0.5
2454181 214829878 0.5
2454181 214821326 0.5
10584033 214853460 1
10584033 214854787 1
10584033 214850291 0.5
3334117 214836885 1
3334117 214586668 1
3334117 214554585 0.5
3334117 214837882 0.5
6834857 214667859 1
6834857 214848757 1
6834857 214849312 0.5
3321848 214836847 1
3321848 214836851 1
3321848 214706180 0.5
3321848 214709645 0.5
7647231 214743515 1
7647231 214835126 1
7647231 214712237 0.5
