6458384 214848975 1
6458384 214848977 1
6458384 214848337 0.5
6458384 214707875 0.5
6458384 214845579 0.5
6458384 214849070 0.5
6458384 214850287 0.5
11382796 214853102 1
11382796 214854785 1
11382796 214854857 0.5
8155153 214716986 1
8155153 214855183 1
8155153 214848992 0.5
8155153 214748289 0.5
8155153 214540597 0.5
8155153 214716984 0.5
9723908 214684717 1
9723908 214850285 1
9723908 214829880 0.5
9723908 214829882 0.5
9723908 214850315 0.5
9564186 214852980 1
9564186 214853077 1
9564186 214851326 0.5
7901218 214716930 1
7901218 214846112 1
7901218 214716932 0.5
4472867 214839971 1
4472867 214839973 1
4472867 214829852 0.5
4472867 214839975 0.5
10231891 214853730 1
10231891 214851236 1
10231891 214853698 0.5
11518039 214508287 1
11518039 214853102 1
11518039 214854842 0.5
11518039 214854782 0.5
7471192 214748327 1
7471192 214855183 1
7471192 214854632 0.5
7471192 214717867 0.5
2474081 214829878 1
2474081 214829887 1
2474081 214686082 0.5
2474081 214831967 0.5
2474081 214831946 0.5
2474081 214835087 0.5
7463022 214849080 1
7463022 214849157 1
7463022 214745317 0.5
315511 214716937 1
315511 214743350 1
315511 214716984 0.5
315511 214716980 0.5
315511 214716973 0.5
10739832 214854842 1
10739832 214854787 1
10739832 214855016 0.5
4235394 214829878 1
4235394 214838105 1
4235394 214577450 0.5
4235394 214835019 0.5
4235394 214838107 0.5
4235394 214574670 0.5
4235394 214839967 0.5
6754436 214849344 1
6754436 214849312 1
6754436 214560613 0.5
6754436 214707879 0.5
6754436 214582348 0.5
6754436 214561775 0.5
6754436 214836885 0.5
6754436 214848335 0.5
7901323 214850771 1
7901323 214850743 1
7901323 214850790 0.5
8134808 214851238 1
8134808 214718216 1
8134808 214851099 0.5
8134808 214556563 0.5
2437282 214835124 1
2437282 214831967 1
2437282 214831959 0.5
9744564 214853420 1
9744564 214850947 1
9744564 214853422 0.5
9584821 214853420 1
9584821 214850942 1
9584821 214850304 0.5
9584821 214845506 0.5
9584821 214850949 0.5
2388153 214829887 1
2388153 214829878 1
2388153 214835132 0.5
8052922 214716971 1
8052922 214716973 1
8052922 214835126 0.5
4747452 214838227 1
4747452 214820452 1
4747452 214829280 0.5
4747452 214577450 0.5
4747452 214835109 0.5
4747452 214717286 0.5
4747452 214586743 0.5
6566077 214846530 1
6566077 214832145 1
6566077 214820197 0.5
6566077 214820214 0.5
3637438 214510445 1
3637438 214510460 1
3637438 214712242 0.5
2351296 214829882 1
2351296 214829880 1
2351296 214835124 0.5
2351296 214832780 0.5
2351296 214835087 0.5
3055812 214821285 1
3055812 214820274 1
3055812 214612753 0.5
3055812 214821290 0.5
3055812 214842555 0.5
3055812 214842553 0.5
1458374 214829390 1
1458374 214642153 1
1458374 214828989 0.5
680137 214832559 1
680137 214718203 1
680137 214743495 0.5
680137 214819721 0.5
680137 214718220 0.5
680137 214832557 0.5
680137 214821390 0.5
680137 214748336 0.5
680137 214839313 0.5
680137 214718167 0.5
680137 214821017 0.5
680137 214718169 0.5
680137 214826621 0.5
680137 214821022 0.5
680137 214601407 0.5
4328823 214826713 1
4328823 214831970 1
4328823 214820242 0.5
9171151 214716926 1
9171151 214849055 1
9171151 214716928 0.5
9171151 214716937 0.5
9171151 214819468 0.5
9171151 214554358 0.5
9171151 214716980 0.5
9796302 214853702 1
9796302 214853707 1
9796302 214853722 0.5
9796302 214853700 0.5
2748634 214716928 1
2748634 214831948 1
2748634 214716984 0.5
2748634 214716982 0.5
2748634 214829878 0.5
86238 214820400 1
86238 214819376 1
86238 214800272 0.5
7082218 214832604 1
7082218 214716707 1
7082218 214848808 0.5
7082218 214848613 0.5
5447916 214844400 1
5447916 214844398 1
5447916 214844345 0.5
3497341 214836527 1
3497341 214836530 1
3497341 214829030 0.5
7976578 214844439 1
7976578 214821313 1
7976578 214821305 0.5
7976578 214845939 0.5
7976578 214536307 0.5
7976578 214844454 0.5
4841719 214838092 1
4841719 214837280 1
4841719 214832156 0.5
10576122 214854313 1
10576122 214854300 1
10576122 214854343 0.5
1792043 214753513 1
1792043 214748297 1
1792043 214753505 0.5
1792043 214753507 0.5
1792043 214535985 0.5
1792043 214819811 0.5
1792043 214564826 0.5
1792043 214829085 0.5
4817162 214831952 1
4817162 214706486 1
4817162 214800270 0.5
6795531 214837288 1
6795531 214849185 1
6795531 214849344 0.5
6795531 214849320 0.5
6795531 214849322 0.5
6795531 214849245 0.5
6795531 214849318 0.5
4026644 214820938 1
4026644 214725549 1
4026644 214836881 0.5
4026644 214829102 0.5
11035353 214854840 1
11035353 214853102 1
11035353 214854785 0.5
11035353 214853100 0.5
11035353 214854733 0.5
436958 214716941 1
436958 214716971 1
436958 214716937 0.5
10883384 214854853 1
10883384 214854787 1
10883384 214854840 0.5
11554572 214744258 1
11554572 214835126 1
11554572 214700000 0.5
11554572 214857830 0.5
1022688 214840483 1
1022688 214821395 1
1022688 214821392 0.5
1022688 214716707 0.5
6996292 214848941 1
6996292 214848952 1
6996292 214851009 0.5
6996292 214848945 0.5
6996292 214848947 0.5
6996292 214849046 0.5
6996292 214848954 0.5
6996292 214849020 0.5
6996292 214849022 0.5
2552134 214829878 1
2552134 214829887 1
2552134 214829880 0.5
5370184 214684702 1
5370184 214581427 1
5370184 214676567 0.5
5370184 214657318 0.5
5370184 214552687 0.5
3506508 214612708 1
3506508 214601233 1
3506508 214835745 0.5
3506508 214844452 0.5
2642267 214829878 1
2642267 214829887 1
2642267 214829880 0.5
2642267 214826833 0.5
2642267 214844394 0.5
516444 214748293 1
516444 214748302 1
516444 214748338 0.5
8900963 214853094 1
8900963 214851326 1
8900963 214853096 0.5
8900963 214853090 0.5
4239716 214839356 1
4239716 214602598 1
4239716 214821401 0.5
4239716 214835109 0.5
4239716 214836857 0.5
4239716 214836855 0.5
10273128 214854352 1
10273128 214854536 1
10273128 214684762 0.5
10273128 214845986 0.5
10273128 214851133 0.5
9338258 214851737 1
9338258 214849331 1
9338258 214556025 0.5
9338258 214849284 0.5
9338258 214850743 0.5
4895087 214848324 1
4895087 214848326 1
4895087 214676567 0.5
422256 214820233 1
422256 214820261 1
422256 214826803 0.5
5869948 214612751 1
5869948 214533020 1
5869948 214612738 0.5
5869948 214844447 0.5
700667 214744530 1
700667 214571188 1
700667 214601233 0.5
10023324 214844400 1
10023324 214844372 1
10023324 214851236 0.5
3056032 214835017 1
3056032 214835747 1
3056032 214587712 0.5
7999921 214853177 1
7999921 214853175 1
7999921 214853758 0.5
3625401 214550383 1
3625401 214699044 1
3625401 214515883 0.5
9691579 214583610 1
9691579 214854508 1
9691579 214717061 0.5
3211711 214820263 1
3211711 214844394 1
3211711 214844439 0.5
5030337 214840091 1
5030337 214847940 1
5030337 214718207 0.5
8491469 214844439 1
8491469 214844458 1
8491469 214551626 0.5
8708558 214850413 1
8708558 214715925 1
8708558 214835126 0.5
8708558 214857830 0.5
2867674 214836553 1
2867674 214829392 1
2867674 214553735 0.5
1614307 214704180 1
1614307 214581489 1
1614307 214700002 0.5
1614307 214512611 0.5
1614307 214602605 0.5
1614307 214835120 0.5
1614307 214743515 0.5
1614307 214600989 0.5
3772901 214826938 1
3772901 214836795 1
3772901 214613741 0.5
3473894 214820259 1
3473894 214820227 1
3473894 214821277 0.5
3473894 214821285 0.5
9626094 214853420 1
9626094 214853422 1
9626094 214853147 0.5
7623163 214850792 1
7623163 214850790 1
7623163 214850726 0.5
8032766 214716581 1
8032766 214851097 1
8032766 214851028 0.5
8032766 214602806 0.5
8032766 214684942 0.5
8032766 214851165 0.5
7369218 214829878 1
7369218 214846445 1
7369218 214846033 0.5
7369218 214846031 0.5
4710919 214712235 1
4710919 214838107 1
4710919 214700000 0.5
8213002 214717097 1
8213002 214851322 1
8213002 214850402 0.5
8213002 214845412 0.5
8213002 214848165 0.5
8213002 214687565 0.5
8213002 214556942 0.5
8213002 214583670 0.5
8213002 214738455 0.5
8213002 214849250 0.5
8213002 214829850 0.5
8213002 214829852 0.5
8213002 214826623 0.5
7623182 214850936 1
7623182 214846530 1
7623182 214846112 0.5
7623182 214829799 0.5
7623182 214849031 0.5
7623182 214800272 0.5
7623182 214849395 0.5
7623182 214850938 0.5
8331793 214851234 1
8331793 214851080 1
8331793 214851317 0.5
2535513 214510447 1
2535513 214510460 1
2535513 214510445 0.5
5186308 214712237 1
5186308 214684702 1
5186308 214700000 0.5
5186308 214826987 0.5
5186308 214845579 0.5
8983301 214851581 1
8983301 214846067 1
8983301 214820233 0.5
5698086 214848305 1
5698086 214846031 1
5698086 214846033 0.5
9194247 214850942 1
9194247 214853420 1
9194247 214850945 0.5
9194247 214853422 0.5
6365278 214848982 1
6365278 214576890 1
6365278 214601233 0.5
6365278 214848971 0.5
6365278 214839973 0.5
4821572 214839594 1
4821572 214710152 1
4821572 214839913 0.5
4821572 214553700 0.5
4821572 214821017 0.5
4690503 214821015 1
4690503 214821022 1
4690503 214651777 0.5
4690503 214706205 0.5
4690503 214821017 0.5
2961997 214829878 1
2961997 214836519 1
2961997 214829880 0.5
2961997 214831948 0.5
8598261 214716984 1
8598261 214716986 1
8598261 214832657 0.5
8598261 214717005 0.5
8598261 214716982 0.5
2957908 214829878 1
2957908 214829887 1
2957908 214829880 0.5
7634361 214684717 1
7634361 214850366 1
7634361 214850285 0.5
4133469 214831970 1
4133469 214840235 1
4133469 214539039 0.5
5636703 214848161 1
5636703 214851090 1
5636703 214829012 0.5
5636703 214838135 0.5
533089 214821285 1
533089 214821277 1
533089 214821290 0.5
6939239 214844400 1
6939239 214844396 1
6939239 214667970 0.5
6939239 214849284 0.5
6939239 214848622 0.5
6939239 214846415 0.5
6939239 214835475 0.5
6939239 214846427 0.5
9982568 214853077 1
9982568 214852980 1
9982568 214854300 0.5
9982568 214851748 0.5
9982568 214850405 0.5
9982568 214853094 0.5
576274 214827009 1
576274 214821339 1
576274 214826617 0.5
576274 214826876 0.5
3687028 214684513 1
3687028 214844415 1
3687028 214848729 0.5
3687028 214774682 0.5
3687028 214684093 0.5
5309054 214836956 1
5309054 214826833 1
5309054 214840091 0.5
5309054 214838094 0.5
8729216 214853128 1
8729216 214849010 1
8729216 214678376 0.5
62352 214753507 1
62352 214748300 1
62352 214811758 0.5
4172567 214836947 1
4172567 214581611 1
4172567 214819393 0.5
4172567 214676962 0.5
4172567 214676019 0.5
4172567 214836932 0.5
4172567 214829366 0.5
8086158 214850767 1
8086158 214716928 1
8086158 214845506 0.5
8086158 214717867 0.5
8086158 214854630 0.5
8086158 214854632 0.5
8086158 214717003 0.5
8086158 214832653 0.5
8086158 214848302 0.5
8086158 214716941 0.5
8086158 214836947 0.5
8086158 214716984 0.5
8086158 214717007 0.5
8086158 214832655 0.5
8086158 214717005 0.5
2626191 214829878 1
2626191 214829882 1
2626191 214612730 0.5
2339482 214743515 1
2339482 214829878 1
2339482 214700002 0.5
2339482 214712237 0.5
5849768 214748336 1
5849768 214846067 1
5849768 214849001 0.5
5849768 214846007 0.5
5849768 214849252 0.5
5849768 214684093 0.5
5849768 214846127 0.5
2388649 214514291 1
2388649 214829885 1
2388649 214829882 0.5
2388649 214829878 0.5
4919983 214845583 1
4919983 214845585 1
4919983 214838137 0.5
4919983 214844413 0.5
4919983 214645005 0.5
4919983 214557774 0.5
4919983 214832023 0.5
11018949 214835004 1
11018949 214835000 1
11018949 214857204 0.5
7322052 214850422 1
7322052 214575193 1
7322052 214748289 0.5
7322052 214848315 0.5
7322052 214748259 0.5
7322052 214716579 0.5
7322052 214829006 0.5
7447248 214826942 1
7447248 214846033 1
7447248 214829878 0.5
11354841 214854853 1
11354841 214854782 1
11354841 214854860 0.5
4788954 214836932 1
4788954 214832747 1
4788954 214832557 0.5
4788954 214832559 0.5
4788954 214632272 0.5
4788954 214676019 0.5
4788954 214829366 0.5
4788954 214668249 0.5
4788954 214836924 0.5
8557276 214853135 1
8557276 214851748 1
8557276 214853190 0.5
8557276 214850760 0.5
8557276 214716632 0.5
8557276 214850936 0.5
8557276 214851165 0.5
8557276 214716671 0.5
4666101 214844439 1
4666101 214821305 1
4666101 214821313 0.5
453417 214821290 1
453417 214826700 1
453417 214826801 0.5
453417 214826702 0.5
2786041 214826623 1
2786041 214828982 1
2786041 214716752 0.5
2786041 214748321 0.5
238348 214821024 1
238348 214821020 1
238348 214718160 0.5
82702 214601042 1
82702 214601040 1
82702 214821296 0.5
3924756 214848727 1
3924756 214846057 1
3924756 214844415 0.5
3441429 214684108 1
3441429 214553810 1
3441429 214705117 0.5
8479511 214716714 1
8479511 214716671 1
8479511 214716746 0.5
6898456 214514291 1
6898456 214850291 1
6898456 214829885 0.5
7910209 214567410 1
7910209 214849740 1
7910209 214846112 0.5
7910209 214849762 0.5
7910209 214844355 0.5
5645123 214845585 1
5645123 214844347 1
5645123 214845984 0.5
5645123 214844370 0.5
5645123 214836932 0.5
5645123 214846061 0.5
5645123 214845583 0.5
1336148 214829387 1
1336148 214834880 1
1336148 214826610 0.5
1336148 214821410 0.5
11145922 214846391 1
11145922 214850625 1
11145922 214851135 0.5
11145922 214652207 0.5
11145922 214700990 0.5
11145922 214854583 0.5
701292 214833800 1
701292 214821277 1
701292 214535600 0.5
701292 214587611 0.5
7897772 214840378 1
7897772 214853758 1
7897772 214853122 0.5
5264243 214844368 1
5264243 214844396 1
5264243 214844400 0.5
5264243 214554450 0.5
6561942 214848613 1
6561942 214716710 1
6561942 214848656 0.5
6561942 214848832 0.5
5299972 214831955 1
5299972 214819627 1
5299972 214836536 0.5
5299972 214845577 0.5
5299972 214829878 0.5
5299972 214829887 0.5
9928172 214844327 1
9928172 214844330 1
9928172 214850780 0.5
9928172 214844325 0.5
2208656 214829861 1
2208656 214829846 1
2208656 214832717 0.5
54163 214716926 1
54163 214717005 1
54163 214716928 0.5
54163 214832657 0.5
54163 214716986 0.5
54163 214717003 0.5
54163 214554358 0.5
2303471 214829880 1
2303471 214831946 1
2303471 214829878 0.5
5305247 214844398 1
5305247 214844372 1
5305247 214748336 0.5
5305247 214844396 0.5
5305247 214845412 0.5
5305247 214832150 0.5
5305247 214844345 0.5
8385502 214851152 1
8385502 214851583 1
8385502 214583610 0.5
8385502 214851155 0.5
7722482 214851075 1
7722482 214845986 1
7722482 214851133 0.5
10449839 214854358 1
10449839 214854352 1
10449839 214854354 0.5
2985459 214821341 1
2985459 214844465 1
2985459 214612704 0.5
2985459 214821309 0.5
3584961 214836830 1
3584961 214836527 1
3584961 214836875 0.5
9888709 214677830 1
9888709 214678387 1
9888709 214811739 0.5
9888709 214718220 0.5
3802054 214836795 1
3802054 214826938 1
3802054 214595150 0.5
3617762 214820220 1
3617762 214835109 1
3617762 214836924 0.5
3617762 214836932 0.5
4658151 214836879 1
4658151 214820938 1
4658151 214829102 0.5
5358576 214835167 1
5358576 214602806 1
5358576 214835012 0.5
4137976 214832722 1
4137976 214820220 1
4137976 214847968 0.5
4137976 214650626 0.5
4137976 214836932 0.5
4137976 214829765 0.5
4137976 214595150 0.5
4137976 214826990 0.5
4137976 214717877 0.5
4137976 214829852 0.5
5538809 214836536 1
5538809 214845407 1
5538809 214828963 0.5
5538809 214848997 0.5
5538809 214845583 0.5
5538809 214849072 0.5
5538809 214845585 0.5
5538809 214844402 0.5
5538809 214832150 0.5
5538809 214844347 0.5
11249994 214853102 1
11249994 214864880 1
11249994 214854840 0.5
2794498 214510445 1
2794498 214712242 1
2794498 214540035 0.5
2794498 214510447 0.5
10155024 214850771 1
10155024 214675888 1
10155024 214718160 0.5
10155024 214826752 0.5
7611432 214849796 1
7611432 214684715 1
7611432 214844372 0.5
7537714 214829792 1
7537714 214835126 1
7537714 214700002 0.5
7537714 214832604 0.5
5329977 214820233 1
5329977 214820261 1
5329977 214717867 0.5
1049669 214829747 1
1049669 214828995 1
1049669 214601805 0.5
8832077 214853094 1
8832077 214853105 1
8832077 214853096 0.5
8832077 214853090 0.5
8832077 214853085 0.5
2421838 214831952 1
2421838 214835165 1
2421838 214829090 0.5
2421838 214819468 0.5
10454102 214854545 1
10454102 214854300 1
10454102 214819577 0.5
10454102 214854579 0.5
10454102 214853700 0.5
10454102 214850621 0.5
3010746 214834867 1
3010746 214832792 1
3010746 214602600 0.5
3010746 214826947 0.5
3010746 214642805 0.5
365667 214716939 1
365667 214716932 1
365667 214716973 0.5
9790574 214853767 1
9790574 214853707 1
9790574 214854152 0.5
9790574 214853996 0.5
3097716 214826565 1
3097716 214829364 1
3097716 214577025 0.5
3097716 214600492 0.5
3097716 214835745 0.5
1258616 214829747 1
1258616 214828995 1
1258616 214829745 0.5
361599 214844297 1
361599 214820237 1
361599 214703790 0.5
2568386 214829878 1
2568386 214831946 1
2568386 214831948 0.5
6371693 214848847 1
6371693 214848377 1
6371693 214836947 0.5
2872477 214829368 1
2872477 214832792 1
2872477 214829882 0.5
2872477 214695285 0.5
5653664 214846421 1
5653664 214846470 1
5653664 214642031 0.5
5653664 214846367 0.5
5653664 214650566 0.5
5653664 214560615 0.5
5792624 214800264 1
5792624 214845422 1
5792624 214845917 0.5
3642538 214821285 1
3642538 214836924 1
3642538 214585667 0.5
3642538 214836932 0.5
3642538 214691563 0.5
3642538 214832747 0.5
3642538 214839600 0.5
3642538 214829079 0.5
3642538 214838137 0.5
3724463 214844439 1
3724463 214844458 1
3724463 214844456 0.5
3724463 214844394 0.5
3724463 214844462 0.5
1152179 214712126 1
1152179 214826932 1
1152179 214705736 0.5
1152179 214567335 0.5
8520884 214851122 1
8520884 214851290 1
8520884 214844345 0.5
2467007 214829885 1
2467007 214831950 1
2467007 214829878 0.5
2467007 214829887 0.5
6063303 214748304 1
6063303 214846479 1
6063303 214819760 0.5
6063303 214846067 0.5
6063303 214839587 0.5
6063303 214748291 0.5
6063303 214850302 0.5
3294418 214748304 1
3294418 214753505 1
3294418 214753513 0.5
3294418 214836330 0.5
3294418 214826623 0.5
3294418 214748295 0.5
9503958 214850949 1
9503958 214853422 1
9503958 214853428 0.5
7279833 214848986 1
7279833 214849228 1
7279833 214848945 0.5
7956687 214844439 1
7956687 214844394 1
7956687 214849762 0.5
7956687 214844443 0.5
7956687 214612738 0.5
2393314 214844394 1
2393314 214844439 1
2393314 214844462 0.5
2598116 214829878 1
2598116 214831946 1
2598116 214829880 0.5
2598116 214829885 0.5
10737191 214854268 1
10737191 214854264 1
10737191 214684785 0.5
10737191 214684762 0.5
10737191 214854358 0.5
10737191 214567215 0.5
484609 214744779 1
484609 214820456 1
484609 214716928 0.5
484609 214820812 0.5
484609 214826908 0.5
11248909 214853102 1
11248909 214854782 1
11248909 214854785 0.5
7431439 214849775 1
7431439 214560585 1
7431439 214718252 0.5
2601861 214829887 1
2601861 214829878 1
2601861 214831946 0.5
3941673 214827022 1
3941673 214545879 1
3941673 214774682 0.5
3941673 214645618 0.5
3941673 214700990 0.5
1094956 214691679 1
1094956 214717097 1
1094956 214843905 0.5
6532658 214849331 1
6532658 214849239 1
6532658 214849245 0.5
6532658 214834877 0.5
5391669 214845581 1
5391669 214832154 1
5391669 214829882 0.5
5391669 214845354 0.5
10835257 214714715 1
10835257 214748289 1
10835257 214850387 0.5
10835257 214830557 0.5
10835257 214854830 0.5
6530364 214587712 1
6530364 214844396 1
6530364 214848656 0.5
6530364 214846530 0.5
8291646 214851167 1
8291646 214851097 1
8291646 214846067 0.5
7947584 214844439 1
7947584 214844456 1
7947584 214844394 0.5
11257156 214829878 1
11257156 214831946 1
11257156 214717511 0.5
10143872 214712237 1
10143872 214853325 1
10143872 214826987 0.5
5473617 214826987 1
5473617 214706452 1
5473617 214700002 0.5
5473617 214743515 0.5
5473617 214845508 0.5
5473617 214712237 0.5
4494678 214829797 1
4494678 214600492 1
4494678 214839969 0.5
4494678 214839973 0.5
4494678 214845131 0.5
4494678 214602733 0.5
4494678 214574672 0.5
4494678 214821015 0.5
7738714 214851120 1
7738714 214676306 1
7738714 214846318 0.5
11367774 214852980 1
11367774 214853077 1
11367774 214853248 0.5
11367774 214853105 0.5
11367774 214851326 0.5
11367774 214853085 0.5
11367774 214853094 0.5
8648031 214853105 1
8648031 214852980 1
8648031 214853248 0.5
8648031 214846119 0.5
8648031 214845962 0.5
8648031 214853165 0.5
8648031 214853077 0.5
8648031 214848926 0.5
8648031 214851742 0.5
8648031 214853087 0.5
7595361 214551626 1
7595361 214612704 1
7595361 214844462 0.5
7595361 214844439 0.5
7390564 214839947 1
7390564 214632146 1
7390564 214668667 0.5
7390564 214850291 0.5
3753322 214820454 1
3753322 214829666 1
3753322 214826561 0.5
3753322 214821399 0.5
3753322 214508287 0.5
9176431 214853420 1
9176431 214850947 1
9176431 214844398 0.5
8832368 214852978 1
8832368 214852980 1
8832368 214853105 0.5
1641364 214820233 1
1641364 214820261 1
1641364 214557572 0.5
3691907 214838105 1
3691907 214838096 1
3691907 214831944 0.5
3691907 214711408 0.5
3691907 214826955 0.5
3691907 214829878 0.5
3691907 214829887 0.5
2884999 214835132 1
2884999 214829878 1
2884999 214705736 0.5
2884999 214684942 0.5
3388818 214834867 1
3388818 214821350 1
3388818 214837882 0.5
386627 214819376 1
386627 214820402 1
386627 214744775 0.5
5735829 214845583 1
5735829 214835462 1
5735829 214601233 0.5
5735829 214743335 0.5
5735829 214846033 0.5
7607702 214850743 1
7607702 214850771 1
7607702 214850936 0.5
7607702 214850938 0.5
7607702 214850619 0.5
7607702 214821022 0.5
4024681 214836924 1
4024681 214839982 1
4024681 214839915 0.5
2463136 214826818 1
2463136 214836517 1
2463136 214554950 0.5
2463136 214709638 0.5
2463136 214743495 0.5
2463136 214567404 0.5
2463136 214577450 0.5
2463136 214684108 0.5
2463136 214668219 0.5
6833582 214826670 1
6833582 214848605 1
6833582 214848656 0.5
6833582 214835137 0.5
2729399 214540127 1
2729399 214833787 1
2729399 214714757 0.5
2729399 214829887 0.5
6116792 214836924 1
6116792 214844347 1
6116792 214832557 0.5
5248442 214844402 1
5248442 214844370 1
5248442 214844400 0.5
7714378 214533022 1
7714378 214551626 1
7714378 214844456 0.5
11244999 214853100 1
11244999 214844355 1
11244999 214854512 0.5
11244999 214686864 0.5
10846837 214853102 1
10846837 214854785 1
10846837 214855016 0.5
10846837 214853100 0.5
10067907 214853722 1
10067907 214853730 1
10067907 214853852 0.5
10835424 214746386 1
10835424 214846391 1
10835424 214851135 0.5
807163 214748304 1
807163 214753507 1
807163 214821313 0.5
807163 214553604 0.5
9676274 214853263 1
9676274 214853252 1
9676274 214853105 0.5
11261433 214844094 1
11261433 214819779 1
11261433 214836517 0.5
2631176 214844439 1
2631176 214844394 1
2631176 214821305 0.5
4605459 214839973 1
4605459 214695480 1
4605459 214823548 0.5
3565086 214826951 1
3565086 214837882 1
3565086 214836330 0.5
3565086 214835475 0.5
6477347 214846530 1
6477347 214819395 1
6477347 214676019 0.5
6477347 214585554 0.5
6477347 214585547 0.5
6477347 214718220 0.5
6477347 214849012 0.5
261041 214811747 1
261041 214819427 1
261041 214650635 0.5
261041 214536195 0.5
4621867 214821339 1
4621867 214819410 1
4621867 214839592 0.5
4621867 214533020 0.5
4462131 214839973 1
4462131 214845131 1
4462131 214587317 0.5
4077109 214839587 1
4077109 214820400 1
4077109 214820392 0.5
2790973 214820231 1
2790973 214820227 1
2790973 214821277 0.5
10913347 214859240 1
10913347 214859242 1
10913347 214826987 0.5
10913347 214857830 0.5
2283077 214630042 1
2283077 214700990 1
2283077 214574777 0.5
2283077 214774678 0.5
11064904 214853102 1
11064904 214854767 1
11064904 214705370 0.5
11064904 214854838 0.5
4077142 214834877 1
4077142 214602598 1
4077142 214838105 0.5
9426532 214712235 1
9426532 214857830 1
9426532 214744258 0.5
9426532 214680371 0.5
9426532 214826987 0.5
3815004 214836924 1
3815004 214836932 1
3815004 214836795 0.5
1840741 214826666 1
1840741 214829385 1
1840741 214696897 0.5
1840741 214829379 0.5
1840741 214835750 0.5
1840741 214667912 0.5
1840741 214836328 0.5
1840741 214821399 0.5
1840741 214835002 0.5
1840741 214706460 0.5
6276714 214850362 1
6276714 214848337 1
6276714 214848328 0.5
6276714 214821410 0.5
6276714 214848330 0.5
6276714 214846535 0.5
10937963 214819393 1
10937963 214853130 1
10937963 214846318 0.5
9336428 214853077 1
9336428 214852980 1
9336428 214853248 0.5
9385584 214853364 1
9385584 214691471 1
9385584 214712237 0.5
7940371 214851279 1
7940371 214716973 1
7940371 214819468 0.5
7940371 214853143 0.5
289727 214819376 1
289727 214820402 1
289727 214819762 0.5
289727 214826876 0.5
289727 214744775 0.5
2254463 214831950 1
2254463 214829885 1
2254463 214748300 0.5
3454594 214612738 1
3454594 214533020 1
3454594 214844439 0.5
3454594 214821339 0.5
3454594 214612751 0.5
5764767 214850402 1
5764767 214844372 1
5764767 214640353 0.5
5764767 214846466 0.5
5764767 214556342 0.5
5764767 214844398 0.5
5764767 214846033 0.5
5764767 214836853 0.5
5764767 214826934 0.5
7422918 214849762 1
7422918 214849738 1
7422918 214844355 0.5
7422918 214849757 0.5
9115304 214853077 1
9115304 214852980 1
9115304 214853085 0.5
177849 214821285 1
177849 214841640 1
177849 214826803 0.5
870687 214821339 1
870687 214829317 1
870687 214829747 0.5
870687 214587028 0.5
6883006 214849239 1
6883006 214849284 1
6883006 214829387 0.5
6883006 214834877 0.5
8242879 214851279 1
8242879 214853325 1
8242879 214826987 0.5
8242879 214835126 0.5
7579334 214853173 1
7579334 214853758 1
7579334 214853177 0.5
4484727 214838105 1
4484727 214838098 1
4484727 214821305 0.5
7304913 214850938 1
7304913 214850743 1
7304913 214829666 0.5
7304913 214564387 0.5
7304913 214850758 0.5
7304913 214850726 0.5
7304913 214744779 0.5
7304913 214676375 0.5
7304913 214648247 0.5
5543637 214821315 1
5543637 214844462 1
5543637 214820345 0.5
5543637 214826835 0.5
5543637 214846031 0.5
5543637 214716935 0.5
1038039 214821313 1
1038039 214821315 1
1038039 214612706 0.5
1038039 214650626 0.5
9795288 214853865 1
9795288 214853992 1
9795288 214853996 0.5
9795288 214853413 0.5
9795288 214854165 0.5
8308441 214849322 1
8308441 214851122 1
8308441 214849185 0.5
8308441 214851236 0.5
8308441 214849318 0.5
8308441 214744775 0.5
8308441 214849001 0.5
8308441 214835019 0.5
8308441 214851290 0.5
8308441 214851133 0.5
8877787 214853132 1
8877787 214853210 1
8877787 214853237 0.5
8877787 214853222 0.5
6733013 214832604 1
6733013 214832156 1
6733013 214848952 0.5
6733013 214851009 0.5
6733013 214829317 0.5
6733013 214849046 0.5
4273908 214632272 1
4273908 214829287 1
4273908 214839965 0.5
4273908 214839937 0.5
4273908 214602802 0.5
4273908 214839962 0.5
4273908 214826951 0.5
947957 214829045 1
947957 214829336 1
947957 214748259 0.5
947957 214828965 0.5
8236673 214851122 1
8236673 214851013 1
8236673 214851133 0.5
5707394 214800264 1
5707394 214554384 1
5707394 214717785 0.5
5707394 214709807 0.5
5707394 214845135 0.5
10088376 214853094 1
10088376 214853105 1
10088376 214852978 0.5
10088376 214852980 0.5
10088376 214853077 0.5
10088376 214853085 0.5
3913499 214573350 1
3913499 214820261 1
3913499 214820233 0.5
3913499 214651517 0.5
2316068 214844394 1
2316068 214716110 1
2316068 214836330 0.5
2316068 214844439 0.5
2316068 214832780 0.5
2316068 214748334 0.5
2316068 214835111 0.5
4684081 214835111 1
4684081 214836830 1
4684081 214718385 0.5
4684081 214717850 0.5
4684081 214687685 0.5
4684081 214716110 0.5
997163 214828980 1
997163 214587317 1
997163 214828982 0.5
997163 214586743 0.5
10000179 214853767 1
10000179 214853700 1
10000179 214853709 0.5
10000179 214853702 0.5
2062149 214835750 1
2062149 214829852 1
2062149 214834880 0.5
2933731 214837918 1
2933731 214834867 1
2933731 214753513 0.5
2836308 214820261 1
2836308 214835503 1
2836308 214587028 0.5
739161 214584907 1
739161 214584939 1
739161 214821285 0.5
4723686 214840235 1
4723686 214509150 1
4723686 214831970 0.5
7715171 214849239 1
7715171 214826990 1
7715171 214838227 0.5
7715171 214834877 0.5
7715171 214849333 0.5
2500461 214829878 1
2500461 214831948 1
2500461 214819760 0.5
2500461 214819762 0.5
1591196 214834877 1
1591196 214826610 1
1591196 214826994 0.5
1591196 214580351 0.5
6403997 214710097 1
6403997 214848622 1
6403997 214848337 0.5
6403997 214835137 0.5
1418224 214709638 1
1418224 214829390 1
1418224 214826818 0.5
8597216 214853130 1
8597216 214561494 1
8597216 214574672 0.5
2176968 214709792 1
2176968 214831931 1
2176968 214835752 0.5
2176968 214712229 0.5
2176968 214829861 0.5
2099148 214551930 1
2099148 214826833 1
2099148 214743495 0.5
2893773 214835572 1
2893773 214835574 1
2893773 214844439 0.5
3652601 214837485 1
3652601 214839617 1
3652601 214553565 0.5
11392988 214853156 1
11392988 214854800 1
11392988 214854857 0.5
11188197 214857204 1
11188197 214859139 1
11188197 214835000 0.5
10967017 214853100 1
10967017 214854782 1
10967017 214854853 0.5
5375984 214835426 1
5375984 214835428 1
5375984 214835473 0.5
10012661 214829790 1
10012661 214700000 1
10012661 214849809 0.5
10012661 214744258 0.5
10012661 214512611 0.5
10012661 214680371 0.5
10012661 214848975 0.5
280568 214584920 1
280568 214820237 1
280568 214821371 0.5
280568 214744779 0.5
1680681 214826610 1
1680681 214834877 1
1680681 214833755 0.5
9234457 214853342 1
9234457 214850945 1
9234457 214850949 0.5
2263077 214829878 1
2263077 214748291 1
2263077 214831965 0.5
2091047 214695399 1
2091047 214829034 1
2091047 214829720 0.5
6166574 214839935 1
6166574 214684108 1
6166574 214536907 0.5
6166574 214539236 0.5
9414724 214832792 1
9414724 214845131 1
9414724 214577450 0.5
9414724 214853702 0.5
9168967 214853105 1
9168967 214853094 1
9168967 214853096 0.5
9168967 214853085 0.5
8722507 214832567 1
8722507 214716581 1
8722507 214851234 0.5
8722507 214851165 0.5
2775117 214829887 1
2775117 214829878 1
2775117 214829880 0.5
2775117 214829882 0.5
2070607 214821339 1
2070607 214821307 1
2070607 214533020 0.5
2070607 214821302 0.5
2070607 214612751 0.5
2692112 214831946 1
2692112 214829887 1
2692112 214832780 0.5
2692112 214829878 0.5
7428201 214849331 1
7428201 214849284 1
7428201 214665277 0.5
5453946 214847936 1
5453946 214834877 1
5453946 214835167 0.5
1337478 214834880 1
1337478 214826610 1
1337478 214833755 0.5
1337478 214829387 0.5
1337478 214821412 0.5
1337478 214834877 0.5
3139721 214837918 1
3139721 214602802 1
3139721 214711537 0.5
3139721 214826947 0.5
2062479 214826709 1
2062479 214829857 1
2062479 214835002 0.5
4143273 214844452 1
4143273 214844439 1
4143273 214821339 0.5
4143273 214612708 0.5
7124679 214846065 1
7124679 214849745 1
7124679 214848622 0.5
7124679 214846470 0.5
8661167 214853077 1
8661167 214852980 1
8661167 214852978 0.5
8661167 214853132 0.5
8661167 214853094 0.5
6662328 214839617 1
6662328 214846344 1
6662328 214738457 0.5
6662328 214849745 0.5
9709753 214853420 1
9709753 214850942 1
9709753 214853128 0.5
9709753 214852980 0.5
8313019 214851317 1
8313019 214820396 1
8313019 214554675 0.5
8313019 214714779 0.5
8313019 214853182 0.5
11241672 214701787 1
11241672 214857830 1
11241672 214700002 0.5
11241672 214743515 0.5
11241672 214835117 0.5
10447053 214853102 1
10447053 214850947 1
10447053 214717571 0.5
10447053 214846029 0.5
10447053 214829887 0.5
9271509 214853420 1
9271509 214835004 1
9271509 214853330 0.5
9271509 214831955 0.5
526553 214821305 1
526553 214821302 1
526553 214821309 0.5
5695712 214828985 1
5695712 214602598 1
5695712 214743495 0.5
5695712 214832023 0.5
10770667 214853730 1
10770667 214851122 1
10770667 214854152 0.5
10770667 214854857 0.5
10770667 214853707 0.5
10770667 214849245 0.5
10770667 214838094 0.5
6174966 214846367 1
6174966 214846425 1
6174966 214846472 0.5
6174966 214846389 0.5
6174966 214846254 0.5
2914558 214829880 1
2914558 214829878 1
2914558 214829882 0.5
2914558 214831946 0.5
2914558 214829887 0.5
6650118 214848658 1
6650118 214826610 1
6650118 214851009 0.5
6650118 214849275 0.5
6650118 214849284 0.5
1390858 214834877 1
1390858 214829752 1
1390858 214829387 0.5
7055629 214835137 1
7055629 214849157 1
7055629 214849031 0.5
298033 214827007 1
298033 214834865 1
298033 214827005 0.5
7612721 214716645 1
7612721 214564387 1
7612721 214551624 0.5
7612721 214850938 0.5
7612721 214533022 0.5
891192 214821309 1
891192 214821307 1
891192 214691587 0.5
216117 214826715 1
216117 214826835 1
216117 214840419 0.5
216117 214840415 0.5
1403202 214821320 1
1403202 214829366 1
1403202 214826610 0.5
1403202 214833755 0.5
1403202 214829387 0.5
211272 214684717 1
211272 214684715 1
211272 214840762 0.5
735561 214827009 1
735561 214826608 1
735561 214826705 0.5
6166858 214840584 1
6166858 214842555 1
6166858 214532107 0.5
8038298 214850285 1
8038298 214846029 1
8038298 214840378 0.5
8038298 214849076 0.5
8038298 214829887 0.5
5790036 214846312 1
5790036 214846318 1
5790036 214838505 0.5
7727452 214850758 1
7727452 214850741 1
7727452 214850762 0.5
5817576 214845917 1
5817576 214846001 1
5817576 214837882 0.5
10729827 214854583 1
10729827 214687845 1
10729827 214848315 0.5
5101924 214847936 1
5101924 214819468 1
5101924 214847940 0.5
5101924 214844327 0.5
9042277 214853094 1
9042277 214852978 1
9042277 214853096 0.5
9042277 214853085 0.5
661862 214613743 1
661862 214711297 1
661862 214718216 0.5
661862 214826750 0.5
3025257 214835019 1
3025257 214835017 1
3025257 214835745 0.5
428396 214600989 1
428396 214557279 1
428396 214563337 0.5
4565357 214826893 1
4565357 214845579 1
4565357 214554384 0.5
4565357 214541582 0.5
9775474 214854268 1
9775474 214854264 1
9775474 214854148 0.5
9775474 214853994 0.5
9775474 214567215 0.5
9775474 214849363 0.5
9775474 214853242 0.5
9775474 214853210 0.5
10459521 214854517 1
10459521 214854538 1
10459521 214854515 0.5
5994882 214846067 1
5994882 214839587 1
5994882 214828985 0.5
5994882 214583670 0.5
5994882 214706102 0.5
4696469 214716928 1
4696469 214845129 1
4696469 214717003 0.5
6764953 214846067 1
6764953 214710097 1
6764953 214848641 0.5
6764953 214846530 0.5
7592347 214850790 1
7592347 214850760 1
7592347 214839962 0.5
4929953 214712237 1
4929953 214684702 1
4929953 214676593 0.5
4929953 214700002 0.5
4929953 214743515 0.5
4929953 214839596 0.5
4929953 214714757 0.5
4782498 214709722 1
4782498 214832443 1
4782498 214828867 0.5
498076 214743495 1
498076 214826619 1
498076 214819721 0.5
2931132 214748295 1
2931132 214753505 1
2931132 214829887 0.5
1083848 214821399 1
1083848 214828985 1
1083848 214587712 0.5
1083848 214820803 0.5
1083848 214609325 0.5
1083848 214826998 0.5
1083848 214826934 0.5
11239159 214854785 1
11239159 214853102 1
11239159 214854853 0.5
10484173 214853767 1
10484173 214854298 1
10484173 214853700 0.5
10484173 214557009 0.5
10484173 214851236 0.5
10484173 214853702 0.5
5708243 214820383 1
5708243 214820227 1
5708243 214835724 0.5
5708243 214821285 0.5
4352486 214514291 1
4352486 214829885 1
4352486 214831950 0.5
5446128 214844400 1
5446128 214844370 1
5446128 214844396 0.5
5446128 214712124 0.5
5446128 214725508 0.5
5446128 214711348 0.5
11516409 214854853 1
11516409 214864880 1
11516409 214854840 0.5
11516409 214700000 0.5
11516409 214854860 0.5
2255356 214829880 1
2255356 214829887 1
2255356 214831946 0.5
1681917 214819430 1
1681917 214829366 1
1681917 214839600 0.5
2505228 214716937 1
2505228 214716928 1
2505228 214832653 0.5
9658307 214850949 1
9658307 214853420 1
9658307 214853454 0.5
11082259 214832604 1
11082259 214832602 1
11082259 214849200 0.5
11082259 214560491 0.5
5389041 214845352 1
5389041 214819627 1
5389041 214845577 0.5
5389041 214845579 0.5
3787293 214836932 1
3787293 214836924 1
3787293 214838227 0.5
3787293 214836947 0.5
1780263 214834880 1
1780263 214826610 1
1780263 214834877 0.5
1780263 214829366 0.5
1591866 214834877 1
1591866 214834880 1
1591866 214826610 0.5
1591866 214833755 0.5
1591866 214826996 0.5
9173576 214853143 1
9173576 214844394 1
9173576 214844441 0.5
854604 214837485 1
854604 214838831 1
854604 214826872 0.5
854604 214826876 0.5
854604 214837487 0.5
2153039 214829863 1
2153039 214829861 1
2153039 214829707 0.5
8559189 214716977 1
8559189 214716982 1
8559189 214716986 0.5
8559189 214854572 0.5
8559189 214716997 0.5
277081 214748295 1
277081 214748300 1
277081 214748338 0.5
277081 214819468 0.5
277081 214725549 0.5
4156001 214632272 1
4156001 214838096 1
4156001 214829797 0.5
8125028 214851232 1
8125028 214851290 1
8125028 214564380 0.5
8125028 214851101 0.5
5479744 214711348 1
5479744 214845971 1
5479744 214811739 0.5
5479744 214835109 0.5
5479744 214709702 0.5
5479744 214847255 0.5
3054211 214835019 1
3054211 214587697 1
3054211 214836517 0.5
8804997 214853077 1
8804997 214853105 1
8804997 214851326 0.5
8804997 214853094 0.5
731793 214684115 1
731793 214640893 1
731793 214546102 0.5
2206362 214829711 1
2206362 214829846 1
2206362 214829861 0.5
2206362 214832717 0.5
2206362 214829863 0.5
7025094 214829042 1
7025094 214706216 1
7025094 214700990 0.5
5528234 214846447 1
5528234 214849001 1
5528234 214828867 0.5
5528234 214826949 0.5
5528234 214846061 0.5
5528234 214846007 0.5
5528234 214845887 0.5
5528234 214845917 0.5
5528234 214848159 0.5
928438 214535621 1
928438 214821307 1
928438 214820227 0.5
928438 214844357 0.5
1477304 214829085 1
1477304 214820233 1
1477304 214820227 0.5
793279 214833800 1
793279 214820261 1
793279 214841640 0.5
793279 214833802 0.5
793279 214535621 0.5
793279 214840597 0.5
11008709 214854352 1
11008709 214853244 1
11008709 214819577 0.5
11008709 214820394 0.5
11008709 214854579 0.5
11008709 214853113 0.5
10967756 214854262 1
10967756 214854510 1
10967756 214684785 0.5
2308832 214829878 1
2308832 214829887 1
2308832 214686082 0.5
5794536 214716581 1
5794536 214844345 1
5794536 214712124 0.5
5794536 214832150 0.5
8125163 214851167 1
8125163 214695480 1
8125163 214819472 0.5
8125163 214651562 0.5
8125163 214567404 0.5
1784561 214834880 1
1784561 214821410 1
1784561 214833755 0.5
1784561 214821412 0.5
3967444 214835747 1
3967444 214835019 1
3967444 214831940 0.5
3967444 214835503 0.5
7482107 214835019 1
7482107 214850936 1
7482107 214835137 0.5
7482107 214717890 0.5
7482107 214711657 0.5
7482107 214850282 0.5
7482107 214556334 0.5
7482107 214849466 0.5
8521517 214851232 1
8521517 214851290 1
8521517 214582404 0.5
9546514 214853420 1
9546514 214850945 1
9546514 214850947 0.5
4254486 214829797 1
4254486 214839587 1
4254486 214821017 0.5
1620759 214834880 1
1620759 214834877 1
1620759 214833755 0.5
1620759 214829863 0.5
5978916 214846479 1
5978916 214846067 1
5978916 214850876 0.5
9227049 214853420 1
9227049 214850947 1
9227049 214853707 0.5
5995316 214831948 1
5995316 214848615 1
5995316 214845354 0.5
5995316 214846012 0.5
3066682 214680371 1
3066682 214831946 1
3066682 214829880 0.5
3066682 214695412 0.5
3066682 214673295 0.5
5266241 214826833 1
5266241 214845581 1
5266241 214829882 0.5
9505602 214853722 1
9505602 214853730 1
9505602 214853996 0.5
9505602 214853994 0.5
9505602 214854148 0.5
9505602 214854125 0.5
9505602 214853852 0.5
2431819 214829878 1
2431819 214829887 1
2431819 214556218 0.5
2431819 214826955 0.5
2431819 214718396 0.5
2431819 214835111 0.5
4565841 214839356 1
4565841 214835130 1
4565841 214839932 0.5
4565841 214831942 0.5
4565841 214832015 0.5
5520213 214835109 1
5520213 214838227 1
5520213 214829387 0.5
5520213 214844342 0.5
5520213 214819374 0.5
5520213 214821015 0.5
3079013 214829878 1
3079013 214829882 1
3079013 214829880 0.5
7482228 214748302 1
7482228 214536185 1
7482228 214849327 0.5
8731532 214853132 1
8731532 214853195 1
8731532 214853222 0.5
9948052 214567329 1
9948052 214567215 1
9948052 214567333 0.5
1530792 214840899 1
1530792 214843526 1
1530792 214691557 0.5
5515079 214844330 1
5515079 214844327 1
5515079 214743352 0.5
5515079 214554950 0.5
2513852 214829878 1
2513852 214829885 1
2513852 214829887 0.5
5315526 214845587 1
5315526 214850402 1
5315526 214844372 0.5
7359436 214849466 1
7359436 214848622 1
7359436 214839617 0.5
2943962 214845065 1
2943962 214829885 1
2943962 214829882 0.5
2943962 214831950 0.5
2943962 214829878 0.5
10828782 214853342 1
10828782 214854785 1
10828782 214700000 0.5
8713384 214853132 1
8713384 214852987 1
8713384 214853182 0.5
7285753 214850282 1
7285753 214850304 1
7285753 214820345 0.5
1661948 214717005 1
1661948 214716926 1
1661948 214554358 0.5
4365312 214609325 1
4365312 214834867 1
4365312 214835747 0.5
5088936 214832017 1
5088936 214826833 1
5088936 214589546 0.5
8195074 214848845 1
8195074 214835042 1
8195074 214574672 0.5
8195074 214849012 0.5
8195074 214836924 0.5
8195074 214585547 0.5
8195074 214836932 0.5
75254 214840483 1
75254 214706441 1
75254 214820387 0.5
2303149 214829878 1
2303149 214829887 1
2303149 214829880 0.5
2510111 214821309 1
2510111 214821305 1
2510111 214826983 0.5
8092693 214595139 1
8092693 214850932 1
8092693 214546025 0.5
4722241 214836932 1
4722241 214632146 1
4722241 214556025 0.5
4722241 214836924 0.5
4722241 214676019 0.5
4722241 214718220 0.5
4722241 214829366 0.5
10800152 214853100 1
10800152 214854782 1
10800152 214854840 0.5
10800152 214854785 0.5
2878492 214701800 1
2878492 214832017 1
2878492 214836532 0.5
10042401 214849250 1
10042401 214718220 1
10042401 214850754 0.5
4398114 214831970 1
4398114 214836512 1
4398114 214632272 0.5
584742 214821305 1
584742 214826617 1
584742 214821307 0.5
584742 214821302 0.5
10046641 214853420 1
10046641 214850942 1
10046641 214850945 0.5
8821938 214853758 1
8821938 214716926 1
8821938 214851120 0.5
8821938 214845973 0.5
8821938 214717005 0.5
8821938 214717007 0.5
3169326 214836875 1
3169326 214836877 1
3169326 214840419 0.5
9907249 214853707 1
9907249 214853767 1
9907249 214853850 0.5
4605107 214717005 1
4605107 214717003 1
4605107 214717867 0.5
5418046 214820383 1
5418046 214821285 1
5418046 214845984 0.5
5418046 214845986 0.5
5418046 214849001 0.5
5418046 214846061 0.5
5418046 214846001 0.5
5418046 214850964 0.5
5286989 214844402 1
5286989 214716977 1
5286989 214716947 0.5
5286989 214716937 0.5
5286989 214716971 0.5
5286989 214716941 0.5
5286989 214716973 0.5
7670867 214853122 1
7670867 214850282 1
7670867 214820190 0.5
5762138 214829878 1
5762138 214845354 1
5762138 214718216 0.5
5762138 214717867 0.5
5762138 214733919 0.5
7314524 214849766 1
7314524 214835473 1
7314524 214821020 0.5
5373028 214820938 1
5373028 214829102 1
5373028 214836881 0.5
5373028 214578350 0.5
5373028 214561991 0.5
6048874 214846119 1
6048874 214820443 1
6048874 214700000 0.5
6048874 214700002 0.5
6048874 214821384 0.5
6048874 214845962 0.5
6048874 214712235 0.5
6048874 214845954 0.5
6048874 214845965 0.5
6048874 214849072 0.5
6048874 214582200 0.5
6048874 214744258 0.5
6048874 214645871 0.5
10534003 214853113 1
10534003 214854300 1
10534003 214854547 0.5
2489461 214684093 1
2489461 214508287 1
2489461 214708372 0.5
7474296 214849738 1
7474296 214849762 1
7474296 214844400 0.5
7474296 214849736 0.5
7474296 214849740 0.5
8830077 214853094 1
8830077 214848986 1
8830077 214853248 0.5
8830077 214852978 0.5
8830077 214853090 0.5
1756286 214680369 1
1756286 214684702 1
1756286 214600989 0.5
1756286 214553702 0.5
1756286 214695399 0.5
3738759 214540179 1
3738759 214540127 1
3738759 214540072 0.5
3738759 214540125 0.5
3738759 214540175 0.5
4406424 214838124 1
4406424 214838122 1
4406424 214555914 0.5
2849949 214832792 1
2849949 214834867 1
2849949 214835747 0.5
2489502 214829882 1
2489502 214829885 1
2489502 214835747 0.5
2489502 214563337 0.5
2489502 214753515 0.5
2489502 214832780 0.5
2489502 214712137 0.5
2489502 214835017 0.5
2489502 214844441 0.5
2489502 214716667 0.5
5946566 214846014 1
5946566 214836879 1
5946566 214836506 0.5
5946566 214846012 0.5
3622087 214832124 1
3622087 214550019 1
3622087 214698420 0.5
3622087 214585644 0.5
3622087 214829102 0.5
10140116 214567333 1
10140116 214564387 1
10140116 214854577 0.5
10140116 214554675 0.5
10140116 214853233 0.5
4488369 214845131 1
4488369 214839973 1
4488369 214839600 0.5
4488369 214829850 0.5
4488369 214606948 0.5
8055987 214851028 1
8055987 214851592 1
8055987 214851163 0.5
4445419 214685747 1
4445419 214836915 1
4445419 214684513 0.5
4445419 214840556 0.5
7630007 214680371 1
7630007 214835126 1
7630007 214712235 0.5
4012599 214836932 1
4012599 214835109 1
4012599 214838227 0.5
4012599 214836924 0.5
4012599 214819727 0.5
1711306 214828997 1
1711306 214820810 1
1711306 214839600 0.5
1711306 214667970 0.5
1711306 214819430 0.5
1711306 214829321 0.5
1711306 214800272 0.5
1711306 214601233 0.5
1711306 214826934 0.5
8842431 214853092 1
8842431 214697130 1
8842431 214680945 0.5
8842431 214664861 0.5
8842431 214826833 0.5
8842431 214697137 0.5
1604801 214834880 1
1604801 214833755 1
1604801 214748336 0.5
1604801 214826610 0.5
10919108 214712242 1
10919108 214854707 1
10919108 214854682 0.5
19659 214820261 1
19659 214820233 1
19659 214820227 0.5
9579726 214850949 1
9579726 214850945 1
9579726 214850947 0.5
7466191 214851167 1
7466191 214851028 1
7466191 214851587 0.5
7466191 214850405 0.5
7466191 214849031 0.5
7466191 214850700 0.5
7466191 214578350 0.5
7466191 214748334 0.5
7466191 214748336 0.5
7466191 214851122 0.5
7466191 214851317 0.5
7466191 214850936 0.5
7466191 214851322 0.5
4349138 214589604 1
4349138 214828989 1
4349138 214687785 0.5
6609443 214848757 1
6609443 214706214 1
6609443 214667857 0.5
10718421 214554234 1
10718421 214851135 1
10718421 214687685 0.5
10718421 214854583 0.5
7490777 214844452 1
7490777 214612738 1
7490777 214821309 0.5
7916781 214850771 1
7916781 214853145 1
7916781 214853143 0.5
7916781 214851279 0.5
871668 214821309 1
871668 214821339 1
871668 214821313 0.5
871668 214827005 0.5
871668 214827007 0.5
4934902 214840091 1
4934902 214826825 1
4934902 214832154 0.5
7617784 214849807 1
7617784 214819412 1
7617784 214712675 0.5
7617784 214567404 0.5
7564538 214553732 1
7564538 214855185 1
7564538 214716935 0.5
8109951 214832655 1
8109951 214849391 1
8109951 214832653 0.5
8109951 214748327 0.5
7527679 214850792 1
7527679 214850790 1
7527679 214851317 0.5
9671212 214850315 1
9671212 214829878 1
9671212 214845973 0.5
10280204 214854300 1
10280204 214854585 1
10280204 214854547 0.5
2485521 214829880 1
2485521 214829882 1
2485521 214826979 0.5
101657 214826955 1
101657 214826627 1
101657 214711438 0.5
4664603 214845131 1
4664603 214839971 1
4664603 214839600 0.5
4664603 214839960 0.5
4664603 214837882 0.5
4664603 214836926 0.5
4664603 214831967 0.5
6237484 214849070 1
6237484 214848615 1
6237484 214844372 0.5
7986482 214696824 1
7986482 214561775 1
7986482 214848926 0.5
7986482 214850415 0.5
8207678 214835019 1
8207678 214845885 1
8207678 214850720 0.5
8207678 214716641 0.5
8207678 214835017 0.5
8207678 214600492 0.5
8207678 214832655 0.5
8207678 214748336 0.5
8207678 214832657 0.5
8207678 214849365 0.5
8207678 214850743 0.5
8207678 214716984 0.5
1588556 214834875 1
1588556 214829752 1
1588556 214826895 0.5
585039 214826810 1
585039 214826700 1
585039 214539845 0.5
585039 214839373 0.5
585039 214537967 0.5
585039 214826801 0.5
585039 214840378 0.5
585039 214509084 0.5
1531224 214680371 1
1531224 214826715 1
1531224 214602605 0.5
1531224 214717511 0.5
711908 214826801 1
711908 214826608 1
711908 214833800 0.5
201291 214753507 1
201291 214748300 1
201291 214748291 0.5
10837353 214854707 1
10837353 214853072 1
10837353 214578011 0.5
10394989 214854536 1
10394989 214853113 1
10394989 214844355 0.5
10394989 214853767 0.5
10394989 214820456 0.5
10394989 214854577 0.5
10394989 214854354 0.5
10394989 214853244 0.5
8789362 214851125 1
8789362 214573350 1
8789362 214819760 0.5
8789362 214819762 0.5
8789362 214851099 0.5
2850164 214748293 1
2850164 214748297 1
2850164 214748338 0.5
9018743 214853105 1
9018743 214853094 1
9018743 214853096 0.5
9018743 214853085 0.5
2657657 214829878 1
2657657 214684736 1
2657657 214554000 0.5
2657657 214717877 0.5
2657657 214829887 0.5
4493798 214839971 1
4493798 214839973 1
4493798 214696897 0.5
4493798 214845131 0.5
4493798 214839975 0.5
4493798 214748336 0.5
4493798 214839600 0.5
4493798 214698418 0.5
4493798 214829852 0.5
4493798 214839967 0.5
8179082 214853122 1
8179082 214853143 1
8179082 214651554 0.5
1646487 214826818 1
1646487 214716937 1
1646487 214834880 0.5
1646487 214709638 0.5
5471629 214820383 1
5471629 214821285 1
5471629 214613915 0.5
7843224 214677615 1
7843224 214850758 1
7843224 214561485 0.5
7843224 214850743 0.5
2534813 214829878 1
2534813 214829887 1
2534813 214831946 0.5
10898846 214843449 1
10898846 214843903 1
10898846 214691349 0.5
7925154 214850743 1
7925154 214850938 1
7925154 214567078 0.5
7925154 214850295 0.5
10321316 214854268 1
10321316 214854264 1
10321316 214854358 0.5
10321316 214567215 0.5
9100726 214853130 1
9100726 214819393 1
9100726 214853128 0.5
9100726 214853090 0.5
4520521 214842553 1
4520521 214842480 1
4520521 214685747 0.5
7769529 214850743 1
7769529 214850771 1
7769529 214850936 0.5
9526718 214846378 1
9526718 214829822 1
9526718 214827022 0.5
4824519 214820261 1
4824519 214820233 1
4824519 214848729 0.5
4824519 214820259 0.5
4824519 214820265 0.5
6524361 214848980 1
6524361 214848973 1
6524361 214819627 0.5
6524361 214848605 0.5
6884823 214748336 1
6884823 214846067 1
6884823 214846061 0.5
6884823 214845583 0.5
2346467 214835126 1
2346467 214831955 1
2346467 214684702 0.5
6397414 214687457 1
6397414 214848330 1
6397414 214848337 0.5
3853811 214829765 1
3853811 214835167 1
3853811 214711280 0.5
3853811 214836924 0.5
3853811 214836932 0.5
3853811 214718199 0.5
7893081 214844394 1
7893081 214844439 1
7893081 214821341 0.5
7474687 214716937 1
7474687 214716973 1
7474687 214716980 0.5
2420224 214829878 1
2420224 214829882 1
2420224 214829885 0.5
4800022 214839965 1
4800022 214839962 1
4800022 214827009 0.5
4800022 214837494 0.5
4668952 214710152 1
4668952 214842735 1
4668952 214838109 0.5
8519196 214851236 1
8519196 214851238 1
8519196 214851125 0.5
3014174 214551626 1
3014174 214612738 1
3014174 214612753 0.5
3014174 214844394 0.5
3014174 214844462 0.5
3829281 214836795 1
3829281 214836830 1
3829281 214826711 0.5
3829281 214826951 0.5
3829281 214829769 0.5
3829281 214582378 0.5
3829281 214829771 0.5
3829281 214582348 0.5
3829281 214829773 0.5
3829281 214595150 0.5
3829281 214839600 0.5
3829281 214836885 0.5
3829281 214586668 0.5
11050537 214851326 1
11050537 214854819 1
11050537 214854332 0.5
10243628 214854536 1
10243628 214854352 1
10243628 214854300 0.5
2527837 214820261 1
2527837 214820233 1
2527837 214836761 0.5
2527837 214832717 0.5
7711326 214551626 1
7711326 214844439 1
7711326 214844456 0.5
7711326 214716645 0.5
3472954 214835012 1
3472954 214743495 1
3472954 214836795 0.5
3472954 214718379 0.5
3472954 214714757 0.5
3472954 214595150 0.5
8532333 214838124 1
8532333 214850932 1
8532333 214550627 0.5
1367617 214834880 1
1367617 214834877 1
1367617 214826711 0.5
7552582 214853175 1
7552582 214853177 1
7552582 214713954 0.5
7552582 214853173 0.5
7552582 214828882 0.5
7552582 214853758 0.5
7552582 214836879 0.5
5082706 214836956 1
5082706 214819468 1
5082706 214838092 0.5
10960469 214854791 1
10960469 214854797 1
10960469 214556212 0.5
10960469 214853100 0.5
10960469 214851125 0.5
10960469 214684734 0.5
9121368 214853135 1
9121368 214853242 1
9121368 214851748 0.5
10894942 214854707 1
10894942 214854722 1
10894942 214685797 0.5
954043 214821309 1
954043 214821302 1
954043 214821305 0.5
5659921 214845962 1
5659921 214811758 1
5659921 214849010 0.5
5659921 214848302 0.5
7532141 214850743 1
7532141 214850771 1
7532141 214850754 0.5
7532141 214561775 0.5
11497406 214850310 1
11497406 214704180 1
11497406 214859240 0.5
10452604 214853735 1
10452604 214853732 1
10452604 214854495 0.5
4443773 214829672 1
4443773 214842480 1
4443773 214835940 0.5
10370689 214861498 1
10370689 214839999 1
10370689 214840001 0.5
2693169 214677757 1
2693169 214844439 1
2693169 214536185 0.5
2693169 214829282 0.5
2693169 214844394 0.5
5843561 214846031 1
5843561 214846029 1
5843561 214844345 0.5
2774979 214820233 1
2774979 214820231 1
2774979 214532070 0.5
7630488 214850936 1
7630488 214850743 1
7630488 214848315 0.5
7630488 214850621 0.5
7630488 214821022 0.5
4691117 214845131 1
4691117 214839971 1
4691117 214602598 0.5
10821276 214854583 1
10821276 214687845 1
10821276 214848315 0.5
1011359 214821309 1
1011359 214844441 1
1011359 214551617 0.5
1011359 214551626 0.5
5729952 214829739 1
5729952 214845416 1
5729952 214835745 0.5
5729952 214835019 0.5
5729952 214845135 0.5
11320999 214510460 1
11320999 214854722 1
11320999 214848757 0.5
523951 214717003 1
523951 214556057 1
523951 214821341 0.5
523951 214684942 0.5
1984456 214829861 1
1984456 214821277 1
1984456 214584992 0.5
1984456 214551776 0.5
8871199 214853094 1
8871199 214853085 1
8871199 214853248 0.5
873077 214827011 1
873077 214711297 1
873077 214587028 0.5
873077 214826750 0.5
6303428 214848808 1
6303428 214714794 1
6303428 214848832 0.5
6303428 214558192 0.5
6303428 214848851 0.5
5136074 214840091 1
5136074 214844327 1
5136074 214844332 0.5
9141539 214711307 1
9141539 214845581 1
9141539 214829882 0.5
9141539 214850295 0.5
9330389 214850310 1
9330389 214846014 1
9330389 214819400 0.5
2925178 214835512 1
2925178 214829887 1
2925178 214829885 0.5
9506532 214850949 1
9506532 214853402 1
9506532 214853422 0.5
5066471 214567408 1
5066471 214826833 1
5066471 214581611 0.5
5066471 214819393 0.5
5066471 214819427 0.5
10524622 214854802 1
10524622 214854356 1
10524622 214555914 0.5
9965291 214853094 1
9965291 214854737 1
9965291 214702944 0.5
7790316 214853177 1
7790316 214853175 1
7790316 214851120 0.5
7790316 214828882 0.5
4988661 214839384 1
4988661 214840082 1
4988661 214826820 0.5
4988661 214743350 0.5
7470838 214717003 1
7470838 214854632 1
7470838 214716928 0.5
4271864 214744258 1
4271864 214839594 1
4271864 214712235 0.5
4271864 214602605 0.5
10858241 214850420 1
10858241 214718158 1
10858241 214538582 0.5
2010887 214748295 1
2010887 214753513 1
2010887 214819760 0.5
2010887 214748304 0.5
2010887 214819762 0.5
2010887 214835111 0.5
6569736 214832604 1
6569736 214716707 1
6569736 214662787 0.5
2772268 214826610 1
2772268 214834877 1
2772268 214557009 0.5
2772268 214836330 0.5
2772268 214684843 0.5
2772268 214819762 0.5
4161294 214717515 1
4161294 214697272 1
4161294 214819395 0.5
4161294 214684717 0.5
745273 214837487 1
745273 214837485 1
745273 214826619 0.5
745273 214698446 0.5
10935602 214835000 1
10935602 214835004 1
10935602 214858680 0.5
10935602 214857204 0.5
8306479 214844439 1
8306479 214844394 1
8306479 214821305 0.5
10063683 214853722 1
10063683 214853767 1
10063683 214854152 0.5
10063683 214853353 0.5
10063683 214853707 0.5
10063683 214853430 0.5
9011016 214850765 1
9011016 214848845 1
9011016 214651777 0.5
9011016 214836932 0.5
9011016 214851313 0.5
9011016 214850771 0.5
9011016 214851315 0.5
9011016 214836924 0.5
1615139 214821277 1
1615139 214821290 1
1615139 214833800 0.5
6672211 214845943 1
6672211 214849239 1
6672211 214563337 0.5
6672211 214848986 0.5
6672211 214848997 0.5
6672211 214602598 0.5
6672211 214834877 0.5
5885784 214846468 1
5885784 214846425 1
5885784 214846389 0.5
2975716 214835132 1
2975716 214837918 1
2975716 214837916 0.5
2975716 214831940 0.5
2975716 214835503 0.5
5275492 214844372 1
5275492 214845587 1
5275492 214844396 0.5
5459813 214846061 1
5459813 214835745 1
5459813 214846007 0.5
10760038 214854352 1
10760038 214853698 1
10760038 214714721 0.5
10760038 214854178 0.5
10760038 214853700 0.5
10760038 214853702 0.5
10760038 214710088 0.5
10760038 214853707 0.5
10760038 214854125 0.5
10760038 214854536 0.5
10760038 214853113 0.5
10760038 214853722 0.5
10248053 214853105 1
10248053 214561775 1
10248053 214853096 0.5
10248053 214853085 0.5
10248053 214853077 0.5
343929 214744775 1
343929 214827000 1
343929 214714794 0.5
343929 214827007 0.5
343929 214827026 0.5
343929 214827005 0.5
6926209 214848658 1
6926209 214849331 1
6926209 214849738 0.5
6926209 214848947 0.5
7651211 214675895 1
7651211 214676375 1
7651211 214850743 0.5
1130386 214584939 1
1130386 214584821 1
1130386 214550987 0.5
1130386 214538027 0.5
1130386 214538030 0.5
1130386 214821309 0.5
1130386 214821305 0.5
1130386 214509403 0.5
1130386 214821277 0.5
6090654 214846127 1
6090654 214846067 1
6090654 214800262 0.5
6090654 214838225 0.5
6090654 214829385 0.5
6090654 214836330 0.5
6090654 214748334 0.5
6090654 214819760 0.5
6090654 214832145 0.5
6090654 214846007 0.5
6090654 214835002 0.5
6090654 214848159 0.5
6090654 214838111 0.5
9371556 214853420 1
9371556 214853422 1
9371556 214853428 0.5
8200102 214540597 1
8200102 214706216 1
8200102 214700876 0.5
8200102 214850932 0.5
2813866 214677962 1
2813866 214748300 1
2813866 214832017 0.5
2813866 214589546 0.5
9551792 214853420 1
9551792 214850945 1
9551792 214853152 0.5
9551792 214846344 0.5
9551792 214853147 0.5
9551792 214853233 0.5
4259767 214829792 1
4259767 214839596 1
4259767 214744258 0.5
4259767 214743515 0.5
4259767 214706452 0.5
634808 214826912 1
634808 214832559 1
634808 214558192 0.5
9646014 214774674 1
9646014 214705100 1
9646014 214565726 0.5
6541249 214832604 1
6541249 214716707 1
6541249 214848832 0.5
7917543 214533022 1
7917543 214576487 1
7917543 214561496 0.5
7917543 214850304 0.5
7917543 214821315 0.5
7335912 214717003 1
7335912 214716926 1
7335912 214716928 0.5
7335912 214716937 0.5
7335912 214716971 0.5
10801134 214853102 1
10801134 214854785 1
10801134 214854682 0.5
11055087 214832604 1
11055087 214832602 1
11055087 214849200 0.5
11055087 214560491 0.5
11055087 214696599 0.5
8515724 214849322 1
8515724 214849318 1
8515724 214837280 0.5
8515724 214849192 0.5
8515724 214851290 0.5
8515724 214837286 0.5
8515724 214849320 0.5
1585139 214821277 1
1585139 214826705 1
1585139 214601012 0.5
