4761604 214748302 1
4761604 214748338 1
4761604 214753513 0.5
4761604 214748293 0.5
921627 214718396 1
921627 214711438 1
921627 214684717 0.5
921627 214718398 0.5
921627 214718255 0.5
5144608 214836956 1
5144608 214837286 1
5144608 214837280 0.5
5144608 214838092 0.5
1728546 214834880 1
1728546 214834877 1
1728546 214826610 0.5
1728546 214829387 0.5
1728546 214826589 0.5
9371688 214850942 1
9371688 214831948 1
9371688 214851326 0.5
11038761 214854857 1
11038761 214854815 1
11038761 214854819 0.5
10810301 214853090 1
10810301 214853096 1
10810301 214853077 0.5
2113587 214697432 1
2113587 214718396 1
2113587 214711078 0.5
8339508 214850630 1
8339508 214845885 1
8339508 214851581 0.5
8339508 214848630 0.5
2555961 214829880 1
2555961 214831948 1
2555961 214819760 0.5
2555961 214819762 0.5
2555961 214835124 0.5
2555961 214831967 0.5
3900771 214839982 1
3900771 214836932 1
3900771 214835109 0.5
6387726 214820272 1
6387726 214842555 1
6387726 214711284 0.5
3096668 214831948 1
3096668 214829878 1
3096668 214829882 0.5
3096668 214839995 0.5
3096668 214716924 0.5
3096668 214829885 0.5
8124432 214851077 1
8124432 214851122 1
8124432 214851236 0.5
3711076 214712235 1
3711076 214839594 1
3711076 214632146 0.5
3711076 214744258 0.5
3711076 214832143 0.5
3711076 214602605 0.5
3711076 214712237 0.5
5300332 214844400 1
5300332 214844372 1
5300332 214829797 0.5
5300332 214834877 0.5
9374397 214848975 1
9374397 214850295 1
9374397 214846033 0.5
1982588 214829857 1
1982588 214832720 1
1982588 214829855 0.5
9932928 214853698 1
9932928 214853707 1
9932928 214853767 0.5
2560137 214835017 1
2560137 214835747 1
2560137 214587712 0.5
2560137 214835019 0.5
3105474 214829878 1
3105474 214831946 1
3105474 214829880 0.5
3105474 214826835 0.5
3105474 214579875 0.5
3105474 214826955 0.5
3105474 214829887 0.5
286881 214826627 1
286881 214821279 1
286881 214826623 0.5
1474727 214587266 1
1474727 214557223 1
1474727 214560240 0.5
1474727 214716714 0.5
1474727 214826563 0.5
2030279 214581489 1
2030279 214680369 1
2030279 214676593 0.5
2030279 214700002 0.5
2030279 214544355 0.5
2030279 214602605 0.5
2030279 214511015 0.5
4436158 214811739 1
4436158 214587317 1
4436158 214587712 0.5
4436158 214675890 0.5
4436158 214829387 0.5
4436158 214553844 0.5
4436158 214819374 0.5
6100341 214839969 1
6100341 214827005 1
6100341 214850402 0.5
6100341 214819430 0.5
6100341 214586694 0.5
6100341 214849001 0.5
6100341 214845131 0.5
6100341 214839600 0.5
6100341 214848630 0.5
6100341 214831959 0.5
6100341 214838137 0.5
6226113 214849076 1
6226113 214848605 1
6226113 214848950 0.5
4231364 214832143 1
4231364 214826942 1
4231364 214838098 0.5
516309 214821277 1
516309 214821285 1
516309 214821290 0.5
516309 214584939 0.5
5513432 214844398 1
5513432 214844355 1
5513432 214612777 0.5
5304544 214826833 1
5304544 214711517 1
5304544 214844345 0.5
5304544 214835167 0.5
4690148 214744258 1
4690148 214540125 1
4690148 214512611 0.5
8331499 214717003 1
8331499 214850932 1
8331499 214716980 0.5
8331499 214700876 0.5
8331499 214554358 0.5
6099181 214832567 1
6099181 214848832 1
6099181 214554675 0.5
6099181 214848613 0.5
6099181 214845958 0.5
6099181 214716746 0.5
6099181 214849198 0.5
6099181 214832147 0.5
6099181 214717742 0.5
6099181 214832126 0.5
6099181 214716671 0.5
4641018 214845131 1
4641018 214839969 1
4641018 214587317 0.5
4641018 214602598 0.5
3862794 214821339 1
3862794 214835012 1
3862794 214839592 0.5
3862794 214832124 0.5
3862794 214586668 0.5
3862794 214835122 0.5
3862794 214585659 0.5
3862794 214836924 0.5
2449676 214829882 1
2449676 214829878 1
2449676 214831965 0.5
2449676 214829887 0.5
2834704 214831950 1
2834704 214829885 1
2834704 214829882 0.5
3621137 214820265 1
3621137 214820261 1
3621137 214845088 0.5
4919573 214836956 1
4919573 214838094 1
4919573 214837280 0.5
4919573 214831946 0.5
4919573 214838092 0.5
8286491 214836924 1
8286491 214851577 1
8286491 214718379 0.5
8286491 214595150 0.5
10528133 214567329 1
10528133 214854358 1
10528133 214854264 0.5
9634081 214853402 1
9634081 214853152 1
9634081 214831948 0.5
8704731 214853094 1
8704731 214853248 1
8704731 214853085 0.5
1093938 214839600 1
1093938 214829321 1
1093938 214748336 0.5
901432 214826608 1
901432 214826705 1
901432 214826810 0.5
7598401 214850771 1
7598401 214850936 1
7598401 214850743 0.5
2208068 214826610 1
2208068 214834880 1
2208068 214829387 0.5
2208068 214833755 0.5
3875144 214835167 1
3875144 214847649 1
3875144 214829769 0.5
3875144 214826938 0.5
7500107 214850936 1
7500107 214850621 1
7500107 214850720 0.5
7960078 214850758 1
7960078 214677615 1
7960078 214716110 0.5
1454429 214829321 1
1454429 214826805 1
1454429 214839600 0.5
1454429 214587266 0.5
1454429 214820807 0.5
1454429 214748336 0.5
1454429 214800272 0.5
1454429 214601233 0.5
1454429 214829366 0.5
1454429 214829053 0.5
1454429 214557279 0.5
4104543 214716928 1
4104543 214716939 1
4104543 214716937 0.5
4104543 214716971 0.5
4104543 214716973 0.5
4104543 214716975 0.5
10842469 214853100 1
10842469 214854785 1
10842469 214854733 0.5
10199398 214854159 1
10199398 214854155 1
10199398 214853996 0.5
10969457 214857204 1
10969457 214857551 1
10969457 214835000 0.5
10969457 214854785 0.5
5857663 214846385 1
5857663 214580293 1
5857663 214717562 0.5
5857663 214846127 0.5
5857663 214743495 0.5
3928452 214748310 1
3928452 214839358 1
3928452 214839401 0.5
5841289 214835745 1
5841289 214835017 1
5841289 214748336 0.5
5841289 214601233 0.5
5841289 214844415 0.5
5841289 214838225 0.5
3391809 214836530 1
3391809 214820263 1
3391809 643078800 0.5
3391809 214543721 0.5
3391809 214602605 0.5
3391809 214834873 0.5
4817293 214836512 1
4817293 214839356 1
4817293 214839587 0.5
4817293 214839971 0.5
4817293 214845131 0.5
10195347 214853730 1
10195347 214853722 1
10195347 214853430 0.5
6046101 214677615 1
6046101 214718169 1
6046101 214821017 0.5
9220503 214826987 1
9220503 214853321 1
9220503 214743515 0.5
3715483 214836932 1
3715483 214836924 1
3715483 214836870 0.5
1085857 214826615 1
1085857 214826612 1
1085857 214839600 0.5
8585649 214844394 1
8585649 214848375 1
8585649 214846530 0.5
8585649 214829799 0.5
1954233 214717877 1
1954233 214743495 1
1954233 214826615 0.5
1954233 214600492 0.5
1954233 214687565 0.5
1954233 214826610 0.5
1954233 214829366 0.5
1954233 214738455 0.5
1954233 214561695 0.5
4485566 214838225 1
4485566 214839973 1
4485566 214836330 0.5
4485566 214819762 0.5
4485566 214837494 0.5
4485566 214821015 0.5
4485566 214839960 0.5
4485566 214828985 0.5
4485566 214829850 0.5
10858944 214854853 1
10858944 214854840 1
10858944 214854836 0.5
5427674 214844342 1
5427674 214844345 1
5427674 214586469 0.5
5427674 214716110 0.5
69166 214581489 1
69166 214718255 1
69166 214705993 0.5
10629597 214854354 1
10629597 214854352 1
10629597 214854536 0.5
10629597 214853113 0.5
8617382 214716928 1
8617382 214717007 1
8617382 214853096 0.5
8617382 214832655 0.5
11338214 214853102 1
11338214 214854782 1
11338214 214864880 0.5
5464553 214835473 1
5464553 214826949 1
5464553 214829280 0.5
5464553 214845380 0.5
5464553 214717286 0.5
5464553 214826833 0.5
5464553 214586743 0.5
5464553 214838094 0.5
5464553 214718385 0.5
5464553 214583670 0.5
5464553 214832023 0.5
5464553 214668185 0.5
5464553 214717850 0.5
5464553 214831965 0.5
9634286 214853454 1
9634286 214853424 1
9634286 214850947 0.5
9634286 214850942 0.5
9634286 214853422 0.5
1479161 214684108 1
1479161 214587317 1
1479161 214819777 0.5
1479161 214826818 0.5
1479161 214718182 0.5
1479161 214709638 0.5
1479161 214743495 0.5
1479161 214717410 0.5
1479161 214561775 0.5
1479161 214574672 0.5
1479161 214640017 0.5
1479161 214828985 0.5
11137534 214854785 1
11137534 214717562 1
11137534 214853992 0.5
11137534 214848986 0.5
5837312 214676377 1
5837312 214820443 1
5837312 214845962 0.5
10080779 214705734 1
10080779 214853454 1
10080779 214848185 0.5
10080779 214850942 0.5
5734179 214849010 1
5734179 214676377 1
5734179 214553257 0.5
5734179 214845971 0.5
5734179 214846117 0.5
5734179 214845965 0.5
6070811 214846067 1
6070811 214844413 1
6070811 214563337 0.5
6070811 214832780 0.5
6070811 214835111 0.5
6070811 214845380 0.5
6070811 214743335 0.5
9081376 214853105 1
9081376 214853096 1
9081376 214853085 0.5
9105502 214853096 1
9105502 214853105 1
9105502 214850771 0.5
9105502 214853085 0.5
9105502 214853094 0.5
9318968 214853454 1
9318968 214820306 1
9318968 214850945 0.5
9318968 214853420 0.5
9318968 214853422 0.5
9318968 214851120 0.5
9318968 214820308 0.5
9318968 214853428 0.5
9503292 214850938 1
9503292 214853702 1
9503292 214849363 0.5
9503292 214853726 0.5
9503292 214853190 0.5
9503292 214851750 0.5
619072 214716939 1
619072 214716984 1
619072 214716977 0.5
6898253 214514259 1
6898253 214839596 1
6898253 214845352 0.5
6898253 214832154 0.5
6898253 214848307 0.5
6898253 214848605 0.5
6898253 214846014 0.5
9679444 214709634 1
9679444 214595139 1
9679444 214725542 0.5
7750244 214551626 1
7750244 214821315 1
7750244 214533022 0.5
10256997 214567327 1
10256997 214567333 1
10256997 214854345 0.5
10256997 214854262 0.5
5227116 214846029 1
5227116 214706428 1
5227116 214711295 0.5
5374577 214844342 1
5374577 214835473 1
5374577 214826949 0.5
5374577 214832747 0.5
5374577 214748336 0.5
5374577 214844345 0.5
5374577 214844347 0.5
5374577 214836924 0.5
5374577 214837918 0.5
4562366 214836956 1
4562366 214838094 1
4562366 214575103 0.5
7553664 214838094 1
7553664 214554950 1
7553664 214684108 0.5
3703433 214826990 1
3703433 214835109 1
3703433 214838227 0.5
3703439 214836932 1
3703439 214678515 1
3703439 214680512 0.5
3703439 214710328 0.5
3703439 214678524 0.5
3703439 214678517 0.5
3703439 214680510 0.5
4059809 214587317 1
4059809 214838098 1
4059809 214835109 0.5
4059809 214833802 0.5
4059809 214845131 0.5
4059809 214838096 0.5
4059809 214821401 0.5
4059809 214838105 0.5
9265826 214838122 1
9265826 214677508 1
9265826 214850332 0.5
8893092 214853165 1
8893092 214706216 1
8893092 214853132 0.5
11154886 214853100 1
11154886 214854840 1
11154886 214853102 0.5
4302961 214839399 1
4302961 214836857 1
4302961 214839973 0.5
4302961 214687565 0.5
4302961 214829102 0.5
4302961 214820402 0.5
4302961 214838105 0.5
4302961 214839962 0.5
2405033 214829878 1
2405033 214829887 1
2405033 214829880 0.5
2405033 214829882 0.5
242358 214821028 1
242358 214821371 1
242358 214706460 0.5
2859703 643078800 1
2859703 214829880 1
2859703 214829882 0.5
2859703 214829885 0.5
2859703 214829878 0.5
5432779 214846029 1
5432779 214540127 1
5432779 214513170 0.5
6357701 214839617 1
6357701 214848950 1
6357701 214845984 0.5
6357701 214846344 0.5
6357701 214601229 0.5
6357701 214828982 0.5
6357701 214836855 0.5
6357701 214826623 0.5
422602 214819468 1
422602 214714901 1
422602 214832657 0.5
422602 214832655 0.5
422602 214716982 0.5
422602 214561991 0.5
6894289 214848849 1
6894289 214851009 1
6894289 214667859 0.5
2261116 214821339 1
2261116 214821302 1
2261116 214533020 0.5
10130727 214853767 1
10130727 214853702 1
10130727 214853713 0.5
7060264 214849292 1
7060264 214854523 1
7060264 214846464 0.5
7060264 214846460 0.5
10666744 214854842 1
10666744 214644320 1
10666744 214854547 0.5
10666744 214849468 0.5
10666744 214853413 0.5
10666744 214854262 0.5
10666744 214705757 0.5
8884986 214850743 1
8884986 214848602 1
8884986 214848997 0.5
8884986 214853094 0.5
8884986 214851013 0.5
5780231 214587697 1
5780231 214839975 1
5780231 214832145 0.5
5780231 214826565 0.5
5780231 214839982 0.5
5780231 214835017 0.5
320268 214826829 1
320268 214826891 1
320268 214819530 0.5
5948178 214846380 1
5948178 214846397 1
5948178 214829720 0.5
11096853 214853102 1
11096853 214854785 1
11096853 214854720 0.5
5616416 214845585 1
5616416 214845583 1
5616416 214543922 0.5
11150128 214853102 1
11150128 214854707 1
11150128 214854840 0.5
11150128 214849132 0.5
11150128 214712242 0.5
11150128 214849100 0.5
11150128 214854774 0.5
7344946 214849738 1
7344946 214849762 1
7344946 214844400 0.5
4825907 214837288 1
4825907 214832147 1
4825907 214835107 0.5
4825907 214839973 0.5
4825907 214676070 0.5
4825907 214836330 0.5
4825907 214832555 0.5
4825907 214708370 0.5
11060033 214853767 1
11060033 214851236 1
11060033 214718385 0.5
11060033 214717562 0.5
11060033 214586743 0.5
11273026 214854716 1
11273026 214854720 1
11273026 214851757 0.5
5645123 214845585 1
5645123 214844347 1
5645123 214845984 0.5
5645123 214844370 0.5
5645123 214836932 0.5
5645123 214846061 0.5
5645123 214845583 0.5
4533729 214845131 1
4533729 214839969 1
4533729 214602733 0.5
4203337 214838105 1
4203337 214838102 1
4203337 214826932 0.5
4203337 214832015 0.5
9769783 214854118 1
9769783 214718169 1
9769783 214718160 0.5
3396429 214835017 1
3396429 214835747 1
3396429 214587712 0.5
3595302 214829885 1
3595302 214831950 1
3595302 214640017 0.5
3595302 214632146 0.5
3595302 214677615 0.5
6136668 214846301 1
6136668 214538820 1
6136668 214851120 0.5
6136668 214845954 0.5
7975773 214853323 1
7975773 214853122 1
7975773 214838505 0.5
7975773 214561775 0.5
7975773 214676306 0.5
7975773 214676342 0.5
7975773 214850743 0.5
7975773 214821022 0.5
1397599 214829334 1
1397599 214829004 1
1397599 214829327 0.5
919697 214837490 1
919697 214837485 1
919697 214837442 0.5
919697 214837487 0.5
1151852 214716926 1
1151852 214819742 1
1151852 214716928 0.5
1151852 214832780 0.5
1151852 214717003 0.5
1151852 214819468 0.5
1151852 214587317 0.5
1151852 214554358 0.5
7410543 214848596 1
7410543 214849766 1
7410543 214835167 0.5
5264243 214844368 1
5264243 214844396 1
5264243 214844400 0.5
5264243 214554450 0.5
8872822 214851326 1
8872822 214853090 1
8872822 214853085 0.5
5665658 214846031 1
5665658 214829739 1
5665658 214846033 0.5
5665658 214836868 0.5
8278916 214685049 1
8278916 214851080 1
8278916 214851161 0.5
8278916 214851234 0.5
8278916 214851587 0.5
8278916 214716746 0.5
10433421 214853102 1
10433421 214853420 1
10433421 214845986 0.5
10433421 214853700 0.5
10433421 214853702 0.5
10433421 214850282 0.5
10433421 214829878 0.5
10433421 214854298 0.5
10433421 214854527 0.5
9941918 214853162 1
9941918 214850949 1
9941918 214535057 0.5
9941918 214850330 0.5
9941918 214853420 0.5
3802034 214844394 1
3802034 214844456 1
3802034 214844439 0.5
6783926 214846385 1
6783926 214580293 1
6783926 214717329 0.5
6628286 214832604 1
6628286 214716707 1
6628286 214571188 0.5
6579702 214848986 1
6579702 214849344 1
6579702 214848658 0.5
6579702 214849046 0.5
6579702 214849022 0.5
279497 214601233 1
279497 214821015 1
279497 214819376 0.5
279497 214839313 0.5
279497 214832559 0.5
10814463 214854853 1
10814463 214854785 1
10814463 214854787 0.5
5448704 214844370 1
5448704 214844396 1
5448704 214748336 0.5
5448704 214844345 0.5
5448704 214844400 0.5
3360256 214820227 1
3360256 214832717 1
3360256 214832128 0.5
3360256 214840483 0.5
3360256 214821285 0.5
3360256 214717742 0.5
3360256 214836847 0.5
3360256 214829878 0.5
3360256 214844439 0.5
3360256 214829880 0.5
3360256 214584092 0.5
7764652 214844394 1
7764652 214844439 1
7764652 214821305 0.5
2884622 214835745 1
2884622 214748293 1
2884622 214718385 0.5
2536468 214829880 1
2536468 214829885 1
2536468 214829882 0.5
2536468 214829878 0.5
8684378 214853096 1
8684378 214853085 1
8684378 214702905 0.5
8684378 214853105 0.5
8983584 214850767 1
8983584 214821313 1
8983584 214551632 0.5
8983584 214844454 0.5
10916902 214854489 1
10916902 214675888 1
10916902 214850758 0.5
5805101 214846065 1
5805101 214554714 1
5805101 214850775 0.5
10978358 214687475 1
10978358 214687845 1
10978358 214846391 0.5
7373882 214840483 1
7373882 214820231 1
7373882 214846033 0.5
255036 214826816 1
255036 214826608 1
255036 214826705 0.5
255036 214826955 0.5
255036 214826801 0.5
8750147 214711269 1
8750147 214850282 1
8750147 214849076 0.5
11015236 214712244 1
11015236 214854707 1
11015236 214853072 0.5
10146888 214510445 1
10146888 214854682 1
10146888 214712242 0.5
6702162 214716707 1
6702162 214832604 1
6702162 214716710 0.5
960014 214839600 1
960014 214829321 1
960014 214832780 0.5
960014 214706102 0.5
9688153 214846029 1
9688153 214829880 1
9688153 214846033 0.5
9932986 214853730 1
9932986 214853767 1
9932986 214853707 0.5
7361633 214849082 1
7361633 214827022 1
7361633 214821305 0.5
7361633 214774682 0.5
7361633 214687475 0.5
7361633 214641412 0.5
1373287 214829038 1
1373287 214842555 1
1373287 214536954 0.5
1320468 214832717 1
1320468 214829705 1
1320468 214841640 0.5
1320468 214826803 0.5
1320468 214584907 0.5
1320468 214553855 0.5
10630269 214567327 1
10630269 214853732 1
10630269 214854510 0.5
10630269 214567333 0.5
10630269 214854358 0.5
7365758 214848384 1
7365758 214561775 1
7365758 214835167 0.5
7365758 214850765 0.5
7365758 214848845 0.5
2323587 214826979 1
2323587 214548744 1
2323587 214553936 0.5
3998852 214838227 1
3998852 214835167 1
3998852 214748336 0.5
3998852 214829762 0.5
3998852 214836926 0.5
3998852 214836870 0.5
3834052 214836330 1
3834052 214835469 1
3834052 214835109 0.5
3834052 214573350 0.5
3834052 214826990 0.5
3834052 214838225 0.5
3834052 214838227 0.5
3834052 214832023 0.5
3834052 214651517 0.5
3834052 214836926 0.5
5108891 214835137 1
5108891 214845131 1
5108891 214827032 0.5
4351132 214832145 1
4351132 214839587 1
4351132 214819760 0.5
4351132 214587697 0.5
4351132 214839932 0.5
4351132 214600492 0.5
9282717 214579875 1
9282717 214854172 1
9282717 214850790 0.5
9282717 214853865 0.5
9282717 214853227 0.5
9282717 214844400 0.5
9282717 214853075 0.5
9282717 214851097 0.5
9282717 214839962 0.5
3835041 214835167 1
3835041 214835109 1
3835041 214559672 0.5
3835041 214829765 0.5
119971 214716939 1
119971 214832653 1
119971 214716984 0.5
119971 214716937 0.5
119971 214717005 0.5
119971 214716926 0.5
119971 214716977 0.5
9389221 214853420 1
9389221 214850366 1
9389221 214850947 0.5
9389221 214850949 0.5
2860207 214829878 1
2860207 214829887 1
2860207 214831946 0.5
11150517 214855016 1
11150517 214714755 1
11150517 214854733 0.5
2950326 214829100 1
2950326 214831940 1
2950326 214835503 0.5
2950326 214718220 0.5
2950326 214832559 0.5
8072463 214850936 1
8072463 214845583 1
8072463 214850760 0.5
8072463 214573305 0.5
8072463 214676306 0.5
8072463 214543922 0.5
8072463 214850743 0.5
1754301 214602806 1
1754301 214834880 1
1754301 214829865 0.5
1754301 214691390 0.5
1754301 214826668 0.5
1754301 214821317 0.5
1754301 214554510 0.5
8239989 214716714 1
8239989 214851131 1
8239989 214851028 0.5
5690561 214846014 1
5690561 214846033 1
5690561 214829880 0.5
5690561 214831946 0.5
5690561 214829878 0.5
5690561 214829887 0.5
11072706 214551626 1
11072706 214853102 1
11072706 214684730 0.5
6997188 214819772 1
6997188 214718207 1
6997188 214848330 0.5
2117836 214553580 1
2117836 214641967 1
2117836 214561558 0.5
3437778 214832128 1
3437778 214832126 1
3437778 214826563 0.5
3437778 214832124 0.5
3437778 214835107 0.5
3437778 214836847 0.5
6513886 214848950 1
6513886 214844398 1
6513886 214844400 0.5
6513886 214846479 0.5
11470049 214853102 1
11470049 214854785 1
11470049 214864880 0.5
9988987 214850762 1
9988987 214851281 1
9988987 214850758 0.5
6681829 214848658 1
6681829 214848849 1
6681829 214849185 0.5
6681829 214849179 0.5
357609 214820261 1
357609 214820233 1
357609 214839752 0.5
357609 214841006 0.5
7091438 214848849 1
7091438 214849312 1
7091438 214826990 0.5
3533011 214832126 1
3533011 214832128 1
3533011 214829799 0.5
5301497 214651517 1
5301497 214839967 1
5301497 214826833 0.5
8824063 214853160 1
8824063 214853130 1
8824063 214843494 0.5
2069766 214834997 1
2069766 214748304 1
2069766 214748291 0.5
11253009 214853100 1
11253009 214854785 1
11253009 214714755 0.5
4594563 214845131 1
4594563 214839971 1
4594563 214839969 0.5
4594563 214839973 0.5
4594563 214837494 0.5
4594563 214839965 0.5
5117486 214842735 1
5117486 214840091 1
5117486 214845380 0.5
5117486 214839973 0.5
5117486 214743335 0.5
5117486 214826990 0.5
5117486 214819760 0.5
5117486 214845457 0.5
5117486 214561695 0.5
5117486 214835109 0.5
10962203 214853100 1
10962203 214864880 1
10962203 214854860 0.5
4637986 214745312 1
4637986 214848178 1
4637986 214748336 0.5
7636259 214716986 1
7636259 214716984 1
7636259 214717003 0.5
7636259 214717867 0.5
7636259 214717007 0.5
7636259 214832653 0.5
7636259 214832655 0.5
46374 214534736 1
46374 214840415 1
46374 214821017 0.5
2717917 214831959 1
2717917 214826977 1
2717917 214687852 0.5
2717917 214835124 0.5
2717917 214835111 0.5
2647346 214829878 1
2647346 214831948 1
2647346 214569714 0.5
7931187 214850771 1
7931187 214850938 1
7931187 214747359 0.5
7931187 214850743 0.5
2155838 214831931 1
2155838 214819430 1
2155838 214686082 0.5
2155838 214829666 0.5
2155838 214831959 0.5
8611144 214573350 1
8611144 214849102 1
8611144 214651517 0.5
5154131 214845356 1
5154131 214826833 1
5154131 214845577 0.5
5154131 214829878 0.5
3253598 214748291 1
3253598 214836795 1
3253598 214826938 0.5
4609379 214847261 1
4609379 214847255 1
4609379 214837494 0.5
4609379 214839975 0.5
8758547 214853265 1
8758547 214842474 1
8758547 214836536 0.5
5977451 214846380 1
5977451 214846397 1
5977451 214848315 0.5
5977451 214829006 0.5
10265964 214854300 1
10265964 214854534 1
10265964 214851748 0.5
4134253 214712235 1
4134253 214839594 1
4134253 214744258 0.5
6903171 214846033 1
6903171 214832015 1
6903171 214829878 0.5
7607693 214844454 1
7607693 214551607 1
7607693 214551632 0.5
7607693 214844394 0.5
7607693 214844458 0.5
7607693 214844439 0.5
7312782 214702931 1
7312782 214649730 1
7312782 214848300 0.5
8230291 214849404 1
8230291 214829765 1
8230291 214708037 0.5
8230291 214849406 0.5
6792599 214849318 1
6792599 214849322 1
6792599 214849179 0.5
6792599 214849342 0.5
8959393 214545879 1
8959393 214853105 1
8959393 214853096 0.5
8959393 214691531 0.5
8959393 214853085 0.5
3823174 214836924 1
3823174 214835167 1
3823174 214829765 0.5
7357872 214850310 1
7357872 214850282 1
7357872 214849796 0.5
9794993 214853865 1
9794993 214854155 1
9794993 214854146 0.5
9794993 214853996 0.5
9794993 214853413 0.5
2966969 214835132 1
2966969 214826844 1
2966969 214829390 0.5
1877434 214834873 1
1877434 214821317 1
1877434 214601233 0.5
1877434 214706102 0.5
1877434 214829321 0.5
4941914 214844394 1
4941914 214844439 1
4941914 214612708 0.5
1189334 214821315 1
1189334 214821302 1
1189334 214821305 0.5
1189334 214533026 0.5
1189334 214586711 0.5
7648729 214851120 1
7648729 214853173 1
7648729 214853177 0.5
7648729 214853437 0.5
3315168 214820452 1
3315168 214831974 1
3315168 214711280 0.5
3315168 214829715 0.5
9123301 214853094 1
9123301 214853105 1
9123301 214853096 0.5
3184102 214829392 1
3184102 214820274 1
3184102 214839740 0.5
3184102 214844932 0.5
3184102 214685782 0.5
9729518 214850945 1
9729518 214853454 1
9729518 214853420 0.5
9729518 214850949 0.5
4298254 214587712 1
4298254 214835017 1
4298254 214600492 0.5
9950736 214853707 1
9950736 214853767 1
9950736 214853698 0.5
9303581 214853109 1
9303581 214853111 1
9303581 214849010 0.5
9303581 214853130 0.5
1664546 214583947 1
1664546 214834877 1
1664546 214829387 0.5
1664546 214725532 0.5
1664546 214548103 0.5
796206 214748300 1
796206 214753513 1
796206 214748338 0.5
7214643 214748295 1
7214643 214850679 1
7214643 214748291 0.5
5741443 214846001 1
5741443 214800264 1
5741443 214587712 0.5
5741443 214839969 0.5
5741443 214603138 0.5
5741443 214835747 0.5
5741443 214848997 0.5
5741443 214835017 0.5
5741443 214836330 0.5
5741443 214846007 0.5
5741443 214832780 0.5
5741443 214842733 0.5
5741443 214748336 0.5
5741443 214838225 0.5
5741443 214829878 0.5
5741443 214845984 0.5
5741443 214695482 0.5
5741443 214845917 0.5
5741443 214839973 0.5
5973578 214846012 1
5973578 214845131 1
5973578 214839973 0.5
5973578 214849001 0.5
5973578 214846029 0.5
5973578 214851090 0.5
5973578 214846007 0.5
5973578 214845917 0.5
5973578 214845887 0.5
138168 214821309 1
138168 214586711 1
138168 214821341 0.5
138168 214840415 0.5
9008724 214853132 1
9008724 214853242 1
9008724 214853225 0.5
9008724 214853237 0.5
9008724 214851750 0.5
3985678 214826662 1
3985678 214831967 1
3985678 214829385 0.5
3067512 214844439 1
3067512 214844394 1
3067512 214844456 0.5
3067512 214844454 0.5
2745963 214829079 1
2745963 214820227 1
2745963 214821285 0.5
10453949 214854579 1
10453949 214854534 1
10453949 214567333 0.5
10453949 214854547 0.5
10453949 214854262 0.5
10453949 214819577 0.5
10453949 214854075 0.5
10453949 214854300 0.5
5981827 214835426 1
5981827 214835428 1
5981827 214846415 0.5
5981827 214845887 0.5
2184839 214820377 1
2184839 214584992 1
2184839 214840595 0.5
7480969 214850932 1
7480969 214850700 1
7480969 214829797 0.5
7480969 214826623 0.5
984718 214829321 1
984718 214820345 1
984718 214821296 0.5
984718 214833800 0.5
984718 214748336 0.5
8160911 214853105 1
8160911 214853096 1
8160911 214851326 0.5
10450583 214687475 1
10450583 214854583 1
10450583 214846391 0.5
3733151 214836932 1
3733151 214835109 1
3733151 214829762 0.5
7943846 214846110 1
7943846 214835462 1
7943846 214845585 0.5
7943846 214577025 0.5
7943846 214561434 0.5
7943846 214600492 0.5
7943846 214826953 0.5
3720884 214832021 1
3720884 214829773 1
3720884 214829745 0.5
10819256 214853424 1
10819256 214854853 1
10819256 214850368 0.5
3135184 214834867 1
3135184 214835019 1
3135184 214609325 0.5
3135184 214819382 0.5
3135184 214826565 0.5
7898744 214837494 1
7898744 214850790 1
7898744 214849312 0.5
7898744 214851097 0.5
7898744 214846110 0.5
7898744 214829366 0.5
7898744 214848997 0.5
939733 214826705 1
939733 214833800 1
939733 214835940 0.5
8611548 214853094 1
8611548 214853248 1
8611548 214852978 0.5
10032863 214853996 1
10032863 214854118 1
10032863 214854060 0.5
10032863 214853846 0.5
5671888 214829880 1
5671888 214829882 1
5671888 214845954 0.5
5671888 214846012 0.5
5671888 214846031 0.5
5854948 214848328 1
5854948 214846535 1
5854948 214848832 0.5
5854948 214839973 0.5
5854948 214714794 0.5
5854948 214844398 0.5
5854948 214846127 0.5
5854948 214827005 0.5
10372837 214854583 1
10372837 214687475 1
10372837 214854860 0.5
4998892 214712132 1
4998892 214839311 1
4998892 214835137 0.5
4998892 214839956 0.5
4998892 214687785 0.5
10343379 214853420 1
10343379 214850945 1
10343379 214849076 0.5
11306744 214829880 1
11306744 214829887 1
11306744 214855016 0.5
50959 214821015 1
50959 214821017 1
50959 214821022 0.5
10295058 214854352 1
10295058 214854577 1
10295058 214853848 0.5
10295058 214573305 0.5
10295058 214854354 0.5
10295058 214554675 0.5
8832788 214853077 1
8832788 214852980 1
8832788 214853248 0.5
10510507 214834897 1
10510507 214717625 1
10510507 214717721 0.5
4907312 214836857 1
4907312 214845577 1
4907312 214845352 0.5
5965618 214846033 1
5965618 214846014 1
5965618 214846029 0.5
1825758 214829852 1
1825758 214748336 1
1825758 214819721 0.5
8632136 214716746 1
8632136 214716654 1
8632136 214851028 0.5
8632136 214716671 0.5
6657872 214848658 1
6657872 214849022 1
6657872 214849046 0.5
8615766 214851161 1
8615766 214716746 1
8615766 214851080 0.5
8615766 214684845 0.5
4917094 214714757 1
4917094 214829792 1
4917094 214712237 0.5
10856298 214686879 1
10856298 214686864 1
10856298 214853381 0.5
5994364 214849252 1
5994364 214846127 1
5994364 214846001 0.5
5994364 214667970 0.5
5994364 214846479 0.5
5994364 214845917 0.5
5994364 214846415 0.5
6985607 214849312 1
6985607 214849344 1
6985607 214849292 0.5
6985607 214849132 0.5
4724621 214848729 1
4724621 214602598 1
4724621 214839960 0.5
4724621 214836857 0.5
6015592 214846417 1
6015592 214846432 1
6015592 214846466 0.5
4167586 214838107 1
4167586 214838096 1
4167586 214839587 0.5
4167586 214831944 0.5
4167586 214820402 0.5
4167586 214838102 0.5
4167586 214838105 0.5
4167586 214834873 0.5
3626917 214835109 1
3626917 214836924 1
3626917 214561402 0.5
3626917 214838227 0.5
3626917 214836932 0.5
3626917 214835167 0.5
4481352 214632272 1
4481352 214718169 1
4481352 214831970 0.5
4481352 214642787 0.5
4481352 214538820 0.5
4481352 214821022 0.5
2779068 214831940 1
2779068 214644317 1
2779068 214708044 0.5
8378303 214716581 1
8378303 214851028 1
8378303 214696897 0.5
8378303 214851238 0.5
9213889 214574777 1
9213889 214829822 1
9213889 214700990 0.5
10772811 214854583 1
10772811 214853700 1
10772811 214853732 0.5
10772811 214853735 0.5
10772811 214561775 0.5
10772811 214853713 0.5
10772811 214680467 0.5
10772811 214850743 0.5
10772811 214853724 0.5
724546 214826608 1
724546 214821277 1
724546 214826801 0.5
724546 214821298 0.5
10162508 214567327 1
10162508 214567333 1
10162508 214854262 0.5
288723 214718160 1
288723 214688098 1
288723 214821024 0.5
4155348 214831970 1
4155348 214819772 1
4155348 214826816 0.5
4102101 214829100 1
4102101 214553700 1
4102101 214839587 0.5
4102101 214710152 0.5
4102101 214832780 0.5
4102101 214613645 0.5
4102101 214748336 0.5
4102101 214832023 0.5
4102101 214838137 0.5
10869768 214854853 1
10869768 214864880 1
10869768 214834869 0.5
10905564 214855016 1
10905564 214714715 1
10905564 214854800 0.5
1058782 214829321 1
1058782 214834877 1
1058782 214839600 0.5
1058782 214800272 0.5
1058782 214832780 0.5
10442723 214854300 1
10442723 214854547 1
10442723 214853113 0.5
8654502 214853248 1
8654502 214853094 1
8654502 214853085 0.5
7423657 214575193 1
7423657 214849747 1
7423657 214849753 0.5
10582024 214716924 1
10582024 214774676 1
10582024 214574777 0.5
10582024 214820214 0.5
5019666 214840082 1
5019666 214829878 1
5019666 214844409 0.5
5019666 214826822 0.5
9857054 214853090 1
9857054 214851326 1
9857054 214853077 0.5
1001517 214685424 1
1001517 214685743 1
1001517 214685422 0.5
1894464 214551917 1
1894464 214556477 1
1894464 214568090 0.5
1894464 214553863 0.5
3168337 214835017 1
3168337 214835747 1
3168337 214837882 0.5
9123933 214853195 1
9123933 214748300 1
9123933 214853227 0.5
9123933 214748293 0.5
8302778 214850747 1
8302778 214851122 1
8302778 214851236 0.5
5159014 214845581 1
5159014 214845577 1
5159014 214845352 0.5
5892209 214846031 1
5892209 214846029 1
5892209 214846033 0.5
10766451 214854159 1
10766451 214853677 1
10766451 214851714 0.5
10856564 214853105 1
10856564 214853096 1
10856564 214853085 0.5
1128126 214835743 1
1128126 214829004 1
1128126 214840483 0.5
7108737 214849327 1
7108737 214849132 1
7108737 214712242 0.5
7108737 214510447 0.5
10369159 214567329 1
10369159 214567333 1
10369159 214684785 0.5
10369159 214854075 0.5
10369159 214854262 0.5
10369159 214567327 0.5
4651146 214834877 1
4651146 214826990 1
4651146 214826610 0.5
4651146 214821410 0.5
4651146 214573277 0.5
10332306 214853094 1
10332306 214853428 1
10332306 214852978 0.5
7032516 214667857 1
7032516 214556025 1
7032516 214829387 0.5
7032516 214844340 0.5
7032516 214838227 0.5
428189 214601040 1
428189 214601042 1
428189 214820415 0.5
6854823 214684702 1
6854823 214743515 1
6854823 214676593 0.5
6854823 214712237 0.5
6248617 214684108 1
6248617 214848746 1
6248617 214848324 0.5
9681068 214533022 1
9681068 214850945 1
9681068 214851313 0.5
9681068 214849012 0.5
8104128 214851150 1
8104128 214851294 1
8104128 214846391 0.5
7726503 214850304 1
7726503 214850936 1
7726503 214557223 0.5
850118 214821313 1
850118 214821315 1
850118 214821300 0.5
10512583 214854547 1
10512583 214854300 1
10512583 214854579 0.5
10512583 214854534 0.5
1923273 214831948 1
1923273 214829878 1
1923273 214832722 0.5
1943763 214829666 1
1943763 214821397 1
1943763 214829664 0.5
1943763 214835750 0.5
1943763 214829385 0.5
1943763 214832722 0.5
1943763 214829657 0.5
1943763 214835002 0.5
1943763 214829660 0.5
5621973 214846479 1
5621973 214848185 1
5621973 214846061 0.5
4929756 214836536 1
4929756 214840091 1
4929756 214646651 0.5
3041513 214829668 1
3041513 214552385 1
3041513 214587705 0.5
3041513 214612940 0.5
7915768 214850771 1
7915768 214850938 1
7915768 214850743 0.5
2676987 214829880 1
2676987 214829887 1
2676987 214829882 0.5
2676987 214831957 0.5
10041596 214853460 1
10041596 214850291 1
10041596 214853353 0.5
10041596 214853402 0.5
10041596 214853428 0.5
10041596 214829885 0.5
2576087 214829887 1
2576087 214829880 1
2576087 214829882 0.5
2576087 214831946 0.5
2576087 214829878 0.5
6499262 214848982 1
6499262 214848845 1
6499262 214849012 0.5
11540764 214854785 1
11540764 214853102 1
11540764 214854819 0.5
9218339 214837442 1
9218339 214853195 1
9218339 214837483 0.5
9439623 214853420 1
9439623 214850942 1
9439623 214835004 0.5
9439623 214853402 0.5
9439623 214853340 0.5
3074349 214832730 1
3074349 214840584 1
3074349 214587547 0.5
3840308 214826990 1
3840308 214836932 1
3840308 214836924 0.5
3840308 214612687 0.5
8157493 214851294 1
8157493 214851150 1
8157493 214556563 0.5
1218871 214828970 1
1218871 214557262 1
1218871 214567331 0.5
1218871 214576755 0.5
1218871 214644605 0.5
8347359 214716984 1
8347359 214716982 1
8347359 214832655 0.5
6067254 214846385 1
6067254 214580293 1
6067254 214545930 0.5
10710753 214849314 1
10710753 214849230 1
10710753 214850792 0.5
10710753 214613705 0.5
10710753 214561775 0.5
10710753 214684725 0.5
10710753 214853113 0.5
10710753 214853855 0.5
10710753 214851317 0.5
4475212 214842735 1
4475212 214831970 1
4475212 214836851 0.5
4475212 214829100 0.5
4475212 214538591 0.5
39247 214821277 1
39247 214821292 1
39247 214826801 0.5
6367568 214848982 1
6367568 214848971 1
6367568 214848692 0.5
8837457 214853130 1
8837457 214677830 1
8837457 214853109 0.5
10955111 214859139 1
10955111 214857830 1
10955111 214854830 0.5
7272811 214700000 1
7272811 214839594 1
7272811 214850315 0.5
7272811 214712235 0.5
6408558 214848982 1
6408558 214829394 1
6408558 214846530 0.5
6408558 214845356 0.5
6408558 214844398 0.5
6408558 214820402 0.5
6408558 214849076 0.5
6408558 214829878 0.5
6408558 214839607 0.5
6408558 214838105 0.5
3983738 214838227 1
3983738 214835109 1
3983738 214839600 0.5
3983738 214821401 0.5
4454794 214701787 1
4454794 214514267 1
4454794 214514293 0.5
375186 214826829 1
375186 214826891 1
375186 214553855 0.5
9386388 214854152 1
9386388 214854125 1
9386388 214853707 0.5
747934 214821392 1
747934 214821335 1
747934 214748336 0.5
747934 214820392 0.5
747934 214832780 0.5
747934 214586694 0.5
747934 214839600 0.5
2578852 214831948 1
2578852 214829878 1
2578852 214829887 0.5
5065127 214840091 1
5065127 214832156 1
5065127 214837280 0.5
5065127 214839971 0.5
5065127 214838092 0.5
5065127 214845806 0.5
5065127 214838094 0.5
10951068 214835000 1
10951068 214854857 1
10951068 214857204 0.5
10852778 214854782 1
10852778 214853102 1
10852778 214854819 0.5
5904114 214510445 1
5904114 214510460 1
5904114 214846460 0.5
3959214 214835109 1
3959214 214836932 1
3959214 214838227 0.5
3283386 214842555 1
3283386 214820272 1
3283386 643078800 0.5
3283386 214829083 0.5
10779072 214844394 1
10779072 214844462 1
10779072 214844452 0.5
764357 214714717 1
764357 214712278 1
764357 214696830 0.5
4118984 214826816 1
4118984 214829672 1
4118984 214829668 0.5
9698354 214849286 1
9698354 214853996 1
9698354 214717867 0.5
9698354 214643036 0.5
9698354 214853413 0.5
9698354 214838094 0.5
9698354 214854159 0.5
8190416 214688006 1
8190416 214851101 1
8190416 214548885 0.5
8190416 214829398 0.5
8190416 214838263 0.5
1219033 214829085 1
1219033 214829079 1
1219033 214716667 0.5
3822674 214829765 1
3822674 214718216 1
3822674 214836512 0.5
3822674 214835167 0.5
2603503 214831948 1
2603503 214829878 1
2603503 214829880 0.5
7383538 214850330 1
7383538 214645963 1
7383538 214535057 0.5
11295224 214832600 1
11295224 214571413 1
11295224 214857182 0.5
3647993 214835167 1
3647993 214829765 1
3647993 214826938 0.5
2365952 214821302 1
2365952 214821305 1
2365952 214844439 0.5
3229421 214835120 1
3229421 214552682 1
3229421 214557607 0.5
3229421 214684702 0.5
3229421 214511015 0.5
1952261 214829657 1
1952261 214829385 1
1952261 214819760 0.5
1952261 214834880 0.5
1952261 214819762 0.5
7612938 214851097 1
7612938 214851315 1
7612938 214851073 0.5
7612938 214844347 0.5
8915468 214819412 1
8915468 214851155 1
8915468 214686857 0.5
8915468 214509401 0.5
8280589 214844439 1
8280589 214853122 1
8280589 214844394 0.5
4155922 214832012 1
4155922 214839594 1
4155922 214829769 0.5
4155922 214744258 0.5
4155922 214602605 0.5
1214996 214844267 1
1214996 214839322 1
1214996 214717877 0.5
10316309 214853162 1
10316309 214850677 1
10316309 214586572 0.5
3791383 214821305 1
3791383 214844458 1
3791383 214844456 0.5
6101529 214840584 1
6101529 214842555 1
6101529 214820272 0.5
9599518 214853420 1
9599518 214850947 1
9599518 214553810 0.5
9599518 214851750 0.5
92714 214820400 1
92714 214820402 1
92714 214800272 0.5
92714 214826872 0.5
92714 214828867 0.5
92714 214687852 0.5
92714 214706102 0.5
11385396 214850949 1
11385396 214853422 1
11385396 214829880 0.5
11385396 214829882 0.5
11385396 214845579 0.5
11385396 214829878 0.5
1579576 214821302 1
1579576 214821305 1
1579576 214718385 0.5
5286459 214845585 1
5286459 214844370 1
5286459 214835012 0.5
5286459 214829765 0.5
5286459 214835167 0.5
2108514 214567095 1
2108514 214540127 1
2108514 214700002 0.5
2108514 214544355 0.5
2108514 214550060 0.5
2108514 214712237 0.5
10644047 214690809 1
10644047 214854358 1
10644047 214854354 0.5
1972822 214712126 1
1972822 214711280 1
1972822 214834880 0.5
4258396 214838098 1
4258396 214838105 1
4258396 214838107 0.5
4258396 214838102 0.5
6531678 214845980 1
6531678 214712237 1
6531678 214846029 0.5
6531678 214829887 0.5
11541102 214854774 1
11541102 214854857 1
11541102 214854356 0.5
11541102 214853102 0.5
10467952 214567215 1
10467952 214567329 1
10467952 214854268 0.5
10902137 214854782 1
10902137 214845581 1
10902137 214854840 0.5
10902137 214853102 0.5
4701973 214820233 1
4701973 214820261 1
4701973 214820231 0.5
9104491 214853096 1
9104491 214853105 1
9104491 214852980 0.5
9104491 214853077 0.5
9104491 214853094 0.5
7584391 214850743 1
7584391 214850936 1
7584391 214851097 0.5
7584391 214559259 0.5
7584391 214850790 0.5
7584391 214849239 0.5
10898063 214864880 1
10898063 214853100 1
10898063 214853102 0.5
10201749 214854075 1
10201749 214853887 1
10201749 214718169 0.5
6134429 214849072 1
6134429 214586443 1
6134429 214846010 0.5
6134429 214845135 0.5
4799148 214839356 1
4799148 214821339 1
4799148 214839592 0.5
1317551 214712126 1
1317551 214711280 1
1317551 214829387 0.5
3758791 214718199 1
3758791 214826990 1
3758791 214559672 0.5
3758791 214829769 0.5
3758791 214582378 0.5
3758791 214836795 0.5
3758791 214829773 0.5
10304206 214853096 1
10304206 214853105 1
10304206 214853077 0.5
10304206 214853085 0.5
4123347 214835475 1
4123347 214748336 1
4123347 214839587 0.5
1080033 214537967 1
1080033 214534907 1
1080033 214718385 0.5
10910438 214853102 1
10910438 214854782 1
10910438 214716977 0.5
10910438 214544357 0.5
6965992 214848952 1
6965992 214848941 1
6965992 214848945 0.5
6965992 214848954 0.5
6965992 214849020 0.5
6965992 214849022 0.5
9525998 214853865 1
9525998 214854146 1
9525998 214851073 0.5
9525998 214853730 0.5
8751873 214851146 1
8751873 214743515 1
8751873 214712237 0.5
8751873 214848159 0.5
3214114 214832126 1
3214114 214836851 1
3214114 214832128 0.5
3214114 214835002 0.5
3214114 214835107 0.5
5270307 214844368 1
5270307 214840415 1
5270307 214716118 0.5
5270307 214836830 0.5
9243429 214744258 1
9243429 214716986 1
9243429 214743515 0.5
10361658 214854853 1
10361658 214854840 1
10361658 214853428 0.5
10361658 214853420 0.5
10361658 214853454 0.5
10361658 214853422 0.5
10361658 214850287 0.5
6765381 214718387 1
6765381 214848986 1
6765381 214826874 0.5
6765381 214554675 0.5
2456392 214831959 1
2456392 214829878 1
2456392 214826977 0.5
8530763 214573350 1
8530763 214849404 1
8530763 214849406 0.5
10214221 214853096 1
10214221 214853105 1
10214221 214853085 0.5
8743761 214717007 1
8743761 214832653 1
8743761 214717003 0.5
4602714 214839965 1
4602714 214839962 1
4602714 214836956 0.5
4602714 214821407 0.5
5102427 214540125 1
5102427 214717515 1
5102427 214819627 0.5
5102427 214819395 0.5
5102427 214717507 0.5
5102427 214676570 0.5
5102427 214743350 0.5
4254561 214832012 1
4254561 214831942 1
4254561 214838098 0.5
8452976 214851131 1
8452976 214716746 1
8452976 214716714 0.5
8452976 214851028 0.5
8452976 214851165 0.5
10328947 214854547 1
10328947 214853724 1
10328947 214854545 0.5
10328947 214853698 0.5
10328947 214854300 0.5
10328947 214853735 0.5
2916841 214835132 1
2916841 214837916 1
2916841 214821300 0.5
2916841 214837918 0.5
6450043 214846412 1
6450043 214846479 1
6450043 214839967 0.5
7289749 214853177 1
7289749 214853758 1
7289749 214828882 0.5
760732 214684702 1
760732 214743515 1
760732 214600989 0.5
760732 214712237 0.5
760732 214511015 0.5
8238917 214848178 1
8238917 214848176 1
8238917 214853132 0.5
8238917 214851317 0.5
8238917 214853222 0.5
3812259 214836924 1
3812259 214829771 1
3812259 214836947 0.5
3197861 214821341 1
3197861 214821305 1
3197861 214612704 0.5
3197861 214844394 0.5
10329001 214854300 1
10329001 214854579 1
10329001 214854352 0.5
1235887 214828982 1
1235887 214587317 1
1235887 214839600 0.5
1235887 214601233 0.5
1235887 214586743 0.5
1235887 214667921 0.5
5401521 214844368 1
5401521 214844396 1
5401521 214844400 0.5
5401521 214844402 0.5
2964406 214826818 1
2964406 214826895 1
2964406 214709638 0.5
2497464 214612704 1
2497464 214551626 1
2497464 214533026 0.5
7494592 214850771 1
7494592 214850938 1
7494592 214561475 0.5
7494592 214561485 0.5
9014211 214853090 1
9014211 214851326 1
9014211 214853096 0.5
9014211 214853077 0.5
2968517 214829882 1
2968517 214829878 1
2968517 214829885 0.5
2989004 214829878 1
2989004 214829887 1
2989004 214829880 0.5
2599893 214831948 1
2599893 214829878 1
2599893 214829880 0.5
7850967 214821315 1
7850967 214855185 1
7850967 214716932 0.5
7850967 214533022 0.5
7973854 214821315 1
7973854 214533022 1
7973854 214573305 0.5
457698 214826625 1
457698 214826900 1
457698 214664919 0.5
4446033 214832147 1
4446033 214832128 1
4446033 214832126 0.5
3914736 214836932 1
3914736 214836924 1
3914736 214838227 0.5
3914736 214839932 0.5
3914736 214835109 0.5
3914736 214835167 0.5
3914736 214829765 0.5
9645042 214854172 1
9645042 214850790 1
9645042 214853865 0.5
9645042 214839962 0.5
9645042 214853413 0.5
9645042 214853702 0.5
7834623 214600492 1
7834623 214832792 1
7834623 214716641 0.5
7834623 214537541 0.5
7834623 214850630 0.5
7834623 214718385 0.5
8195074 214848845 1
8195074 214835042 1
8195074 214574672 0.5
8195074 214849012 0.5
8195074 214836924 0.5
8195074 214585547 0.5
8195074 214836932 0.5
871434 214837487 1
871434 214819577 1
871434 214821032 0.5
871434 214709634 0.5
10509323 214853698 1
10509323 214854538 1
10509323 214714779 0.5
10509323 214849020 0.5
5630989 214710101 1
5630989 214845418 1
5630989 214826833 0.5
5630989 214849059 0.5
5630989 214848990 0.5
7547922 214850771 1
7547922 214850743 1
7547922 214850765 0.5
5590041 214846447 1
5590041 214849001 1
5590041 214835745 0.5
5590041 214846007 0.5
6220829 214848337 1
6220829 214845971 1
6220829 214846530 0.5
6220829 214709702 0.5
6220829 214848656 0.5
6220829 214582200 0.5
6220829 214844345 0.5
6220829 214834877 0.5
10198192 214853702 1
10198192 214853713 1
10198192 214853700 0.5
10198192 214853767 0.5
3189796 214826990 1
3189796 214836932 1
3189796 214829762 0.5
3189796 214838227 0.5
11033642 214832604 1
11033642 214851131 1
11033642 214851165 0.5
7998509 214851581 1
7998509 214848658 1
7998509 214819721 0.5
7998509 214846061 0.5
7998509 214851287 0.5
5826397 214845962 1
5826397 214846119 1
5826397 214586443 0.5
5826397 214849010 0.5
5826397 214845971 0.5
5826397 214676377 0.5
5826397 214832019 0.5
5826397 214848990 0.5
3402802 214716971 1
3402802 214829882 1
3402802 214716973 0.5
3402802 214829885 0.5
5860406 214837918 1
5860406 214534993 1
5860406 214535102 0.5
8936503 214851238 1
8936503 214711029 1
8936503 214688115 0.5
8936503 214819412 0.5
8936503 214845395 0.5
1227834 214829321 1
1227834 214832780 1
1227834 214840775 0.5
7445564 214849807 1
7445564 214849352 1
7445564 214849355 0.5
7445564 214577340 0.5
7445564 214850295 0.5
6236731 214832604 1
6236731 214716707 1
6236731 214848832 0.5
9252751 214850947 1
9252751 214850949 1
9252751 214845579 0.5
9252751 214846031 0.5
9252751 214851090 0.5
9252751 214826835 0.5
9252751 214838107 0.5
9252751 214684734 0.5
2448472 214829878 1
2448472 214831946 1
2448472 214829887 0.5
10423387 214716654 1
10423387 214513284 1
10423387 214513170 0.5
4578399 214826942 1
4578399 214831970 1
4578399 214826737 0.5
4127842 214838102 1
4127842 214632146 1
4127842 214839960 0.5
4127842 214832145 0.5
4127842 214831948 0.5
3677284 214829771 1
3677284 214836870 1
3677284 214829773 0.5
4422772 214836926 1
4422772 214835017 1
4422772 214826565 0.5
4422772 214602598 0.5
4422772 214839975 0.5
4422772 214820392 0.5
4422772 214826908 0.5
4422772 214587697 0.5
4422772 214821401 0.5
4422772 214837882 0.5
4422772 214839932 0.5
4975733 214837288 1
4975733 214837286 1
4975733 214838092 0.5
1895542 214829670 1
1895542 214826666 1
1895542 214826662 0.5
3632252 214820261 1
3632252 214820233 1
3632252 214829079 0.5
5852291 214846061 1
5852291 214718385 1
5852291 214819721 0.5
5852291 214845887 0.5
5852291 214743495 0.5
838803 214821305 1
838803 214821302 1
838803 214832653 0.5
969876 214711029 1
969876 214690747 1
969876 214576890 0.5
9432218 214853420 1
9432218 214850949 1
9432218 214853422 0.5
560293 214717005 1
560293 214819357 1
560293 214716928 0.5
560293 214717003 0.5
560293 214535653 0.5
560293 214717007 0.5
5029033 214835070 1
5029033 214835064 1
5029033 214844368 0.5
7834823 214774659 1
7834823 214847649 1
7834823 214850726 0.5
7834823 214774687 0.5
9645232 214850947 1
9645232 214853420 1
9645232 214850942 0.5
9645232 214853422 0.5
6773946 214848952 1
6773946 214848954 1
6773946 214706214 0.5
6773946 214848849 0.5
6773946 214848945 0.5
6773946 214848947 0.5
6773946 214849020 0.5
6773946 214849022 0.5
9433107 214853420 1
9433107 214850945 1
9433107 214853154 0.5
9433107 214850947 0.5
9433107 214850942 0.5
7945411 214842553 1
7945411 214821313 1
7945411 214684721 0.5
7945411 214844454 0.5
3652807 214839341 1
3652807 214845127 1
3652807 214645618 0.5
3652807 214837877 0.5
6663369 214842733 1
6663369 214711205 1
6663369 214846085 0.5
6663369 214706214 0.5
7650507 214844439 1
7650507 214844456 1
7650507 214821309 0.5
9530577 214853325 1
9530577 214844372 1
9530577 214854152 0.5
9530577 214853865 0.5
9530577 214853135 0.5
1584356 214738453 1
1584356 214829863 1
1584356 214548744 0.5
7759058 214716930 1
7759058 214716932 1
7759058 214853657 0.5
1559798 214834880 1
1559798 214826610 1
1559798 214829387 0.5
2526456 214829672 1
2526456 214826608 1
2526456 214844394 0.5
8223993 214851287 1
8223993 214696830 1
8223993 214851157 0.5
9121019 214701787 1
9121019 214857830 1
9121019 214668275 0.5
9121019 214826987 0.5
9121019 214835126 0.5
9121019 214851279 0.5
4967679 214850402 1
4967679 214845587 1
4967679 214586469 0.5
2485508 214835111 1
2485508 214832780 1
2485508 214601233 0.5
2485508 214835124 0.5
4017417 214838124 1
4017417 214821277 1
4017417 214696374 0.5
4017417 214829398 0.5
4017417 214845127 0.5
8252697 214846318 1
8252697 214819393 1
8252697 214676306 0.5
8252697 214645871 0.5
2764068 214831940 1
2764068 214835132 1
2764068 214829392 0.5
2764068 214835019 0.5
11442738 214854853 1
11442738 214864880 1
11442738 214853102 0.5
2256173 214686082 1
2256173 214600509 1
2256173 214827032 0.5
2256173 214543922 0.5
2256173 214744779 0.5
2256173 214826670 0.5
7675102 214540597 1
7675102 214850767 1
7675102 214712124 0.5
7675102 214849052 0.5
7675102 214829765 0.5
7675102 214835167 0.5
4848956 214820383 1
4848956 214821285 1
4848956 214832115 0.5
10439221 214850771 1
10439221 214718169 1
10439221 214718160 0.5
10439221 214853413 0.5
4152544 214832012 1
4152544 214838107 1
4152544 214712235 0.5
4152544 214540070 0.5
8355142 214848315 1
8355142 214851135 1
8355142 214836830 0.5
5434699 214835426 1
5434699 214845585 1
5434699 214835012 0.5
5434699 214585670 0.5
5434699 214835462 0.5
5434699 214708040 0.5
5434699 214585532 0.5
5434699 214835064 0.5
5434699 214835428 0.5
5434699 214836924 0.5
5434699 214835070 0.5
6716758 214850282 1
6716758 214846012 1
6716758 214845354 0.5
6716758 214584092 0.5
6716758 214832015 0.5
2452826 214829880 1
2452826 214829887 1
2452826 214829878 0.5
6339934 214832604 1
6339934 214716707 1
6339934 214848626 0.5
11410663 214846391 1
11410663 214574777 1
11410663 214849037 0.5
4267373 214839356 1
4267373 214845129 1
4267373 214552395 0.5
1375599 214834880 1
1375599 214586743 1
1375599 214800272 0.5
1375599 214819430 0.5
1375599 214577387 0.5
1375599 214687852 0.5
1375599 214820400 0.5
1375599 214826610 0.5
1375599 214821300 0.5
1375599 214821407 0.5
9370994 214853342 1
9370994 214853152 1
9370994 214853420 0.5
1314172 214821277 1
1314172 214821285 1
1314172 214838960 0.5
1543549 214834877 1
1543549 214834880 1
1543549 214833755 0.5
1543549 214826610 0.5
1543549 214829387 0.5
1543549 214821412 0.5
6708607 214820265 1
6708607 214820261 1
6708607 214832730 0.5
8713451 214551626 1
8713451 214551607 1
8713451 214844452 0.5
8713451 214612708 0.5
6761861 214845131 1
6761861 214848656 1
6761861 214835745 0.5
6761861 214602598 0.5
6761861 214849738 0.5
6761861 214595150 0.5
6761861 214835473 0.5
6761861 214846007 0.5
6761861 214839932 0.5
8146318 214853094 1
8146318 214853105 1
8146318 214853096 0.5
371267 214511696 1
371267 214511852 1
371267 214537935 0.5
10968488 214854174 1
10968488 214848315 1
10968488 214853724 0.5
10968488 214853732 0.5
11038123 214857204 1
11038123 214857551 1
11038123 214835004 0.5
7249326 214845971 1
7249326 214849010 1
7249326 214709702 0.5
8298398 214850304 1
8298398 214846029 1
8298398 214684736 0.5
9932217 214854118 1
9932217 214853713 1
9932217 214853702 0.5
5909946 214846010 1
5909946 214845879 1
5909946 214709702 0.5
5909946 214821382 0.5
5909946 214846312 0.5
5909946 214846318 0.5
5909946 214849072 0.5
5909946 214821384 0.5
5909946 214845971 0.5
5909946 214582200 0.5
6073788 214849076 1
6073788 214848605 1
6073788 214845352 0.5
6073788 214845354 0.5
4111806 214828991 1
4111806 214829310 1
4111806 214840235 0.5
4111806 214839356 0.5
10993089 214859246 1
10993089 214854842 1
10993089 214854782 0.5
8929867 214853250 1
8929867 214845420 1
8929867 214680356 0.5
2637047 214826947 1
2637047 214826565 1
2637047 214835019 0.5
2637047 214668219 0.5
2637047 214829878 0.5
9690576 214853420 1
9690576 214850947 1
9690576 214853422 0.5
8134114 214839995 1
8134114 214851017 1
8134114 214707875 0.5
8134114 214844372 0.5
9457127 214851152 1
9457127 214851080 1
9457127 214836536 0.5
4410862 214829672 1
4410862 214835940 1
4410862 214587560 0.5
10448644 214853100 1
10448644 214854583 1
10448644 214846391 0.5
6434047 214848337 1
6434047 214848808 1
6434047 214848832 0.5
6434047 214848613 0.5
10040701 214718160 1
10040701 214717888 1
10040701 214718169 0.5
10040701 214718220 0.5
10040701 214850743 0.5
9424396 214853265 1
9424396 214853135 1
9424396 214853225 0.5
9424396 214853210 0.5
5660178 214848997 1
5660178 214845917 1
5660178 214846007 0.5
5660178 214846447 0.5
1338902 214834880 1
1338902 214667912 1
1338902 214826610 0.5
1338902 214829379 0.5
1338902 214829366 0.5
1338902 214743495 0.5
8461858 214700002 1
8461858 214853325 1
8461858 214511015 0.5
2039332 214833755 1
2039332 214826615 1
2039332 214826612 0.5
2039332 214834877 0.5
11224326 214853105 1
11224326 214853096 1
11224326 214853085 0.5
10320477 214853677 1
10320477 214854159 1
10320477 214851714 0.5
9461298 214853420 1
9461298 214850947 1
9461298 214850949 0.5
5840436 214842555 1
5840436 214820272 1
5840436 214820377 0.5
5840436 214820274 0.5
1711671 214833800 1
1711671 214826705 1
1711671 214698575 0.5
1711671 214698463 0.5
2965056 214587317 1
2965056 214829280 1
2965056 214600492 0.5
9792096 214853852 1
9792096 214853767 1
9792096 214854172 0.5
9792096 214853730 0.5
9792096 214854148 0.5
9792096 214853994 0.5
9792096 214854118 0.5
9084734 214853075 1
9084734 214851742 1
9084734 214848384 0.5
9084734 214851292 0.5
9084734 214708037 0.5
5783108 214706216 1
5783108 214829045 1
5783108 214678880 0.5
5783108 214701212 0.5
5783108 214569716 0.5
5783108 214821277 0.5
3825224 214836924 1
3825224 214835167 1
3825224 214836146 0.5
3825224 214836932 0.5
2350684 214829878 1
2350684 214829364 1
2350684 214819762 0.5
2350684 214826947 0.5
2350684 214748334 0.5
2350684 214835111 0.5
4542048 214845131 1
4542048 214839971 1
4542048 214748336 0.5
4542048 214829852 0.5
6868578 214845407 1
6868578 214839982 1
6868578 214640520 0.5
6868578 214826662 0.5
7945833 214840091 1
7945833 214849342 1
7945833 214850936 0.5
7945833 214668219 0.5
10124911 214850291 1
10124911 214853996 1
10124911 214854148 0.5
10124911 214854600 0.5
10124911 214981102 0.5
10124911 214853428 0.5
10124911 214854264 0.5
10124911 214829885 0.5
6516339 214848615 1
6516339 214848692 1
6516339 214849076 0.5
6516339 214687685 0.5
6516339 214836830 0.5
11161207 214714755 1
11161207 214854823 1
11161207 214854802 0.5
3493496 214820392 1
3493496 214744775 1
3493496 214753515 0.5
3493496 214828987 0.5
4443773 214829672 1
4443773 214842480 1
4443773 214835940 0.5
1953406 214826668 1
1953406 214744775 1
1953406 214829321 0.5
1953406 214835124 0.5
1953406 214831965 0.5
1953406 214706102 0.5
9473669 214510460 1
9473669 214853754 1
9473669 214700000 0.5
9473669 214712235 0.5
9473669 214699044 0.5
4624016 214838102 1
4624016 214832015 1
4624016 214716937 0.5
4624016 214845354 0.5
4624016 214831948 0.5
4624016 214839965 0.5
4624016 214558192 0.5
4624016 214716714 0.5
4624016 214716671 0.5
8314518 214716746 1
8314518 214851080 1
8314518 214685049 0.5
8314518 214851234 0.5
8314518 214851161 0.5
10858138 214854332 1
10858138 214853730 1
10858138 214848159 0.5
5332644 214845581 1
5332644 214837288 1
5332644 214839384 0.5
6409893 214848967 1
6409893 214848795 1
6409893 214514274 0.5
6409893 214849070 0.5
4075189 214584907 1
4075189 214748340 1
4075189 214584939 0.5
5664443 214850996 1
5664443 214848272 1
5664443 214845984 0.5
5664443 214846012 0.5
5664443 214846014 0.5
5664443 214846031 0.5
10067646 214853767 1
10067646 214851581 1
10067646 214853700 0.5
10067646 214849736 0.5
10067646 214694156 0.5
10067646 214846061 0.5
10067646 214846479 0.5
10067646 214854517 0.5
6332106 214711247 1
6332106 214559726 1
6332106 214850872 0.5
6332106 214837442 0.5
6332106 214712124 0.5
6332106 214829887 0.5
2346699 214748338 1
2346699 214844439 1
2346699 214844394 0.5
2346699 214748300 0.5
2346699 214844357 0.5
9379532 214853460 1
9379532 214853428 1
9379532 214853420 0.5
4222669 214826945 1
4222669 214838107 1
4222669 214845131 0.5
4222669 214826942 0.5
8122064 214851097 1
8122064 214851131 1
8122064 214851163 0.5
8122064 214851236 0.5
8122064 214851581 0.5
8122064 214684942 0.5
8122064 214851165 0.5
294609 214826816 1
294609 214820201 1
294609 214826608 0.5
7179989 214850285 1
7179989 214845352 1
7179989 214845579 0.5
7179989 214849076 0.5
7179989 214848605 0.5
8576726 214850396 1
8576726 214652462 1
8576726 214551898 0.5
8576726 214551892 0.5
8576726 214556477 0.5
6098649 214612738 1
6098649 214678526 1
6098649 214846427 0.5
6098649 214844394 0.5
6098649 214716971 0.5
6098649 214680510 0.5
6086362 214846029 1
6086362 214848305 1
6086362 214846033 0.5
6086362 214829878 0.5
10632927 214854352 1
10632927 214854536 1
10632927 214559960 0.5
10667304 214853762 1
10667304 214849245 1
10667304 214554950 0.5
3522304 214829878 1
3522304 214826893 1
3522304 214829390 0.5
5717767 214819427 1
5717767 214819393 1
5717767 214819640 0.5
5870893 214845131 1
5870893 214743495 1
5870893 214837882 0.5
8097556 214851097 1
8097556 214851317 1
8097556 214716746 0.5
7266069 214850282 1
7266069 214850304 1
7266069 214849809 0.5
10395416 214852980 1
10395416 214853077 1
10395416 214851236 0.5
10395416 214567333 0.5
10395416 214853094 0.5
10395416 214853353 0.5
10395416 214820396 0.5
10395416 214667859 0.5
10395416 214851290 0.5
10395416 214854268 0.5
10395416 214567327 0.5
2400026 214748338 1
2400026 214748300 1
2400026 214846057 0.5
2400026 214753507 0.5
2400026 214821277 0.5
2400026 214753513 0.5
2305824 214829887 1
2305824 214686082 1
2305824 214829878 0.5
1353267 214828961 1
1353267 214829752 1
1353267 214717832 0.5
1353267 214584969 0.5
6549306 214848973 1
6549306 214514274 1
6549306 214848977 0.5
675646 214826955 1
675646 214711078 1
675646 214514244 0.5
675646 214826835 0.5
675646 214600470 0.5
675646 214820184 0.5
675646 214718396 0.5
675646 214512605 0.5
4845382 214838092 1
4845382 214837280 1
4845382 214837288 0.5
4845382 214845806 0.5
4845382 214845457 0.5
4845382 214829878 0.5
4845382 214839384 0.5
4845382 214836956 0.5
2776903 214829846 1
2776903 214829672 1
2776903 214829668 0.5
2776903 214835940 0.5
2776903 214829670 0.5
5181261 214540125 1
5181261 214540127 1
5181261 214848729 0.5
5181261 214833802 0.5
5181261 214848727 0.5
5181261 214837487 0.5
2010959 214829865 1
2010959 214829861 1
2010959 214832717 0.5
5607253 214846312 1
5607253 214846119 1
5607253 214836785 0.5
5607253 214845962 0.5
5607253 214844250 0.5
10932054 214864880 1
10932054 214854223 1
10932054 214850942 0.5
6165823 214709807 1
6165823 214832156 1
6165823 214826947 0.5
6165823 214746377 0.5
6165823 214668219 0.5
6165823 214838094 0.5
6165823 214717757 0.5
6165823 214717755 0.5
6165823 214827035 0.5
6165823 214644605 0.5
10157948 214853325 1
10157948 214853321 1
10157948 214700000 0.5
10157948 214744258 0.5
10157948 214712235 0.5
10157948 214826987 0.5
10157948 214712237 0.5
10157948 214743515 0.5
1311383 214834880 1
1311383 214826610 1
1311383 214821410 0.5
1311383 214834877 0.5
5300111 214845590 1
5300111 214844372 1
5300111 214849001 0.5
5300111 214846061 0.5
6430611 214848384 1
6430611 214846312 1
6430611 214845962 0.5
6430611 214845939 0.5
7630743 214850743 1
7630743 214850938 1
7630743 214850405 0.5
7630743 214850726 0.5
7630743 214850855 0.5
7630743 214850760 0.5
7630743 214557223 0.5
7630743 214850771 0.5
7630743 214849363 0.5
7630743 214747359 0.5
11227033 214853081 1
11227033 214853702 1
11227033 214574672 0.5
11227033 214848658 0.5
11227033 214712244 0.5
11227033 214854682 0.5
5062562 214844340 1
5062562 214838227 1
5062562 214829797 0.5
5062562 214819430 0.5
716707 214837485 1
716707 214837483 1
716707 214837490 0.5
7921572 214850315 1
7921572 214829878 1
7921572 214850705 0.5
7921572 214831948 0.5
2449323 214836517 1
2449323 214829878 1
2449323 214831965 0.5
2256727 214834877 1
2256727 214834880 1
2256727 214695399 0.5
516022 214700876 1
516022 214700992 1
516022 214711496 0.5
516022 214706216 0.5
516022 214774678 0.5
516022 214574777 0.5
8650681 214556212 1
8650681 214839594 1
8650681 214850945 0.5
8650681 214850949 0.5
8650681 214684710 0.5
8650681 214839596 0.5
8650681 214561997 0.5
8650681 214673295 0.5
8650681 214556210 0.5
8650681 214848307 0.5
8650681 214516020 0.5
2924476 214587712 1
2924476 214743350 1
2924476 214835017 0.5
10883006 214854780 1
10883006 214714755 1
10883006 214857568 0.5
10883006 214849250 0.5
10883006 214854118 0.5
10883006 214854538 0.5
10883006 214665277 0.5
10883006 214826623 0.5
8056777 214844447 1
8056777 214844458 1
8056777 214530457 0.5
3792844 214839341 1
3792844 214774687 1
3792844 214838113 0.5
3792844 214845127 0.5
3002322 214829878 1
3002322 214829887 1
3002322 214829880 0.5
3002322 214686082 0.5
3002322 214829882 0.5
3002322 214829885 0.5
1960993 214829657 1
1960993 214819770 1
1960993 214829660 0.5
11206621 214853100 1
11206621 214864880 1
11206621 214709685 0.5
9265118 214712237 1
9265118 214826987 1
9265118 214853325 0.5
5279739 214684702 1
5279739 214831948 1
5279739 214826987 0.5
