9629696 214853420 1
9629696 214829878 1
9629696 214850282 0.5
7589902 214850700 1
7589902 214850743 1
7589902 214850936 0.5
7589902 214850310 0.5
4636688 214839962 1
4636688 214839973 1
4636688 214832722 0.5
4636688 214836947 0.5
9752582 214850949 1
9752582 214850942 1
9752582 214829880 0.5
1265702 214829325 1
1265702 214829332 1
1265702 214829327 0.5
2418491 214844447 1
2418491 214844439 1
2418491 214844394 0.5
2418491 214586876 0.5
10117166 214853992 1
10117166 214684762 1
10117166 214854172 0.5
10117166 214853726 0.5
4472879 214829790 1
4472879 214832012 1
4472879 214838105 0.5
4472879 214838098 0.5
4472879 214826891 0.5
4472879 214838107 0.5
4472879 214831942 0.5
2113587 214697432 1
2113587 214718396 1
2113587 214711078 0.5
405567 214662742 1
405567 214826705 1
405567 214821285 0.5
143424 214839313 1
143424 214840001 1
143424 214839995 0.5
143424 214839997 0.5
1685798 214828991 1
1685798 214832302 1
1685798 214685784 0.5
3944518 214684513 1
3944518 214839341 1
3944518 214836947 0.5
9834569 214514291 1
9834569 214850291 1
9834569 214514240 0.5
9834569 214514265 0.5
9834569 214853460 0.5
9834569 214850295 0.5
7364624 214849466 1
7364624 214849745 1
7364624 214695193 0.5
7364624 214643910 0.5
7364624 214845943 0.5
8687717 214853094 1
8687717 214853090 1
8687717 214853248 0.5
4673639 214839973 1
4673639 214839971 1
4673639 214829797 0.5
5857386 214684715 1
5857386 214831955 1
5857386 214848185 0.5
5857386 214819627 0.5
1834343 214580351 1
1834343 214718216 1
1834343 214516140 0.5
1834343 214536860 0.5
9707637 214850947 1
9707637 214853420 1
9707637 214853381 0.5
3113078 214835019 1
3113078 214837918 1
3113078 214587697 0.5
9547903 214853420 1
9547903 214850947 1
9547903 214853454 0.5
2211977 214829887 1
2211977 214829878 1
2211977 214829880 0.5
2003082 214829878 1
2003082 214826711 1
2003082 214819762 0.5
2003082 214831965 0.5
2687121 214837918 1
2687121 214832017 1
2687121 214837916 0.5
2707602 214836568 1
2707602 214835711 1
2707602 214835137 0.5
10846357 214854819 1
10846357 214854857 1
10846357 214854731 0.5
10846357 214854356 0.5
10846357 214854815 0.5
8884374 214852978 1
8884374 214853210 1
8884374 214853105 0.5
8884374 214553810 0.5
9392279 214850945 1
9392279 214853420 1
9392279 214848185 0.5
9392279 214850947 0.5
8745112 214851165 1
8745112 214849796 1
8745112 214848808 0.5
8745112 214716746 0.5
8745112 214687565 0.5
8745112 214556210 0.5
8745112 214851125 0.5
8745112 214738455 0.5
69789 214677757 1
69789 214820812 1
69789 214832552 0.5
69789 214821392 0.5
69789 214748287 0.5
8652146 214853085 1
8652146 214853094 1
8652146 214851077 0.5
8652146 214853096 0.5
8652146 214716110 0.5
8652146 214851581 0.5
8652146 214853105 0.5
8652146 214851133 0.5
4018353 214836887 1
4018353 214838105 1
4018353 214838107 0.5
4018353 214613741 0.5
2126008 214835750 1
2126008 214826670 1
2126008 214829385 0.5
2126008 214829666 0.5
2126008 214744779 0.5
2126008 214820394 0.5
2126008 214829657 0.5
10318016 214853113 1
10318016 214854352 1
10318016 214854577 0.5
10318016 214854354 0.5
10318016 214854731 0.5
10318016 214853244 0.5
5144608 214836956 1
5144608 214837286 1
5144608 214837280 0.5
5144608 214838092 0.5
2916548 214835745 1
2916548 214835017 1
2916548 214835747 0.5
8986822 214853094 1
8986822 214853096 1
8986822 214851131 0.5
8986822 214851028 0.5
8986822 214853077 0.5
9171151 214716926 1
9171151 214849055 1
9171151 214716928 0.5
9171151 214716937 0.5
9171151 214819468 0.5
9171151 214554358 0.5
9171151 214716980 0.5
10612951 214826987 1
10612951 214712237 1
10612951 214700002 0.5
10612951 214743515 0.5
10612951 214857830 0.5
10612951 214853321 0.5
10612951 214859242 0.5
10612951 214853325 0.5
10612951 214835117 0.5
10612951 214854707 0.5
10612951 214701787 0.5
1405146 214829366 1
1405146 214826589 1
1405146 214821412 0.5
1405146 214571006 0.5
9089248 214853248 1
9089248 214853094 1
9089248 214853096 0.5
6099177 214716937 1
6099177 214716973 1
6099177 214716982 0.5
6099177 214716975 0.5
9036013 214854632 1
9036013 214717005 1
9036013 214716926 0.5
2060526 214829861 1
2060526 214832717 1
2060526 214832720 0.5
2060526 214829857 0.5
6484209 214710097 1
6484209 214848159 1
6484209 214835137 0.5
422134 214821272 1
422134 214827020 1
422134 214545879 0.5
3948791 214839347 1
3948791 214828970 1
3948791 214844360 0.5
3948791 214828963 0.5
2650374 214748295 1
2650374 214710062 1
2650374 214748304 0.5
2650374 214753513 0.5
2650374 214748300 0.5
368919 214826705 1
368919 214826608 1
368919 214826623 0.5
7229721 214839587 1
7229721 214846061 1
7229721 214748336 0.5
7229721 214848658 0.5
7229721 214706102 0.5
7229721 214743495 0.5
6410538 214848808 1
6410538 214850870 1
6410538 214848832 0.5
6410538 214845960 0.5
6410538 214821407 0.5
3958151 214829878 1
3958151 214829880 1
3958151 214838105 0.5
3958151 214838098 0.5
3958151 214826955 0.5
10514733 214853244 1
10514733 214854536 1
10514733 214854352 0.5
10514733 214854354 0.5
2273583 214826979 1
2273583 214829863 1
2273583 214832720 0.5
5106399 214645005 1
5106399 214836838 1
5106399 214839969 0.5
5106399 214839973 0.5
5106399 214845999 0.5
1544522 214717515 1
1544522 214826715 1
1544522 214826844 0.5
1544522 214695412 0.5
1544522 214684717 0.5
2249036 214829878 1
2249036 214831946 1
2249036 214819468 0.5
2249036 214831948 0.5
2249036 214716110 0.5
2249036 214601233 0.5
2249036 214819762 0.5
2249036 214829887 0.5
11178328 214854227 1
11178328 214640353 1
11178328 214646617 0.5
7605647 214563182 1
7605647 214850747 1
7605647 214850750 0.5
1556836 214826833 1
1556836 214834877 1
1556836 214834880 0.5
1556836 214601233 0.5
1556836 214835042 0.5
1556836 214800272 0.5
1556836 214829321 0.5
151917 214680369 1
151917 214551928 1
151917 214743515 0.5
151917 214600989 0.5
10105202 214853722 1
10105202 214853767 1
10105202 214853698 0.5
10105202 214853730 0.5
10105202 214853702 0.5
10408309 214567327 1
10408309 214567333 1
10408309 214854262 0.5
10408309 214854510 0.5
6807931 214832619 1
6807931 214684108 1
6807931 214848746 0.5
6807931 214554982 0.5
1892742 214829880 1
1892742 214831946 1
1892742 214829657 0.5
1892742 214826835 0.5
1892742 214826563 0.5
1892742 214835165 0.5
1892742 214711318 0.5
9810313 214853730 1
9810313 214853698 1
9810313 214853722 0.5
6803858 214828952 1
6803858 214846031 1
6803858 214848973 0.5
10297747 214567215 1
10297747 214853735 1
10297747 214567329 0.5
10297747 214567333 0.5
10297747 214854262 0.5
10297747 214854264 0.5
10297747 214854268 0.5
10297747 214853855 0.5
6046101 214677615 1
6046101 214718169 1
6046101 214821017 0.5
1446296 214748297 1
1446296 214753513 1
1446296 214743497 0.5
1446296 214557217 0.5
10207641 214853698 1
10207641 214853767 1
10207641 214853702 0.5
2806182 214829878 1
2806182 214836517 1
2806182 214829090 0.5
2806182 214835019 0.5
2806182 214831965 0.5
2806182 214829887 0.5
7299827 214853758 1
7299827 214567410 1
7299827 214826990 0.5
5439926 214684702 1
5439926 214743515 1
5439926 214700002 0.5
5439926 214676570 0.5
2474433 214554510 1
2474433 214826666 1
2474433 214826668 0.5
2474433 214577732 0.5
2568652 214586711 1
2568652 214821305 1
2568652 214844394 0.5
2568652 214844439 0.5
3592656 214829079 1
3592656 214551626 1
3592656 214820259 0.5
3592656 214820261 0.5
3592656 214533022 0.5
10236372 214854358 1
10236372 214850790 1
10236372 214854545 0.5
10236372 214684762 0.5
10236372 214854549 0.5
10105304 214853094 1
10105304 214853105 1
10105304 214852980 0.5
10105304 214851326 0.5
4088284 214612901 1
4088284 214701212 1
4088284 214829045 0.5
5198304 214838092 1
5198304 214837280 1
5198304 214832156 0.5
10396134 214854352 1
10396134 214854354 1
10396134 214853113 0.5
11241553 214853100 1
11241553 214854787 1
11241553 214864880 0.5
8847854 214853156 1
8847854 214853147 1
8847854 214848688 0.5
8847854 214844372 0.5
8847854 214821410 0.5
8847854 214844396 0.5
8847854 214845958 0.5
7684609 214844400 1
7684609 214844372 1
7684609 214849760 0.5
7684609 214849736 0.5
7684609 214844355 0.5
2502059 214831948 1
2502059 214829880 1
2502059 214819468 0.5
2502059 214831965 0.5
1864201 214832722 1
1864201 214836328 1
1864201 214829666 0.5
1864201 214826711 0.5
358181 214826829 1
358181 214826891 1
358181 214714721 0.5
358181 214643942 0.5
4870679 214839971 1
4870679 214587317 1
4870679 214829280 0.5
4870679 214845131 0.5
4870679 214829775 0.5
205336 214821285 1
205336 214821292 1
205336 214820227 0.5
6959653 214848947 1
6959653 214848757 1
6959653 214848945 0.5
6959653 214851009 0.5
6959653 214849127 0.5
5698086 214848305 1
5698086 214846031 1
5698086 214846033 0.5
2806319 214831946 1
2806319 214829887 1
2806319 214829882 0.5
2806319 214829878 0.5
10883633 214854707 1
10883633 214838094 1
10883633 214684710 0.5
10883633 214853100 0.5
10883633 214864880 0.5
10883633 214853105 0.5
10883633 214832156 0.5
10883633 214849245 0.5
9159218 214849406 1
9159218 214819412 1
9159218 214716973 0.5
9159218 214851238 0.5
10748471 214684785 1
10748471 214854510 1
10748471 214567327 0.5
9802303 214853698 1
9802303 214667859 1
9802303 214849331 0.5
9802303 214838227 0.5
9413184 214853165 1
9413184 214853128 1
9413184 214512122 0.5
221779 214826705 1
221779 214826810 1
221779 214791635 0.5
221779 214821399 0.5
6746708 214712124 1
6746708 214711205 1
6746708 214712126 0.5
6746708 214711247 0.5
4235866 214836947 1
4235866 214836851 1
4235866 214847968 0.5
10261263 214851581 1
10261263 214854298 1
10261263 214853094 0.5
10261263 214854538 0.5
10261263 214748336 0.5
10261263 214848658 0.5
10261263 214854517 0.5
10261263 214706102 0.5
6988381 214848377 1
6988381 214848380 1
6988381 214848330 0.5
602718 214826803 1
602718 214821285 1
602718 214535621 0.5
602718 214820383 0.5
766563 214826621 1
766563 214826619 1
766563 214640017 0.5
766563 214826934 0.5
9708133 214853420 1
9708133 214851135 1
9708133 214850938 0.5
9708133 214687685 0.5
10261111 214846033 1
10261111 214850295 1
10261111 214850291 0.5
10261111 214829878 0.5
5020438 214847255 1
5020438 214576777 1
5020438 214586694 0.5
2437778 214600492 1
2437778 214819599 1
2437778 214819770 0.5
2437778 214834867 0.5
2437778 214554332 0.5
3973782 214836830 1
3973782 214718160 1
3973782 214821024 0.5
10732191 214853698 1
10732191 214851077 1
10732191 214711952 0.5
10732191 214853707 0.5
4727474 214845131 1
4727474 214839971 1
4727474 214839600 0.5
4727474 214839975 0.5
7501258 214706210 1
7501258 214828970 1
7501258 214629980 0.5
2351809 214829878 1
2351809 214831946 1
2351809 214829887 0.5
2867906 214835017 1
2867906 214835019 1
2867906 214826565 0.5
10621639 214851326 1
10621639 214853767 1
10621639 214853248 0.5
10621639 214853094 0.5
10621639 214743495 0.5
10621639 214852978 0.5
10621639 214852980 0.5
10621639 214853077 0.5
8397518 214851131 1
8397518 214851097 1
8397518 214851579 0.5
7713487 214850938 1
7713487 214850936 1
7713487 214850411 0.5
7713487 214612895 0.5
6808281 214848947 1
6808281 214848941 1
6808281 214851009 0.5
6808281 214848945 0.5
6808281 214711348 0.5
6808281 214848954 0.5
6808281 214849020 0.5
6808281 214849022 0.5
2487002 214831946 1
2487002 214829878 1
2487002 214829882 0.5
5489383 214844345 1
5489383 214834877 1
5489383 214835473 0.5
5489383 214829765 0.5
8403752 214851236 1
8403752 214851122 1
8403752 214848656 0.5
8403752 214706102 0.5
8403752 214826998 0.5
5681907 214845422 1
5681907 214844400 1
5681907 214820377 0.5
5681907 214582175 0.5
2032376 214832717 1
2032376 214829846 1
2032376 214827032 0.5
2032376 214826662 0.5
11023099 214857204 1
11023099 214857551 1
11023099 214858680 0.5
11023099 214835000 0.5
11023099 214700002 0.5
11023099 214835004 0.5
11023099 214638474 0.5
8495882 214853094 1
8495882 214853085 1
8495882 214853248 0.5
3863309 214595150 1
3863309 214541355 1
3863309 214583610 0.5
890661 214821313 1
890661 214821341 1
890661 214821315 0.5
5333782 214844396 1
5333782 214844355 1
5333782 214848990 0.5
10353458 214835694 1
10353458 214836219 1
10353458 214836200 0.5
10353458 214835739 0.5
10353458 214819438 0.5
9098031 214540055 1
9098031 214850945 1
9098031 214744258 0.5
9098031 214839596 0.5
9098031 214839594 0.5
9098031 214684710 0.5
9098031 214853143 0.5
10126131 214854358 1
10126131 214854262 1
10126131 214854264 0.5
10126131 214854176 0.5
10126131 214854268 0.5
6217182 214848159 1
6217182 214839969 1
6217182 214848656 0.5
6217182 214838225 0.5
6217182 214845131 0.5
6217182 214839973 0.5
7631676 214846468 1
7631676 214850713 1
7631676 214844355 0.5
7631676 214846421 0.5
2282303 214831948 1
2282303 214829880 1
2282303 214831946 0.5
8622913 214851748 1
8622913 214853135 1
8622913 214853195 0.5
8745794 214850315 1
8745794 214850942 1
8745794 214831948 0.5
8945794 214845583 1
8945794 214845585 1
8945794 214820345 0.5
8945794 214850786 0.5
8945794 214585644 0.5
8945794 214717562 0.5
8945794 214851581 0.5
5256011 214844396 1
5256011 214844398 1
5256011 214844400 0.5
1848159 214835752 1
1848159 214595137 1
1848159 214811752 0.5
1848159 214829390 0.5
11477857 214853321 1
11477857 214857830 1
11477857 214859242 0.5
9905011 214717888 1
9905011 214853767 1
9905011 214718160 0.5
9905011 214718220 0.5
9905011 214850743 0.5
2847627 214836517 1
2847627 214829887 1
2847627 214831946 0.5
2847627 214829878 0.5
9417622 214853282 1
9417622 214853400 1
9417622 214829730 0.5
9417622 214691471 0.5
9417622 214851332 0.5
9417622 214576890 0.5
9417622 214717063 0.5
2233257 214829368 1
2233257 214826711 1
2233257 214836328 0.5
5227444 214844400 1
5227444 214844372 1
5227444 214835473 0.5
5227444 214835426 0.5
5227444 214835019 0.5
5227444 214844396 0.5
5227444 214838225 0.5
2663362 214829887 1
2663362 214819468 1
2663362 214828963 0.5
7635908 214700002 1
7635908 214853657 1
7635908 214850295 0.5
2241479 214844394 1
2241479 214844458 1
2241479 214844456 0.5
2241479 214844439 0.5
1070583 214551626 1
1070583 214551624 1
1070583 214551617 0.5
1070583 214821341 0.5
1070583 214821305 0.5
1070583 214844441 0.5
1070583 214821309 0.5
1070583 214533022 0.5
9221079 214853342 1
9221079 214850945 1
9221079 214853657 0.5
9221079 214853420 0.5
5854178 214846067 1
5854178 214748336 1
5854178 214839587 0.5
5854178 214743495 0.5
5854178 214846127 0.5
5854178 214845457 0.5
5854178 214706102 0.5
5854178 214717562 0.5
4592619 214831970 1
4592619 214836512 1
4592619 214839943 0.5
4137976 214832722 1
4137976 214820220 1
4137976 214847968 0.5
4137976 214650626 0.5
4137976 214836932 0.5
4137976 214829765 0.5
4137976 214595150 0.5
4137976 214826990 0.5
4137976 214717877 0.5
4137976 214829852 0.5
2108927 214832717 1
2108927 214829705 1
2108927 214836328 0.5
1172476 214800272 1
1172476 214819376 1
1172476 214820402 0.5
5043198 214819627 1
5043198 214831955 1
5043198 214832154 0.5
5043198 214844325 0.5
6914901 214849284 1
6914901 214849331 1
6914901 214667857 0.5
6914901 214667859 0.5
6914901 214849239 0.5
4736003 214839965 1
4736003 214832147 1
4736003 214832126 0.5
11138063 214853248 1
11138063 214851326 1
11138063 214836330 0.5
2212896 214844439 1
2212896 214844458 1
2212896 214844456 0.5
2212896 214821309 0.5
2212896 214586711 0.5
5059617 214709638 1
5059617 214826833 1
5059617 214515825 0.5
2159653 214829711 1
2159653 214829846 1
2159653 214829707 0.5
2159653 214829861 0.5
2159653 214829863 0.5
8567644 214851322 1
8567644 214678989 1
8567644 214828989 0.5
10776183 214854358 1
10776183 214567333 1
10776183 214854262 0.5
10776183 214567327 0.5
7525432 214850936 1
7525432 214850938 1
7525432 214850743 0.5
9331769 214850949 1
9331769 214850945 1
9331769 214853707 0.5
9331769 214540035 0.5
9331769 214851101 0.5
9331769 214850942 0.5
1754181 214834877 1
1754181 214826610 1
1754181 214832722 0.5
5493839 214845352 1
5493839 214845581 1
5493839 214835473 0.5
3051022 214832717 1
3051022 214820227 1
3051022 214820259 0.5
9081944 214853094 1
9081944 214853085 1
9081944 214851122 0.5
9081944 214846067 0.5
9081944 214851236 0.5
9081944 214851581 0.5
5686363 214846033 1
5686363 214846029 1
5686363 214601233 0.5
5686363 214850964 0.5
5686363 214829797 0.5
1987693 214844394 1
1987693 214844439 1
1987693 214821305 0.5
6943859 214832604 1
6943859 214716707 1
6943859 214835019 0.5
11416699 214712242 1
11416699 214712244 1
11416699 214849100 0.5
8832138 214587317 1
8832138 214835428 1
8832138 214667912 0.5
8832138 214834867 0.5
8832138 214826998 0.5
1283219 214821309 1
1283219 214821341 1
1283219 214821305 0.5
10482837 214567333 1
10482837 214854358 1
10482837 214853413 0.5
10482837 214854510 0.5
10482837 214684785 0.5
10482837 214854262 0.5
10482837 214854298 0.5
10482837 214705757 0.5
10482837 214854174 0.5
10482837 214567327 0.5
7435428 214828970 1
7435428 214839311 1
7435428 214696824 0.5
7435428 214850450 0.5
7435428 214849245 0.5
671942 214826803 1
671942 214821285 1
671942 214535621 0.5
10384551 214854300 1
10384551 214854298 1
10384551 214839587 0.5
10384551 214706102 0.5
2077873 214829861 1
2077873 214829846 1
2077873 214829707 0.5
2077873 214829711 0.5
6665758 214706214 1
6665758 214850615 1
6665758 214848945 0.5
6665758 214848954 0.5
6665758 214849020 0.5
6665758 214849022 0.5
6665758 214849046 0.5
1746103 214828991 1
1746103 214821392 1
1746103 214829664 0.5
1746103 214557223 0.5
5084348 214839965 1
5084348 214837494 1
5084348 214844409 0.5
11055307 214864880 1
11055307 214853362 1
11055307 214854860 0.5
2200772 214835512 1
2200772 214706460 1
2200772 214559672 0.5
2200772 214549346 0.5
2200772 214826662 0.5
7963846 214575193 1
7963846 214850621 1
7963846 214850743 0.5
7902411 214850771 1
7902411 214676306 1
7902411 214710097 0.5
7902411 214716645 0.5
7902411 214850743 0.5
8025311 214851155 1
8025311 214849057 1
8025311 214851152 0.5
8025311 214853327 0.5
9417952 214853420 1
9417952 214853413 1
9417952 214738464 0.5
9417952 214853713 0.5
9639139 214743515 1
9639139 214850947 1
9639139 214853321 0.5
4687102 214839973 1
4687102 214839971 1
4687102 214845131 0.5
4687102 214602598 0.5
2729219 214835574 1
2729219 214835550 1
2729219 214835572 0.5
10294037 214854785 1
10294037 214853102 1
10294037 214838094 0.5
6370593 214846535 1
6370593 214848330 1
6370593 214848328 0.5
6370593 214846530 0.5
6370593 214848620 0.5
6952233 214848847 1
6952233 214835167 1
6952233 214836249 0.5
6952233 214849018 0.5
6952233 214699044 0.5
6952233 214829765 0.5
6952233 214712126 0.5
6314887 214612760 1
6314887 214509125 1
6314887 214551776 0.5
9774387 214854549 1
9774387 214850790 1
9774387 214850792 0.5
9774387 214850936 0.5
9774387 214854172 0.5
9774387 214851317 0.5
6699914 214849807 1
6699914 214849766 1
6699914 214849762 0.5
1381699 214829321 1
1381699 214829366 1
1381699 214748336 0.5
1381699 214712130 0.5
1381699 214829852 0.5
1381699 214834877 0.5
1381699 214706102 0.5
1500484 214587266 1
1500484 214508308 1
1500484 214712124 0.5
1500484 214829366 0.5
1746253 214834877 1
1746253 214826610 1
1746253 214834873 0.5
1906004 214829379 1
1906004 214644317 1
1906004 214829715 0.5
8628453 214853094 1
8628453 214853195 1
8628453 214851326 0.5
9194384 214826987 1
9194384 214850947 1
9194384 214853420 0.5
2553403 214829880 1
2553403 214829887 1
2553403 214829882 0.5
10454376 214853677 1
10454376 214838094 1
10454376 214829887 0.5
10454376 214859927 0.5
10454376 214846029 0.5
10454376 214716935 0.5
8835199 214853077 1
8835199 214852980 1
8835199 214853096 0.5
8835199 214853105 0.5
8835199 214853090 0.5
8835199 214853085 0.5
8835199 214853094 0.5
7927149 214850936 1
7927149 214850743 1
7927149 214806665 0.5
5719408 214821367 1
5719408 214845422 1
5719408 214748336 0.5
5719408 214848298 0.5
5719408 214835019 0.5
5719408 214839973 0.5
5719408 214846061 0.5
4736371 214839969 1
4736371 214845131 1
4736371 214839600 0.5
4736371 214839971 0.5
4736371 214602733 0.5
4736371 214839975 0.5
10898324 214846119 1
10898324 214845962 1
10898324 214536193 0.5
10898324 214849010 0.5
10898324 214536195 0.5
10898324 214848596 0.5
5107946 214826623 1
5107946 214848176 1
5107946 214839943 0.5
5107946 214717247 0.5
2917758 214831948 1
2917758 214829880 1
2917758 214718398 0.5
7275903 214848977 1
7275903 214846031 1
7275903 214829880 0.5
7275903 214699065 0.5
9270658 214675888 1
9270658 214717888 1
9270658 214718220 0.5
10077571 214853730 1
10077571 214853700 1
10077571 214853713 0.5
10077571 214853722 0.5
10077571 214853702 0.5
2762119 214832017 1
2762119 214835132 1
2762119 214819490 0.5
2762119 214677965 0.5
5653901 214820443 1
5653901 214641412 1
5653901 214848990 0.5
7934874 214828882 1
7934874 214853758 1
7934874 214853173 0.5
6903199 214848986 1
6903199 214849312 1
6903199 214849284 0.5
6903199 214717436 0.5
9999943 214853342 1
9999943 214851135 1
9999943 214717888 0.5
9999943 214850754 0.5
9999943 214850756 0.5
9999943 214854122 0.5
9999943 214718220 0.5
9999943 214854547 0.5
8296008 214844394 1
8296008 214844439 1
8296008 214844456 0.5
10298803 214851326 1
10298803 214853090 1
10298803 214853248 0.5
288194 214821272 1
288194 214827020 1
288194 214821277 0.5
288194 214827030 0.5
2115018 214826662 1
2115018 214826711 1
2115018 214826666 0.5
2115018 214706460 0.5
10153833 214853698 1
10153833 214853700 1
10153833 214854122 0.5
10153833 214853767 0.5
9859323 214853992 1
9859323 214854172 1
9859323 214854165 0.5
6129124 214846417 1
6129124 214846415 1
6129124 214846479 0.5
2405861 214829711 1
2405861 214829846 1
2405861 214829861 0.5
10581482 214567215 1
10581482 214567329 1
10581482 214854264 0.5
10581482 214854268 0.5
10581482 214567333 0.5
10581482 214854510 0.5
10581482 214853855 0.5
1103342 214748295 1
1103342 214748291 1
1103342 214748304 0.5
1103342 214753505 0.5
1103342 214840483 0.5
1103342 214753507 0.5
7468528 214851279 1
7468528 214829878 1
7468528 214587328 0.5
7468528 214850304 0.5
7468528 214743515 0.5
7468528 214850282 0.5
7468528 214712237 0.5
7468528 214835126 0.5
7468528 214701787 0.5
3094004 214829885 1
3094004 214831946 1
3094004 214829882 0.5
3094004 214826979 0.5
8971767 214531618 1
8971767 214836517 1
8971767 214853248 0.5
3900923 214836795 1
3900923 214829773 1
3900923 214839600 0.5
3900923 214582382 0.5
2369031 214829880 1
2369031 214835017 1
2369031 214831946 0.5
2369031 214829887 0.5
8908511 214853248 1
8908511 214853094 1
8908511 214852978 0.5
509459 214826615 1
509459 214826617 1
509459 214826619 0.5
509459 214717877 0.5
747031 214716984 1
747031 214832655 1
747031 214716937 0.5
747031 214716986 0.5
747031 214832653 0.5
747031 214832657 0.5
10999326 214854853 1
10999326 214854840 1
10999326 214853100 0.5
8818267 214852980 1
8818267 214853077 1
8818267 214853096 0.5
8957221 214680371 1
8957221 214840082 1
8957221 214700000 0.5
8957221 214836536 0.5
8957221 214744258 0.5
8957221 214712235 0.5
8957221 214743367 0.5
11216428 214853362 1
11216428 214854722 1
11216428 214854770 0.5
11216428 214854767 0.5
8095283 214851028 1
8095283 214851317 1
8095283 214716746 0.5
4769333 214602598 1
4769333 214587317 1
4769333 214829775 0.5
5207619 214844349 1
5207619 214845380 1
5207619 214831955 0.5
5207619 214826891 0.5
4097607 214839594 1
4097607 214829310 1
4097607 214836881 0.5
4097607 214820938 0.5
8894034 214845962 1
8894034 214678376 1
8894034 214851750 0.5
8894034 214677830 0.5
8894034 214853128 0.5
8894034 214853227 0.5
8894034 214853135 0.5
8894034 214848185 0.5
8894034 214851742 0.5
8537688 214836517 1
8537688 214748336 1
8537688 214601233 0.5
8361561 214851581 1
8361561 214851133 1
8361561 214851075 0.5
2475612 214821302 1
2475612 214645618 1
2475612 214821305 0.5
2475612 214774678 0.5
2475612 214844439 0.5
50783 214821277 1
50783 214821285 1
50783 214826810 0.5
50783 214585395 0.5
50783 214821292 0.5
1549937 214821410 1
1549937 214826563 1
1549937 214829852 0.5
1549937 214821412 0.5
1549937 214826589 0.5
1549937 214819550 0.5
3053174 214829390 1
3053174 214835122 1
3053174 214718377 0.5
3053174 214835107 0.5
3053174 214835132 0.5
3053174 214832555 0.5
9172599 214853105 1
9172599 214853077 1
9172599 214853096 0.5
9172599 214852980 0.5
9172599 214849327 0.5
11019906 214853102 1
11019906 214853154 1
11019906 214714755 0.5
11019906 214850310 0.5
11019906 214854855 0.5
11019906 214855016 0.5
11019906 214854731 0.5
11019906 214844355 0.5
11019906 214854840 0.5
11019906 214850315 0.5
10712721 214853930 1
10712721 214854495 1
10712721 214854545 0.5
10712721 214575665 0.5
3638932 214839982 1
3638932 214640507 1
3638932 214839984 0.5
3638932 214642787 0.5
3638932 214836870 0.5
3638932 214829799 0.5
9031961 214853077 1
9031961 214852980 1
9031961 214853105 0.5
2360996 214829878 1
2360996 214829887 1
2360996 214829882 0.5
1435301 214834877 1
1435301 214829387 1
1435301 214826610 0.5
9463466 214850949 1
9463466 214850315 1
9463466 214853422 0.5
5359278 214829878 1
5359278 214540125 1
5359278 214829882 0.5
726703 214826934 1
726703 214826927 1
726703 214820392 0.5
726703 214821300 0.5
5703344 214821309 1
5703344 214612738 1
5703344 214612751 0.5
8165046 214717427 1
8165046 214563182 1
8165046 214574777 0.5
8165046 214851017 0.5
8165046 214850730 0.5
8165046 214850747 0.5
8165046 214546025 0.5
4134583 214829079 1
4134583 214546772 1
4134583 214613915 0.5
4359868 214826945 1
4359868 214826844 1
4359868 214717515 0.5
4359868 214684717 0.5
4359868 214826983 0.5
825024 214600989 1
825024 214826627 1
825024 214680369 0.5
825024 214575210 0.5
825024 214832555 0.5
825024 214748319 0.5
2459937 214829885 1
2459937 214829878 1
2459937 214829887 0.5
10778329 214853102 1
10778329 214854840 1
10778329 214864880 0.5
10757853 214853767 1
10757853 214853702 1
10757853 214829280 0.5
10757853 214854527 0.5
5162721 214844325 1
5162721 214840082 1
5162721 214826820 0.5
5162721 214844327 0.5
5162721 214844332 0.5
5162721 214709814 0.5
5162721 214646617 0.5
5162721 214840091 0.5
6039267 214846119 1
6039267 214845962 1
6039267 214845954 0.5
9665971 214850771 1
9665971 214850743 1
9665971 214556840 0.5
9665971 214851750 0.5
2483954 214829743 1
2483954 214580291 1
2483954 214580293 0.5
2483954 214840935 0.5
4290302 214836330 1
4290302 214540127 1
4290302 214819760 0.5
4290302 214819762 0.5
4290302 214684843 0.5
4290302 214839596 0.5
8795904 214853077 1
8795904 214852980 1
8795904 214852978 0.5
8795904 214851326 0.5
10331906 214567327 1
10331906 214854352 1
10331906 214567333 0.5
10331906 214853102 0.5
10331906 214556212 0.5
10331906 214854510 0.5
10331906 214854262 0.5
10331906 214556216 0.5
10331906 214854174 0.5
7198483 214849766 1
7198483 214849768 1
7198483 214846112 0.5
7198483 214849327 0.5
7198483 214579839 0.5
2316068 214844394 1
2316068 214716110 1
2316068 214836330 0.5
2316068 214844439 0.5
2316068 214832780 0.5
2316068 214748334 0.5
2316068 214835111 0.5
9197349 214853420 1
9197349 214853342 1
9197349 214850945 0.5
10364713 214705757 1
10364713 214854802 1
10364713 214829737 0.5
10364713 214821022 0.5
1890097 214829394 1
1890097 214835572 1
1890097 214834995 0.5
1890097 214829878 0.5
4777794 214744258 1
4777794 214838098 1
4777794 214826750 0.5
9936523 214537931 1
9936523 214537856 1
9936523 214555847 0.5
9936523 214537929 0.5
9936523 214537867 0.5
9936523 214511465 0.5
9936523 214579704 0.5
9936523 214536221 0.5
6231878 214848808 1
6231878 214714794 1
6231878 214848832 0.5
6231878 214848851 0.5
6231878 214848613 0.5
3008333 214829878 1
3008333 214829885 1
3008333 214831959 0.5
6850382 214848945 1
6850382 214848954 1
6850382 214849020 0.5
4167508 214839356 1
4167508 214834877 1
4167508 214819760 0.5
4167508 214819762 0.5
8615766 214851161 1
8615766 214716746 1
8615766 214851080 0.5
8615766 214684845 0.5
6838103 214848596 1
6838103 214835167 1
6838103 214651777 0.5
6838103 214821020 0.5
6838103 214846477 0.5
4400989 214640015 1
4400989 214839969 1
4400989 214845131 0.5
4400989 214602733 0.5
4400989 214829775 0.5
10237791 214853244 1
10237791 214854352 1
10237791 214854536 0.5
10237791 214854577 0.5
10237791 214854354 0.5
10237791 214854731 0.5
10237791 214854358 0.5
4469051 214839596 1
4469051 214700002 1
4469051 214838098 0.5
5597036 214845939 1
5597036 214849001 1
5597036 214835019 0.5
5597036 214846007 0.5
9082733 214853094 1
9082733 214853248 1
9082733 214837483 0.5
9082733 214819760 0.5
9082733 214848849 0.5
9082733 214819762 0.5
9082733 214850872 0.5
9082733 214853085 0.5
6125422 214846119 1
6125422 214846427 1
6125422 214846466 0.5
6752111 214849327 1
6752111 214845135 1
6752111 214849322 0.5
6752111 214836947 0.5
6752111 214829765 0.5
9484146 214853321 1
9484146 214826987 1
9484146 214700002 0.5
4510697 214748310 1
4510697 214839356 1
4510697 214845129 0.5
5535613 214844398 1
5535613 214844370 1
5535613 214844400 0.5
5535613 214844355 0.5
2348928 214831948 1
2348928 214826893 1
2348928 214831957 0.5
415619 214716977 1
415619 214716937 1
415619 214716980 0.5
1607559 214827000 1
1607559 214826876 1
1607559 214829321 0.5
1607559 214826837 0.5
1607559 214586743 0.5
7440267 214716707 1
7440267 214832604 1
7440267 214849200 0.5
11110286 214854705 1
11110286 214854802 1
11110286 214705757 0.5
7800739 214717003 1
7800739 214716982 1
7800739 214716930 0.5
7890866 214850758 1
7890866 214677615 1
7890866 214851585 0.5
7890866 214718169 0.5
7890866 214676306 0.5
7890866 214826610 0.5
7890866 214846035 0.5
7890866 214850743 0.5
7890866 214850936 0.5
7890866 214821017 0.5
7890866 214850938 0.5
7890866 214821022 0.5
9639866 214853132 1
9639866 214853162 1
9639866 214854176 0.5
9639866 214850330 0.5
9639866 214853435 0.5
9639866 214845982 0.5
4741051 214839598 1
4741051 214539206 1
4741051 214831970 0.5
4741051 214600492 0.5
2078656 214832722 1
2078656 214821397 1
2078656 214559960 0.5
2078656 214835002 0.5
3647434 214839932 1
3647434 214839587 1
3647434 214836881 0.5
3647434 214829102 0.5
3647434 214835017 0.5
1326754 214834877 1
1326754 214834880 1
1326754 214826610 0.5
10127313 214743367 1
10127313 214853113 1
10127313 214850739 0.5
9684981 214850949 1
9684981 214853422 1
9684981 214850945 0.5
5924859 214716950 1
5924859 214848746 1
5924859 214691426 0.5
5924859 214691683 0.5
5867526 214829765 1
5867526 214684108 1
5867526 214846460 0.5
3430422 214829885 1
3430422 214829882 1
3430422 214829878 0.5
11151392 214853732 1
11151392 214853735 1
11151392 214853724 0.5
2721827 214832128 1
2721827 214826565 1
2721827 214835019 0.5
2721827 214832555 0.5
6830122 214687899 1
6830122 214850332 1
6830122 214834873 0.5
6830122 214644731 0.5
1599538 214744530 1
1599538 214712235 1
1599538 214680371 0.5
1599538 214602605 0.5
5875767 214849258 1
5875767 214714794 1
5875767 214846530 0.5
5875767 214571188 0.5
5875767 214848695 0.5
11327544 214854707 1
11327544 214853072 1
11327544 214854860 0.5
11376698 214853113 1
11376698 214854352 1
11376698 214855185 0.5
11376698 214677757 0.5
9668668 214853420 1
9668668 214850942 1
9668668 214850947 0.5
10860606 214853102 1
10860606 214854785 1
10860606 214708305 0.5
10860606 214854733 0.5
2893891 214837916 1
2893891 214837918 1
2893891 214834867 0.5
7559238 214516749 1
7559238 214850700 1
7559238 214849155 0.5
7559238 214851581 0.5
7559238 214578350 0.5
3246156 214632146 1
3246156 214829885 1
3246156 214835747 0.5
3246156 214831950 0.5
3246156 214514291 0.5
10043241 214853698 1
10043241 214853730 1
10043241 214853700 0.5
10033241 214717888 1
10033241 214718160 1
10033241 214850771 0.5
10033241 214718220 0.5
1464413 214819760 1
1464413 214819762 1
1464413 214712130 0.5
1464413 214819721 0.5
1464413 214694156 0.5
1464413 214828985 0.5
1464413 214553561 0.5
1464413 214743369 0.5
1464413 214668281 0.5
3889246 214645618 1
3889246 214838225 1
3889246 214630042 0.5
3889246 214839341 0.5
7059558 214849740 1
7059558 214651777 1
7059558 214849745 0.5
7059558 214844355 0.5
7059558 214849742 0.5
5892209 214846031 1
5892209 214846029 1
5892209 214846033 0.5
4028534 214820259 1
4028534 214821285 1
4028534 214820227 0.5
4028534 214820383 0.5
5490813 214835111 1
5490813 214845583 1
5490813 214832780 0.5
9246853 214853396 1
9246853 214853420 1
9246853 214848185 0.5
9246853 214850947 0.5
9246853 214850942 0.5
9214094 214851238 1
9214094 214828970 1
9214094 214853465 0.5
9214094 214718377 0.5
4323479 214845129 1
4323479 214839937 1
4323479 214553578 0.5
4323479 214832747 0.5
4323479 214836932 0.5
4323479 214829765 0.5
4323479 214829366 0.5
1038488 214586743 1
1038488 214829280 1
1038488 214601233 0.5
1038488 214717850 0.5
8620199 214851279 1
8620199 214826987 1
8620199 214850285 0.5
8620199 214712237 0.5
8620199 214849070 0.5
8620199 214853325 0.5
8620199 214704180 0.5
8620199 214835126 0.5
8620199 214743515 0.5
8620199 214686911 0.5
7690417 214700002 1
7690417 214587328 1
7690417 214835126 0.5
6322358 214848596 1
6322358 214848384 1
6322358 214829765 0.5
6322358 214835167 0.5
2656629 214831931 1
2656629 214829887 1
2656629 214540127 0.5
398368 214821277 1
398368 214821290 1
398368 214826702 0.5
398368 214826606 0.5
5232834 214835473 1
5232834 214845587 1
5232834 214844345 0.5
5232834 214845412 0.5
5232834 214826621 0.5
489674 214716110 1
489674 214686902 1
489674 214826619 0.5
489674 214829285 0.5
2390222 214829880 1
2390222 214831948 1
2390222 214829882 0.5
2390222 214829878 0.5
2390222 214831967 0.5
8030416 214851317 1
8030416 214850792 1
8030416 214845958 0.5
8393764 214853128 1
8393764 214853165 1
8393764 214845962 0.5
8393764 214851742 0.5
3733728 214844456 1
3733728 214844394 1
3733728 214821309 0.5
3733728 214844462 0.5
3733728 214844439 0.5
8476898 214849102 1
8476898 214844413 1
8476898 214835137 0.5
8476898 214850402 0.5
8476898 214819760 0.5
8476898 214800262 0.5
8476898 214850310 0.5
8476898 214563337 0.5
8476898 214836330 0.5
8476898 214600492 0.5
8476898 214832780 0.5
8476898 214819762 0.5
8476898 214851099 0.5
8476898 214716645 0.5
10217704 214684762 1
10217704 214854358 1
10217704 214853698 0.5
4913386 214840082 1
4913386 214826818 1
4913386 214684108 0.5
4913386 214743350 0.5
4913386 214709814 0.5
35066 214832557 1
35066 214718160 1
35066 214821024 0.5
35066 214832559 0.5
1894651 214831948 1
1894651 214829880 1
1894651 214829878 0.5
1546496 214834877 1
1546496 214821407 1
1546496 214834880 0.5
10549516 214838107 1
10549516 214850285 1
10549516 214820186 0.5
10549516 214853100 0.5
10549516 214850949 0.5
10549516 214853454 0.5
10549516 214846031 0.5
7252237 214849740 1
7252237 214849764 1
7252237 214579837 0.5
7252237 214844398 0.5
7252237 214850295 0.5
2025744 214829865 1
2025744 214829846 1
2025744 214680722 0.5
3795222 214829079 1
3795222 214820220 1
3795222 214829762 0.5
3795222 214826803 0.5
3795222 214838227 0.5
8653088 214853105 1
8653088 214853248 1
8653088 214853096 0.5
8653088 214853090 0.5
8653088 214853085 0.5
8653088 214853094 0.5
8317221 214850771 1
8317221 214845984 1
8317221 214839617 0.5
8317221 214851236 0.5
8317221 214851077 0.5
8317221 214850705 0.5
8317221 214846344 0.5
8317221 214850743 0.5
8317221 214561775 0.5
8317221 214851313 0.5
8317221 214846033 0.5
8317221 214851159 0.5
8317221 214849466 0.5
8317221 214829797 0.5
3053862 214829728 1
3053862 214702933 1
3053862 214700992 0.5
3374812 214829799 1
3374812 214826876 1
3374812 214558080 0.5
3374812 214800272 0.5
3374812 214820402 0.5
3374812 214556595 0.5
6523178 214847649 1
6523178 214848808 1
6523178 214848832 0.5
6523178 214558192 0.5
6523178 214848613 0.5
1881459 214686082 1
1881459 214836519 1
1881459 214829878 0.5
4438321 214839971 1
4438321 214845131 1
4438321 214829280 0.5
4438321 214839600 0.5
4438321 214839973 0.5
2160948 214829865 1
2160948 214829863 1
2160948 214832717 0.5
768324 214821309 1
768324 214821305 1
768324 214821341 0.5
768324 214821302 0.5
1661263 214834880 1
1661263 214835021 1
1661263 214826992 0.5
1661263 214829396 0.5
1661263 214826610 0.5
1661263 214826996 0.5
1661263 214834877 0.5
10539714 214853077 1
10539714 214853085 1
10539714 214853090 0.5
10539714 214851326 0.5
309594 214828987 1
309594 214838831 1
309594 214642560 0.5
309594 214558192 0.5
309594 214837485 0.5
309594 214837487 0.5
11217244 214854264 1
11217244 214567215 1
11217244 214567329 0.5
3070312 214829878 1
3070312 214829887 1
3070312 214829885 0.5
3598699 214836932 1
3598699 214835109 1
3598699 214821017 0.5
5994866 214845960 1
5994866 214850870 1
5994866 214850872 0.5
3287413 214820263 1
3287413 214820231 1
3287413 214743369 0.5
6891909 214849003 1
6891909 214849286 1
6891909 214643930 0.5
6891909 214838094 0.5
3332498 214844439 1
3332498 214844456 1
3332498 214821305 0.5
2316697 214829878 1
2316697 214829882 1
2316697 214831948 0.5
8829337 214849322 1
8829337 214851080 1
8829337 214848851 0.5
8829337 214851575 0.5
8829337 214716671 0.5
8460704 214851317 1
8460704 214853242 1
8460704 214850792 0.5
8460704 214577450 0.5
8460704 214554675 0.5
8460704 214609325 0.5
8460704 214835750 0.5
4594082 214839973 1
4594082 214832015 1
4594082 214839975 0.5
4594082 214831948 0.5
4594082 214601233 0.5
4594082 214838098 0.5
4594082 214553561 0.5
4594082 214837882 0.5
4594082 214838107 0.5
4594082 214612730 0.5
4594082 214826942 0.5
6810021 214846085 1
6810021 214849245 1
6810021 214643681 0.5
6810021 214576890 0.5
6019496 214846472 1
6019496 214846460 1
6019496 214845984 0.5
6019496 214826906 0.5
9382324 214718160 1
9382324 214718169 1
9382324 214717888 0.5
9382324 214850771 0.5
9382324 214718220 0.5
9382324 214850743 0.5
2619837 214835550 1
2619837 214829878 1
2619837 214836517 0.5
2910656 214557223 1
2910656 214829878 1
2910656 214829880 0.5
2910656 214831948 0.5
2910656 214821407 0.5
7887298 214853758 1
7887298 214717003 1
7887298 214716928 0.5
7887298 214717007 0.5
11020741 214857551 1
11020741 214857204 1
11020741 214835000 0.5
4553158 214839341 1
4553158 214594678 1
4553158 214537496 0.5
10353102 214712237 1
10353102 214853325 1
10353102 214853321 0.5
10353102 214826987 0.5
11164117 214853100 1
11164117 214864880 1
11164117 214854840 0.5
11164117 214854785 0.5
11164117 214853102 0.5
1685977 214829006 1
1685977 214774674 1
1685977 214708211 0.5
1685977 214695399 0.5
6330864 214684702 1
6330864 214848967 1
6330864 214587328 0.5
6330864 214850788 0.5
6330864 214832145 0.5
6330864 214848620 0.5
6330864 214842733 0.5
6330864 214849070 0.5
6330864 214838225 0.5
6330864 214820214 0.5
6330864 214834873 0.5
10582513 214854536 1
10582513 214853244 1
10582513 214853113 0.5
10582513 214854354 0.5
1694197 214834880 1
1694197 214826610 1
1694197 214829387 0.5
6361517 214711348 1
6361517 214710097 1
6361517 214848328 0.5
6361517 214849012 0.5
6361517 214846535 0.5
8579602 214850730 1
8579602 214850932 1
8579602 214700876 0.5
8579602 214550548 0.5
10897943 214854313 1
10897943 214854257 1
10897943 214853096 0.5
10897943 214546102 0.5
8350237 214851101 1
8350237 214850936 1
8350237 214851290 0.5
8350237 214850938 0.5
8350237 214851133 0.5
8350237 214850743 0.5
5212704 214712235 1
5212704 214839594 1
5212704 214700000 0.5
5212704 214680371 0.5
9673258 214853420 1
9673258 214853422 1
9673258 214853321 0.5
9673258 214853147 0.5
6629931 214844347 1
6629931 214835019 1
6629931 214849312 0.5
6629931 214848695 0.5
6629931 214845583 0.5
6629931 214848656 0.5
6629931 214543922 0.5
6629931 214829366 0.5
6629931 214849239 0.5
9497141 214853282 1
9497141 214743515 1
9497141 214712237 0.5
7109186 214743515 1
7109186 214684715 1
7109186 214850304 0.5
7109186 214850366 0.5
5433937 214844345 1
5433937 214845583 1
5433937 214844342 0.5
8948313 214533020 1
8948313 214744768 1
8948313 214845585 0.5
8948313 214853094 0.5
4827739 214701787 1
4827739 214835126 1
4827739 214706452 0.5
6072929 214839932 1
6072929 214846406 1
6072929 214838137 0.5
6072929 214849252 0.5
8125028 214851232 1
8125028 214851290 1
8125028 214564380 0.5
8125028 214851101 0.5
68198 214840762 1
68198 214535010 1
68198 214821024 0.5
68198 214581761 0.5
5356144 214844396 1
5356144 214844400 1
5356144 214748336 0.5
5356144 214601233 0.5
9673331 214563182 1
9673331 214853420 1
9673331 214850947 0.5
9673331 214850949 0.5
9075323 214850285 1
9075323 214846029 1
9075323 214850282 0.5
2304638 214829878 1
2304638 214829887 1
2304638 214829880 0.5
2304638 214716937 0.5
2304638 214684730 0.5
2304638 214819468 0.5
4995726 214831948 1
4995726 214829878 1
4995726 214845577 0.5
4995726 214845354 0.5
7567129 214840378 1
7567129 214853173 1
7567129 214853758 0.5
6834857 214667859 1
6834857 214848757 1
6834857 214849312 0.5
3709614 214838227 1
3709614 214832023 1
3709614 214826990 0.5
9702072 214700002 1
9702072 214826987 1
9702072 214853321 0.5
875194 214718210 1
875194 214717511 1
875194 214705993 0.5
1145537 214834877 1
1145537 214833755 1
1145537 214829387 0.5
1145537 214829366 0.5
4250307 214832128 1
4250307 214839965 1
4250307 214829657 0.5
4250307 214835107 0.5
5536463 214844400 1
5536463 214826833 1
5536463 214835042 0.5
5536463 214819691 0.5
5536463 214826932 0.5
8437539 214853094 1
8437539 214853248 1
8437539 214853077 0.5
8211156 214849157 1
8211156 214851581 1
8211156 214849080 0.5
8211156 214651517 0.5
11135703 214853102 1
11135703 214853100 1
11135703 214854840 0.5
11135703 214855016 0.5
2603739 214746427 1
2603739 214829385 1
2603739 214836328 0.5
2603739 214834995 0.5
2603739 214835124 0.5
613087 214827011 1
613087 214828987 1
613087 214826912 0.5
613087 214827026 0.5
2849508 214835019 1
2849508 214831959 1
2849508 214826977 0.5
2849508 214836515 0.5
2849508 214835111 0.5
11090661 214854802 1
11090661 214843288 1
11090661 214541495 0.5
9104102 214853135 1
9104102 214853195 1
9104102 214853184 0.5
9104102 214853227 0.5
9104102 214851748 0.5
9104102 214840483 0.5
2970068 214835017 1
2970068 214835019 1
2970068 214835747 0.5
7195397 214838109 1
7195397 214826720 1
7195397 214539193 0.5
7195397 214539236 0.5
7195397 214539150 0.5
2382599 214714794 1
2382599 214829880 1
2382599 214829885 0.5
2382599 214829878 0.5
2844849 214835711 1
2844849 214835503 1
2844849 214840584 0.5
2844849 214579837 0.5
2844849 214579839 0.5
9255703 214850285 1
9255703 214850315 1
9255703 214831948 0.5
9255703 214850942 0.5
8932121 214846391 1
8932121 214851135 1
8932121 214556840 0.5
8932121 214851071 0.5
891678 214826715 1
891678 214744775 1
891678 214748336 0.5
891678 214819721 0.5
891678 214577450 0.5
891678 214684843 0.5
891678 214819760 0.5
891678 214819762 0.5
4696869 214826990 1
4696869 214718220 1
4696869 214834880 0.5
4696869 214835747 0.5
4696869 214819691 0.5
4696869 214553844 0.5
4696869 214831959 0.5
4696869 214587384 0.5
10685222 214854354 1
10685222 214854358 1
10685222 214684762 0.5
10685222 214567333 0.5
10685222 214853726 0.5
10685222 214853855 0.5
4926248 214748336 1
4926248 214845435 1
4926248 214819721 0.5
4926248 214831967 0.5
4926248 214829852 0.5
4926248 214690110 0.5
4926248 214743495 0.5
52011 214826927 1
52011 214826934 1
52011 214840001 0.5
52011 214839997 0.5
52011 214821300 0.5
52011 214821309 0.5
52011 214839313 0.5
1628973 214829366 1
1628973 214826589 1
1628973 214829387 0.5
1628973 214834877 0.5
1427934 214828959 1
1427934 214826814 1
1427934 214832720 0.5
1427934 214834873 0.5
6626107 214678880 1
6626107 214849337 1
6626107 214849329 0.5
6626107 214848947 0.5
6626107 214849020 0.5
6626107 214849022 0.5
8624963 214651777 1
8624963 214677615 1
8624963 214821017 0.5
8624963 214509206 0.5
5086031 214826670 1
5086031 214835137 1
5086031 214827032 0.5
5086031 214601060 0.5
8295566 214850938 1
8295566 214850936 1
8295566 214561494 0.5
8295566 214716641 0.5
8295566 214600492 0.5
8295566 214537541 0.5
8295566 214574670 0.5
5118808 214826998 1
5118808 214835473 1
5118808 214828985 0.5
5118808 214845131 0.5
5118808 214845380 0.5
5118808 214587317 0.5
5118808 214602598 0.5
2341721 214831948 1
2341721 214829878 1
2341721 214821412 0.5
11357021 214851326 1
11357021 214853090 1
11357021 214853094 0.5
2394977 214831948 1
2394977 214829880 1
2394977 214831946 0.5
1400421 214829666 1
1400421 214832722 1
1400421 214829396 0.5
1400421 214821397 0.5
1400421 214821407 0.5
3636076 214835167 1
3636076 214829765 1
3636076 214826938 0.5
3636076 214836795 0.5
3636076 214613741 0.5
3636076 214836870 0.5
5585779 214846001 1
5585779 214845917 1
5585779 214846447 0.5
3345268 214832128 1
3345268 214832126 1
3345268 214826563 0.5
5498687 214839587 1
5498687 214553561 1
5498687 214836926 0.5
5498687 214839975 0.5
8629126 214853094 1
8629126 214853085 1
8629126 214853096 0.5
4237121 214820263 1
4237121 214820231 1
4237121 214820227 0.5
1485711 214834877 1
1485711 214833755 1
1485711 214826992 0.5
1485711 214819526 0.5
1485711 214743335 0.5
1485711 214820392 0.5
1485711 214832780 0.5
1485711 214820458 0.5
1485711 214718411 0.5
1485711 214820812 0.5
1485711 214609325 0.5
1485711 214839600 0.5
1485711 214829008 0.5
1485711 214826610 0.5
1485711 214826996 0.5
1485711 214587317 0.5
1485711 214820807 0.5
1485711 214586743 0.5
1485711 214819770 0.5
7682979 214744258 1
7682979 214853657 1
7682979 214712235 0.5
7912356 214850771 1
7912356 214850743 1
7912356 214849239 0.5
5946279 214585676 1
5946279 214826670 1
5946279 214845410 0.5
5946279 214846447 0.5
5946279 214573612 0.5
5946279 214846119 0.5
89011 214554510 1
89011 214646306 1
89011 214577732 0.5
3546039 214831950 1
3546039 214601237 1
3546039 214514265 0.5
3546039 214514291 0.5
4373432 214831970 1
4373432 214594678 1
4373432 214613915 0.5
5778369 214845354 1
5778369 214845352 1
5778369 214684717 0.5
5778369 214838102 0.5
5778369 214829887 0.5
1522628 214834877 1
1522628 214829390 1
1522628 214833755 0.5
1522628 214826610 0.5
1522628 214829387 0.5
9067474 214848688 1
9067474 214844396 1
9067474 214849736 0.5
1553573 214716973 1
1553573 214716984 1
1553573 214716928 0.5
1553573 214716939 0.5
10881532 214850754 1
10881532 214850743 1
10881532 214854491 0.5
10881532 214718220 0.5
10881532 214826621 0.5
1739756 214685795 1
1739756 214709634 1
1739756 214829045 0.5
7719933 214835126 1
7719933 214851279 1
7719933 214639815 0.5
7719933 214716935 0.5
5987326 214846367 1
5987326 214848992 1
5987326 214846421 0.5
871434 214837487 1
871434 214819577 1
871434 214821032 0.5
871434 214709634 0.5
10783777 214854720 1
10783777 214854722 1
10783777 214853083 0.5
4398114 214831970 1
4398114 214836512 1
4398114 214632272 0.5
11033642 214832604 1
11033642 214851131 1
11033642 214851165 0.5
7765038 214850411 1
7765038 214753505 1
7765038 214716645 0.5
9280563 214853422 1
9280563 214853420 1
9280563 214684730 0.5
3841083 214836924 1
3841083 214836932 1
3841083 214829765 0.5
2133067 214826662 1
2133067 214826668 1
2133067 214826664 0.5
2133067 214554510 0.5
2112598 214832717 1
2112598 214829705 1
2112598 214829857 0.5
11086936 214853102 1
11086936 214854785 1
11086936 214853100 0.5
5483612 214826990 1
5483612 214712126 1
5483612 214844345 0.5
5483612 214844340 0.5
2538596 214748304 1
2538596 214753505 1
2538596 214829880 0.5
2538596 214753513 0.5
2538596 214748291 0.5
7511142 214853177 1
7511142 214853175 1
7511142 214850938 0.5
480444 214536195 1
480444 214536189 1
480444 214559660 0.5
10083444 214854264 1
10083444 214567215 1
10083444 214567329 0.5
10083444 214854268 0.5
10083444 214743367 0.5
6843511 214849022 1
6843511 214849020 1
6843511 214848954 0.5
10624134 214854352 1
10624134 214853113 1
10624134 214853732 0.5
10624134 214853735 0.5
10624134 214854536 0.5
10624134 214857167 0.5
10624134 214854545 0.5
10624134 214854354 0.5
10624134 214556212 0.5
10624134 214853724 0.5
10624134 214854495 0.5
11242638 214853072 1
11242638 214510445 1
11242638 214578011 0.5
11242638 214854707 0.5
658589 214716939 1
658589 214716975 1
658589 214716941 0.5
375966 214748285 1
375966 214821037 1
375966 214561477 0.5
6495391 214832604 1
6495391 214716707 1
6495391 214716710 0.5
11254954 214850287 1
11254954 214850368 1
11254954 214854795 0.5
10237363 214853735 1
10237363 214853413 1
10237363 214853347 0.5
10237363 214853724 0.5
10237363 214684785 0.5
10237363 214854579 0.5
10237363 214854165 0.5
10237363 214849464 0.5
10237363 214684762 0.5
10237363 214854300 0.5
10237363 214853726 0.5
5450927 214844413 1
5450927 214844370 1
5450927 214819760 0.5
5450927 214844396 0.5
7290044 214844439 1
7290044 214844394 1
7290044 214716928 0.5
7290044 214854570 0.5
7290044 214819468 0.5
7290044 214716982 0.5
7290044 214716984 0.5
7290044 214821305 0.5
1711306 214828997 1
1711306 214820810 1
1711306 214839600 0.5
1711306 214667970 0.5
1711306 214819430 0.5
1711306 214829321 0.5
1711306 214800272 0.5
1711306 214601233 0.5
1711306 214826934 0.5
3136716 214820214 1
3136716 214531517 1
3136716 214680521 0.5
3136716 214678524 0.5
818381 214832552 1
818381 214821397 1
818381 214640094 0.5
818381 214536193 0.5
818381 214569707 0.5
818381 214549277 0.5
818381 214684502 0.5
9743566 214850771 1
9743566 214851137 1
9743566 214849312 0.5
9743566 214850788 0.5
9743566 214829797 0.5
9743566 214738455 0.5
2882769 214829887 1
2882769 214829878 1
2882769 214829882 0.5
7703783 214850726 1
7703783 214850792 1
7703783 214850855 0.5
7703783 214820394 0.5
7703783 214850700 0.5
7703783 214677615 0.5
7703783 214849395 0.5
7703783 214850938 0.5
7703783 214850619 0.5
5885161 214848337 1
5885161 214848377 1
5885161 214657318 0.5
3366128 214835019 1
3366128 214826565 1
3366128 214835745 0.5
1543409 214826610 1
1543409 214834880 1
1543409 214834877 0.5
10980594 214853072 1
10980594 214710013 1
10980594 214743821 0.5
1518844 214829392 1
1518844 214829390 1
1518844 214706216 0.5
1518844 214826705 0.5
1518844 214826563 0.5
1518844 214640507 0.5
1518844 214829822 0.5
11561514 214854298 1
11561514 214853702 1
11561514 214854819 0.5
11561514 214853156 0.5
11561514 214849736 0.5
11561514 214849001 0.5
11561514 214849738 0.5
11561514 214854857 0.5
11561514 214854815 0.5
6532352 214848986 1
6532352 214846061 1
6532352 214845984 0.5
3226891 214587697 1
3226891 214832017 1
3226891 214835745 0.5
9432334 214853077 1
9432334 214852980 1
9432334 214853105 0.5
9133327 214853325 1
9133327 214700002 1
9133327 214850947 0.5
9133327 214835561 0.5
9133327 214826987 0.5
9133327 214853420 0.5
9133327 214845422 0.5
9133327 214853402 0.5
9604368 214840378 1
9604368 214743515 1
9604368 214700002 0.5
9604368 214851279 0.5
1568022 214834877 1
1568022 214826610 1
1568022 214820392 0.5
1568022 214837490 0.5
1568022 214832780 0.5
1568022 214698446 0.5
1568022 214837487 0.5
1432862 214821317 1
1432862 214642153 1
1432862 214667970 0.5
1432862 214826589 0.5
9956649 214853767 1
9956649 214853698 1
9956649 214853722 0.5
9956649 214853700 0.5
6839597 214848371 1
6839597 214848375 1
6839597 214846085 0.5
8355142 214848315 1
8355142 214851135 1
8355142 214836830 0.5
4724621 214848729 1
4724621 214602598 1
4724621 214839960 0.5
4724621 214836857 0.5
2267022 214829880 1
2267022 214829887 1
2267022 214831946 0.5
2267022 214829878 0.5
6892886 214712244 1
6892886 214676480 1
6892886 214849093 0.5
10747226 214854172 1
10747226 214854300 1
10747226 214851097 0.5
10747226 214684762 0.5
10747226 214850405 0.5
10747226 214854358 0.5
10747226 214567327 0.5
4136283 214602598 1
4136283 214821401 1
4136283 214716641 0.5
4136283 214680705 0.5
4136283 214602600 0.5
4136283 214558807 0.5
4136283 214600492 0.5
4136283 214609325 0.5
4136283 214553561 0.5
4136283 214836855 0.5
4136283 214832792 0.5
4136283 214554585 0.5
4087132 214548744 1
4087132 214835130 1
4087132 214839598 0.5
8905957 214853096 1
8905957 214853105 1
8905957 214853248 0.5
8905957 214851131 0.5
8905957 214853085 0.5
8905957 214853094 0.5
10915168 214850619 1
10915168 214853726 1
10915168 214555492 0.5
10915168 214835750 0.5
10915168 214854352 0.5
10915168 214849395 0.5
10915168 214559960 0.5
10915168 214684762 0.5
10915168 214853435 0.5
10915168 214854298 0.5
1178978 214716939 1
1178978 214716937 1
1178978 214716971 0.5
1178978 214716941 0.5
2055527 214829846 1
2055527 214829865 1
2055527 214820270 0.5
2055527 214829711 0.5
7339371 214850282 1
7339371 214850295 1
7339371 214849738 0.5
1019256 214821307 1
1019256 214829034 1
1019256 214695399 0.5
7888258 214850792 1
7888258 214850855 1
7888258 214845958 0.5
9599332 214853420 1
9599332 214850947 1
9599332 214850949 0.5
4861322 214839969 1
4861322 214845131 1
4861322 214829850 0.5
4861322 214832023 0.5
4861322 214586743 0.5
4610549 214836932 1
4610549 214835109 1
4610549 214826990 0.5
9237077 214853420 1
9237077 214850947 1
9237077 214850949 0.5
9237077 214829878 0.5
8904082 214851238 1
8904082 214851155 1
8904082 214819393 0.5
8904082 214581611 0.5
941466 214829045 1
941466 214829336 1
941466 214829857 0.5
941466 214553762 0.5
941466 214701212 0.5
335262 214706432 1
335262 214706460 1
335262 214821377 0.5
6716833 214848757 1
6716833 214849097 1
6716833 214667857 0.5
6716833 214851227 0.5
6716833 214834877 0.5
6716833 214849342 0.5
6716833 214849239 0.5
662946 214821302 1
662946 214821339 1
662946 214533026 0.5
662946 214821315 0.5
662946 214821309 0.5
662946 214821341 0.5
7093667 214829045 1
7093667 214551930 1
7093667 214844360 0.5
7093667 214839977 0.5
3616164 214685422 1
3616164 214836932 1
3616164 214835111 0.5
3616164 214557095 0.5
3616164 214838225 0.5
3616164 214838227 0.5
3616164 214553561 0.5
3616164 214717247 0.5
7888114 214551626 1
7888114 214844394 1
7888114 214612706 0.5
7888114 214551607 0.5
4631983 214716973 1
4631983 214716937 1
4631983 214829100 0.5
4631983 214716971 0.5
4631983 214716980 0.5
6352798 214712126 1
6352798 214710097 1
6352798 214848328 0.5
6352798 214846530 0.5
6352798 214839975 0.5
2358731 214829887 1
2358731 214829394 1
2358731 214826979 0.5
7302608 214849132 1
7302608 214712242 1
7302608 214712244 0.5
7441886 214665277 1
7441886 214849284 1
7441886 214834877 0.5
2260453 214826803 1
2260453 214821285 1
2260453 214819468 0.5
10810622 214853102 1
10810622 214854785 1
10810622 214853100 0.5
9244161 214853454 1
9244161 214853422 1
9244161 214553537 0.5
9244161 214853210 0.5
9244161 214853852 0.5
9244161 214850942 0.5
9244161 214853726 0.5
10156358 214854262 1
10156358 214854510 1
10156358 214853184 0.5
10156358 214567329 0.5
10156358 214567333 0.5
10156358 214567215 0.5
10156358 214848851 0.5
10156358 214684762 0.5
10156358 214567327 0.5
10156358 214854268 0.5
10156358 214849312 0.5
11234824 214686864 1
11234824 214686879 1
11234824 214835745 0.5
11234824 214851122 0.5
11234824 214854733 0.5
11234824 214854857 0.5
5401077 214551624 1
5401077 214844465 1
5401077 214612704 0.5
5401077 214844409 0.5
5401077 214844394 0.5
5401077 214821305 0.5
5401077 214844439 0.5
5156367 214844325 1
5156367 214844330 1
5156367 214836536 0.5
5156367 214838094 0.5
1625358 214716930 1
1625358 214551607 1
1625358 214821339 0.5
11055859 214854733 1
11055859 214853102 1
11055859 214714755 0.5
10817054 214854583 1
10817054 214687475 1
10817054 214846391 0.5
3112504 214831946 1
3112504 214829880 1
3112504 214829882 0.5
11116102 214854722 1
11116102 214853081 1
11116102 214710013 0.5
9187937 214853233 1
9187937 214853195 1
9187937 214853248 0.5
9187937 214851163 0.5
9187937 214853227 0.5
3825224 214836924 1
3825224 214835167 1
3825224 214836146 0.5
3825224 214836932 0.5
8228433 214845422 1
8228433 214851071 1
8228433 214836827 0.5
8228433 214718220 0.5
5484126 214844400 1
5484126 214844398 1
5484126 214844396 0.5
5484126 214844402 0.5
5484126 214836932 0.5
11057766 214859242 1
11057766 214854800 1
11057766 214650508 0.5
1531498 214821332 1
1531498 214834880 1
1531498 214829392 0.5
5914231 214846318 1
5914231 214846033 1
5914231 214846001 0.5
2650047 214820263 1
2650047 214820231 1
2650047 214821277 0.5
9735808 214838094 1
9735808 214844330 1
9735808 214853094 0.5
9735808 214849286 0.5
9735808 214851326 0.5
9207427 214848658 1
9207427 214848656 1
9207427 214851581 0.5
9207427 214853767 0.5
7945867 214850936 1
7945867 214850621 1
7945867 214836830 0.5
5803672 214846031 1
5803672 214845491 1
5803672 214846033 0.5
2322081 214829878 1
2322081 214829887 1
2322081 214829880 0.5
7679666 214850938 1
7679666 214850705 1
7679666 214564387 0.5
786113 214820233 1
786113 214820261 1
786113 214594680 0.5
786113 214594678 0.5
8412866 214851317 1
8412866 214850792 1
8412866 214850619 0.5
8412866 214849395 0.5
7729282 214850938 1
7729282 214850936 1
7729282 214850743 0.5
6794951 214849292 1
6794951 214718372 1
6794951 214684108 0.5
8703696 214832747 1
8703696 214853212 1
8703696 214853227 0.5
8703696 214851011 0.5
8703696 214821371 0.5
2571986 214844454 1
2571986 214844458 1
2571986 214844439 0.5
102099 214839313 1
102099 214664831 1
102099 214574672 0.5
11285113 214853077 1
11285113 214852980 1
11285113 214852978 0.5
7659228 214850730 1
7659228 214850852 1
7659228 214850747 0.5
7347933 214828989 1
7347933 214820377 1
7347933 214746388 0.5
4939492 214850402 1
4939492 214845587 1
4939492 214820400 0.5
4939492 214706102 0.5
10919657 214853165 1
10919657 214846119 1
10919657 214678376 0.5
10919657 214853107 0.5
3112688 214834867 1
3112688 214835745 1
3112688 214829379 0.5
3112688 214819526 0.5
3112688 214819430 0.5
3112688 214557223 0.5
3112688 214600492 0.5
3112688 214835019 0.5
3112688 214586668 0.5
3112688 214609325 0.5
3112688 214835475 0.5
1863413 214820233 1
1863413 214820261 1
1863413 214833800 0.5
1863413 214845088 0.5
7352064 214828970 1
7352064 214849745 1
7352064 214846112 0.5
7352064 214828963 0.5
7352064 214662692 0.5
7352064 214849327 0.5
7352064 214662742 0.5
7352064 214836855 0.5
7352064 214846072 0.5
9149799 214853233 1
9149799 214851748 1
9149799 214716746 0.5
9149799 214853227 0.5
9149799 214850700 0.5
9149799 214851163 0.5
2420497 214843905 1
2420497 214842577 1
2420497 214691321 0.5
2420497 214691426 0.5
7757586 214849295 1
7757586 214748300 1
7757586 214748293 0.5
291459 214833802 1
291459 214821277 1
291459 214587613 0.5
291459 214535621 0.5
737066 214746380 1
737066 214748295 1
737066 214601229 0.5
11104047 214578011 1
11104047 214712242 1
11104047 214848757 0.5
2035506 214835087 1
2035506 214586743 1
2035506 214829280 0.5
2035506 214743495 0.5
2035506 214753515 0.5
2035506 214832780 0.5
2035506 214826927 0.5
2035506 214587317 0.5
2035506 214828985 0.5
2035506 214717562 0.5
2035506 214717850 0.5
1521936 214834877 1
1521936 214834880 1
1521936 214826610 0.5
1521936 214833755 0.5
5623623 214844402 1
5623623 214845917 1
5623623 214844372 0.5
5623623 214844396 0.5
5623623 214844398 0.5
5623623 214846415 0.5
10686294 214853852 1
10686294 214853994 1
10686294 214853435 0.5
11222879 214854853 1
11222879 214854782 1
11222879 214853100 0.5
9416548 214853420 1
9416548 214853422 1
9416548 214850942 0.5
8261478 214711267 1
8261478 214819412 1
8261478 214853092 0.5
245607 214832653 1
245607 214716971 1
245607 214716984 0.5
245607 214717003 0.5
9297776 214743515 1
9297776 214846012 1
9297776 214831948 0.5
9297776 214712237 0.5
9297776 214850942 0.5
9297776 214853143 0.5
4591482 214836330 1
4591482 214748336 1
4591482 214839960 0.5
4591482 214829852 0.5
10559362 214854857 1
10559362 214854819 1
10559362 214567329 0.5
10559362 214854534 0.5
10559362 214853735 0.5
2256774 214829878 1
2256774 214829882 1
2256774 214829885 0.5
2256774 214829887 0.5
2580364 214748293 1
2580364 214748297 1
2580364 214748291 0.5
2580364 214748300 0.5
2580364 214748295 0.5
2506639 214826979 1
2506639 214844439 1
2506639 214831967 0.5
774032 214821401 1
774032 214821302 1
774032 214826872 0.5
774032 214640017 0.5
774032 214826837 0.5
774032 214800262 0.5
3020664 214829861 1
3020664 214829707 1
3020664 214820231 0.5
6299549 214848808 1
6299549 214848375 1
6299549 214848832 0.5
1781662 214834880 1
1781662 214826610 1
1781662 214829366 0.5
7536544 214850938 1
7536544 214849391 1
7536544 214849395 0.5
7536544 214849052 0.5
1531813 214834877 1
1531813 214828976 1
1531813 214826610 0.5
1531813 214833755 0.5
2101916 214668590 1
2101916 214829752 1
2101916 214587384 0.5
2117546 214829878 1
2117546 214748338 1
2117546 214753513 0.5
8093611 214853085 1
8093611 214853096 1
8093611 214853248 0.5
8093611 214828963 0.5
8093611 214853094 0.5
8093611 214849327 0.5
8093611 214853105 0.5
8093611 214853077 0.5
8093611 214851326 0.5
8093611 214851167 0.5
1290911 214826621 1
1290911 214826619 1
1290911 214826617 0.5
1290911 214826612 0.5
1290911 214826615 0.5
8318917 214850619 1
8318917 214850713 1
8318917 214850771 0.5
11292624 214854358 1
11292624 214853735 1
11292624 214853435 0.5
11292624 214851317 0.5
11292624 214845958 0.5
11292624 214584047 0.5
7884759 214853173 1
7884759 214853758 1
7884759 214545879 0.5
10174432 214853338 1
10174432 214853340 1
10174432 214820186 0.5
10174432 214850366 0.5
10174432 214849070 0.5
10174432 214846031 0.5
5177313 214840082 1
5177313 214839384 1
5177313 214826820 0.5
1679337 214645618 1
1679337 214668193 1
1679337 214829728 0.5
1679337 214630042 0.5
1679337 214702933 0.5
1679337 214714717 0.5
5480426 214836881 1
5480426 214725549 1
5480426 214819468 0.5
5480426 214829102 0.5
5480426 214716943 0.5
7357778 214850621 1
7357778 214850411 1
7357778 214677512 0.5
5674012 214844372 1
5674012 214845412 1
5674012 214844398 0.5
5468146 214844400 1
5468146 214845587 1
5468146 214844345 0.5
7827454 214850771 1
7827454 214850936 1
7827454 214850756 0.5
7827454 214850743 0.5
