8980481 214853130 1
8980481 214853169 1
8980481 214853128 0.5
8980481 214819393 0.5
8980481 214581611 0.5
4519943 214844458 1
4519943 214844394 1
4519943 214821305 0.5
4519943 214844439 0.5
518154 214821309 1
518154 214821302 1
518154 214586711 0.5
6103051 214848613 1
6103051 214848808 1
6103051 214684942 0.5
9097228 214852980 1
9097228 214853077 1
9097228 214852978 0.5
8239118 214838124 1
8239118 214850747 1
8239118 214550627 0.5
5316623 214836517 1
5316623 214844370 1
5316623 214514640 0.5
5316623 214644650 0.5
6344649 214716707 1
6344649 214832604 1
6344649 214849331 0.5
6029166 214826668 1
6029166 214826664 1
6029166 214640520 0.5
6029166 214642312 0.5
509978 214584939 1
509978 214584907 1
509978 214684513 0.5
509978 214716986 0.5
1802943 214820842 1
1802943 214630042 1
1802943 214821399 0.5
5087266 214826983 1
5087266 214826942 1
5087266 214819627 0.5
7589928 214850936 1
7589928 214846404 1
7589928 214850850 0.5
7589928 214850743 0.5
7567404 214717007 1
7567404 214716926 1
7567404 214716945 0.5
7567404 214554358 0.5
9828397 214853730 1
9828397 214853767 1
9828397 214853698 0.5
9828397 214853891 0.5
6389808 214699020 1
6389808 214829317 1
6389808 214687805 0.5
8417332 214851137 1
8417332 214851238 1
8417332 214851122 0.5
8417332 214851236 0.5
8417332 214851133 0.5
8417332 214851581 0.5
2419037 214831946 1
2419037 214831950 1
2419037 214819468 0.5
2419037 214829878 0.5
2419037 214612751 0.5
6604856 214665277 1
6604856 214849284 1
6604856 214834880 0.5
6604856 214744427 0.5
6604856 214829387 0.5
6604856 214849331 0.5
6604856 214849333 0.5
6604856 214849239 0.5
6604856 214849275 0.5
3622971 214836932 1
3622971 214826990 1
3622971 214838227 0.5
6994578 214849284 1
6994578 214849331 1
6994578 214849239 0.5
2415692 214612706 1
2415692 214844462 1
2415692 214602240 0.5
2415692 214612704 0.5
2415692 214821315 0.5
2415692 214844454 0.5
2415692 214845067 0.5
2415692 214586711 0.5
2415692 214551607 0.5
2415692 214821305 0.5
2415692 214821341 0.5
2415692 214533022 0.5
4336652 214839977 1
4336652 214845133 1
4336652 214651785 0.5
9234508 214717007 1
9234508 214854630 1
9234508 214854632 0.5
9234508 214717867 0.5
9234508 214716982 0.5
5584974 214845971 1
5584974 214582200 1
5584974 214819586 0.5
5584974 214844340 0.5
4052937 214838098 1
4052937 214838105 1
4052937 214820938 0.5
4052937 214832143 0.5
4052937 214829878 0.5
4052937 214684730 0.5
4052937 214838107 0.5
4052937 214718398 0.5
4126952 214848324 1
4126952 214829310 1
4126952 214839960 0.5
4126952 214645970 0.5
4126952 214684108 0.5
4126952 214554950 0.5
4323417 214831944 1
4323417 214839960 1
4323417 214819760 0.5
4323417 214832145 0.5
4323417 214587317 0.5
4323417 214602598 0.5
4128858 214839973 1
4128858 214835167 1
4128858 214718385 0.5
4128858 214538572 0.5
11274337 214857568 1
11274337 214857570 1
11274337 214854720 0.5
11274337 214744775 0.5
11274337 214644639 0.5
7706723 214850936 1
7706723 214850621 1
7706723 214850938 0.5
7706723 214564382 0.5
8071268 214851326 1
8071268 214848302 1
8071268 214853105 0.5
8071268 214850758 0.5
768101 214827009 1
768101 214714794 1
768101 214826925 0.5
6443116 214819490 1
6443116 214748295 1
6443116 214748291 0.5
9916533 214853325 1
9916533 214857830 1
9916533 214700002 0.5
9916533 214826987 0.5
9916533 214552682 0.5
9916533 214712237 0.5
553991 214826829 1
553991 214826891 1
553991 214711312 0.5
553991 214826844 0.5
2951287 214559726 1
2951287 214642805 1
2951287 214680705 0.5
2951287 214835019 0.5
2951287 214837487 0.5
2951287 214601233 0.5
2951287 214835122 0.5
2951287 214835475 0.5
2951287 214837882 0.5
2951287 214584092 0.5
2951287 214829887 0.5
11040891 214850304 1
11040891 214859246 1
11040891 214854785 0.5
11040891 214854815 0.5
11040891 214854838 0.5
11040891 214857257 0.5
10054222 214774674 1
10054222 214854354 1
10054222 214854536 0.5
10054222 214850739 0.5
10054222 214819412 0.5
422013 214716939 1
422013 214716990 1
422013 214820458 0.5
422013 214744779 0.5
9752704 214555914 1
9752704 214716746 1
9752704 214851080 0.5
9752704 214851073 0.5
9752704 214684845 0.5
9752704 214848808 0.5
6262842 214844398 1
6262842 214839617 1
6262842 214845984 0.5
6262842 214601229 0.5
8022038 214851137 1
8022038 214851581 1
8022038 214851099 0.5
8022038 214851077 0.5
8022038 214848997 0.5
2496722 214836328 1
2496722 214667912 1
2496722 214712132 0.5
1766476 214835002 1
1766476 214832722 1
1766476 214829660 0.5
7469994 214853177 1
7469994 214849395 1
7469994 214850936 0.5
7469994 214850790 0.5
5195983 214613915 1
5195983 214835017 1
5195983 214839960 0.5
5195983 214821305 0.5
5195983 214835019 0.5
5195983 214835747 0.5
5195983 214838092 0.5
3674266 214839984 1
3674266 214838111 1
3674266 214836926 0.5
9343136 214853077 1
9343136 214852980 1
9343136 214853096 0.5
10954919 214853102 1
10954919 214854785 1
10954919 214850304 0.5
11407388 214851326 1
11407388 214853248 1
11407388 214853090 0.5
11407388 214852978 0.5
11407388 214853094 0.5
11018419 214853100 1
11018419 214854782 1
11018419 214859246 0.5
5249206 214835473 1
5249206 214835428 1
5249206 214595150 0.5
2388153 214829887 1
2388153 214829878 1
2388153 214835132 0.5
4282558 214838107 1
4282558 214838102 1
4282558 214838105 0.5
10926271 214853102 1
10926271 214854782 1
10926271 214714755 0.5
9758913 214853417 1
9758913 214853379 1
9758913 214821377 0.5
6871234 214848847 1
6871234 214846119 1
6871234 214574147 0.5
6871234 214821382 0.5
10957984 214854536 1
10957984 214853113 1
10957984 214854707 0.5
10957984 214851748 0.5
10957984 214850405 0.5
10957984 214853992 0.5
10957984 214854579 0.5
10957984 214851097 0.5
10957984 214573310 0.5
3346634 214819490 1
3346634 214821332 1
3346634 214596506 0.5
3346634 214596107 0.5
3346634 214596326 0.5
11079884 214853102 1
11079884 214854782 1
11079884 214854787 0.5
10383673 214853244 1
10383673 214854354 1
10383673 214854352 0.5
10383673 214853767 0.5
10383673 214853707 0.5
10383673 214718160 0.5
10383673 214850771 0.5
10383673 214853113 0.5
362703 214840483 1
362703 214642560 1
362703 214832559 0.5
3254482 214821339 1
3254482 214829878 1
3254482 214826623 0.5
3254482 214821309 0.5
3254482 214829887 0.5
5536463 214844400 1
5536463 214826833 1
5536463 214835042 0.5
5536463 214819691 0.5
5536463 214826932 0.5
2769957 214835019 1
2769957 214835745 1
2769957 214586469 0.5
2658531 214829887 1
2658531 214829878 1
2658531 214829882 0.5
7948517 214850936 1
7948517 214846404 1
7948517 214849395 0.5
7948517 214850405 0.5
7948517 214850790 0.5
7948517 214850621 0.5
805096 214821341 1
805096 214844357 1
805096 214753507 0.5
805096 214748300 0.5
805096 214748295 0.5
9103593 214555500 1
9103593 214746427 1
9103593 214851137 0.5
9103593 214800262 0.5
9103593 214853094 0.5
9103593 214718385 0.5
4761838 214845131 1
4761838 214839962 1
4761838 214839975 0.5
7426289 214716982 1
7426289 214848746 1
7426289 214848324 0.5
7426289 214849286 0.5
7426289 214832653 0.5
7426289 214838094 0.5
7426289 214717007 0.5
7426289 214832657 0.5
7426289 214645970 0.5
7426289 214716984 0.5
7426289 214716986 0.5
7426289 214832655 0.5
6600947 214748334 1
6600947 214850402 1
6600947 214845587 0.5
4841719 214838092 1
4841719 214837280 1
4841719 214832156 0.5
9392183 214853846 1
9392183 214711537 1
9392183 214850792 0.5
9392183 214853852 0.5
9392183 214854060 0.5
6875392 214845414 1
6875392 214849766 1
6875392 214848945 0.5
6875392 214849046 0.5
2134273 214821309 1
2134273 214844441 1
2134273 214821302 0.5
5863689 214846417 1
5863689 214846067 1
5863689 214846127 0.5
9901946 214548729 1
9901946 214853420 1
9901946 214846033 0.5
9901946 214850942 0.5
9901946 214853422 0.5
9901946 214853702 0.5
2025744 214829865 1
2025744 214829846 1
2025744 214680722 0.5
10322193 214567333 1
10322193 214567215 1
10322193 214854264 0.5
10322193 214567329 0.5
10322193 214854549 0.5
10322193 214854262 0.5
6820117 214645987 1
6820117 214845971 1
6820117 214846312 0.5
6820117 214643681 0.5
6820117 214557322 0.5
6820117 214849134 0.5
6820117 214709702 0.5
5456151 214844413 1
5456151 214826990 1
5456151 214743335 0.5
1188228 214821339 1
1188228 214821309 1
1188228 214826715 0.5
2814234 214826565 1
2814234 214642805 1
2814234 214835745 0.5
2814234 214835019 0.5
2814234 214600492 0.5
2814234 214835017 0.5
9996574 214853128 1
9996574 214846125 1
9996574 214819427 0.5
10506529 214853263 1
10506529 214850949 1
10506529 214829880 0.5
10506529 214826835 0.5
10506529 214850285 0.5
10506529 214846031 0.5
3030747 214837918 1
3030747 214587697 1
3030747 214835019 0.5
3030747 214837916 0.5
11309348 214854716 1
11309348 214854720 1
11309348 214853081 0.5
11309348 214854722 0.5
805162 214819535 1
805162 214829019 1
805162 214674427 0.5
805162 214575084 0.5
6779954 214716710 1
6779954 214716707 1
6779954 214848954 0.5
9682027 214850792 1
9682027 214853132 1
9682027 214850790 0.5
9568567 214853420 1
9568567 214850310 1
9568567 214850304 0.5
9568567 214850945 0.5
9568567 214850949 0.5
9568567 214850282 0.5
9568567 214853454 0.5
9568567 214829878 0.5
4704568 214839975 1
4704568 214839973 1
4704568 214829280 0.5
4704568 214587317 0.5
4704568 214836855 0.5
8741178 214853248 1
8741178 214853105 1
8741178 214853090 0.5
8741178 214853094 0.5
8741178 214851326 0.5
9447739 214850949 1
9447739 214850947 1
9447739 214853420 0.5
4225418 214748300 1
4225418 214819721 1
4225418 214640017 0.5
4225418 214753513 0.5
4225418 214831967 0.5
4225418 214743495 0.5
9689407 214857830 1
9689407 214851238 1
9689407 214826987 0.5
9689407 214853325 0.5
11340098 214848658 1
11340098 214854855 1
11340098 214854332 0.5
8218959 214850743 1
8218959 214850758 1
8218959 214850936 0.5
3037923 214551624 1
3037923 214533022 1
3037923 214551626 0.5
10369369 214567327 1
10369369 214567333 1
10369369 214854510 0.5
10369369 214854262 0.5
5656922 214846061 1
5656922 214845984 1
5656922 214845583 0.5
5656922 214846447 0.5
131428 214601040 1
131428 214601042 1
131428 214819430 0.5
1685869 214834877 1
1685869 214826610 1
1685869 214833755 0.5
9374062 214853132 1
9374062 214851750 1
9374062 214853225 0.5
9374062 214853242 0.5
9374062 214853237 0.5
9374062 214853222 0.5
7755837 214853177 1
7755837 214853758 1
7755837 214828882 0.5
1191656 214829032 1
1191656 214829042 1
1191656 214717097 0.5
10105202 214853722 1
10105202 214853767 1
10105202 214853698 0.5
10105202 214853730 0.5
10105202 214853702 0.5
8251114 214851028 1
8251114 214716654 1
8251114 214851163 0.5
7375231 214849777 1
7375231 214849747 1
7375231 214849136 0.5
9435522 214684115 1
9435522 214848315 1
9435522 214846378 0.5
9435522 214848322 0.5
9435522 214846391 0.5
764291 214827011 1
764291 214827013 1
764291 214509084 0.5
412039 214686086 1
412039 214685795 1
412039 214546102 0.5
4741513 214534220 1
4741513 214839583 1
4741513 214839973 0.5
9191818 214850366 1
9191818 214711438 1
9191818 214853340 0.5
9191818 214831955 0.5
9191818 214848980 0.5
9191818 214853342 0.5
11282828 214853102 1
11282828 214854787 1
11282828 214846033 0.5
11282828 214684730 0.5
7877563 214850291 1
7877563 214716937 1
7877563 214850287 0.5
9511311 214853420 1
9511311 214853422 1
9511311 214853340 0.5
2220872 214836519 1
2220872 214831967 1
2220872 214835745 0.5
2220872 214601233 0.5
2220872 214826833 0.5
2220872 214835111 0.5
2127257 214832559 1
2127257 214832552 1
2127257 214676019 0.5
2127257 214743339 0.5
2127257 214718220 0.5
2127257 214829366 0.5
10924442 214853100 1
10924442 214853102 1
10924442 214829387 0.5
10924442 214854819 0.5
8876084 214640012 1
8876084 214534661 1
8876084 214839952 0.5
8876084 214537496 0.5
8876084 214853252 0.5
8876084 214850372 0.5
6476193 214846415 1
6476193 214846466 1
6476193 214846127 0.5
10477986 214854352 1
10477986 214853113 1
10477986 214559960 0.5
10477986 214854345 0.5
190887 214820814 1
190887 214826705 1
190887 214748340 0.5
2630058 214716939 1
2630058 214716984 1
2630058 214716977 0.5
2630058 214832655 0.5
2630058 214832657 0.5
2630058 214716973 0.5
2630058 214716937 0.5
563631 214718398 1
563631 214819400 1
563631 214718255 0.5
10034931 214854547 1
10034931 214853767 1
10034931 214845986 0.5
10034931 214753515 0.5
10034931 214851236 0.5
10034931 214849738 0.5
10034931 214853707 0.5
10034931 214716110 0.5
10034931 214748336 0.5
10034931 214849046 0.5
10034931 214850364 0.5
10034931 214851133 0.5
5433782 214845412 1
5433782 214844398 1
5433782 214844400 0.5
5433782 214844347 0.5
10787256 214854718 1
10787256 214854720 1
10787256 214710013 0.5
3082683 214826565 1
3082683 214834880 1
3082683 214821410 0.5
3082683 214833755 0.5
2931132 214748295 1
2931132 214753505 1
2931132 214829887 0.5
1174889 214587560 1
1174889 214717507 1
1174889 214819627 0.5
7964446 214853143 1
7964446 214853145 1
7964446 214712237 0.5
2632132 214829878 1
2632132 214831946 1
2632132 214829882 0.5
2632132 214580287 0.5
5374409 214821305 1
5374409 214545879 1
5374409 214551632 0.5
5374409 214844394 0.5
10539466 214567215 1
10539466 214567329 1
10539466 214854264 0.5
10539466 214853848 0.5
10539466 214836330 0.5
10539466 214851099 0.5
2055556 214834873 1
2055556 214828961 1
2055556 214821317 0.5
4260308 214838105 1
4260308 214838098 1
4260308 214847968 0.5
4260308 214839939 0.5
4260308 214826942 0.5
3388111 214836146 1
3388111 214836075 1
3388111 214836050 0.5
6060514 214684715 1
6060514 214848298 1
6060514 214848309 0.5
615751 214821315 1
615751 214821305 1
615751 214821307 0.5
615751 214586711 0.5
3772901 214826938 1
3772901 214836795 1
3772901 214613741 0.5
2226678 214829878 1
2226678 214831948 1
2226678 214829887 0.5
2226678 214831965 0.5
2226678 214835111 0.5
2137063 214836330 1
2137063 214743495 1
2137063 214826998 0.5
2137063 214563337 0.5
2137063 214684843 0.5
2137063 214819760 0.5
2137063 214819762 0.5
2137063 214706102 0.5
1321466 214819490 1
1321466 214821332 1
1321466 214587266 0.5
9054719 214515825 1
9054719 214820844 1
9054719 214850450 0.5
2644496 214829882 1
2644496 214831948 1
2644496 214829887 0.5
11061781 214855016 1
11061781 214854857 1
11061781 214854720 0.5
11061781 214854819 0.5
11061781 214854860 0.5
7841541 214716982 1
7841541 214832655 1
7841541 214717003 0.5
7841541 214855183 0.5
7904688 214706150 1
7904688 214820844 1
7904688 214849745 0.5
5508187 214835473 1
5508187 214748336 1
5508187 214844400 0.5
737829 214718396 1
737829 214826715 1
737829 214826955 0.5
10901226 214835004 1
10901226 214857204 1
10901226 214835000 0.5
10901226 214857551 0.5
9630251 214850949 1
9630251 214853420 1
9630251 214850945 0.5
9630251 214561477 0.5
9630251 214837286 0.5
9630251 214696897 0.5
9630251 214853422 0.5
9630251 214844402 0.5
9630251 214853428 0.5
9630251 214853454 0.5
9630251 214836956 0.5
248364 214826955 1
248364 214826606 1
248364 214826810 0.5
248364 214826835 0.5
2044461 214829366 1
2044461 214829852 1
2044461 214832722 0.5
2044461 214753515 0.5
2044461 214743495 0.5
411059 214826608 1
411059 214821305 1
411059 214826801 0.5
4909566 214844400 1
4909566 214844345 1
4909566 214844347 0.5
8537907 214850743 1
8537907 214850747 1
8537907 214821017 0.5
2263613 214829882 1
2263613 214831948 1
2263613 214712130 0.5
2263613 214819721 0.5
2263613 214831946 0.5
2263613 214687852 0.5
2263613 214748336 0.5
2263613 214706102 0.5
2263613 214717847 0.5
2263613 214829321 0.5
7950911 214849136 1
7950911 214849250 1
7950911 214850282 0.5
7950911 214850402 0.5
7950911 214850310 0.5
7950911 214849247 0.5
2445891 214820227 1
2445891 214820259 1
2445891 214832717 0.5
7465544 214850790 1
7465544 214850405 1
7465544 214849363 0.5
7558414 214774685 1
7558414 214835126 1
7558414 214587328 0.5
10766882 214853730 1
10766882 214853700 1
10766882 214820345 0.5
10766882 214853698 0.5
10766882 214853722 0.5
10766882 214853702 0.5
10766882 214819599 0.5
7222556 214850936 1
7222556 214850621 1
7222556 214850720 0.5
7222556 214850940 0.5
2814559 214829392 1
2814559 214753505 1
2814559 214638474 0.5
2814559 214672942 0.5
2814559 214725542 0.5
2814559 214550263 0.5
10820203 214701787 1
10820203 214857551 1
10820203 214835004 0.5
3105389 214587712 1
3105389 214835747 1
3105389 214821032 0.5
3105389 214837905 0.5
3105389 214835462 0.5
11380499 214848178 1
11380499 214849031 1
11380499 214849760 0.5
11380499 214849080 0.5
11380499 214849250 0.5
11380499 214844372 0.5
6236792 214848622 1
6236792 214846530 1
6236792 214846468 0.5
6236792 214846447 0.5
6236792 214848688 0.5
6236792 214844370 0.5
6236792 214846421 0.5
6236792 214848950 0.5
4397689 214847261 1
4397689 214847255 1
4397689 214837494 0.5
3711076 214712235 1
3711076 214839594 1
3711076 214632146 0.5
3711076 214744258 0.5
3711076 214832143 0.5
3711076 214602605 0.5
3711076 214712237 0.5
6244117 214849076 1
6244117 214848605 1
6244117 214708374 0.5
6244117 214710062 0.5
6244117 214848950 0.5
6244117 214819397 0.5
8088683 214851748 1
8088683 214853233 1
8088683 214853135 0.5
8804997 214853077 1
8804997 214853105 1
8804997 214851326 0.5
8804997 214853094 0.5
1634739 214834877 1
1634739 214826589 1
1634739 214834880 0.5
1634739 214829387 0.5
5622416 214846033 1
5622416 214846029 1
5622416 214848997 0.5
10963602 214855153 1
10963602 214855151 1
10963602 214716645 0.5
7049069 214849736 1
7049069 214850315 1
7049069 214849194 0.5
7049069 214849250 0.5
7049069 214849775 0.5
10814101 214854800 1
10814101 214854823 1
10814101 214854560 0.5
10814101 214853081 0.5
10814101 214710013 0.5
10814101 214851757 0.5
10814101 214854855 0.5
6918806 214848945 1
6918806 214848954 1
6918806 214848986 0.5
7215769 214849312 1
7215769 214838227 1
7215769 214826990 0.5
580719 214587317 1
580719 214821307 1
580719 214819430 0.5
580719 214645005 0.5
580719 214668590 0.5
580719 214839600 0.5
580719 214601233 0.5
580719 214828980 0.5
580719 214586743 0.5
580719 214579288 0.5
580719 214827007 0.5
580719 214557279 0.5
1409694 214834880 1
1409694 214834869 1
1409694 214826610 0.5
1409694 214829387 0.5
5151396 214845356 1
5151396 214831948 1
5151396 214831946 0.5
5151396 214826715 0.5
5151396 214845354 0.5
2376357 214684717 1
2376357 214831946 1
2376357 214514274 0.5
2376357 214819395 0.5
2376357 214514278 0.5
2376357 214717511 0.5
2376357 214819400 0.5
2376357 214514282 0.5
2376357 214514252 0.5
2376357 214718255 0.5
2376357 214717275 0.5
2376357 214829887 0.5
4493991 214845131 1
4493991 214835750 1
4493991 214835137 0.5
4493991 214820812 0.5
4493991 214832115 0.5
4493991 214819770 0.5
4493991 214839962 0.5
4493991 214838111 0.5
10887861 214716954 1
10887861 214717014 1
10887861 214717010 0.5
10887861 214716997 0.5
10771126 214854065 1
10771126 214743367 1
10771126 214854125 0.5
5774011 214829878 1
5774011 214829880 1
5774011 214684730 0.5
1716924 214821285 1
1716924 214826803 1
1716924 214841640 0.5
2536133 214829887 1
2536133 214829880 1
2536133 214829878 0.5
1532623 214844439 1
1532623 214821309 1
1532623 214844456 0.5
1532623 214821305 0.5
1532623 214844458 0.5
1532623 214821339 0.5
7563986 214850936 1
7563986 214850743 1
7563986 214850621 0.5
8482401 214851133 1
8482401 214851097 1
8482401 214848997 0.5
9382617 214845506 1
9382617 214851279 1
9382617 214853122 0.5
3109594 214829878 1
3109594 214831948 1
3109594 214819762 0.5
11352804 214684785 1
11352804 214854358 1
11352804 214684762 0.5
11352804 214743339 0.5
164988 214826955 1
164988 214826627 1
164988 214819472 0.5
164988 214556210 0.5
164988 214820387 0.5
164988 214537037 0.5
8444651 214716932 1
8444651 214716973 1
8444651 214819468 0.5
6944483 214849003 1
6944483 214849312 1
6944483 214848808 0.5
6191862 214536577 1
6191862 214821024 1
6191862 214674427 0.5
6415096 214848656 1
6415096 214848337 1
6415096 214849012 0.5
6415096 214676019 0.5
6415096 214836932 0.5
6415096 214829366 0.5
6415096 214832559 0.5
8667898 214853077 1
8667898 214852978 1
8667898 214853090 0.5
8667898 214853094 0.5
8667898 214853096 0.5
8667898 214853105 0.5
8667898 214852980 0.5
8667898 214853085 0.5
10783483 214858680 1
10783483 214700002 1
10783483 214704180 0.5
10783483 214704182 0.5
2437891 214821326 1
2437891 214821324 1
2437891 214577450 0.5
2437891 214537775 0.5
9980678 214853698 1
9980678 214853767 1
9980678 214853707 0.5
9980678 214853430 0.5
5436171 214844398 1
5436171 214844396 1
5436171 214844400 0.5
116837 214748300 1
116837 214753507 1
116837 214600492 0.5
5335824 214840091 1
5335824 214835109 1
5335824 214709638 0.5
5335824 214839311 0.5
2587414 214829887 1
2587414 214829878 1
2587414 214829880 0.5
2718489 214820263 1
2718489 214821277 1
2718489 214821290 0.5
2718489 214820231 0.5
3810389 214835167 1
3810389 214829765 1
3810389 214718182 0.5
5384991 214844400 1
5384991 214844402 1
5384991 214602598 0.5
5384991 214835473 0.5
5384991 214556334 0.5
5384991 214845457 0.5
5384991 214587317 0.5
5384991 214844345 0.5
5384991 214834877 0.5
602914 214535617 1
602914 214535595 1
602914 214587650 0.5
10269478 214853113 1
10269478 214854352 1
10269478 214849245 0.5
10269478 214854125 0.5
7466801 214853173 1
7466801 214851120 1
7466801 214853758 0.5
5965618 214846033 1
5965618 214846014 1
5965618 214846029 0.5
4657967 214834877 1
4657967 214717087 1
4657967 214602598 0.5
4657967 214820392 0.5
4657967 214829775 0.5
4657967 214640017 0.5
4657967 214587317 0.5
4657967 214838137 0.5
5498777 214845587 1
5498777 214554450 1
5498777 214844400 0.5
5498777 214844345 0.5
3210037 214844439 1
3210037 214844394 1
3210037 214821305 0.5
5104438 214587317 1
5104438 214836853 1
5104438 214836857 0.5
5104438 214602598 0.5
5104438 214829775 0.5
2951992 214821339 1
2951992 214533020 1
2951992 214551607 0.5
2951992 214844447 0.5
8059114 214851122 1
8059114 214851581 1
8059114 214851080 0.5
8059114 214851236 0.5
6156427 214743350 1
6156427 214846031 1
6156427 214846033 0.5
8698694 214851236 1
8698694 214851099 1
8698694 214819760 0.5
8698694 214836330 0.5
8698694 214820396 0.5
8698694 214819762 0.5
9752033 214850942 1
9752033 214853420 1
9752033 214848185 0.5
9752033 214764748 0.5
9977193 214718160 1
9977193 214821022 1
9977193 214718169 0.5
5247821 214837286 1
5247821 214839311 1
5247821 214837288 0.5
8219472 214851279 1
8219472 214853657 1
8219472 214853145 0.5
8219472 214845506 0.5
8219472 214850771 0.5
4176721 214829792 1
4176721 214838105 1
4176721 214540070 0.5
4332003 214836512 1
4332003 214831970 1
4332003 214602802 0.5
4332003 214832747 0.5
4332003 214829366 0.5
2431829 214829878 1
2431829 214829882 1
2431829 214831959 0.5
10171224 214853702 1
10171224 214853767 1
10171224 214853698 0.5
10171224 214854152 0.5
10171224 214853353 0.5
10171224 214844396 0.5
10171224 214848688 0.5
10171224 214844402 0.5
10171224 214853722 0.5
9636299 214835747 1
9636299 214835017 1
9636299 214587712 0.5
9636299 214851585 0.5
9636299 214657318 0.5
9636299 214753515 0.5
9636299 214716110 0.5
9636299 214556025 0.5
3443546 214844439 1
3443546 214844394 1
3443546 214844447 0.5
5892239 214716710 1
5892239 214716707 1
5892239 214849200 0.5
5491873 214828952 1
5491873 214839943 1
5491873 214536302 0.5
11021156 214714755 1
11021156 214854830 1
11021156 214854720 0.5
11021156 214854733 0.5
4696933 214839594 1
4696933 214553700 1
4696933 214710152 0.5
3955571 214821024 1
3955571 214821022 1
3955571 214718160 0.5
10306844 214853435 1
10306844 214853846 1
10306844 214853848 0.5
10306844 214853994 0.5
10306844 214853413 0.5
10306844 214584047 0.5
5873129 214846117 1
5873129 214849010 1
5873129 214819640 0.5
5873129 214845971 0.5
1121148 214587712 1
1121148 214601233 1
1121148 214819721 0.5
1121148 214819378 0.5
1121148 214573357 0.5
1121148 214690110 0.5
7830843 214601040 1
7830843 214845999 1
7830843 214601042 0.5
7830843 214645005 0.5
8441353 214838122 1
8441353 214850625 1
8441353 214850852 0.5
8441353 214829045 0.5
2816901 214819762 1
2816901 214829321 1
2816901 214831948 0.5
2816901 214687852 0.5
2816901 214835124 0.5
2816901 214706102 0.5
2816901 214829880 0.5
2816901 214690110 0.5
8160134 214850790 1
8160134 214851133 1
8160134 214851137 0.5
8160134 214846067 0.5
8160134 214851011 0.5
8160134 214851236 0.5
871846 214829100 1
871846 214829019 1
871846 214716902 0.5
871846 214586694 0.5
871846 214826925 0.5
871846 214587317 0.5
871846 214827005 0.5
871846 214827007 0.5
9737097 214848315 1
9737097 214851326 1
9737097 214853105 0.5
10121762 214567215 1
10121762 214853413 1
10121762 214853435 0.5
707482 214826844 1
707482 214826893 1
707482 214826955 0.5
2941866 214600492 1
2941866 214835745 1
2941866 214667912 0.5
1612716 214828995 1
1612716 214832722 1
1612716 214835002 0.5
1612716 214829366 0.5
7486381 214587328 1
7486381 214851279 1
7486381 214835126 0.5
9452478 214643951 1
9452478 214684108 1
9452478 214848746 0.5
8426431 214840378 1
8426431 214712237 1
8426431 214676306 0.5
8426431 214835126 0.5
8426431 214850743 0.5
1720939 214834880 1
1720939 214826610 1
1720939 214833755 0.5
1720939 214712507 0.5
1720939 214826589 0.5
8780737 214852980 1
8780737 214853105 1
8780737 214853094 0.5
2626038 214551624 1
2626038 214844439 1
2626038 214612704 0.5
2626038 214844394 0.5
7023777 214832158 1
7023777 214829880 1
7023777 214838107 0.5
7023777 214850285 0.5
7023777 214718398 0.5
5481417 214846001 1
5481417 214846061 1
5481417 214844400 0.5
5481417 214835428 0.5
5481417 214848997 0.5
5481417 214844345 0.5
5481417 214835473 0.5
5481417 214849001 0.5
5481417 214836330 0.5
5481417 214835469 0.5
5481417 214826990 0.5
5481417 214845583 0.5
5481417 214748336 0.5
5481417 214838225 0.5
5481417 214832023 0.5
5481417 214845412 0.5
5481417 214832145 0.5
5481417 214829852 0.5
7974083 214850932 1
7974083 214850732 1
7974083 214700876 0.5
11430859 214853100 1
11430859 214838107 1
11430859 214684734 0.5
11430859 214845579 0.5
11430859 214853102 0.5
11430859 214853454 0.5
11430859 214846031 0.5
2949313 214835017 1
2949313 214835019 1
2949313 214587712 0.5
2949313 214835747 0.5
2653134 214748336 1
2653134 214717562 1
2653134 214819721 0.5
2653134 214687852 0.5
2653134 214743495 0.5
172877 214716982 1
172877 214832655 1
172877 214716928 0.5
172877 214717003 0.5
172877 214717005 0.5
172877 214717007 0.5
172877 214716984 0.5
172877 214716986 0.5
4381176 214712235 1
4381176 214832015 1
4381176 214829792 0.5
4381176 214744258 0.5
472018 214716939 1
472018 214716971 1
472018 214716937 0.5
472018 214716973 0.5
472018 214717007 0.5
472018 214716977 0.5
472018 214832655 0.5
472018 214717005 0.5
9284567 214853338 1
9284567 214850945 1
9284567 214850949 0.5
7494618 214844394 1
7494618 214844439 1
7494618 214821305 0.5
9287503 214853321 1
9287503 214853325 1
9287503 214712237 0.5
7871452 214851120 1
7871452 214849736 1
7871452 214853122 0.5
10405031 214854358 1
10405031 214854352 1
10405031 214684785 0.5
10405031 214848658 0.5
10405031 214846067 0.5
10405031 214854510 0.5
10405031 214854527 0.5
5759981 214846029 1
5759981 214846033 1
5759981 214846031 0.5
2345967 214829880 1
2345967 214829878 1
2345967 214831948 0.5
1418224 214709638 1
1418224 214829390 1
1418224 214826818 0.5
6743208 214716707 1
6743208 214832604 1
6743208 214848845 0.5
5701997 214845971 1
5701997 214846318 1
5701997 214845962 0.5
5516281 214829730 1
5516281 214829850 1
5516281 214595139 0.5
2270204 214829880 1
2270204 214829882 1
2270204 214838364 0.5
2270204 214746365 0.5
2270204 214716982 0.5
2270204 214831959 0.5
9452542 214712237 1
9452542 214826987 1
9452542 214853321 0.5
9452542 214700002 0.5
9452542 214743515 0.5
2606079 214686082 1
2606079 214836519 1
2606079 214538572 0.5
2606079 214831965 0.5
2606079 214829878 0.5
3675642 214835109 1
3675642 214820220 1
3675642 214836924 0.5
3675642 214836870 0.5
8195074 214848845 1
8195074 214835042 1
8195074 214574672 0.5
8195074 214849012 0.5
8195074 214836924 0.5
8195074 214585547 0.5
8195074 214836932 0.5
8166408 214821309 1
8166408 214844439 1
8166408 214612704 0.5
8166408 214844458 0.5
8166408 214717003 0.5
8166408 214563182 0.5
1627146 214587317 1
1627146 214828985 1
1627146 214826998 0.5
1627146 214819430 0.5
9284619 214533022 1
9284619 214821315 1
9284619 214612706 0.5
9284619 214509403 0.5
1401869 214827005 1
1401869 214827007 1
1401869 214827000 0.5
6501391 214848832 1
6501391 214848808 1
6501391 214558192 0.5
6501391 214848613 0.5
1810083 214748302 1
1810083 214748338 1
1810083 214748297 0.5
1810083 214748293 0.5
584729 214840899 1
584729 214691557 1
584729 214829100 0.5
8078364 214716930 1
8078364 214716982 1
8078364 214716932 0.5
8776733 214853195 1
8776733 214853233 1
8776733 214821032 0.5
8776733 214850936 0.5
8776733 214853227 0.5
8776733 214851748 0.5
7568414 214850282 1
7568414 214850295 1
7568414 214829878 0.5
8516639 214850625 1
8516639 214838124 1
8516639 214838122 0.5
8516639 214836827 0.5
9788448 214853698 1
9788448 214854159 1
9788448 214853700 0.5
10509226 214687753 1
10509226 214574777 1
10509226 214582942 0.5
3095589 214844439 1
3095589 214829878 1
3095589 214829882 0.5
4879399 214840460 1
4879399 214672841 1
4879399 214510783 0.5
5436456 214826987 1
5436456 214712237 1
5436456 214835120 0.5
5436456 214743515 0.5
10810411 214854174 1
10810411 214853732 1
10810411 214853724 0.5
10814509 214854782 1
10814509 214854785 1
10814509 214855016 0.5
10814509 214853113 0.5
10814509 214854298 0.5
552797 214826912 1
552797 214828987 1
552797 214558192 0.5
552797 214684845 0.5
552797 214827007 0.5
5829057 214850612 1
5829057 214845422 1
5829057 214848159 0.5
11396148 214857204 1
11396148 214857551 1
11396148 214835000 0.5
6738999 214848377 1
6738999 214849284 1
6738999 214849275 0.5
4768824 214551909 1
4768824 214535653 1
4768824 214835167 0.5
6614196 214849132 1
6614196 214849093 1
6614196 214849097 0.5
6614196 214849100 0.5
11103294 214714755 1
11103294 214854842 1
11103294 214711537 0.5
11103294 214854860 0.5
11103294 214854782 0.5
5456959 214838094 1
5456959 214839311 1
5456959 214646617 0.5
9587776 214853422 1
9587776 214853420 1
9587776 214828952 0.5
1641537 214826610 1
1641537 214834880 1
1641537 214829387 0.5
1641537 214833755 0.5
1641537 214834877 0.5
1049669 214829747 1
1049669 214828995 1
1049669 214601805 0.5
2133067 214826662 1
2133067 214826668 1
2133067 214826664 0.5
2133067 214554510 0.5
7670867 214853122 1
7670867 214850282 1
7670867 214820190 0.5
6827092 214848337 1
6827092 214848410 1
6827092 214848377 0.5
6827092 214848330 0.5
6827092 214848380 0.5
6827092 214826990 0.5
706062 214587317 1
706062 214821339 1
706062 214829008 0.5
706062 214667970 0.5
706062 214820392 0.5
706062 214829053 0.5
706062 214826927 0.5
706062 214839600 0.5
706062 214826998 0.5
706062 214586743 0.5
706062 214826908 0.5
706062 214821309 0.5
8922198 214853265 1
8922198 214645005 1
8922198 214853122 0.5
9344088 214848324 1
9344088 214853379 1
9344088 214850945 0.5
9344088 214643036 0.5
9344088 214853420 0.5
5051061 214837288 1
5051061 214838092 1
5051061 214837280 0.5
5051061 214844325 0.5
8277083 214855183 1
8277083 214716982 1
8277083 214716984 0.5
8277083 214832653 0.5
2679287 214831940 1
2679287 214835132 1
2679287 214829657 0.5
4230243 214717507 1
4230243 214826891 1
4230243 214686082 0.5
3359844 214845534 1
3359844 214530705 1
3359844 214530710 0.5
7510763 214845581 1
7510763 214850291 1
7510763 214850295 0.5
6409322 214848622 1
6409322 214710152 1
6409322 214842733 0.5
6083691 214846067 1
6083691 214844396 1
6083691 214846127 0.5
4164717 214829765 1
4164717 214835167 1
4164717 214829771 0.5
4184899 214640353 1
4184899 214667912 1
4184899 214586668 0.5
4184899 214829771 0.5
4184899 214582348 0.5
4184899 214613741 0.5
4184899 214819410 0.5
4184899 214821399 0.5
8166518 214716654 1
8166518 214851131 1
8166518 214832604 0.5
8166518 214851028 0.5
8166518 214684942 0.5
8578172 214851575 1
8578172 214851080 1
8578172 214851161 0.5
8578172 214850754 0.5
676993 214827011 1
676993 214827013 1
676993 214711297 0.5
9243956 214853420 1
9243956 214850945 1
9243956 214853428 0.5
10931336 214857204 1
10931336 214850315 1
10931336 214864880 0.5
10888728 214853100 1
10888728 214864880 1
10888728 214854840 0.5
660478 214536440 1
660478 214821290 1
660478 214532070 0.5
660478 214820383 0.5
3368083 214835462 1
3368083 214839617 1
3368083 214826623 0.5
3368083 214837882 0.5
3368083 214835475 0.5
3368083 214835469 0.5
3368083 214836527 0.5
5747861 214829739 1
5747861 214586574 1
5747861 214645957 0.5
2049177 214826666 1
2049177 214826664 1
2049177 214829657 0.5
2049177 214554510 0.5
4351132 214832145 1
4351132 214839587 1
4351132 214819760 0.5
4351132 214587697 0.5
4351132 214839932 0.5
4351132 214600492 0.5
9863706 214829034 1
9863706 214821377 1
9863706 214853651 0.5
7163039 214853758 1
7163039 214853173 1
7163039 214853657 0.5
7163039 214853177 0.5
9241761 214850945 1
9241761 214853338 1
9241761 214850942 0.5
2360484 214829852 1
2360484 214748336 1
2360484 214821300 0.5
2360484 214706102 0.5
2360484 214743495 0.5
10111269 214700002 1
10111269 214853325 1
10111269 214853321 0.5
10111269 214743515 0.5
10111269 214850949 0.5
9262247 214853422 1
9262247 214850949 1
9262247 214848324 0.5
9262247 214711307 0.5
9262247 214849331 0.5
9262247 214850743 0.5
9262247 214831955 0.5
9262247 214853340 0.5
2438312 214826983 1
2438312 214829887 1
2438312 214584092 0.5
2438312 214640094 0.5
5553322 214845407 1
5553322 214845405 1
5553322 214640520 0.5
5553322 214579288 0.5
5553322 214826668 0.5
5553322 214826662 0.5
8482674 214851238 1
8482674 214851242 1
8482674 214686857 0.5
8482674 214851290 0.5
8482674 214851077 0.5
10366129 214854264 1
10366129 214567215 1
10366129 214854268 0.5
10366129 214854262 0.5
10366129 214567333 0.5
10366129 214854510 0.5
10366129 214567327 0.5
11240949 214853754 1
11240949 214744046 1
11240949 214578011 0.5
11240949 214854707 0.5
11240949 214861532 0.5
11240949 214743821 0.5
8409279 214851748 1
8409279 214850405 1
8409279 214849363 0.5
9696231 214853730 1
9696231 214853767 1
9696231 214853702 0.5
8751949 214851294 1
8751949 214851150 1
8751949 214853094 0.5
10638531 214716118 1
10638531 214819742 1
10638531 214718160 0.5
3994832 214836795 1
3994832 214836870 1
3994832 214836830 0.5
2223316 214829878 1
2223316 214831948 1
2223316 214829882 0.5
9487573 214853428 1
9487573 214853460 1
9487573 214835004 0.5
11302102 214853102 1
11302102 214854785 1
11302102 214855016 0.5
11302102 214853760 0.5
4903119 214845407 1
4903119 214836932 1
4903119 214640520 0.5
4903119 214811758 0.5
10116522 214853865 1
10116522 214853992 1
10116522 214853996 0.5
10116522 214854165 0.5
6382819 214836330 1
6382819 214844413 1
6382819 214819762 0.5
6382819 214845131 0.5
7960078 214850758 1
7960078 214677615 1
7960078 214716110 0.5
10116329 214851152 1
10116329 214540127 1
10116329 214853152 0.5
10116329 214854118 0.5
10116329 214853865 0.5
10116329 214834922 0.5
10116329 214851155 0.5
10116329 214852980 0.5
6335698 214557322 1
6335698 214845971 1
6335698 214846117 0.5
7415036 214700002 1
7415036 214850304 1
7415036 214849762 0.5
7415036 214849738 0.5
7603453 214540597 1
7603453 214850932 1
7603453 214700876 0.5
7562496 214844439 1
7562496 214844394 1
7562496 214844458 0.5
7562496 214844462 0.5
3120103 214706180 1
3120103 214835019 1
3120103 214835107 0.5
3120103 214832555 0.5
3120103 214554662 0.5
2149931 214829852 1
2149931 214829850 1
2149931 214602384 0.5
2149931 214836330 0.5
2149931 214753515 0.5
2149931 214579226 0.5
7632133 214706216 1
7632133 214850932 1
7632133 214644992 0.5
7632133 214700876 0.5
5399818 214826833 1
5399818 214573310 1
5399818 214829385 0.5
9432334 214853077 1
9432334 214852980 1
9432334 214853105 0.5
45613 214820383 1
45613 214821292 1
45613 214826803 0.5
6295427 214846031 1
6295427 214826833 1
6295427 214847968 0.5
6295427 214835042 0.5
6295427 214820197 0.5
1920558 214844458 1
1920558 214844439 1
1920558 214821309 0.5
10468569 214612738 1
10468569 214551632 1
10468569 214844447 0.5
10468569 214612751 0.5
5921327 214835428 1
5921327 214835426 1
5921327 214586668 0.5
4416796 214839975 1
4416796 214845131 1
4416796 214821401 0.5
4416796 214839971 0.5
4416796 214839973 0.5
4416796 214602598 0.5
55623 214716935 1
55623 214826619 1
55623 214512611 0.5
55623 214712235 0.5
55623 214602605 0.5
55623 214835120 0.5
55623 214581489 0.5
55623 214717877 0.5
55623 214826615 0.5
1488163 214821412 1
1488163 214821410 1
1488163 214834880 0.5
1488163 214826610 0.5
1488163 214744427 0.5
1488163 214826589 0.5
9413926 214853077 1
9413926 214852980 1
9413926 214853105 0.5
9413926 214852978 0.5
904412 214826891 1
904412 214826829 1
904412 214711312 0.5
904412 214821290 0.5
6943041 214551780 1
6943041 214826743 1
6943041 214551776 0.5
4075249 214839347 1
4075249 214839915 1
4075249 214847968 0.5
4075249 214718216 0.5
4075249 214819438 0.5
7986482 214696824 1
7986482 214561775 1
7986482 214848926 0.5
7986482 214850415 0.5
1172789 214829006 1
1172789 214829019 1
1172789 214835743 0.5
6604087 214848954 1
6604087 214848945 1
6604087 214849022 0.5
855354 214821305 1
855354 214821313 1
855354 214821315 0.5
855354 214821307 0.5
341307 214826955 1
341307 214826606 1
341307 214553936 0.5
341307 214684513 0.5
341307 214826627 0.5
10411328 214854819 1
10411328 214854857 1
10411328 214717286 0.5
10411328 214853702 0.5
10411328 214829799 0.5
10411328 214848658 0.5
10411328 214854227 0.5
10411328 214854581 0.5
10411328 214854838 0.5
10411328 214558807 0.5
10411328 214853722 0.5
10411328 214851326 0.5
9487932 214821373 1
9487932 214695399 1
9487932 214774674 0.5
9862471 214853460 1
9862471 214850291 1
9862471 214853090 0.5
9862471 214838227 0.5
9862471 214829885 0.5
9862471 214853094 0.5
9862471 214853471 0.5
1668428 214829392 1
1668428 214828989 1
1668428 214834880 0.5
1668428 214826805 0.5
10929498 214853102 1
10929498 214864880 1
10929498 214850315 0.5
10929498 214854860 0.5
9432183 214850942 1
9432183 214853454 1
9432183 214850947 0.5
9432183 214711307 0.5
9432183 214853420 0.5
9432183 214853422 0.5
9432183 214853460 0.5
9432183 214853342 0.5
4400477 214514295 1
4400477 214716581 1
4400477 214826833 0.5
4400477 214821020 0.5
4400477 214514270 0.5
4400477 214600470 0.5
5625183 214846061 1
5625183 214846033 1
5625183 214845984 0.5
5625183 214845986 0.5
1727852 214834877 1
1727852 214826610 1
1727852 214829387 0.5
1727852 214833755 0.5
4240749 214838096 1
4240749 214838105 1
4240749 214838107 0.5
4240749 214650508 0.5
4240749 214829878 0.5
4240749 214829887 0.5
693619 214709690 1
693619 214820201 1
693619 214821279 0.5
10972537 214853154 1
10972537 214854767 1
10972537 214854731 0.5
1457531 214834877 1
1457531 214826610 1
1457531 214834880 0.5
1457531 214826589 0.5
10969322 214864880 1
10969322 214854789 1
10969322 214854840 0.5
2514307 214829882 1
2514307 214829880 1
2514307 214829878 0.5
5789061 214844396 1
5789061 214845491 1
5789061 214845410 0.5
5789061 214829878 0.5
17802 214716928 1
17802 214716984 1
17802 214717007 0.5
6604172 214850788 1
6604172 214849344 1
6604172 214839617 0.5
6604172 214849314 0.5
6604172 214849230 0.5
9770384 214853430 1
9770384 214853698 1
9770384 214820216 0.5
9770384 214853767 0.5
2743697 214835019 1
2743697 214587697 1
2743697 214829379 0.5
2743697 214586668 0.5
2743697 214554118 0.5
9469147 214601040 1
9469147 214601042 1
9469147 214853420 0.5
6667674 214848410 1
6667674 214712124 1
6667674 214560613 0.5
6667674 214829387 0.5
6667674 214826990 0.5
6667674 214677615 0.5
6667674 214834867 0.5
6667674 214849333 0.5
6667674 214849239 0.5
6667674 214556025 0.5
10409372 214567329 1
10409372 214567215 1
10409372 214854264 0.5
10409372 214853994 0.5
9242018 214853420 1
9242018 214850945 1
9242018 214850949 0.5
4789669 214832015 1
4789669 214839587 1
4789669 214829321 0.5
4789669 214829852 0.5
4789669 214836853 0.5
4789669 214838102 0.5
4081062 214601233 1
4081062 214839973 1
4081062 214839969 0.5
4081062 214845131 0.5
503209 214587317 1
503209 214829008 1
503209 214829053 0.5
503209 214698446 0.5
1029548 214826803 1
1029548 214821285 1
1029548 214841640 0.5
1029548 214829085 0.5
10224391 214567329 1
10224391 214854262 1
10224391 214681091 0.5
10224391 214820812 0.5
10224391 214596502 0.5
7250403 214829887 1
7250403 214831955 1
7250403 214849745 0.5
7250403 214832015 0.5
11107761 214714755 1
11107761 214854836 1
11107761 214853700 0.5
11107761 214853702 0.5
5584307 214840415 1
5584307 214845962 1
5584307 214545932 0.5
5584307 214846389 0.5
4162996 214839587 1
4162996 214820402 1
4162996 214800272 0.5
4162996 214839932 0.5
4162996 214829799 0.5
9438647 214829878 1
9438647 214853420 1
9438647 214846033 0.5
9438647 214831946 0.5
9438647 214826835 0.5
9438647 214838102 0.5
9438647 214717511 0.5
11185594 214853072 1
11185594 214510460 1
11185594 214510445 0.5
7067069 214849194 1
7067069 214702933 1
7067069 214849738 0.5
7067069 214819380 0.5
6462913 214846035 1
6462913 214835428 1
6462913 214846472 0.5
6462913 214667912 0.5
6462913 214586668 0.5
8119898 214853094 1
8119898 214851326 1
8119898 214853090 0.5
3349957 214832126 1
3349957 214832128 1
3349957 214826563 0.5
3349957 214832124 0.5
4109778 214829765 1
4109778 214826938 1
4109778 214829769 0.5
4109778 214836795 0.5
4109778 214613741 0.5
4109778 214836870 0.5
4109778 214829773 0.5
2921946 214832717 1
2921946 214717562 1
2921946 214557701 0.5
6133211 214846479 1
6133211 214846417 1
6133211 214846067 0.5
10378718 214567215 1
10378718 214567329 1
10378718 214854264 0.5
10378718 214854268 0.5
10378718 214854262 0.5
6526431 214716707 1
6526431 214832604 1
6526431 214710097 0.5
6526431 214848851 0.5
10943398 214821341 1
10943398 214821309 1
10943398 214844441 0.5
10548712 214854298 1
10548712 214854495 1
10548712 214854227 0.5
10548712 214839587 0.5
10548712 214853709 0.5
10548712 214706102 0.5
7572733 214848337 1
7572733 214848380 1
7572733 214846127 0.5
2304449 214540127 1
2304449 214714757 1
2304449 214829090 0.5
2304449 214831965 0.5
2304449 214684702 0.5
10010101 214849344 1
10010101 214854545 1
10010101 214848808 0.5
10010101 214845986 0.5
3175927 214573350 1
3175927 214717738 1
3175927 214642560 0.5
9666042 214853420 1
9666042 214853465 1
9666042 214850947 0.5
717469 214821277 1
717469 214821292 1
717469 214826705 0.5
1710943 214748302 1
1710943 214748300 1
1710943 214748293 0.5
5469703 214832154 1
5469703 214585633 1
5469703 214831948 0.5
10100232 214854146 1
10100232 214853992 1
10100232 214853865 0.5
10100232 214854165 0.5
1392137 214834877 1
1392137 214834880 1
1392137 214685857 0.5
1392137 214829387 0.5
1392137 214560587 0.5
9655818 214850949 1
9655818 214850945 1
9655818 214853657 0.5
5182381 214712051 1
5182381 214840091 1
5182381 214844325 0.5
5029399 214840082 1
5029399 214839384 1
5029399 214587937 0.5
5029399 214819468 0.5
7540248 214855185 1
7540248 214716932 1
7540248 214716930 0.5
7540248 214716935 0.5
405567 214662742 1
405567 214826705 1
405567 214821285 0.5
2029084 214829852 1
2029084 214690110 1
2029084 214800262 0.5
2029084 214748334 0.5
2061914 214829846 1
2061914 214829711 1
2061914 214829705 0.5
6665758 214706214 1
6665758 214850615 1
6665758 214848945 0.5
6665758 214848954 0.5
6665758 214849020 0.5
6665758 214849022 0.5
6665758 214849046 0.5
1803807 214826994 1
1803807 214826921 1
1803807 214840421 0.5
1803807 214743495 0.5
1803807 214834877 0.5
1803807 214832722 0.5
1803807 214826615 0.5
1803807 214833755 0.5
1803807 214826589 0.5
6359431 214849076 1
6359431 214848605 1
6359431 214836506 0.5
6359431 214848795 0.5
1582636 214834880 1
1582636 214829366 1
1582636 214826610 0.5
6790702 214848337 1
6790702 214667857 1
6790702 214849312 0.5
6790702 214849275 0.5
8881417 214853077 1
8881417 214852980 1
8881417 214853105 0.5
1961532 214829887 1
1961532 214829880 1
1961532 214829051 0.5
1961532 214684702 0.5
1961532 214829366 0.5
10073476 214850947 1
10073476 214717888 1
10073476 214684736 0.5
10073476 214829887 0.5
5770819 214640012 1
5770819 214710101 1
5770819 214831942 0.5
5770819 214829878 0.5
4011618 214836924 1
4011618 214836932 1
4011618 214829280 0.5
4011618 214832747 0.5
4011618 214563337 0.5
4011618 214684843 0.5
4011618 214826670 0.5
4011618 214832023 0.5
4011618 214829366 0.5
4011618 214586743 0.5
4011618 214820220 0.5
4011618 214743369 0.5
4011618 214835167 0.5
3726931 214674568 1
3726931 214594678 1
3726931 214547668 0.5
4542048 214845131 1
4542048 214839971 1
4542048 214748336 0.5
4542048 214829852 0.5
6743312 214849239 1
6743312 214849333 1
6743312 214848656 0.5
6743312 214712244 0.5
6743312 214665277 0.5
6743312 214826990 0.5
1422946 214829032 1
1422946 214829042 1
1422946 214706216 0.5
2596454 214829880 1
2596454 214829887 1
2596454 214844456 0.5
2596454 214551626 0.5
2596454 214829878 0.5
4597353 214829765 1
4597353 214834867 1
4597353 214821032 0.5
4597353 214836330 0.5
4597353 214684843 0.5
4597353 214609325 0.5
4597353 214819762 0.5
4597353 214836887 0.5
4013682 214829765 1
4013682 214835167 1
4013682 214837882 0.5
4013682 214838122 0.5
882963 214821341 1
882963 214821309 1
882963 214821305 0.5
2245946 214826668 1
2245946 214826664 1
2245946 214554510 0.5
2245946 214826662 0.5
7282298 214848980 1
7282298 214711307 1
7282298 214849809 0.5
9717114 214846012 1
9717114 214850947 1
9717114 214850304 0.5
9717114 214831948 0.5
9717114 214853420 0.5
9717114 214850942 0.5
9717114 214829887 0.5
8207672 214600492 1
8207672 214819380 1
8207672 214744779 0.5
3010176 214835017 1
3010176 214835019 1
3010176 214835745 0.5
3010176 214835747 0.5
7440001 214850295 1
7440001 214850285 1
7440001 214850282 0.5
3915371 214829079 1
3915371 214836926 1
3915371 214834880 0.5
3915371 214828985 0.5
3915371 214836050 0.5
3915371 214839915 0.5
3915371 214831967 0.5
6484846 214835019 1
6484846 214846530 1
6484846 214849312 0.5
6484846 214849344 0.5
6484846 214848695 0.5
6484846 214601233 0.5
10073736 214850945 1
10073736 214853420 1
10073736 214819400 0.5
10073736 214831946 0.5
10073736 214850310 0.5
10073736 214673295 0.5
4380297 214553762 1
4380297 214552449 1
4380297 214774685 0.5
10703127 214853321 1
10703127 214853722 1
10703127 214700002 0.5
10703127 214716110 0.5
2967182 214840828 1
2967182 214840779 1
2967182 214691390 0.5
3913371 214680371 1
3913371 214832012 1
3913371 214819400 0.5
3913371 214712235 0.5
5037728 214826835 1
5037728 214826833 1
5037728 214838092 0.5
5037728 214716110 0.5
9619106 214853992 1
9619106 214854165 1
9619106 214854017 0.5
9619106 214764748 0.5
2963107 214831959 1
2963107 214826977 1
2963107 214601233 0.5
2154154 214819747 1
2154154 214706216 1
2154154 214829336 0.5
2154154 214687685 0.5
1658541 214821290 1
1658541 214821285 1
1658541 214821277 0.5
6870716 214850357 1
6870716 214711247 1
6870716 214849018 0.5
10686141 214854547 1
10686141 214854352 1
10686141 214854495 0.5
8242879 214851279 1
8242879 214853325 1
8242879 214826987 0.5
8242879 214835126 0.5
7859906 214850771 1
7859906 214850758 1
7859906 214849393 0.5
7859906 214850762 0.5
7859906 214676306 0.5
7859906 214829850 0.5
7859906 214851101 0.5
280137 214585395 1
280137 214826608 1
280137 214826803 0.5
280137 214821275 0.5
280137 214820413 0.5
1370517 214834880 1
1370517 214834871 1
1370517 214706147 0.5
5047587 214836956 1
5047587 214646617 1
5047587 214748336 0.5
5047587 214844396 0.5
5047587 214602733 0.5
5047587 214844400 0.5
5047587 214832156 0.5
5047587 214829885 0.5
1459927 214821410 1
1459927 214839600 1
1459927 214601233 0.5
1459927 214819430 0.5
6596312 214665277 1
6596312 214846085 1
6596312 214839384 0.5
750543 214826803 1
750543 214821285 1
750543 214535621 0.5
6311644 214848656 1
6311644 214849012 1
6311644 214710152 0.5
6311644 214849312 0.5
6311644 214676019 0.5
6891813 214849012 1
6891813 214849018 1
6891813 214848328 0.5
6891813 214848330 0.5
6891813 214846535 0.5
1515232 214800262 1
1515232 214753515 1
1515232 214829852 0.5
11413961 214853342 1
11413961 214854785 1
11413961 214853996 0.5
11413961 214746380 0.5
11413961 214854354 0.5
11413961 214575641 0.5
11413961 214684762 0.5
11413961 214854060 0.5
11413961 214853726 0.5
11413961 214853855 0.5
9702694 214716577 1
9702694 214853139 1
9702694 214850947 0.5
9702694 214850372 0.5
9702694 214850949 0.5
9702694 214853420 0.5
9702694 214846033 0.5
9702694 214829878 0.5
9702694 214684730 0.5
4706024 214829880 1
4706024 214829882 1
4706024 214829878 0.5
9449194 214701787 1
9449194 214826987 1
9449194 214853325 0.5
9449194 214712237 0.5
9457387 214853420 1
9457387 214850942 1
9457387 214850949 0.5
2746097 214835017 1
2746097 214835019 1
2746097 214835747 0.5
9344754 214844439 1
9344754 214844394 1
9344754 214595139 0.5
3530274 214632146 1
3530274 214829885 1
3530274 214831946 0.5
3530274 214829878 0.5
3530274 214673295 0.5
4300532 214642560 1
4300532 214819490 1
4300532 214596326 0.5
8953589 214853077 1
8953589 214852980 1
8953589 214561496 0.5
8953589 214585644 0.5
3676799 214551632 1
3676799 214820231 1
3676799 214844454 0.5
5185277 214684702 1
5185277 214714757 1
5185277 214845577 0.5
5185277 214537490 0.5
9463553 214850949 1
9463553 214850947 1
9463553 214561477 0.5
9463553 214853422 0.5
50959 214821015 1
50959 214821017 1
50959 214821022 0.5
2824153 214835132 1
2824153 214835019 1
2824153 214835745 0.5
4361853 214838102 1
4361853 214838107 1
4361853 214838096 0.5
847649 214826619 1
847649 214826615 1
847649 214826617 0.5
5666231 214844398 1
5666231 214839969 1
5666231 214845917 0.5
7524657 214850932 1
7524657 214706216 1
7524657 214850747 0.5
2540689 214829878 1
2540689 214829882 1
2540689 214829880 0.5
2540689 214829885 0.5
780074 214584939 1
780074 214584907 1
780074 214748340 0.5
780074 214538030 0.5
6140893 214846385 1
6140893 214846378 1
6140893 214702824 0.5
6140893 214684108 0.5
6140893 214545939 0.5
6140893 214545932 0.5
2535218 214826977 1
2535218 214829882 1
2535218 214748336 0.5
2535218 214829850 0.5
2535218 214829887 0.5
2535218 214550820 0.5
2535218 214835111 0.5
2377529 214540127 1
2377529 214829863 1
2377529 214583947 0.5
2002748 214829846 1
2002748 214829865 1
2002748 214829855 0.5
9863673 214853420 1
9863673 214850945 1
9863673 214853422 0.5
6602569 214706214 1
6602569 214850615 1
6602569 214851009 0.5
6772558 214845943 1
6772558 214695193 1
6772558 214849003 0.5
9418576 214851279 1
9418576 214540055 1
9418576 214845532 0.5
9418576 214845534 0.5
9418576 214857830 0.5
4322616 214829852 1
4322616 214545879 1
4322616 214829769 0.5
4322616 214832780 0.5
4322616 214829773 0.5
4322616 214826938 0.5
4322616 214836795 0.5
4322616 214836926 0.5
7840241 214850743 1
7840241 214850938 1
7840241 214850720 0.5
7840241 214850405 0.5
7840241 214850762 0.5
7840241 214850411 0.5
7840241 214849395 0.5
7840241 214850936 0.5
7840241 214850621 0.5
8972601 214545932 1
8972601 214584830 1
8972601 214853094 0.5
2617184 214829878 1
2617184 214831948 1
2617184 214829051 0.5
3102011 214835137 1
3102011 214835019 1
3102011 214835017 0.5
1648283 214834877 1
1648283 214829387 1
1648283 214829657 0.5
1648283 214744779 0.5
1648283 214835750 0.5
3985678 214826662 1
3985678 214831967 1
3985678 214829385 0.5
9132958 214853165 1
9132958 214853128 1
9132958 214678376 0.5
4446057 214834877 1
4446057 214845131 1
4446057 214748336 0.5
4446057 214836855 0.5
4446057 214587317 0.5
4446057 214586694 0.5
4446057 214832023 0.5
5936267 214580293 1
5936267 214846385 1
5936267 214716654 0.5
8344551 214696824 1
8344551 214848337 1
8344551 214849312 0.5
8344551 214844347 0.5
8344551 214829366 0.5
203069 214709645 1
203069 214681091 1
203069 214709634 0.5
9750386 214853402 1
9750386 214850949 1
9750386 214711307 0.5
9750386 214853460 0.5
3770228 214820261 1
3770228 214820233 1
3770228 214832717 0.5
9031961 214853077 1
9031961 214852980 1
9031961 214853105 0.5
6156161 214839339 1
6156161 214845127 1
6156161 214630042 0.5
5814149 214844338 1
5814149 214838109 1
5814149 214509148 0.5
4914582 214725506 1
4914582 214712051 1
4914582 214641967 0.5
4914582 214844327 0.5
10602378 214853767 1
10602378 214854527 1
10602378 214748336 0.5
10602378 214854298 0.5
2407029 214714757 1
2407029 214743515 1
2407029 214700002 0.5
2407029 214831948 0.5
2407029 214712237 0.5
2407029 214826983 0.5
8746896 214853094 1
8746896 214853248 1
8746896 214853096 0.5
8746896 214846067 0.5
8746896 214848997 0.5
8746896 214678387 0.5
8746896 214853077 0.5
2040473 214832563 1
2040473 214748310 1
2040473 214531517 0.5
11121476 214854857 1
11121476 214854797 1
11121476 214855016 0.5
11121476 214854785 0.5
11121476 214854819 0.5
11121476 214854853 0.5
11121476 214854313 0.5
2205593 214716932 1
2205593 214821315 1
2205593 214716935 0.5
3932063 214826951 1
3932063 214667912 1
3932063 214835109 0.5
3932063 214835462 0.5
3932063 214743335 0.5
3932063 214821332 0.5
3932063 214829368 0.5
3932063 214836924 0.5
11235232 214857257 1
11235232 214686879 1
11235232 214854300 0.5
5330851 214581427 1
5330851 214828963 1
5330851 214644607 0.5
1875374 214565512 1
1875374 214828963 1
1875374 214834875 0.5
1875374 214701307 0.5
9174001 214852978 1
9174001 214851290 1
9174001 214850936 0.5
9174001 214564380 0.5
9174001 214748334 0.5
9174001 214709702 0.5
8093611 214853085 1
8093611 214853096 1
8093611 214853248 0.5
8093611 214828963 0.5
8093611 214853094 0.5
8093611 214849327 0.5
8093611 214853105 0.5
8093611 214853077 0.5
8093611 214851326 0.5
8093611 214851167 0.5
5892014 214838107 1
5892014 214534464 1
5892014 214556216 0.5
5892014 214845579 0.5
5892014 214819397 0.5
5892014 214718398 0.5
6040221 214829878 1
6040221 214829882 1
6040221 214831948 0.5
6040221 214829887 0.5
6051764 214844400 1
6051764 214845879 1
6051764 214846007 0.5
5449653 214613915 1
5449653 214836868 1
5449653 214684372 0.5
7373718 214819412 1
7373718 214580293 1
7373718 214844394 0.5
7373718 214717331 0.5
9473977 214853454 1
9473977 214853422 1
9473977 214850949 0.5
1195963 214829321 1
1195963 214820807 1
1195963 214800272 0.5
1195963 214819770 0.5
1195963 214586743 0.5
1195963 214829053 0.5
1195963 214826927 0.5
552893 214748304 1
552893 214753507 1
552893 214753505 0.5
552893 214748291 0.5
552893 214748300 0.5
8945598 214853248 1
8945598 214853105 1
8945598 214853096 0.5
8945598 214853090 0.5
8945598 214853077 0.5
8945598 214853094 0.5
8945598 214853085 0.5
6518139 214846432 1
6518139 214835167 1
6518139 214848596 0.5
6518139 214829765 0.5
8712132 214853094 1
8712132 214853105 1
8712132 214853248 0.5
10604876 214854536 1
10604876 214853244 1
10604876 214854354 0.5
8298448 214710152 1
8298448 214845127 1
8298448 214748310 0.5
3919834 214836932 1
3919834 214835109 1
3919834 214838227 0.5
4855773 214839973 1
4855773 214839971 1
4855773 214839600 0.5
5734366 214846410 1
5734366 214846406 1
5734366 214836932 0.5
4380639 214717003 1
4380639 214835747 1
4380639 214716928 0.5
4380639 214554358 0.5
4380639 214748327 0.5
3738487 214838105 1
3738487 214838096 1
3738487 214829880 0.5
3738487 214829878 0.5
3738487 214744775 0.5
7344259 214572377 1
7344259 214835713 1
7344259 214584992 0.5
7344259 214840595 0.5
9467878 214743515 1
9467878 214826987 1
9467878 214712237 0.5
4766716 214587317 1
4766716 214829775 1
4766716 214829280 0.5
4766716 214839969 0.5
4766716 214602598 0.5
4766716 214586694 0.5
4766716 214845131 0.5
4766716 214602733 0.5
4766716 214748336 0.5
4766716 214836857 0.5
4766716 214828985 0.5
4766716 214829850 0.5
4766716 214829852 0.5
2732076 214835019 1
2732076 214835747 1
2732076 214835017 0.5
1814512 214829887 1
1814512 214829878 1
1814512 214829880 0.5
286706 214827030 1
286706 214725542 1
286706 214774667 0.5
286706 214578836 0.5
286706 214553773 0.5
2777079 214835132 1
2777079 214602600 1
2777079 214829390 0.5
2641912 214829880 1
2641912 214831946 1
2641912 214835111 0.5
2641912 214832780 0.5
2641912 214831948 0.5
2641912 214819760 0.5
2641912 214601233 0.5
2641912 214831965 0.5
864251 214821341 1
864251 214821307 1
864251 214844357 0.5
4118524 214829885 1
4118524 214832012 1
4118524 214540070 0.5
