3912363 214836932 1
3912363 214838227 1
3912363 214838137 0.5
3710982 214829711 1
3710982 214836851 1
3710982 214829707 0.5
10547218 214567333 1
10547218 214567327 1
10547218 214854358 0.5
10547218 214684785 0.5
10547218 214854146 0.5
10547218 214854510 0.5
10547218 214854262 0.5
2273307 214829878 1
2273307 214829887 1
2273307 214829880 0.5
2273307 214831965 0.5
7626801 214850771 1
7626801 214850743 1
7626801 214850936 0.5
7626801 214676306 0.5
904412 214826891 1
904412 214826829 1
904412 214711312 0.5
904412 214821290 0.5
1703989 214743495 1
1703989 214829385 1
1703989 214559960 0.5
1703989 214829657 0.5
1703989 214820394 0.5
1703989 214835750 0.5
9900041 214853713 1
9900041 214853698 1
9900041 214853767 0.5
11493442 214864880 1
11493442 214853102 1
11493442 214854840 0.5
11493442 214696897 0.5
1329164 214820261 1
1329164 214829085 1
1329164 214820263 0.5
1329164 214829079 0.5
7930063 214717007 1
7930063 214717003 1
7930063 214716926 0.5
6111324 214844370 1
6111324 214844355 1
6111324 214846468 0.5
8982642 214716928 1
8982642 214579839 1
8982642 214687845 0.5
6414454 214846479 1
6414454 214846466 1
6414454 214846417 0.5
6930557 214849331 1
6930557 214849239 1
6930557 214538572 0.5
9777287 214850949 1
9777287 214850945 1
9777287 214853422 0.5
10195081 214853767 1
10195081 214853722 1
10195081 214829090 0.5
10195081 214853454 0.5
10195081 214725549 0.5
10195081 214857830 0.5
6496394 214845958 1
6496394 214850788 1
6496394 214846417 0.5
6336656 214829317 1
6336656 214845422 1
6336656 214847649 0.5
6336656 214687805 0.5
6045841 214845407 1
6045841 214836830 1
6045841 214640520 0.5
6045841 214826666 0.5
6045841 214846389 0.5
10666138 214855209 1
10666138 214854332 1
10666138 214710097 0.5
10666138 214850630 0.5
802973 214826803 1
802973 214821285 1
802973 214753507 0.5
3121316 214687475 1
3121316 214835120 1
3121316 214545808 0.5
5976229 214846127 1
5976229 214846067 1
5976229 214819760 0.5
5976229 214839587 0.5
5976229 214839932 0.5
1859751 214821305 1
1859751 214821302 1
1859751 214821309 0.5
3621034 214835109 1
3621034 214711280 1
3621034 214838227 0.5
3621034 214821015 0.5
10899646 214580360 1
10899646 214854583 1
10899646 214687685 0.5
10899646 214836830 0.5
7508171 214509401 1
7508171 214846072 1
7508171 214849745 0.5
2523341 214835165 1
2523341 214540125 1
2523341 214705155 0.5
2523341 214835111 0.5
2523341 214831946 0.5
2523341 214832780 0.5
2523341 214835087 0.5
2523341 214819760 0.5
2523341 214829878 0.5
9449678 214853420 1
9449678 214850942 1
9449678 214850947 0.5
5700301 214846014 1
5700301 214846033 1
5700301 214838107 0.5
5700301 214819400 0.5
5700301 214845577 0.5
5700301 214831946 0.5
5700301 214677615 0.5
5700301 214708305 0.5
5700301 214829878 0.5
5700301 214838105 0.5
5700301 214684730 0.5
5700301 214718255 0.5
5700301 214845405 0.5
10293459 214854300 1
10293459 214854579 1
10293459 214854358 0.5
10293459 214854545 0.5
10293459 214684785 0.5
10293459 214854262 0.5
10293459 214684762 0.5
10293459 214567327 0.5
2063737 214712229 1
2063737 214826709 1
2063737 214638474 0.5
3772643 214748340 1
3772643 214584939 1
3772643 214709645 0.5
3772643 214538030 0.5
7540969 214587317 1
7540969 214839617 1
7540969 214850713 0.5
7540969 214849466 0.5
7540969 214849747 0.5
7540969 214586694 0.5
4612331 214710152 1
4612331 214748310 1
4612331 214577057 0.5
5824749 214848997 1
5824749 214845917 1
5824749 214838225 0.5
1618178 214834877 1
1618178 214834880 1
1618178 214826610 0.5
1618178 214833755 0.5
9785606 214854118 1
9785606 214853730 1
9785606 214853707 0.5
5025837 214826565 1
5025837 214835017 1
5025837 214844400 0.5
5025837 214587697 0.5
5025837 214667970 0.5
5570837 214846031 1
5570837 214844398 1
5570837 214846029 0.5
826073 214842577 1
826073 214820237 1
826073 214718396 0.5
5361953 214835473 1
5361953 214835428 1
5361953 214835426 0.5
5361953 214832150 0.5
1880359 214829855 1
1880359 214829670 1
1880359 214832720 0.5
1880359 214743495 0.5
3109161 214832717 1
3109161 214821285 1
3109161 214820227 0.5
6454663 214840595 1
6454663 214842482 1
6454663 214584992 0.5
6454663 214846033 0.5
10920237 214854720 1
10920237 214853081 1
10920237 214854682 0.5
282936 214839313 1
282936 214829312 1
282936 214746386 0.5
282936 214685795 0.5
1798463 214844441 1
1798463 214844458 1
1798463 214821305 0.5
1798463 214821309 0.5
1798463 214551617 0.5
2208068 214826610 1
2208068 214834880 1
2208068 214829387 0.5
2208068 214833755 0.5
8638794 214853094 1
8638794 214853105 1
8638794 214853096 0.5
7586156 214848302 1
7586156 214853758 1
7586156 214843449 0.5
7586156 214601042 0.5
7586156 214640407 0.5
1278322 214716707 1
1278322 214696708 1
1278322 214716710 0.5
9068929 214852987 1
9068929 214678387 1
9068929 214848302 0.5
7950726 214850758 1
7950726 214851120 1
7950726 214850771 0.5
7950726 214850743 0.5
536973 214827009 1
536973 214613743 1
536973 214827011 0.5
536973 214821315 0.5
8192398 214851131 1
8192398 214851165 1
8192398 214851163 0.5
8679834 214851135 1
8679834 214851146 1
8679834 214846391 0.5
7434651 214820383 1
7434651 214829790 1
7434651 214820233 0.5
7434651 214820227 0.5
3654049 214554510 1
3654049 214836947 1
3654049 214579288 0.5
3654049 214692849 0.5
3654049 214826668 0.5
2584998 214829880 1
2584998 214829882 1
2584998 214537672 0.5
2584998 214516033 0.5
2584998 214829878 0.5
2584998 214712270 0.5
2584998 214829887 0.5
10715569 214853420 1
10715569 214850947 1
10715569 214819400 0.5
10715569 214850282 0.5
10715569 214846029 0.5
10715569 214829878 0.5
9626038 214853454 1
9626038 214850368 1
9626038 214850945 0.5
9626038 214831948 0.5
9626038 214850942 0.5
9626038 214838102 0.5
9626038 214846012 0.5
6095287 214845958 1
6095287 214848165 1
6095287 214850872 0.5
5959071 214835426 1
5959071 214835428 1
5959071 214839975 0.5
5959071 214595150 0.5
5959071 214836050 0.5
5959071 214844398 0.5
5959071 214837882 0.5
5959071 214836926 0.5
10240452 214567329 1
10240452 214567215 1
10240452 214684785 0.5
10240452 214854515 0.5
10240452 214854549 0.5
10240452 214854358 0.5
10240452 214854264 0.5
10240452 214854268 0.5
11153867 214678376 1
11153867 214846119 1
11153867 214849010 0.5
9515487 214850949 1
9515487 214845971 1
9515487 214582200 0.5
9515487 214845962 0.5
9515487 214853420 0.5
1225187 214829330 1
1225187 214842437 1
1225187 214839600 0.5
9232874 214849275 1
9232874 214851101 1
9232874 214821410 0.5
6939124 214848941 1
6939124 214849230 1
6939124 214851009 0.5
6939124 214849314 0.5
6939124 214829034 0.5
6939124 214705100 0.5
6939124 214774674 0.5
6939124 214819412 0.5
6939124 214848954 0.5
6939124 214565726 0.5
5767687 214846014 1
5767687 214846029 1
5767687 214839969 0.5
5767687 214839973 0.5
5767687 214846033 0.5
5767687 214849001 0.5
11547144 214850291 1
11547144 214853460 1
11547144 214854793 0.5
11547144 214854787 0.5
9323266 214717247 1
9323266 214851122 1
9323266 214848630 0.5
4436496 214533020 1
4436496 214612738 1
4436496 214844447 0.5
4641301 214832145 1
4641301 214748336 1
4641301 214839960 0.5
4641301 214829852 0.5
4641301 214557095 0.5
9581081 214850949 1
9581081 214850942 1
9581081 214850947 0.5
9081376 214853105 1
9081376 214853096 1
9081376 214853085 0.5
7553571 214716932 1
7553571 214717003 1
7553571 214717007 0.5
5911093 214844370 1
5911093 214836519 1
5911093 214844368 0.5
10818103 214686879 1
10818103 214854356 1
10818103 214848658 0.5
1693672 214612738 1
1693672 214533020 1
1693672 214844456 0.5
1693672 214612751 0.5
2369632 214829880 1
2369632 214829885 1
2369632 214829882 0.5
2706187 214835132 1
2706187 214829392 1
2706187 214643925 0.5
2706187 214829767 0.5
9671237 214853435 1
9671237 214853852 1
9671237 214853992 0.5
9671237 214853994 0.5
9671237 214854172 0.5
9671237 214853413 0.5
9671237 214572182 0.5
6910542 214849155 1
6910542 214836084 1
6910542 214849153 0.5
6910542 214835750 0.5
6910542 214849031 0.5
6910542 214585676 0.5
6910542 214538572 0.5
6910542 214710013 0.5
6910542 214849247 0.5
7295578 214835019 1
7295578 214839973 1
7295578 214601233 0.5
8651356 214853128 1
8651356 214849010 1
8651356 214853130 0.5
8651356 214845939 0.5
8651356 214677932 0.5
2683496 214831946 1
2683496 214829880 1
2683496 214828970 0.5
9974377 214853090 1
9974377 214852978 1
9974377 214853085 0.5
9704042 214853340 1
9704042 214853767 1
9704042 214853700 0.5
9704042 214853702 0.5
8893042 214853096 1
8893042 214851326 1
8893042 214853090 0.5
1127033 214716932 1
1127033 214829038 1
1127033 214826807 0.5
2433664 214748295 1
2433664 214748300 1
2433664 214829880 0.5
2433664 214829882 0.5
2433664 214748293 0.5
2433664 214829878 0.5
2433664 214829887 0.5
11334274 214853100 1
11334274 214854840 1
11334274 214853102 0.5
6447749 214684108 1
6447749 214848605 1
6447749 214848656 0.5
6447749 214848337 0.5
6447749 214848622 0.5
7598734 214849762 1
7598734 214844398 1
7598734 214667970 0.5
7598734 214849734 0.5
7598734 214849736 0.5
7598734 214849738 0.5
7598734 214835019 0.5
7598734 214717890 0.5
7598734 214849046 0.5
7598734 214849022 0.5
5309077 214712244 1
5309077 214712242 1
5309077 214844396 0.5
10941078 214853102 1
10941078 214854785 1
10941078 214854840 0.5
8217239 214509401 1
8217239 214609325 1
8217239 214835019 0.5
11554927 214829882 1
11554927 214829880 1
11554927 214831948 0.5
1610396 214834877 1
1610396 214834880 1
1610396 214826837 0.5
1610396 214826998 0.5
1610396 214826615 0.5
1409694 214834880 1
1409694 214834869 1
1409694 214826610 0.5
1409694 214829387 0.5
7996069 214700002 1
7996069 214850315 1
7996069 214712235 0.5
7996069 214712237 0.5
7996069 214849807 0.5
1958566 214826977 1
1958566 214835124 1
1958566 214834880 0.5
1958566 214687852 0.5
6488743 214509401 1
6488743 214840235 1
6488743 214551780 0.5
3343016 214553702 1
3343016 214829368 1
3343016 214844394 0.5
3343016 214844439 0.5
3343016 214612751 0.5
5657272 214846012 1
5657272 214829878 1
5657272 214846033 0.5
10379962 214854080 1
10379962 214854800 1
10379962 214854551 0.5
9269949 214853420 1
9269949 214850947 1
9269949 214853422 0.5
6300356 214848613 1
6300356 214848808 1
6300356 214848832 0.5
6300356 214577518 0.5
7352264 214837918 1
7352264 214826666 1
7352264 214826662 0.5
5436113 214844360 1
5436113 214842735 1
5436113 214698577 0.5
1307346 214826610 1
1307346 214834880 1
1307346 214821410 0.5
2233063 214829880 1
2233063 214829392 1
2233063 214748336 0.5
2233063 214831967 0.5
3232489 214577057 1
3232489 214821317 1
3232489 214800272 0.5
4629227 214838105 1
4629227 214838098 1
4629227 214838096 0.5
4629227 214826945 0.5
4629227 214838107 0.5
4629227 214826942 0.5
8069868 214851122 1
8069868 214850936 1
8069868 214843494 0.5
8069868 214686857 0.5
8069868 214851315 0.5
8069868 214691540 0.5
8069868 214677941 0.5
8069868 214851101 0.5
5468911 214846012 1
5468911 214846033 1
5468911 214848770 0.5
5468911 214829878 0.5
10380017 214849057 1
10380017 214844319 1
10380017 214834933 0.5
10380017 214748310 0.5
9347839 214831955 1
9347839 214684715 1
9347839 214819627 0.5
9347839 214711438 0.5
9347839 214853342 0.5
11084546 214854347 1
11084546 214854838 1
11084546 214854716 0.5
11084546 214710013 0.5
172816 214716932 1
172816 214717003 1
172816 214716928 0.5
172816 214716926 0.5
172816 214717005 0.5
172816 214716982 0.5
172816 214717007 0.5
10294037 214854785 1
10294037 214853102 1
10294037 214838094 0.5
5182236 214836924 1
5182236 214832557 1
5182236 214835167 0.5
10593053 214854174 1
10593053 214854547 1
10593053 214854545 0.5
10593053 214573305 0.5
10593053 214712244 0.5
10593053 214854579 0.5
10593053 214819577 0.5
11105072 214831946 1
11105072 214850315 1
11105072 214850945 0.5
11105072 214848615 0.5
11105072 214831948 0.5
11105072 214832015 0.5
11105072 214846012 0.5
11105072 214850942 0.5
9102133 214853338 1
9102133 214644577 1
9102133 214850947 0.5
9102133 214848157 0.5
1830368 214829865 1
1830368 214829861 1
1830368 214829857 0.5
8983362 214853094 1
8983362 214853248 1
8983362 214853085 0.5
1393478 214834877 1
1393478 214829366 1
1393478 214829387 0.5
2401098 214551624 1
2401098 214844458 1
2401098 214612704 0.5
9515851 214850949 1
9515851 214850945 1
9515851 214848688 0.5
9515851 214853428 0.5
9515851 214853420 0.5
10789708 214853700 1
10789708 214853767 1
10789708 214853698 0.5
10789708 214717867 0.5
10789708 214854300 0.5
10789708 214716982 0.5
10789708 214855183 0.5
7351778 214849312 1
7351778 214849012 1
7351778 214836932 0.5
9900886 214853767 1
9900886 214853698 1
9900886 214854152 0.5
9900886 214853850 0.5
607063 214826619 1
607063 214826621 1
607063 214718396 0.5
8639321 214853077 1
8639321 214852980 1
8639321 214853248 0.5
8684378 214853096 1
8684378 214853085 1
8684378 214702905 0.5
8684378 214853105 0.5
2581339 214829666 1
2581339 214821392 1
2581339 214748321 0.5
2581339 214826563 0.5
2581339 214677512 0.5
2581339 214821397 0.5
2581339 214819577 0.5
2581339 214835002 0.5
4895111 214745312 1
4895111 214744768 1
4895111 214832649 0.5
1721196 214828989 1
1721196 214819357 1
1721196 214510044 0.5
1721196 214535653 0.5
1217867 214539845 1
1217867 214587641 1
1217867 214829747 0.5
8491908 214853105 1
8491908 214853096 1
8491908 214551626 0.5
8491908 214853861 0.5
5686152 214844402 1
5686152 214819775 1
5686152 214844370 0.5
5686152 214835428 0.5
4207497 214832015 1
4207497 214831942 1
4207497 214831944 0.5
4207497 214838102 0.5
7041948 214717427 1
7041948 214850747 1
7041948 214677941 0.5
10965301 214864880 1
10965301 214853156 1
10965301 214845986 0.5
10965301 214574692 0.5
10965301 214712242 0.5
10965301 214854682 0.5
7508921 214716941 1
7508921 214844439 1
7508921 214612704 0.5
7508921 214844394 0.5
7508921 214716975 0.5
7508921 214554358 0.5
7508921 214575193 0.5
7508921 214848255 0.5
9294778 214853424 1
9294778 214853454 1
9294778 214850368 0.5
9294778 214850287 0.5
9294778 214850700 0.5
9294778 214848967 0.5
8725442 214551860 1
8725442 214850372 1
8725442 214555693 0.5
8725442 214573168 0.5
8725442 214564659 0.5
8725442 214551924 0.5
8725442 214551926 0.5
8725442 214551930 0.5
4647756 214836857 1
4647756 214602598 1
4647756 214829280 0.5
4647756 214839969 0.5
4647756 214586694 0.5
4647756 214829775 0.5
4647756 214848176 0.5
4647756 214836853 0.5
4647756 214836855 0.5
4647756 214828985 0.5
6607819 214848980 1
6607819 214589711 1
6607819 214829390 0.5
4420567 214839973 1
4420567 214839975 1
4420567 214839962 0.5
4420567 214839932 0.5
4420567 214601229 0.5
4420567 214583670 0.5
4420567 214553565 0.5
10048477 214684762 1
10048477 214684785 1
10048477 214678629 0.5
10048477 214557223 0.5
10048477 214853996 0.5
10048477 214854352 0.5
10048477 214850771 0.5
10048477 214859062 0.5
10048477 214853113 0.5
10048477 214853726 0.5
2286559 214829880 1
2286559 214831948 1
2286559 214829887 0.5
9176036 214853105 1
9176036 214853248 1
9176036 214853096 0.5
9176036 214853094 0.5
2475516 214829019 1
2475516 214650527 1
2475516 214819472 0.5
2475516 214829090 0.5
2475516 214835165 0.5
3227816 214836527 1
3227816 214820261 1
3227816 214829079 0.5
3227816 214826803 0.5
3227816 214820259 0.5
3227816 214836830 0.5
3227816 214820263 0.5
13301 214826627 1
13301 214826955 1
13301 214565623 0.5
10662903 214854352 1
10662903 214854536 1
10662903 214854354 0.5
10662903 214850739 0.5
4928509 214840091 1
4928509 214838092 1
4928509 214837280 0.5
4928509 214692581 0.5
795649 214821341 1
795649 214821309 1
795649 214834865 0.5
7439379 214849292 1
7439379 214702895 1
7439379 214849327 0.5
7574548 214840378 1
7574548 214835126 1
7574548 214651580 0.5
4019222 214612738 1
4019222 214839592 1
4019222 214821339 0.5
9704478 214850942 1
9704478 214853420 1
9704478 214853237 0.5
1086509 214820362 1
1086509 214687642 1
1086509 214572230 0.5
3698869 214836924 1
3698869 214829771 1
3698869 214836932 0.5
3698869 214613741 0.5
3698869 214839982 0.5
5506112 214848729 1
5506112 214846057 1
5506112 214826610 0.5
5506112 214711205 0.5
46152 214716977 1
46152 214716941 1
46152 214840762 0.5
10052687 214853702 1
10052687 214853713 1
10052687 214853707 0.5
8578134 214850940 1
8578134 214849001 1
8578134 214850402 0.5
8578134 214564387 0.5
8578134 214850700 0.5
8578134 214600492 0.5
8578134 214718385 0.5
8578134 214846035 0.5
8578134 214829850 0.5
8578134 214829852 0.5
4301911 214838105 1
4301911 214838102 1
4301911 214834880 0.5
4301911 214674401 0.5
4301911 214821410 0.5
4301911 214839973 0.5
4301911 214744775 0.5
4301911 214845131 0.5
4301911 214835124 0.5
4301911 214553561 0.5
4301911 214837882 0.5
4301911 214833755 0.5
4301911 214819719 0.5
9344088 214848324 1
9344088 214853379 1
9344088 214850945 0.5
9344088 214643036 0.5
9344088 214853420 0.5
8545373 214839587 1
8545373 214848658 1
8545373 214846067 0.5
8545373 214829852 0.5
8545373 214851581 0.5
2362896 214829878 1
2362896 214831948 1
2362896 214831946 0.5
10064994 214853767 1
10064994 214853722 1
10064994 214846344 0.5
10064994 214848185 0.5
10064994 214853700 0.5
10064994 214853702 0.5
7017596 214716982 1
7017596 214849747 1
7017596 214716984 0.5
7017596 214832657 0.5
7017596 214717007 0.5
7017596 214832655 0.5
1959058 214540127 1
1959058 214829885 1
1959058 214819760 0.5
1959058 214831967 0.5
152731 214819762 1
152731 214819760 1
152731 214684843 0.5
152731 214743335 0.5
9798818 214853366 1
9798818 214705659 1
9798818 214849057 0.5
9798818 214748310 0.5
631977 214826615 1
631977 214826617 1
631977 214826612 0.5
631977 214717877 0.5
7275692 214700885 1
7275692 214836947 1
7275692 214848941 0.5
7361717 214819612 1
7361717 214848159 1
7361717 214849312 0.5
7361717 214835137 0.5
7361717 214829765 0.5
7361717 214847255 0.5
9696441 214850945 1
9696441 214850942 1
9696441 214854060 0.5
10908864 214855016 1
10908864 214853100 1
10908864 214854840 0.5
10908864 214684734 0.5
11072706 214551626 1
11072706 214853102 1
11072706 214684730 0.5
5588182 214836881 1
5588182 214829797 1
5588182 214835473 0.5
5588182 214826949 0.5
10482913 214853077 1
10482913 214852980 1
10482913 214852978 0.5
11285736 214854793 1
11285736 214854787 1
11285736 214853102 0.5
4097257 214545575 1
4097257 214712124 1
4097257 214516048 0.5
2143481 214826709 1
2143481 214826670 1
2143481 214829664 0.5
2143481 214834880 0.5
2143481 214837487 0.5
2143481 214826610 0.5
2143481 214553844 0.5
2143481 214826615 0.5
877824 214535621 1
877824 214821285 1
877824 214820227 0.5
877824 214584939 0.5
11015434 214853100 1
11015434 214854785 1
11015434 214854860 0.5
10881923 214854707 1
10881923 214712242 1
10881923 214557570 0.5
10881923 214712244 0.5
10881923 214854682 0.5
9385251 214850949 1
9385251 214853379 1
9385251 214850700 0.5
9385251 214853154 0.5
9385251 214846468 0.5
9385251 214846258 0.5
9385251 214844372 0.5
1549606 214829045 1
1549606 214701212 1
1549606 214774682 0.5
3581238 214574670 1
3581238 214574672 1
3581238 214680720 0.5
3581238 214696897 0.5
4244797 214536195 1
4244797 214645967 1
4244797 214829762 0.5
4244797 214811739 0.5
4244797 214709702 0.5
4244797 214581611 0.5
4244797 214819640 0.5
4244797 214645972 0.5
4244797 214582200 0.5
4244797 214838105 0.5
4244797 214838107 0.5
4244797 214835167 0.5
9282879 214853342 1
9282879 214711307 1
9282879 214853420 0.5
1426316 214718210 1
1426316 214820261 1
1426316 214829861 0.5
1426316 214820263 0.5
1484107 214828989 1
1484107 214819357 1
1484107 214511072 0.5
1484107 214651785 0.5
1484107 214535653 0.5
1484107 214829317 0.5
2991441 214844439 1
2991441 214844456 1
2991441 214844394 0.5
2991441 214612738 0.5
2991441 214586711 0.5
11520227 214854785 1
11520227 214853100 1
11520227 214848658 0.5
2655579 214829878 1
2655579 214829887 1
2655579 214684340 0.5
2655579 214829885 0.5
652639 214827020 1
652639 214545917 1
652639 214554234 0.5
652639 214712347 0.5
5121376 214832156 1
5121376 214840082 1
5121376 214633989 0.5
5969249 214846425 1
5969249 214846466 1
5969249 214584992 0.5
5969249 214840595 0.5
5969249 214846412 0.5
763239 214837487 1
763239 214838831 1
763239 214839386 0.5
763239 214821309 0.5
4003178 214836924 1
4003178 214836932 1
4003178 214561402 0.5
4003178 214829765 0.5
7406962 214849809 1
7406962 214853143 1
7406962 214829792 0.5
7406962 214743515 0.5
5916021 214849072 1
5916021 214845465 1
5916021 214835745 0.5
5916021 214826565 0.5
4310404 214838105 1
4310404 214838096 1
4310404 214829102 0.5
10642839 214567329 1
10642839 214567215 1
10642839 214854536 0.5
10642839 214854510 0.5
10642839 214684785 0.5
10642839 214854549 0.5
10642839 214854358 0.5
10642839 214854268 0.5
7091611 214849337 1
7091611 214849329 1
7091611 214678880 0.5
853407 214827011 1
853407 214827013 1
853407 214539110 0.5
853407 214613743 0.5
8795553 214853085 1
8795553 214853105 1
8795553 214853096 0.5
5420452 214718162 1
5420452 214712126 1
5420452 214844345 0.5
6540873 214848375 1
6540873 214848371 1
6540873 214848832 0.5
6540873 214848851 0.5
2758079 214748297 1
2758079 214748293 1
2758079 214753513 0.5
10368376 214844439 1
10368376 214538572 1
10368376 214844342 0.5
4420518 214602598 1
4420518 214836855 1
4420518 214829280 0.5
4420518 214821401 0.5
4420518 214828985 0.5
10036712 214853096 1
10036712 214853094 1
10036712 214852978 0.5
2729449 214844439 1
2729449 214844394 1
2729449 214821309 0.5
2729449 214844462 0.5
2729449 214551607 0.5
10151427 214718220 1
10151427 214850758 1
10151427 214836947 0.5
10151427 214848847 0.5
10424578 214854345 1
10424578 214829090 1
10424578 214580424 0.5
10424578 214556218 0.5
10424578 214854555 0.5
10424578 214583287 0.5
2419496 214829887 1
2419496 214714757 1
2419496 214829090 0.5
2419496 214844366 0.5
5490202 214687685 1
5490202 214836830 1
5490202 214840415 0.5
7144993 214540597 1
7144993 214630042 1
7144993 214850932 0.5
7144993 214850852 0.5
7144993 214668759 0.5
10393127 214853460 1
10393127 214854787 1
10393127 214854793 0.5
10393127 214853428 0.5
10393127 214851757 0.5
6932014 214668667 1
6932014 214848973 1
6932014 214849076 0.5
3069203 214829882 1
3069203 214829878 1
3069203 214831948 0.5
3069203 214835165 0.5
5649984 214846031 1
5649984 214846012 1
5649984 214534464 0.5
624193 214821313 1
624193 214821305 1
624193 214821339 0.5
624193 214821309 0.5
2582106 214829887 1
2582106 214829878 1
2582106 214829885 0.5
6125151 214846472 1
6125151 214846460 1
6125151 214836776 0.5
6125151 214846462 0.5
9000563 214853195 1
9000563 214853135 1
9000563 214853233 0.5
9000563 214853227 0.5
9000563 214851748 0.5
3966584 214835167 1
3966584 214836924 1
3966584 214829765 0.5
4343432 214712235 1
4343432 214839594 1
4343432 214602605 0.5
9701004 214853420 1
9701004 214850942 1
9701004 214850945 0.5
9701004 214850947 0.5
9701004 214850949 0.5
9701004 214853454 0.5
9701004 214853428 0.5
9701004 214853422 0.5
9701004 214851101 0.5
1188803 214819357 1
1188803 214828989 1
1188803 214828980 0.5
1188803 214586694 0.5
1188803 214586743 0.5
5981847 214849001 1
5981847 214846007 1
5981847 214846061 0.5
39877 214746386 1
39877 214685795 1
39877 214601462 0.5
3374022 214820392 1
3374022 214820396 1
3374022 214706102 0.5
3374022 214819430 0.5
3374022 214744775 0.5
3374022 214829321 0.5
3374022 214717522 0.5
3374022 214828980 0.5
3374022 214587317 0.5
3374022 214826998 0.5
3374022 214826908 0.5
7886508 214717003 1
7886508 214849057 1
7886508 214851242 0.5
7886508 214851135 0.5
7886508 214717005 0.5
7886508 214716982 0.5
7886508 214717007 0.5
1959597 214829711 1
1959597 214829707 1
1959597 214844447 0.5
6936239 214648256 1
6936239 214826891 1
6936239 214514272 0.5
6936239 214835000 0.5
6936239 214831955 0.5
6936239 214848795 0.5
3720884 214832021 1
3720884 214829773 1
3720884 214829745 0.5
5576373 214846318 1
5576373 214845502 1
5576373 214826835 0.5
2919512 214844462 1
2919512 214844454 1
2919512 214551626 0.5
9762501 214853090 1
9762501 214851326 1
9762501 214853096 0.5
9762501 214852978 0.5
9762501 214853077 0.5
9762501 214853094 0.5
6301992 214849076 1
6301992 214848605 1
6301992 214839973 0.5
6301992 214848622 0.5
8009472 214840378 1
8009472 214853325 1
8009472 214826987 0.5
8009472 214835126 0.5
4388609 214839932 1
4388609 214831942 1
4388609 214820392 0.5
4388609 214838105 0.5
10950411 214857204 1
10950411 214835004 1
10950411 214835000 0.5
11097887 214578011 1
11097887 214577709 1
11097887 214853754 0.5
11151139 214853100 1
11151139 214854787 1
11151139 214854840 0.5
5371692 214612738 1
5371692 214533020 1
5371692 214612751 0.5
9492271 214853282 1
9492271 214853152 1
9492271 214851332 0.5
10549043 214567215 1
10549043 214567329 1
10549043 214854268 0.5
7567161 214850756 1
7567161 214850938 1
7567161 214850762 0.5
7567161 214821020 0.5
6788118 214832604 1
6788118 214716707 1
6788118 214848808 0.5
6788118 214714794 0.5
3966779 214829711 1
3966779 214829707 1
3966779 214748340 0.5
7886654 214826747 1
7886654 214826743 1
7886654 214612901 0.5
3084597 214829887 1
3084597 214829885 1
3084597 214829878 0.5
10012483 214651777 1
10012483 214850758 1
10012483 214708305 0.5
10012483 214677615 0.5
1169221 214819599 1
1169221 214744779 1
1169221 214573310 0.5
5474124 214684702 1
5474124 214706452 1
5474124 214743515 0.5
5474124 214712237 0.5
964434 214828989 1
964434 214820807 1
964434 214512425 0.5
964434 214537967 0.5
9316194 214846119 1
9316194 214852987 1
9316194 214853162 0.5
3934057 214836932 1
3934057 214835167 1
3934057 214836924 0.5
3393386 214832115 1
3393386 214832124 1
3393386 214835122 0.5
3393386 214832722 0.5
1444157 214712126 1
1444157 214712124 1
1444157 214826610 0.5
1444157 214829366 0.5
1668989 214820233 1
1668989 214820261 1
1668989 214600652 0.5
7870343 214850743 1
7870343 214712124 1
7870343 214851101 0.5
10692506 214853767 1
10692506 214854517 1
10692506 214712242 0.5
10692506 214854682 0.5
10692506 214854860 0.5
10692506 214848658 0.5
10692506 214853094 0.5
6809501 214849389 1
6809501 214845999 1
6809501 214645005 0.5
8984479 214853094 1
8984479 214851326 1
8984479 214853096 0.5
640934 214829042 1
640934 214716660 1
640934 214553555 0.5
714669 214840483 1
714669 214748295 1
714669 214748291 0.5
7301041 214832156 1
7301041 214560534 1
7301041 214746380 0.5
7301041 214846085 0.5
7301041 214838094 0.5
9605089 214835000 1
9605089 214639477 1
9605089 214639509 0.5
7800761 214851581 1
7800761 214573350 1
7800761 214846067 0.5
7800761 214716110 0.5
10012604 214850360 1
10012604 214844327 1
10012604 214849764 0.5
2759669 214836517 1
2759669 214835132 1
2759669 214831940 0.5
2759669 214587697 0.5
2759669 214551624 0.5
2759669 214831948 0.5
2759669 214835019 0.5
2759669 214832780 0.5
2759669 214716110 0.5
2759669 214711537 0.5
2759669 214829878 0.5
2759669 214664777 0.5
5037728 214826835 1
5037728 214826833 1
5037728 214838092 0.5
5037728 214716110 0.5
1266678 214743341 1
1266678 214821307 1
1266678 214826872 0.5
1266678 214826908 0.5
8988627 214851294 1
8988627 214851150 1
8988627 214828989 0.5
1738708 214821407 1
1738708 214557223 1
1738708 214556057 0.5
1738708 214743497 0.5
1406934 214826610 1
1406934 214834880 1
1406934 214718210 0.5
7586373 214850304 1
7586373 214850282 1
7586373 214849247 0.5
9127097 214852980 1
9127097 214853077 1
9127097 214853248 0.5
9127097 214853090 0.5
10164189 214853730 1
10164189 214853698 1
10164189 214853707 0.5
10622629 214853077 1
10622629 214851585 1
10622629 214853094 0.5
7346148 214849329 1
7346148 214849337 1
7346148 214848658 0.5
4245486 214684702 1
4245486 214700002 1
4245486 214831944 0.5
4245486 214838105 0.5
4245486 214743515 0.5
4245486 214712237 0.5
4245486 214831942 0.5
2041841 214829865 1
2041841 214829861 1
2041841 214832720 0.5
2041841 214829855 0.5
636918 214837485 1
636918 214837483 1
636918 214837487 0.5
4593686 214839973 1
4593686 214839971 1
4593686 214839960 0.5
7718941 214835126 1
7718941 214844394 1
7718941 214639700 0.5
690211 214839600 1
690211 214832780 1
690211 214821300 0.5
3299366 214551624 1
3299366 214551626 1
3299366 214716973 0.5
3299366 214716982 0.5
3299366 214838375 0.5
5853532 214846117 1
5853532 214846012 1
5853532 214846033 0.5
5330987 214551894 1
5330987 214836536 1
5330987 214837286 0.5
1267759 214826904 1
1267759 214586743 1
1267759 214821392 0.5
1267759 214601233 0.5
1267759 214826998 0.5
9918531 214853707 1
9918531 214853702 1
9918531 214853730 0.5
9918531 214853709 0.5
4941897 214839956 1
4941897 214835473 1
4941897 214826949 0.5
10045514 214853707 1
10045514 214853730 1
10045514 214853722 0.5
7579727 214851028 1
7579727 214851080 1
7579727 214716746 0.5
7579727 214850938 0.5
9685074 214853420 1
9685074 214850947 1
9685074 214848185 0.5
9685074 214700002 0.5
9685074 214743515 0.5
620627 214612738 1
620627 214586711 1
620627 214612753 0.5
620627 214821307 0.5
620627 214821302 0.5
620627 214844439 0.5
10389596 214567327 1
10389596 214854262 1
10389596 214854510 0.5
2377824 214829878 1
2377824 214831946 1
2377824 214835111 0.5
9750627 214853145 1
9750627 214849102 1
9750627 214851279 0.5
9750627 214853143 0.5
2869351 214835132 1
2869351 214831940 1
2869351 214835503 0.5
3713129 214846057 1
3713129 214836129 1
3713129 214848727 0.5
8490003 214820345 1
8490003 214748336 1
8490003 214849740 0.5
8490003 214551626 0.5
8490003 214564387 0.5
8490003 214846404 0.5
8490003 214716982 0.5
11446388 214714715 1
11446388 214853083 1
11446388 214854716 0.5
11446388 214854718 0.5
9212074 214844439 1
9212074 214850372 1
9212074 214850936 0.5
5490813 214835111 1
5490813 214845583 1
5490813 214832780 0.5
452738 214748338 1
452738 214748302 1
452738 214748297 0.5
9500804 214711307 1
9500804 214853422 1
9500804 214829882 0.5
7063917 214850287 1
7063917 214850368 1
7063917 214840082 0.5
7063917 214850732 0.5
10012816 214853282 1
10012816 214853139 1
10012816 214575722 0.5
9878553 214510445 1
9878553 214567333 1
9878553 214849132 0.5
9878553 214510447 0.5
7956646 214850741 1
7956646 214850621 1
7956646 214850720 0.5
7956646 214829666 0.5
7428268 214850285 1
7428268 214849745 1
7428268 214850282 0.5
7428268 214820383 0.5
7428268 214572182 0.5
7428268 214850743 0.5
9214129 214743515 1
9214129 214853325 1
9214129 214853321 0.5
9214129 214700002 0.5
9214129 214826987 0.5
9369779 214850947 1
9369779 214853420 1
9369779 214763542 0.5
6857761 214835017 1
6857761 214846530 1
6857761 214835747 0.5
9980126 214853094 1
9980126 214853248 1
9980126 214853090 0.5
9980126 214852978 0.5
9980126 214852980 0.5
9980126 214853077 0.5
9980126 214853085 0.5
9980126 214851326 0.5
9909968 214717867 1
9909968 214853992 1
9909968 214853715 0.5
9909968 214853700 0.5
7256307 214832158 1
7256307 214849807 1
7256307 214845422 0.5
7256307 214849327 0.5
1800436 214821397 1
1800436 214831931 1
1800436 214748321 0.5
1800436 214829379 0.5
1800436 214557701 0.5
2980092 214835019 1
2980092 214587697 1
2980092 214835017 0.5
2783498 214829887 1
2783498 214829880 1
2783498 214831946 0.5
7067924 214820233 1
7067924 214849389 1
7067924 214820231 0.5
5208343 214829878 1
5208343 214829882 1
5208343 214835040 0.5
5208343 214831948 0.5
10467611 214853130 1
10467611 214850771 1
10467611 214556840 0.5
4011208 214613741 1
4011208 214595150 1
4011208 214829769 0.5
11192614 214709634 1
11192614 214854172 1
11192614 214854547 0.5
11192614 214567215 0.5
1739059 214820261 1
1739059 214820263 1
1739059 214833800 0.5
1739059 214587611 0.5
1739059 214826805 0.5
4439776 214845131 1
4439776 214839969 1
4439776 214839975 0.5
2591057 214714757 1
2591057 214829882 1
2591057 214748336 0.5
2591057 214829090 0.5
9668949 214853420 1
9668949 214514287 1
9668949 214826891 0.5
9668949 214850315 0.5
9668949 214831948 0.5
9668949 214832143 0.5
9668949 214838102 0.5
9668949 214706428 0.5
9668949 214850942 0.5
3819236 214829773 1
3819236 214595150 1
3819236 214582378 0.5
3819236 214582374 0.5
11241822 214854795 1
11241822 214854800 1
11241822 214835000 0.5
3841083 214836924 1
3841083 214836932 1
3841083 214829765 0.5
10233789 214853077 1
10233789 214852980 1
10233789 214853248 0.5
10233789 214853090 0.5
10233789 214852978 0.5
10233789 214853094 0.5
9382253 214829730 1
9382253 214853465 1
9382253 214595139 0.5
7737064 214835126 1
7737064 214829792 1
7737064 214587328 0.5
2185586 214832563 1
2185586 214712235 1
2185586 214701787 0.5
2185586 214712229 0.5
10692421 214853735 1
10692421 214857035 1
10692421 214853282 0.5
10692421 214854534 0.5
10692421 214853702 0.5
10692421 214575722 0.5
10692421 214854510 0.5
10692421 214857167 0.5
10692421 214854579 0.5
10692421 214821371 0.5
10692421 214854300 0.5
10443133 214718158 1
10443133 214848986 1
10443133 214564706 0.5
10443133 214582359 0.5
10971538 214853102 1
10971538 214854785 1
10971538 214854782 0.5
4450707 214840091 1
4450707 214837280 1
4450707 214981102 0.5
2955674 214831950 1
2955674 214829885 1
2955674 214684730 0.5
10361278 214684115 1
10361278 214854583 1
10361278 214861498 0.5
10361278 214687475 0.5
10361278 214583610 0.5
10361278 214846391 0.5
4209106 214725551 1
4209106 214845129 1
4209106 214836881 0.5
4209106 214838662 0.5
4794843 214836879 1
4794843 214717440 1
4794843 214826906 0.5
4794843 214839975 0.5
467181 214826608 1
467181 214826801 1
467181 214826955 0.5
467181 214540070 0.5
9542127 214853248 1
9542127 214853242 1
9542127 214853210 0.5
9542127 214853132 0.5
9683369 214853420 1
9683369 214850947 1
9683369 214763542 0.5
7186942 214849734 1
7186942 214849740 1
7186942 214849736 0.5
7186942 214849762 0.5
7186942 214844355 0.5
7186942 214844398 0.5
7425112 214849194 1
7425112 214849136 1
7425112 214839967 0.5
6642209 214848941 1
6642209 214848945 1
6642209 214849022 0.5
8482566 214850295 1
8482566 214846029 1
8482566 214850287 0.5
8482566 214829887 0.5
5552711 214846119 1
5552711 214581761 1
5552711 214535010 0.5
27181 214826627 1
27181 214826715 1
27181 214826955 0.5
872201 214821285 1
872201 214842450 1
872201 214841640 0.5
872201 214820760 0.5
11020856 214857204 1
11020856 214853100 1
11020856 214835000 0.5
1432121 214826610 1
1432121 214834877 1
1432121 214834880 0.5
8820492 214743515 1
8820492 214696425 1
8820492 214835713 0.5
8820492 214606412 0.5
8820492 214845502 0.5
10738253 214854358 1
10738253 214567333 1
10738253 214684785 0.5
10738253 214853726 0.5
10132058 214849464 1
10132058 214853992 1
10132058 214850872 0.5
10132058 214853865 0.5
1489502 214834880 1
1489502 214834877 1
1489502 214826936 0.5
1489502 214829387 0.5
7469664 214839969 1
7469664 214846447 1
7469664 214829792 0.5
7469664 214684513 0.5
7469664 214845131 0.5
7469664 214602733 0.5
7469664 214851279 0.5
7469664 214553561 0.5
7137894 214632146 1
7137894 214850291 1
7137894 214850295 0.5
4037223 214829775 1
4037223 214829280 1
4037223 214836855 0.5
4037223 214587317 0.5
4037223 214836853 0.5
445036 214826835 1
445036 214826715 1
445036 214826623 0.5
7133808 214849809 1
7133808 214684715 1
7133808 214850282 0.5
7133808 214850285 0.5
7133808 214850295 0.5
7617137 214835126 1
7617137 214851279 1
7617137 214832655 0.5
7617137 214853758 0.5
7617137 214850621 0.5
7617137 214850790 0.5
7617137 214853143 0.5
6171251 214846460 1
6171251 214826906 1
6171251 214846421 0.5
9157241 214853077 1
9157241 214852980 1
9157241 214829672 0.5
9157241 214829668 0.5
10545787 214853113 1
10545787 214854300 1
10545787 214854352 0.5
3926667 214826938 1
3926667 214829773 1
3926667 214613741 0.5
4377228 214829878 1
4377228 214838096 1
4377228 214684730 0.5
4131469 214839592 1
4131469 214838105 1
4131469 214574672 0.5
4131469 214574670 0.5
5069461 214832017 1
5069461 214826818 1
5069461 214836536 0.5
7629469 214716992 1
7629469 214717005 1
7629469 214716995 0.5
2501281 214829878 1
2501281 214829882 1
2501281 214846057 0.5
2501281 214835124 0.5
2501281 214831959 0.5
11029154 214857830 1
11029154 214700000 1
11029154 214712235 0.5
3488419 214837916 1
3488419 214835747 1
3488419 214837918 0.5
8891048 214853135 1
8891048 214850405 1
8891048 214846404 0.5
3680937 214835109 1
3680937 214826990 1
3680937 214838227 0.5
5479084 214846001 1
5479084 214848157 1
5479084 214553561 0.5
5479084 214845986 0.5
5479084 214839975 0.5
2628274 214748300 1
2628274 214748338 1
2628274 214753513 0.5
2628274 214829878 0.5
4078279 214748293 1
4078279 214748338 1
4078279 214753513 0.5
8231626 214849057 1
8231626 214685049 1
8231626 214851080 0.5
8231626 214851161 0.5
8231626 214851234 0.5
8231626 214716671 0.5
10594004 214853762 1
10594004 214711682 1
10594004 214578011 0.5
10594004 214510445 0.5
3324626 214577057 1
3324626 214537256 1
3324626 214697287 0.5
2616024 214540125 1
2616024 214581489 1
2616024 214712235 0.5
2616024 214602605 0.5
4983513 214684372 1
4983513 214839973 1
4983513 214839971 0.5
4913889 214819775 1
4913889 214819468 1
4913889 214835032 0.5
4913889 214839397 0.5
10332901 214706428 1
10332901 214853100 1
10332901 214820186 0.5
10332901 214583287 0.5
10332901 214846031 0.5
10328811 214853767 1
10328811 214716645 1
10328811 214820345 0.5
10328811 214710097 0.5
10132211 214850942 1
10132211 214850315 1
10132211 214850945 0.5
10132211 214831946 0.5
10132211 214853420 0.5
10132211 214850310 0.5
6347508 214846389 1
6347508 214846462 1
6347508 214846475 0.5
6347508 214839973 0.5
6347508 214711205 0.5
162549 214630042 1
162549 214586690 1
162549 214774676 0.5
7482123 214849395 1
7482123 214850741 1
7482123 214851097 0.5
9128728 214853077 1
9128728 214852980 1
9128728 214853184 0.5
5364507 214826833 1
5364507 214840091 1
5364507 214844400 0.5
5364507 214838094 0.5
10267422 214853113 1
10267422 214854352 1
10267422 214684785 0.5
10267422 214684762 0.5
10599202 214687845 1
10599202 214710101 1
10599202 214717888 0.5
10599202 214711267 0.5
10599202 214821020 0.5
2644774 214829878 1
2644774 214831946 1
2644774 214819468 0.5
2644774 214829887 0.5
8284973 214853096 1
8284973 214853105 1
8284973 214853090 0.5
8284973 214853077 0.5
5843758 214821305 1
5843758 214821339 1
5843758 214844394 0.5
6484447 214846530 1
6484447 214848656 1
6484447 214845984 0.5
6484447 214848950 0.5
10439488 214854853 1
10439488 214854782 1
10439488 214853100 0.5
7441218 214696470 1
7441218 214560534 1
7441218 214849100 0.5
4434764 214839973 1
4434764 214845806 1
4434764 214698418 0.5
4320078 214838107 1
4320078 214838102 1
4320078 214832012 0.5
8699022 214851742 1
8699022 214853165 1
8699022 214678376 0.5
9001824 214853248 1
9001824 214852978 1
9001824 214853094 0.5
9001824 214851326 0.5
7265131 214748338 1
7265131 214849766 1
7265131 214844400 0.5
1514358 214533020 1
1514358 214612751 1
1514358 214844394 0.5
2403194 214748304 1
2403194 214748295 1
2403194 214748291 0.5
7658371 214832657 1
7658371 214717005 1
7658371 214820231 0.5
7658371 214584939 0.5
7658371 214819468 0.5
7658371 214832653 0.5
7658371 214832655 0.5
7658371 214554358 0.5
7658371 214716984 0.5
7658371 214716941 0.5
3169179 214836851 1
3169179 214709735 1
3169179 214706180 0.5
1760157 214820233 1
1760157 214829085 1
1760157 214829083 0.5
1760157 214820227 0.5
9247646 214853420 1
9247646 214850945 1
9247646 214853152 0.5
9247646 214853330 0.5
1391546 214573612 1
1391546 214829390 1
1391546 214826610 0.5
1391546 214821407 0.5
5168068 214646612 1
5168068 214831955 1
5168068 214845577 0.5
5168068 214602598 0.5
2968517 214829882 1
2968517 214829878 1
2968517 214829885 0.5
7613382 214850700 1
7613382 214845583 1
7613382 214717286 0.5
7613382 214586694 0.5
7613382 214849194 0.5
7613382 214600492 0.5
7613382 214846127 0.5
7613382 214846033 0.5
7613382 214543922 0.5
7613382 214829878 0.5
7613382 214836855 0.5
7613382 214706102 0.5
5831624 214845971 1
5831624 214849010 1
5831624 214811739 0.5
5831624 214811758 0.5
8022991 214851122 1
8022991 214851236 1
8022991 214835561 0.5
8022991 214849252 0.5
8022991 214827005 0.5
6015952 214584821 1
6015952 214849001 1
6015952 214532064 0.5
6015952 214835745 0.5
6015952 214717850 0.5
2042834 214829865 1
2042834 214829846 1
2042834 214820377 0.5
2042834 214829863 0.5
2231253 214831946 1
2231253 214829887 1
2231253 214829880 0.5
6380507 214684734 1
6380507 214836506 1
6380507 214846031 0.5
4271069 214533707 1
4271069 214839641 1
4271069 214839397 0.5
6659039 214849093 1
6659039 214849132 1
6659039 214712242 0.5
10034149 214853707 1
10034149 214853698 1
10034149 214854152 0.5
10034149 214853730 0.5
6112423 214846412 1
6112423 214846432 1
6112423 214846466 0.5
4909566 214844400 1
4909566 214844345 1
4909566 214844347 0.5
1661948 214717005 1
1661948 214716926 1
1661948 214554358 0.5
1588233 214826610 1
1588233 214834877 1
1588233 214836129 0.5
1588233 214821410 0.5
1588233 214829387 0.5
4139032 214838105 1
4139032 214711517 1
4139032 214838107 0.5
9841689 214853730 1
9841689 214853707 1
9841689 214853698 0.5
9841689 214854146 0.5
10923034 214854720 1
10923034 214851757 1
10923034 214854722 0.5
10923034 214712244 0.5
10923034 214853079 0.5
10923034 214853081 0.5
10923034 214853083 0.5
10923034 214854716 0.5
10923034 214710013 0.5
10923034 214854718 0.5
11045918 214764598 1
11045918 214835000 1
11045918 214835004 0.5
9415716 214853422 1
9415716 214850949 1
9415716 214850945 0.5
9415716 214853420 0.5
7707691 214832657 1
7707691 214821313 1
7707691 214716984 0.5
7707691 214844454 0.5
7558322 214851290 1
7558322 214851101 1
7558322 214552522 0.5
7558322 214564380 0.5
7558322 214850743 0.5
855087 214838831 1
855087 214837490 1
855087 214837442 0.5
855087 214587028 0.5
855087 214837487 0.5
2473009 214753505 1
2473009 214748295 1
2473009 214829327 0.5
4799572 214839947 1
4799572 214587317 1
4799572 214829280 0.5
4799572 214828867 0.5
4799572 214829775 0.5
9448633 214850949 1
9448633 214850945 1
9448633 214850947 0.5
9448633 214850942 0.5
8014942 214849312 1
8014942 214849284 1
8014942 214851313 0.5
8014942 214836932 0.5
8014942 214849012 0.5
8014942 214665277 0.5
10955871 214849153 1
10955871 214651517 1
10955871 214849157 0.5
10955871 214846412 0.5
10955871 214573357 0.5
10955871 214849102 0.5
10955871 214846479 0.5
10955871 214846427 0.5
10955871 214745317 0.5
523366 214537775 1
523366 214840412 1
523366 214556840 0.5
523366 214687685 0.5
10550379 214853090 1
10550379 214851326 1
10550379 214854707 0.5
2341997 214829878 1
2341997 214829882 1
2341997 214829887 0.5
7928942 214844458 1
7928942 214716932 1
7928942 214551626 0.5
7928942 214533022 0.5
2326377 214708211 1
2326377 214744779 1
2326377 214829385 0.5
2326377 214820394 0.5
8723588 214852980 1
8723588 214853077 1
8723588 214851326 0.5
8723588 214853090 0.5
8723588 214853085 0.5
8723588 214853094 0.5
3932697 214835109 1
3932697 214826990 1
3932697 214838227 0.5
3932697 214836932 0.5
9247941 214853992 1
9247941 214850405 1
9247941 214821032 0.5
9247941 214851748 0.5
9247941 214850621 0.5
703648 214829008 1
703648 214714790 1
703648 214821392 0.5
703648 214667970 0.5
703648 214691557 0.5
703648 214829321 0.5
703648 214832780 0.5
703648 214748334 0.5
703648 214800272 0.5
703648 214601233 0.5
703648 214587028 0.5
703648 214558192 0.5
703648 214662742 0.5
4820139 214829310 1
4820139 214836883 1
4820139 214577057 0.5
4820139 214717091 0.5
9646107 214853321 1
9646107 214853325 1
9646107 214853657 0.5
9646107 214700002 0.5
8821938 214853758 1
8821938 214716926 1
8821938 214851120 0.5
8821938 214845973 0.5
8821938 214717005 0.5
8821938 214717007 0.5
10398901 214717003 1
10398901 214716926 1
10398901 214854572 0.5
8666312 214851150 1
8666312 214851294 1
8666312 214851028 0.5
4713677 214820265 1
4713677 214820261 1
4713677 214820259 0.5
10616014 214854352 1
10616014 214854354 1
10616014 214854075 0.5
2907341 214820233 1
2907341 214821290 1
2907341 214829707 0.5
2907341 214821277 0.5
2907341 214820231 0.5
7548113 214743495 1
7548113 214848658 1
7548113 214849738 0.5
7548113 214846067 0.5
7548113 214846061 0.5
6335698 214557322 1
6335698 214845971 1
6335698 214846117 0.5
9743566 214850771 1
9743566 214851137 1
9743566 214849312 0.5
9743566 214850788 0.5
9743566 214829797 0.5
9743566 214738455 0.5
719398 214827009 1
719398 214613743 1
719398 214535621 0.5
9329902 214832604 1
9329902 214716707 1
9329902 214851750 0.5
9329902 214853222 0.5
9329902 214852978 0.5
9329902 214853237 0.5
9329902 214853242 0.5
9329902 214853210 0.5
2755837 214834867 1
2755837 214829668 1
2755837 214826700 0.5
9927893 214853340 1
9927893 214853700 1
9927893 214853698 0.5
10394883 214854352 1
10394883 214854517 1
10394883 214746380 0.5
10394883 214853113 0.5
10394883 214854060 0.5
10394883 214851750 0.5
10394883 214854065 0.5
4173068 214540127 1
4173068 214839592 1
4173068 214839600 0.5
4173068 214836924 0.5
4173068 214836932 0.5
4173068 214829852 0.5
4173068 214838137 0.5
7032082 214826835 1
7032082 214846031 1
7032082 214845577 0.5
7032082 214850285 0.5
7032082 214849070 0.5
7032082 214846033 0.5
7032082 214829880 0.5
7032082 214838107 0.5
7032082 214718398 0.5
4979987 214685747 1
4979987 214838092 1
4979987 214829672 0.5
4979987 214835940 0.5
3542294 214832792 1
3542294 214717850 1
3542294 214835132 0.5
3542294 214586743 0.5
4540031 214644692 1
4540031 214579226 1
4540031 214556216 0.5
4540031 214832145 0.5
4540031 214839347 0.5
4540031 214839587 0.5
4540031 214748310 0.5
4386078 214838102 1
4386078 214718398 1
4386078 214819400 0.5
4386078 214838107 0.5
4386078 214826835 0.5
4386078 214832015 0.5
9014492 214819577 1
9014492 214573305 1
9014492 214850936 0.5
9014492 214850720 0.5
9014492 214850621 0.5
7712047 214851236 1
7712047 214851099 1
7712047 214849057 0.5
7712047 214851238 0.5
7712047 214851242 0.5
7712047 214851024 0.5
7712047 214851581 0.5
7712047 214851167 0.5
331067 214821277 1
331067 214826608 1
331067 214821290 0.5
331067 214820231 0.5
1776956 214829390 1
1776956 214834880 1
1776956 214670040 0.5
2952523 214743335 1
2952523 214819760 1
2952523 214819762 0.5
2952523 214684843 0.5
9416013 214852980 1
9416013 214853077 1
9416013 214852978 0.5
1031512 214844357 1
1031512 214821309 1
1031512 214827026 0.5
10915168 214850619 1
10915168 214853726 1
10915168 214555492 0.5
10915168 214835750 0.5
10915168 214854352 0.5
10915168 214849395 0.5
10915168 214559960 0.5
10915168 214684762 0.5
10915168 214853435 0.5
10915168 214854298 0.5
10712976 214853342 1
10712976 214853340 1
10712976 214854148 0.5
10712976 214853732 0.5
10712976 214853726 0.5
10712976 214853767 0.5
10394988 214853113 1
10394988 214854352 1
10394988 214854354 0.5
8797557 214846385 1
8797557 214580293 1
8797557 214851150 0.5
8797557 214851294 0.5
1588599 214834880 1
1588599 214695399 1
1588599 214834877 0.5
4074891 214844439 1
4074891 214551607 1
4074891 214829747 0.5
8420752 214845885 1
8420752 214848986 1
8420752 214716641 0.5
7957912 214839962 1
7957912 214851131 1
7957912 214851073 0.5
7957912 214716746 0.5
7957912 214849393 0.5
7957912 214851097 0.5
7957912 214556057 0.5
7957912 214851163 0.5
7957912 214851165 0.5
7957912 214821407 0.5
1641887 214711280 1
1641887 214712124 1
1641887 214829387 0.5
1641887 214833755 0.5
1641887 214826610 0.5
7925154 214850743 1
7925154 214850938 1
7925154 214567078 0.5
7925154 214850295 0.5
1199526 214586743 1
1199526 214587317 1
1199526 214829053 0.5
4365737 214844394 1
4365737 214828995 1
4365737 214826608 0.5
4365737 214533020 0.5
4365737 214826700 0.5
4365737 214821309 0.5
7282092 214850315 1
7282092 214667857 1
7282092 214846012 0.5
8191408 214632146 1
8191408 214850291 1
8191408 214668667 0.5
5541299 214640520 1
5541299 214712124 1
5541299 214579288 0.5
5541299 214711348 0.5
5541299 214712126 0.5
5541299 214845407 0.5
9604537 214853135 1
9604537 214853195 1
9604537 214853233 0.5
9604537 214853227 0.5
9604537 214678526 0.5
9690443 214650508 1
9690443 214850947 1
9690443 214700000 0.5
9690443 214850310 0.5
9690443 214831946 0.5
9690443 214831948 0.5
9690443 214850282 0.5
9690443 214850942 0.5
1754181 214834877 1
1754181 214826610 1
1754181 214832722 0.5
7757249 214848337 1
7757249 214849284 1
7757249 214844345 0.5
2375107 214829880 1
2375107 214829882 1
2375107 214686082 0.5
2375107 214826983 0.5
2174409 214743495 1
2174409 214748336 1
2174409 214687852 0.5
2174409 214717562 0.5
2174409 214829852 0.5
8248783 214717007 1
8248783 214716932 1
8248783 214716988 0.5
8248783 214716935 0.5
2268624 214821410 1
2268624 214821412 1
2268624 214829880 0.5
2268624 214826589 0.5
2268624 214844415 0.5
355808 214711517 1
355808 214743382 1
355808 214578245 0.5
1719778 214829085 1
1719778 214829083 1
1719778 214829079 0.5
9018856 214717003 1
9018856 214821315 1
9018856 214533022 0.5
1961467 214829861 1
1961467 214829865 1
1961467 214829857 0.5
1961467 214829707 0.5
8896024 214852978 1
8896024 214851750 1
8896024 214853248 0.5
8896024 214853242 0.5
8896024 214853132 0.5
8896024 214853222 0.5
8896024 214853094 0.5
7085609 214632146 1
7085609 214850291 1
7085609 214700002 0.5
7085609 214826942 0.5
9322041 214853420 1
9322041 214853340 1
9322041 214853342 0.5
7540282 214850936 1
7540282 214850938 1
7540282 214850743 0.5
3169854 214580291 1
3169854 214836827 1
3169854 214580304 0.5
1556042 214587266 1
1556042 214821332 1
1556042 214826563 0.5
8609373 214853094 1
8609373 214853248 1
8609373 214716746 0.5
8609373 214851131 0.5
8609373 214716654 0.5
10640141 214854583 1
10640141 214846391 1
10640141 214687475 0.5
10640141 214687685 0.5
6471269 214848982 1
6471269 214848656 1
6471269 214848626 0.5
6590063 214849228 1
6590063 214667857 1
6590063 214849762 0.5
6590063 214602598 0.5
6590063 214849734 0.5
6590063 214849389 0.5
6590063 214834877 0.5
6590063 214844400 0.5
6590063 214848945 0.5
6590063 214844402 0.5
6590063 214849046 0.5
6590063 214849239 0.5
6590063 214849275 0.5
6590063 214665277 0.5
6590063 214849022 0.5
1232511 214829325 1
1232511 214829332 1
1232511 214829327 0.5
8175234 214851101 1
8175234 214564380 1
8175234 214851232 0.5
10296974 214854352 1
10296974 214839999 1
10296974 214854536 0.5
10296974 214850739 0.5
10296974 214573310 0.5
4664979 214831970 1
4664979 214538820 1
4664979 214840235 0.5
8128634 214716654 1
8128634 214851161 1
8128634 214851080 0.5
8128634 214848613 0.5
8128634 214716110 0.5
8128634 214851133 0.5
3055264 214835132 1
3055264 214609325 1
3055264 214829390 0.5
6818416 214832604 1
6818416 214716707 1
6818416 214714794 0.5
6818416 214571188 0.5
6818416 214848613 0.5
8298146 214711267 1
8298146 214844454 1
8298146 214821313 0.5
8298146 214853092 0.5
8298146 214563182 0.5
8298146 214714665 0.5
847534 214821302 1
847534 214821305 1
847534 214551626 0.5
847534 214821339 0.5
847534 214826908 0.5
5974643 214826942 1
5974643 214831948 1
5974643 214831946 0.5
5974643 214846012 0.5
5974643 214846029 0.5
5974643 214838102 0.5
231834 214826955 1
231834 214826627 1
231834 214826835 0.5
1619306 214834875 1
1619306 214828970 1
1619306 214700885 0.5
4931267 214838092 1
4931267 214837280 1
4931267 214837288 0.5
6445686 214849076 1
6445686 214831946 1
6445686 214838098 0.5
6445686 214846014 0.5
6445686 214673295 0.5
8543968 214853143 1
8543968 214826987 1
8543968 214840378 0.5
8543968 214835126 0.5
9281253 214701787 1
9281253 214853325 1
9281253 214712235 0.5
9281253 214857830 0.5
9735924 214850949 1
9735924 214853428 1
9735924 214853454 0.5
9735924 214853422 0.5
2948853 214829880 1
2948853 214829885 1
2948853 214829882 0.5
5666772 214846031 1
5666772 214849001 1
5666772 214839973 0.5
10067711 214853767 1
10067711 214853992 1
10067711 214854165 0.5
1711881 214821341 1
1711881 214826625 1
1711881 214583670 0.5
1711881 214717007 0.5
6524696 214826904 1
6524696 214557232 1
6524696 214848313 0.5
6524696 214846127 0.5
8238383 214850700 1
8238383 214850940 1
8238383 214849327 0.5
8159013 214851290 1
8159013 214851232 1
8159013 214845583 0.5
8159013 214564380 0.5
8159013 214849031 0.5
7976017 214854630 1
7976017 214717003 1
7976017 214717005 0.5
7466801 214853173 1
7466801 214851120 1
7466801 214853758 0.5
11435842 214510460 1
11435842 214510445 1
11435842 214854682 0.5
9523012 214853420 1
9523012 214853340 1
9523012 214853152 0.5
1822689 214819468 1
1822689 214829880 1
1822689 214829664 0.5
10985294 214857551 1
10985294 214704180 1
10985294 214743515 0.5
819036 214826705 1
819036 214826608 1
819036 214826810 0.5
540512 214748293 1
540512 214753507 1
540512 214753505 0.5
540512 214748300 0.5
28514 214680369 1
28514 214826627 1
28514 214819402 0.5
28514 214718390 0.5
7798629 214850743 1
7798629 214850771 1
7798629 214850936 0.5
7798629 214853122 0.5
7798629 214850938 0.5
7798629 214853175 0.5
10801006 214857830 1
10801006 214680371 1
10801006 214853325 0.5
10392191 214854352 1
10392191 214854536 1
10392191 214854358 0.5
5099498 214551000 1
5099498 214602598 1
5099498 214829775 0.5
5099498 214836855 0.5
9826197 214853700 1
9826197 214853722 1
9826197 214853698 0.5
9826197 214853702 0.5
4480923 214819410 1
4480923 214839973 1
4480923 214820392 0.5
4480923 214577057 0.5
8196008 214851080 1
8196008 214851161 1
8196008 214716746 0.5
8196008 214851234 0.5
8196008 214851575 0.5
9732014 214829878 1
9732014 214829887 1
9732014 214829882 0.5
9732014 214853420 0.5
9732014 214850295 0.5
9473979 214850942 1
9473979 214853420 1
9473979 214676576 0.5
9473979 214853767 0.5
9473979 214853321 0.5
9473979 214831946 0.5
9473979 214831948 0.5
9473979 214845581 0.5
9473979 214853454 0.5
9473979 214851581 0.5
9473979 214829878 0.5
9473979 214846012 0.5
9473979 214849738 0.5
9473979 214853342 0.5
8273859 214851131 1
8273859 214716746 1
8273859 214716671 0.5
8273859 214851163 0.5
8273859 214851579 0.5
6694902 214846127 1
6694902 214848688 1
6694902 214846007 0.5
10096582 214854264 1
10096582 214684785 1
10096582 214567329 0.5
10096582 214853726 0.5
11480323 214857562 1
11480323 214857570 1
11480323 214849100 0.5
7466957 214850291 1
7466957 214821309 1
7466957 214844458 0.5
5111758 214839956 1
5111758 214716639 1
5111758 214748336 0.5
5111758 214848178 0.5
5111758 214847261 0.5
5111758 214826990 0.5
4206544 214826945 1
4206544 214845129 1
4206544 214838107 0.5
5177313 214840082 1
5177313 214839384 1
5177313 214826820 0.5
9662774 214680371 1
9662774 214853321 1
9662774 214743515 0.5
221162 214829282 1
221162 214821015 1
221162 214821022 0.5
2627833 214829878 1
2627833 214831946 1
2627833 214831965 0.5
2627833 214829887 0.5
9531378 214850945 1
9531378 214844400 1
9531378 214853347 0.5
9531378 214846468 0.5
5869461 214845971 1
5869461 214826610 1
5869461 214848656 0.5
5869461 214846447 0.5
2871289 214819550 1
2871289 214677615 1
2871289 214821017 0.5
