10009942 214853321 1
10009942 214853325 1
10009942 214826987 0.5
4026374 214612751 1
4026374 214533020 1
4026374 214839592 0.5
4026374 214844447 0.5
7438343 214846033 1
7438343 214850295 1
7438343 214850282 0.5
7438343 214849076 0.5
9900041 214853713 1
9900041 214853698 1
9900041 214853767 0.5
2961418 214829366 1
2961418 214835122 1
2961418 214832124 0.5
9146383 214849136 1
9146383 214573350 1
9146383 214849250 0.5
9146383 214849157 0.5
9146383 214651517 0.5
9146383 214844400 0.5
9146383 214849080 0.5
9146383 214820345 0.5
9146383 214851101 0.5
9146383 214839967 0.5
10547218 214567333 1
10547218 214567327 1
10547218 214854358 0.5
10547218 214684785 0.5
10547218 214854146 0.5
10547218 214854510 0.5
10547218 214854262 0.5
9015983 214853094 1
9015983 214852978 1
9015983 214853096 0.5
3678244 214836932 1
3678244 214829852 1
3678244 214839600 0.5
3678244 214829762 0.5
3678244 214835109 0.5
3678244 214829799 0.5
3678244 214832780 0.5
3678244 214748336 0.5
3678244 214561402 0.5
3678244 214836924 0.5
3678244 214829850 0.5
3678244 214745317 0.5
10227752 214853767 1
10227752 214853698 1
10227752 214853713 0.5
10227752 214853707 0.5
5025837 214826565 1
5025837 214835017 1
5025837 214844400 0.5
5025837 214587697 0.5
5025837 214667970 0.5
6737969 214849734 1
6737969 214849762 1
6737969 214849736 0.5
6737969 214849239 0.5
1703989 214743495 1
1703989 214829385 1
1703989 214559960 0.5
1703989 214829657 0.5
1703989 214820394 0.5
1703989 214835750 0.5
680004 214821307 1
680004 214821341 1
680004 214821313 0.5
2584649 214835017 1
2584649 214834867 1
2584649 214835745 0.5
9388112 214853420 1
9388112 214853422 1
9388112 214850947 0.5
340057 214748291 1
340057 214753507 1
340057 214821305 0.5
340057 214826835 0.5
340057 214839909 0.5
340057 214826715 0.5
340057 214837487 0.5
3256411 214586668 1
3256411 214553735 1
3256411 214819760 0.5
3256411 214836521 0.5
3256411 214836330 0.5
1060972 214684513 1
1060972 214828991 1
1060972 214839373 0.5
6672496 214829887 1
6672496 214829878 1
6672496 214850304 0.5
6672496 214850315 0.5
6672496 214846029 0.5
8142961 214846479 1
8142961 214846412 1
8142961 214848176 0.5
8142961 214846466 0.5
8142961 214820807 0.5
10199158 214717888 1
10199158 214850771 1
10199158 214718160 0.5
1073273 214821341 1
1073273 214821302 1
1073273 214821305 0.5
7598203 214717005 1
7598203 214854632 1
7598203 214717003 0.5
8704126 214716714 1
8704126 214716671 1
8704126 214851161 0.5
8704126 214716746 0.5
9777287 214850949 1
9777287 214850945 1
9777287 214853422 0.5
1663116 214833755 1
1663116 214834877 1
1663116 214834880 0.5
1663116 214829366 0.5
10068113 214826987 1
10068113 214853321 1
10068113 214700002 0.5
10068113 214857830 0.5
10068113 214853325 0.5
10068113 214829878 0.5
10068113 214829880 0.5
10068113 214743515 0.5
5419154 214844394 1
5419154 214821309 1
5419154 214612738 0.5
5419154 214533020 0.5
2273437 214748300 1
2273437 214748302 1
2273437 214748297 0.5
2273437 214829882 0.5
2273437 214829878 0.5
6676638 214848384 1
6676638 214848596 1
6676638 214835167 0.5
9978023 214853321 1
9978023 214677615 1
9978023 214700002 0.5
9978023 214511015 0.5
8827048 214851322 1
8827048 214853195 1
8827048 214853077 0.5
4563131 214587697 1
4563131 214829070 1
4563131 214839971 0.5
4563131 214839973 0.5
9281728 214829878 1
9281728 214829882 1
9281728 214848185 0.5
9281728 214829887 0.5
9281728 214853420 0.5
9281728 214850949 0.5
9281728 214548103 0.5
9449678 214853420 1
9449678 214850942 1
9449678 214850947 0.5
6521044 214832604 1
6521044 214716707 1
6521044 214848808 0.5
6521044 214714794 0.5
10163577 214854358 1
10163577 214684785 1
10163577 214854264 0.5
10163577 214853994 0.5
10163577 214854268 0.5
10163577 214567215 0.5
10502362 214854545 1
10502362 214854352 1
10502362 214853930 0.5
10502362 214847255 0.5
10502362 214852978 0.5
10502362 214854495 0.5
10502362 214854549 0.5
10408157 214567327 1
10408157 214567333 1
10408157 214854262 0.5
9396452 214853210 1
9396452 214849314 1
9396452 214853237 0.5
10477857 214717331 1
10477857 214711267 1
10477857 214556595 0.5
487662 214826835 1
487662 214826627 1
487662 214826955 0.5
1798386 214832717 1
1798386 214829705 1
1798386 214829861 0.5
1798386 214829863 0.5
8499451 214850285 1
8499451 214846029 1
8499451 214849070 0.5
10894942 214854707 1
10894942 214854722 1
10894942 214685797 0.5
8880386 214832604 1
8880386 214716671 1
8880386 214851080 0.5
8880386 214851575 0.5
8945924 214678376 1
8945924 214853128 1
8945924 214819393 0.5
8945924 214853130 0.5
8945924 214581611 0.5
8945924 214853165 0.5
8945924 214853169 0.5
8945924 214678387 0.5
8945924 214852987 0.5
2138381 214829846 1
2138381 214829861 1
2138381 214829865 0.5
2138381 214832717 0.5
4878607 214836932 1
4878607 214835109 1
4878607 214839960 0.5
4878607 214676019 0.5
4878607 214835107 0.5
4878607 214832557 0.5
4878607 214829366 0.5
10703122 214848658 1
10703122 214854298 1
10703122 214854527 0.5
5005592 214844405 1
5005592 214826715 1
5005592 214831946 0.5
5005592 214673295 0.5
5005592 214832012 0.5
5005592 214717511 0.5
6013212 214846427 1
6013212 214846415 1
6013212 214846466 0.5
5361953 214835473 1
5361953 214835428 1
5361953 214835426 0.5
5361953 214832150 0.5
11370791 214835000 1
11370791 214853754 1
11370791 214578011 0.5
11370791 214857204 0.5
9270933 214850945 1
9270933 214850949 1
9270933 214853420 0.5
9270933 214836517 0.5
9270933 214853422 0.5
10580274 214567327 1
10580274 214854358 1
10580274 214854510 0.5
10580274 214567333 0.5
10580274 214854262 0.5
10891574 214704182 1
10891574 214704180 1
10891574 214853145 0.5
10891574 214859242 0.5
5421108 214844319 1
5421108 214831946 1
5421108 214848305 0.5
5421108 214838107 0.5
5421108 214692581 0.5
8741178 214853248 1
8741178 214853105 1
8741178 214853090 0.5
8741178 214853094 0.5
8741178 214851326 0.5
7372853 214849132 1
7372853 214849093 1
7372853 214510445 0.5
885057 214711078 1
885057 214711082 1
885057 214711408 0.5
885057 214820184 0.5
885057 214711318 0.5
885057 214711295 0.5
9774476 214718220 1
9774476 214853111 1
9774476 214853700 0.5
2769227 214832124 1
2769227 214557223 1
2769227 214826670 0.5
9724239 214743515 1
9724239 214826987 1
9724239 214845506 0.5
9724239 214829042 0.5
11342169 214854707 1
11342169 214712242 1
11342169 214853072 0.5
11342169 214849100 0.5
8864094 214853085 1
8864094 214851326 1
8864094 214853090 0.5
8864094 214853094 0.5
6006512 214848727 1
6006512 214842555 1
6006512 214842553 0.5
6006512 214685788 0.5
6006512 214844415 0.5
3002726 214540127 1
3002726 214540172 1
3002726 214540125 0.5
10801514 214854840 1
10801514 214864880 1
10801514 214854787 0.5
10801514 214714755 0.5
10801514 214854782 0.5
10801514 214854495 0.5
11088236 214854780 1
11088236 214582942 1
11088236 214712242 0.5
11088236 214854682 0.5
6189117 214846312 1
6189117 214846318 1
6189117 214846033 0.5
11092346 214686864 1
11092346 214686879 1
11092346 214854731 0.5
11092346 214714755 0.5
11092346 214853102 0.5
10723707 214854352 1
10723707 214684785 1
10723707 214854262 0.5
10723707 214853855 0.5
774528 214826705 1
774528 214826608 1
774528 214698577 0.5
774528 214540127 0.5
3912068 214839395 1
3912068 214836924 1
3912068 214836932 0.5
9994642 214717888 1
9994642 214677615 1
9994642 214718160 0.5
9994642 214850771 0.5
9994642 214718220 0.5
8028578 214850282 1
8028578 214819627 1
8028578 214717273 0.5
8028578 214684730 0.5
8028578 214684715 0.5
8028578 214711438 0.5
7868836 214850287 1
7868836 214850368 1
7868836 214846012 0.5
7868836 214845354 0.5
7868836 214850315 0.5
7868836 214831948 0.5
11167319 214567329 1
11167319 214567215 1
11167319 214854354 0.5
11167319 214567327 0.5
8040878 214844439 1
8040878 214844394 1
8040878 214551624 0.5
10027439 214643036 1
10027439 214854159 1
10027439 214832156 0.5
10027439 214853762 0.5
10027439 214717867 0.5
10027439 214836956 0.5
7999921 214853177 1
7999921 214853175 1
7999921 214853758 0.5
442806 214748336 1
442806 214687685 1
442806 214819721 0.5
442806 214819719 0.5
4563389 214820233 1
4563389 214820227 1
4563389 214839973 0.5
4563389 214587317 0.5
2916801 214826565 1
2916801 214835503 1
2916801 214835745 0.5
10645957 214854517 1
10645957 214853767 1
10645957 214848658 0.5
10645957 214851581 0.5
2568652 214586711 1
2568652 214821305 1
2568652 214844394 0.5
2568652 214844439 0.5
4604369 214643036 1
4604369 214644549 1
4604369 214587317 0.5
7762391 214850743 1
7762391 214850771 1
7762391 214827032 0.5
7762391 214710097 0.5
7762391 214716645 0.5
3703258 214835167 1
3703258 214835109 1
3703258 214838227 0.5
3703258 214836932 0.5
4992421 214837280 1
4992421 214838092 1
4992421 214836536 0.5
4992421 214836956 0.5
4992421 214839973 0.5
6799849 214848380 1
6799849 214848609 1
6799849 214848328 0.5
6799849 214835109 0.5
4669936 214838109 1
4669936 214838102 1
4669936 214509148 0.5
4669936 214832015 0.5
10138111 214853730 1
10138111 214853767 1
10138111 214853698 0.5
10138111 214854118 0.5
10138111 214853353 0.5
10138111 214853707 0.5
10138111 214853722 0.5
10138111 214854527 0.5
3924488 214551907 1
3924488 214551913 1
3924488 214551930 0.5
3924488 214564687 0.5
1487378 214580293 1
1487378 214580304 1
1487378 214545930 0.5
9323029 214850949 1
9323029 214854065 1
9323029 214853338 0.5
9323029 214853722 0.5
9323029 214853420 0.5
9323029 214853709 0.5
9323029 214850942 0.5
8877452 214853096 1
8877452 214853162 1
8877452 214853105 0.5
8877452 214853130 0.5
8877452 214853094 0.5
7799326 214851581 1
7799326 214851122 1
7799326 214851137 0.5
7799326 214851322 0.5
7799326 214851133 0.5
7799326 214686857 0.5
10793507 214851581 1
10793507 214854517 1
10793507 214851099 0.5
10793507 214853730 0.5
10793507 214854855 0.5
10793507 214854540 0.5
10793507 214743335 0.5
6029887 214846031 1
6029887 214846065 1
6029887 214846012 0.5
10990144 214567215 1
10990144 214853852 1
10990144 214850726 0.5
10990144 214573310 0.5
10990144 214854358 0.5
10990144 214684762 0.5
10990144 214853242 0.5
10990144 214853726 0.5
1905217 214829666 1
1905217 214832722 1
1905217 214829664 0.5
1905217 214829660 0.5
7696969 214577025 1
7696969 214844394 1
7696969 214848615 0.5
7696969 214551626 0.5
7696969 214850315 0.5
7696969 214831948 0.5
7696969 214609325 0.5
7696969 214834867 0.5
7696969 214838102 0.5
7696969 214844439 0.5
7696969 214706428 0.5
1294928 214512425 1
1294928 214744018 1
1294928 214561479 0.5
2613842 214831950 1
2613842 214829885 1
2613842 214847276 0.5
512596 214826715 1
512596 214684734 1
512596 214826835 0.5
6866361 214848740 1
6866361 214846085 1
6866361 214648256 0.5
11334239 214850947 1
11334239 214835025 1
11334239 214850304 0.5
11334239 214829887 0.5
11334239 214848605 0.5
11334239 214839399 0.5
5251681 214845407 1
5251681 214826949 1
5251681 214640520 0.5
5251681 214706460 0.5
5251681 214826932 0.5
4665956 214835015 1
4665956 214828991 1
4665956 214699025 0.5
688742 214821305 1
688742 214821309 1
688742 214821315 0.5
688742 214821341 0.5
2630247 214829878 1
2630247 214829882 1
2630247 214831946 0.5
2630247 214831948 0.5
2912877 214717003 1
2912877 214716930 1
2912877 214716928 0.5
2912877 214716932 0.5
2912877 214554358 0.5
2912877 214716935 0.5
4653679 214845131 1
4653679 214602733 1
4653679 214836932 0.5
4653679 214587317 0.5
4653679 214602598 0.5
4653679 214839975 0.5
11334274 214853100 1
11334274 214854840 1
11334274 214853102 0.5
9147012 214853105 1
9147012 214853094 1
9147012 214853096 0.5
9147012 214853085 0.5
9147012 214851581 0.5
3971181 214601233 1
3971181 214839932 1
3971181 214820400 0.5
3971181 214829321 0.5
3971181 214687852 0.5
3971181 214748336 0.5
3971181 214706102 0.5
3971181 214826872 0.5
3971181 214553561 0.5
3971181 214612730 0.5
3971181 214717562 0.5
3971181 214836926 0.5
3971181 214831967 0.5
3539601 214836830 1
3539601 214821399 1
3539601 214826874 0.5
3539601 214836947 0.5
3539601 214791635 0.5
6357654 214848337 1
6357654 214846530 1
6357654 214848950 0.5
8217239 214509401 1
8217239 214609325 1
8217239 214835019 0.5
2589337 214573612 1
2589337 214819760 1
2589337 214836330 0.5
2589337 214819762 0.5
8721052 214820383 1
8721052 214820227 1
8721052 214846305 0.5
8721052 214852978 0.5
2199664 214711078 1
2199664 214831948 1
2199664 214711087 0.5
2199664 214829878 0.5
2199664 214711295 0.5
9462436 214853420 1
9462436 214850945 1
9462436 214853422 0.5
8692391 214853105 1
8692391 214853248 1
8692391 214852978 0.5
8692391 214851326 0.5
8692391 214853094 0.5
1196727 214820383 1
1196727 214821285 1
1196727 214826803 0.5
1196727 214584907 0.5
9421498 214853428 1
9421498 214853454 1
9421498 214850945 0.5
9421498 214850949 0.5
9421498 214850942 0.5
5153471 214847261 1
5153471 214837494 1
5153471 214839965 0.5
5153471 214847255 0.5
5915332 214835745 1
5915332 214600492 1
5915332 214844342 0.5
8520389 214851075 1
8520389 214851099 1
8520389 214851137 0.5
8520389 214848997 0.5
8520389 214748334 0.5
8520389 214851133 0.5
9421513 214850949 1
9421513 214853338 1
9421513 214829880 0.5
9421513 214848326 0.5
9421513 214854118 0.5
9421513 214850743 0.5
10261194 214854547 1
10261194 214853767 1
10261194 214854527 0.5
10261194 214854534 0.5
10261194 214854855 0.5
10261194 214854545 0.5
10261194 214854517 0.5
10261194 214854358 0.5
10261194 214684762 0.5
10261194 214854495 0.5
10261194 214854549 0.5
9519906 214846385 1
9519906 214580291 1
9519906 214580304 0.5
9142997 214853252 1
9142997 214850942 1
9142997 214853456 0.5
9142997 214853259 0.5
9142997 214829317 0.5
9142997 214821373 0.5
7156438 214848656 1
7156438 214849766 1
7156438 214848613 0.5
7156438 214743495 0.5
2458343 214829878 1
2458343 214829887 1
2458343 214829882 0.5
2458343 214829885 0.5
2458343 214831950 0.5
3605226 214838137 1
3605226 214829799 1
3605226 214839600 0.5
3605226 214829769 0.5
3605226 214836795 0.5
2302701 214829882 1
2302701 214829878 1
2302701 214829887 0.5
1512184 214829045 1
1512184 214829336 1
1512184 214826705 0.5
4281082 214744235 1
4281082 214848170 1
4281082 214848167 0.5
8798979 214853077 1
8798979 214852980 1
8798979 214853248 0.5
10154759 214853698 1
10154759 214850758 1
10154759 214717888 0.5
10154759 214696897 0.5
10154759 214850754 0.5
10154759 214718220 0.5
10154759 214853713 0.5
10154759 214718169 0.5
10154759 214561402 0.5
1622794 214834880 1
1622794 214829387 1
1622794 214834877 0.5
1622794 214829366 0.5
4096779 214820261 1
4096779 214839962 1
4096779 214845131 0.5
4096779 214839975 0.5
172816 214716932 1
172816 214717003 1
172816 214716928 0.5
172816 214716926 0.5
172816 214717005 0.5
172816 214716982 0.5
172816 214717007 0.5
7238424 214848952 1
7238424 214848947 1
7238424 214848941 0.5
8114972 214851131 1
8114972 214851163 1
8114972 214687565 0.5
8590111 214853122 1
8590111 214820844 1
8590111 214829737 0.5
5239586 214837286 1
5239586 214837288 1
5239586 214560585 0.5
5239586 214746380 0.5
4059942 214743515 1
4059942 214829790 1
4059942 214712237 0.5
4059942 214829797 0.5
4461361 214838109 1
4461361 214836512 1
4461361 214831970 0.5
4461361 214820402 0.5
4461361 214538820 0.5
4461361 214829797 0.5
11027249 214684715 1
11027249 214832154 1
11027249 214514272 0.5
11027249 214717507 0.5
11027249 214854789 0.5
11027249 214826893 0.5
11027249 214711438 0.5
11027249 214848975 0.5
11027249 214839892 0.5
11027249 214848980 0.5
11027249 214853342 0.5
2409267 214844394 1
2409267 214844439 1
2409267 214821305 0.5
2409267 214586711 0.5
10818358 214844398 1
10818358 214851326 1
10818358 214845986 0.5
10818358 214714755 0.5
10818358 214744775 0.5
10818358 214854855 0.5
10818358 214854060 0.5
10818358 214854815 0.5
3139721 214837918 1
3139721 214602802 1
3139721 214711537 0.5
3139721 214826947 0.5
6554424 214846029 1
6554424 214848305 1
6554424 214829887 0.5
6992398 214509155 1
6992398 214645614 1
6992398 214538591 0.5
3908412 214844439 1
3908412 214844394 1
3908412 214844441 0.5
3924799 214595150 1
3924799 214839341 1
3924799 214829771 0.5
3924799 214613741 0.5
8745794 214850315 1
8745794 214850942 1
8745794 214831948 0.5
11260739 214854795 1
11260739 214848795 1
11260739 214853454 0.5
11260739 214854853 0.5
11260739 214859246 0.5
11260739 214850287 0.5
5907271 214846031 1
5907271 214846029 1
5907271 214846014 0.5
5534567 214831955 1
5534567 214845577 1
5534567 214832154 0.5
5534567 214845354 0.5
5534567 214829878 0.5
2884412 214831940 1
2884412 214602600 1
2884412 214826947 0.5
2884412 214829045 0.5
7926637 214835126 1
7926637 214851279 1
7926637 214826987 0.5
7926637 214587028 0.5
4694897 214738453 1
4694897 214845354 1
4694897 214842735 0.5
4694897 214826623 0.5
7365493 214848658 1
7365493 214845587 1
7365493 214573277 0.5
623489 214538820 1
623489 214613743 1
623489 214589606 0.5
10896259 214700002 1
10896259 214854785 1
10896259 214853321 0.5
7984011 214850936 1
7984011 214850938 1
7984011 214850743 0.5
3410754 214829771 1
3410754 214829773 1
3410754 214836795 0.5
3410754 214613741 0.5
1323922 214826610 1
1323922 214834880 1
1323922 214829387 0.5
1323922 214834877 0.5
1323922 214829366 0.5
9048981 214853242 1
9048981 214851750 1
9048981 214853225 0.5
9048981 214853222 0.5
11527069 214854174 1
11527069 214853724 1
11527069 214819393 0.5
11527069 214853732 0.5
11527069 214581611 0.5
11527069 214846318 0.5
11527069 214567215 0.5
11527069 214676306 0.5
10879902 214853094 1
10879902 214853105 1
10879902 214852978 0.5
4326311 214838137 1
4326311 214836926 1
4326311 214836795 0.5
4326311 214829799 0.5
5079978 214832017 1
5079978 214832010 1
5079978 214829852 0.5
172977 214826835 1
172977 214826608 1
172977 214826715 0.5
172977 214686902 0.5
172977 214826606 0.5
172977 214718398 0.5
9737138 214850949 1
9737138 214850945 1
9737138 214718255 0.5
9737138 214582950 0.5
9737138 214819400 0.5
9737138 214831946 0.5
9737138 214846031 0.5
9737138 214838107 0.5
9737138 214684734 0.5
3642294 214684710 1
3642294 214829880 1
3642294 214831946 0.5
3642294 214831948 0.5
3642294 214819406 0.5
3642294 214838098 0.5
3642294 214826835 0.5
3642294 214838102 0.5
3642294 214838105 0.5
3642294 214826715 0.5
7021501 214850366 1
7021501 214684715 1
7021501 214567410 0.5
2945988 214835017 1
2945988 214835019 1
2945988 214587712 0.5
2757588 214835019 1
2757588 214835745 1
2757588 214601233 0.5
2757588 214600492 0.5
2757588 214837918 0.5
8512472 214849001 1
8512472 214846333 1
8512472 214557009 0.5
9421792 214853366 1
9421792 214853342 1
9421792 214853364 0.5
9421792 214851090 0.5
9421792 214853212 0.5
3617762 214820220 1
3617762 214835109 1
3617762 214836924 0.5
3617762 214836932 0.5
6243302 214848967 1
6243302 214848795 1
6243302 214687457 0.5
6243302 214848615 0.5
6243302 214848969 0.5
6243302 214848973 0.5
6243302 214848977 0.5
6243302 214848692 0.5
6243302 214668667 0.5
6243302 214848605 0.5
1557481 214834880 1
1557481 214834877 1
1557481 214826610 0.5
1557481 214833755 0.5
11027441 214853865 1
11027441 214854262 1
11027441 214853132 0.5
9094138 214852980 1
9094138 214853077 1
9094138 214853096 0.5
9094138 214853225 0.5
9094138 214853182 0.5
9094138 214853105 0.5
1205251 214580291 1
1205251 214580304 1
1205251 214714880 0.5
8508431 214851581 1
8508431 214851137 1
8508431 214851075 0.5
8508431 214851077 0.5
8508431 214850630 0.5
8508431 214716110 0.5
8508431 214851122 0.5
8508431 214748334 0.5
8508431 214851133 0.5
8508431 214848997 0.5
6562832 214849070 1
6562832 214848692 1
6562832 214848847 0.5
6562832 214829765 0.5
6562832 214835167 0.5
6562832 214836519 0.5
9704478 214850942 1
9704478 214853420 1
9704478 214853237 0.5
8130053 214821313 1
8130053 214533020 1
8130053 214844454 0.5
8130053 214844439 0.5
5436456 214826987 1
5436456 214712237 1
5436456 214835120 0.5
5436456 214743515 0.5
9671726 214850315 1
9671726 214850366 1
9671726 214684715 0.5
9671726 214831948 0.5
9942064 214853722 1
9942064 214854065 1
9942064 214853700 0.5
10634299 214567215 1
10634299 214567329 1
10634299 214854268 0.5
10634299 214853726 0.5
11236413 214854720 1
11236413 214857562 1
11236413 214854489 0.5
11236413 214714755 0.5
9565246 214853454 1
9565246 214711307 1
9565246 214853420 0.5
9565246 214853422 0.5
9368416 214846258 1
9368416 214850945 1
9368416 214850947 0.5
9368416 214850700 0.5
9450566 214829878 1
9450566 214850947 1
9450566 214846033 0.5
8070228 214851161 1
8070228 214851080 1
8070228 214716746 0.5
8070228 214851013 0.5
4052057 214646038 1
4052057 214843211 1
4052057 214586544 0.5
9155678 214839596 1
9155678 214717057 1
9155678 214848688 0.5
9155678 214567014 0.5
9155678 214848847 0.5
8701024 214586544 1
8701024 214668667 1
8701024 214646038 0.5
7885931 214853173 1
7885931 214851120 1
7885931 214850619 0.5
7885931 214716930 0.5
7885931 214744779 0.5
7885931 214850940 0.5
7885931 214716982 0.5
2806892 214832717 1
2806892 214829705 1
2806892 214601040 0.5
8750196 214852980 1
8750196 214852987 1
8750196 214852978 0.5
3359864 214826938 1
3359864 214613741 1
3359864 214832747 0.5
3359864 214595150 0.5
3359864 214829366 0.5
5596282 214602600 1
5596282 214834867 1
5596282 214821339 0.5
10228859 214853413 1
10228859 214853865 1
10228859 214853435 0.5
10228859 214854148 0.5
10228859 214698446 0.5
10228859 214853702 0.5
10228859 214854165 0.5
7820418 214844439 1
7820418 214844394 1
7820418 214844456 0.5
7820418 214844441 0.5
7820418 214551626 0.5
7820418 214844458 0.5
7988761 214850625 1
7988761 214821313 1
7988761 214850771 0.5
7988761 214844454 0.5
8610968 214829045 1
8610968 214849337 1
8610968 214578645 0.5
9700511 214851750 1
9700511 214853077 1
9700511 214853225 0.5
1574062 214834880 1
1574062 214834877 1
1574062 214829366 0.5
1574062 214839311 0.5
10036399 214829038 1
10036399 214846391 1
10036399 214851135 0.5
1074353 214748338 1
1074353 214753513 1
1074353 214748300 0.5
6329531 214848596 1
6329531 214848410 1
6329531 214848380 0.5
742597 214827009 1
742597 214827011 1
742597 214539202 0.5
3978439 214632272 1
3978439 214550820 1
3978439 214745317 0.5
3978439 214576892 0.5
3978439 214829797 0.5
3978439 214651517 0.5
7976141 214850767 1
7976141 214716982 1
7976141 214821313 0.5
7636183 214846112 1
7636183 214716645 1
7636183 214850621 0.5
7636183 214564382 0.5
7718107 214844454 1
7718107 214821313 1
7718107 214551626 0.5
11334523 214684717 1
11334523 214853100 1
11334523 214850949 0.5
11334523 214853420 0.5
11334523 214853102 0.5
11334523 214846031 0.5
11334523 214829880 0.5
11334523 214838107 0.5
11334523 214684734 0.5
11334523 214854853 0.5
4256999 214744258 1
4256999 214706428 1
4256999 214838098 0.5
4256999 214826715 0.5
9643258 214853428 1
9643258 214853460 1
9643258 214848185 0.5
9643258 214850947 0.5
2307324 214829878 1
2307324 214831948 1
2307324 214582942 0.5
3015941 214834867 1
3015941 214609325 1
3015941 214832792 0.5
4793617 214839358 1
4793617 214845129 1
4793617 214821032 0.5
4793617 214829666 0.5
8758547 214853265 1
8758547 214842474 1
8758547 214836536 0.5
3749141 214838225 1
3749141 214838111 1
3749141 214839600 0.5
3749141 214832780 0.5
3749141 214748336 0.5
3749141 214832023 0.5
3749141 214829850 0.5
3749141 214829852 0.5
3749141 214836926 0.5
10853252 214851326 1
10853252 214854860 1
10853252 214716673 0.5
4711719 214829792 1
4711719 214839596 1
4711719 214706452 0.5
390442 214826617 1
390442 214826615 1
390442 214791684 0.5
390442 214600502 0.5
6653231 214848941 1
6653231 214848945 1
6653231 214848952 0.5
6653231 214848954 0.5
11178127 214853338 1
11178127 214853100 1
11178127 214829880 0.5
11178127 214684734 0.5
10515652 214854797 1
10515652 214854227 1
10515652 214835004 0.5
10515652 214854860 0.5
5297491 214835109 1
5297491 214826990 1
5297491 214573277 0.5
5143699 214840091 1
5143699 214837286 1
5143699 214837280 0.5
5143699 214838092 0.5
1590624 214829660 1
1590624 214829366 1
1590624 214711280 0.5
1590624 214819770 0.5
1590624 214834877 0.5
7447913 214829317 1
7447913 214849747 1
7447913 214850810 0.5
1869183 214829861 1
1869183 214829863 1
1869183 214832717 0.5
9479553 214717063 1
9479553 214717061 1
9479553 214827022 0.5
7540971 214557043 1
7540971 214561457 1
7540971 214648470 0.5
3728772 214577057 1
3728772 214836530 1
3728772 214845129 0.5
11321583 214859126 1
11321583 214858689 1
11321583 214853184 0.5
11321583 214854146 0.5
11504787 214857549 1
11504787 214857257 1
11504787 214854300 0.5
476582 214748300 1
476582 214821015 1
476582 214791684 0.5
476582 214553844 0.5
6333869 214716710 1
6333869 214716707 1
6333869 214832604 0.5
1983921 214748300 1
1983921 214753513 1
1983921 214748295 0.5
1258937 214820227 1
1258937 214829085 1
1258937 214820231 0.5
4483317 214847261 1
4483317 214602598 1
4483317 214837280 0.5
4483317 214837286 0.5
4483317 214829775 0.5
4483317 214836881 0.5
4483317 214587317 0.5
4483317 214847255 0.5
4822464 214839956 1
4822464 214839977 1
4822464 214845127 0.5
3065282 214835747 1
3065282 214835019 1
3065282 214820402 0.5
3065282 214834867 0.5
6124998 214846012 1
6124998 214846031 1
6124998 214743515 0.5
3216839 214836530 1
3216839 214836830 1
3216839 214836875 0.5
3216839 214687685 0.5
3798477 214837916 1
3798477 214826938 1
3798477 214829769 0.5
3798477 214718379 0.5
3798477 214595150 0.5
3798477 214826874 0.5
3798477 214836795 0.5
3798477 214837918 0.5
11314646 214853321 1
11314646 214853325 1
11314646 214700002 0.5
3933666 214835109 1
3933666 214838227 1
3933666 214676962 0.5
5195248 214829672 1
5195248 214835940 1
5195248 214829668 0.5
3339769 214836932 1
3339769 214829825 1
3339769 214832128 0.5
3339769 214714697 0.5
3339769 214826975 0.5
3339769 214835109 0.5
3339769 214829385 0.5
239101 214826705 1
239101 214826608 1
239101 214826816 0.5
6718978 214829880 1
6718978 214849747 1
6718978 214850304 0.5
6718978 214684736 0.5
6718978 214845577 0.5
6718978 214850282 0.5
6718978 214846029 0.5
6718978 214846033 0.5
6718978 214848605 0.5
6718978 214829887 0.5
9258508 214853428 1
9258508 214853420 1
9258508 214853460 0.5
8906254 214853252 1
8906254 214853263 1
8906254 214845135 0.5
6911504 214848973 1
6911504 214848980 1
6911504 214831955 0.5
6911504 214848982 0.5
10520088 214854300 1
10520088 214854585 1
10520088 214850621 0.5
11453977 214854707 1
11453977 214849342 1
11453977 214819472 0.5
11453977 214826947 0.5
11453977 214819740 0.5
5490202 214687685 1
5490202 214836830 1
5490202 214840415 0.5
7181854 214551607 1
7181854 214612751 1
7181854 214612738 0.5
38431 214821277 1
38431 214821399 1
38431 214839995 0.5
38431 214826702 0.5
4519462 214839973 1
4519462 214845131 1
4519462 214839600 0.5
4519462 214829850 0.5
4519462 214839971 0.5
4519462 214839975 0.5
7722541 214832655 1
7722541 214716982 1
7722541 214716932 0.5
10245678 214853105 1
10245678 214853094 1
10245678 214854352 0.5
10245678 214853090 0.5
10245678 214684762 0.5
10245678 214852978 0.5
10245678 214853726 0.5
2709039 214642055 1
2709039 214840412 1
2709039 214642016 0.5
2709039 214556840 0.5
2709039 214687475 0.5
2709039 214687685 0.5
2709039 214836830 0.5
2663986 214844439 1
2663986 214829885 1
2663986 214612704 0.5
2663986 214844456 0.5
2663986 214844394 0.5
2663986 214551626 0.5
8126517 214853096 1
8126517 214853105 1
8126517 214852980 0.5
8126517 214853077 0.5
7382607 214716930 1
7382607 214716971 1
7382607 214716935 0.5
7011939 214849020 1
7011939 214667859 1
7011939 214848941 0.5
7011939 214848945 0.5
7011939 214848757 0.5
7011939 214848954 0.5
7011939 214849275 0.5
7011939 214849022 0.5
7456343 214717003 1
7456343 214716971 1
7456343 214854624 0.5
8537688 214836517 1
8537688 214748336 1
8537688 214601233 0.5
4785766 214743515 1
4785766 214684702 1
4785766 214700000 0.5
4785766 214847968 0.5
4785766 214700002 0.5
4785766 214826987 0.5
8615527 214711267 1
8615527 214853092 1
8615527 214844456 0.5
8615527 214551626 0.5
8615527 214849052 0.5
2556861 214829878 1
2556861 214835019 1
2556861 214835017 0.5
2556861 214835124 0.5
2556861 214829880 0.5
2556861 214829882 0.5
2556861 214831967 0.5
2556861 214829887 0.5
7362163 214849762 1
7362163 214849734 1
7362163 214846410 0.5
7444092 214829792 1
7444092 214850304 1
7444092 214700002 0.5
7444092 214587547 0.5
10528383 214854547 1
10528383 214854585 1
10528383 214850741 0.5
6377067 214819526 1
6377067 214834867 1
6377067 214846425 0.5
4773518 214829730 1
4773518 214845133 1
4773518 214839956 0.5
4052623 214839596 1
4052623 214839590 1
4052623 214600464 0.5
4052623 214838105 0.5
9311854 214850945 1
9311854 214850949 1
9311854 214853379 0.5
5547673 214844407 1
5547673 214845354 1
5547673 214845352 0.5
5547673 214845356 0.5
10155676 214857830 1
10155676 214712237 1
10155676 214826987 0.5
5809823 214845407 1
5809823 214826949 1
5809823 214835426 0.5
5809823 214835428 0.5
5809823 214835473 0.5
5809823 214640520 0.5
5809823 214602733 0.5
5809823 214748336 0.5
5809823 214601233 0.5
11065001 214854840 1
11065001 214864880 1
11065001 214855016 0.5
10712746 214567215 1
10712746 214567329 1
10712746 214854268 0.5
10712746 214567333 0.5
10712746 214854262 0.5
10712746 214567327 0.5
4183727 214835124 1
4183727 214834880 1
4183727 214839973 0.5
4183727 214845131 0.5
4183727 214579372 0.5
4183727 214601233 0.5
4183727 214831959 0.5
4183727 214838111 0.5
5928626 214846434 1
5928626 214850565 1
5928626 214584992 0.5
5928626 214584962 0.5
3733178 214836932 1
3733178 214836924 1
3733178 214834867 0.5
3733178 214609325 0.5
3733178 214835167 0.5
9062078 214852978 1
9062078 214819412 1
9062078 214853094 0.5
3320779 214820383 1
3320779 214820227 1
3320779 214820233 0.5
3320779 214820259 0.5
3320779 214821285 0.5
3320779 214826803 0.5
3320779 214842577 0.5
3951051 214829788 1
3951051 214839982 1
3951051 214826662 0.5
8984263 214853135 1
8984263 214853195 1
8984263 214849155 0.5
8984263 214853227 0.5
8984263 214851748 0.5
8984263 214853094 0.5
2594511 214829878 1
2594511 214829882 1
2594511 214829885 0.5
2594511 214820255 0.5
10778329 214853102 1
10778329 214854840 1
10778329 214864880 0.5
10225391 214851326 1
10225391 214853090 1
10225391 214853085 0.5
7886586 214850743 1
7886586 214839617 1
7886586 214832653 0.5
7886586 214832655 0.5
10675963 214846391 1
10675963 214748336 1
10675963 214846067 0.5
10675963 214854583 0.5
46858 214716941 1
46858 214832655 1
46858 214716939 0.5
46858 214717005 0.5
2373389 214829880 1
2373389 214836515 1
2373389 214829882 0.5
9160779 214853077 1
9160779 214852980 1
9160779 214853248 0.5
9160779 214851750 0.5
9160779 214851326 0.5
10569517 214854268 1
10569517 214854264 1
10569517 214684785 0.5
10569517 214684762 0.5
10569517 214853726 0.5
10569517 214854358 0.5
5007152 214837918 1
5007152 214832156 1
5007152 214837280 0.5
5007152 214838092 0.5
10549043 214567215 1
10549043 214567329 1
10549043 214854268 0.5
10975033 214853102 1
10975033 214854785 1
10975033 214848658 0.5
10975033 214854860 0.5
10766242 214854785 1
10766242 214850304 1
10766242 214846464 0.5
10766242 214846029 0.5
10766242 214711295 0.5
10766242 214832156 0.5
10766242 214849245 0.5
10766242 214854782 0.5
10766242 214829887 0.5
3163969 214836527 1
3163969 214571895 1
3163969 214835122 0.5
3163969 214561603 0.5
3163969 214838227 0.5
2276313 214829878 1
2276313 214829882 1
2276313 214821371 0.5
8879077 214853222 1
8879077 214850938 1
8879077 214850936 0.5
6236007 214846477 1
6236007 214849076 1
6236007 214848692 0.5
10757994 214743367 1
10757994 214848326 1
10757994 214643036 0.5
10757994 214848757 0.5
2574201 214829878 1
2574201 214831946 1
2574201 214844394 0.5
3880827 214836932 1
3880827 214836924 1
3880827 214829765 0.5
1046396 214587317 1
1046396 214820810 1
1046396 214839600 0.5
1046396 214586694 0.5
1046396 214557279 0.5
2875713 214834867 1
2875713 214836875 1
2875713 214609325 0.5
48108 214716928 1
48108 214717003 1
48108 214716984 0.5
48108 214716926 0.5
48108 214716982 0.5
48108 214832655 0.5
8820629 214853077 1
8820629 214853263 1
8820629 214853248 0.5
8820629 214853192 0.5
8820629 214853227 0.5
8820629 214845939 0.5
10557081 214567333 1
10557081 214854358 1
10557081 214853726 0.5
8505242 214851131 1
8505242 214851163 1
8505242 214716746 0.5
8505242 214851165 0.5
8849308 214851742 1
8849308 214853165 1
8849308 214678376 0.5
1509278 214844445 1
1509278 214844447 1
1509278 214844394 0.5
1509278 214844443 0.5
1509278 214844439 0.5
8611744 214853135 1
8611744 214853195 1
8611744 214853233 0.5
8611744 214853227 0.5
11248624 214853102 1
11248624 214853100 1
11248624 214854840 0.5
5097398 214845502 1
5097398 214831955 1
5097398 214845577 0.5
5097398 214829878 0.5
11163977 214853460 1
11163977 214850291 1
11163977 214853428 0.5
11163977 214853454 0.5
51129 214840595 1
51129 214564247 1
51129 214705659 0.5
10745802 214854581 1
10745802 214854538 1
10745802 214854855 0.5
10745802 214853430 0.5
10745802 214744775 0.5
11151314 214857830 1
11151314 214701787 1
11151314 214700002 0.5
11151314 214859242 0.5
11151314 214826987 0.5
11151314 214853325 0.5
11151314 214680371 0.5
11151314 214743515 0.5
3229652 214832126 1
3229652 214832128 1
3229652 214826563 0.5
3229652 214709735 0.5
11122649 214853100 1
11122649 214851326 1
11122649 214819464 0.5
10100249 214854146 1
10100249 214853865 1
10100249 214848845 0.5
10100249 214850790 0.5
1460199 214829336 1
1460199 214829392 1
1460199 214826992 0.5
1460199 214826996 0.5
10364909 214853184 1
10364909 214854335 1
10364909 214853996 0.5
1271794 214820233 1
1271794 214820261 1
1271794 214600652 0.5
9369588 214853422 1
9369588 214853420 1
9369588 214850947 0.5
8955893 214708307 1
8955893 214850630 1
8955893 214851075 0.5
8955893 214838111 0.5
2934784 214829878 1
2934784 214831948 1
2934784 214829882 0.5
2934784 214829885 0.5
2934784 214829887 0.5
8206337 214851236 1
8206337 214851099 1
8206337 214851013 0.5
8206337 214849031 0.5
10742103 214854352 1
10742103 214854354 1
10742103 214854536 0.5
10742103 214854075 0.5
6531106 214849333 1
6531106 214849239 1
6531106 214849284 0.5
6531106 214849331 0.5
6531106 214848695 0.5
6531106 214712120 0.5
6531106 214838105 0.5
6531106 214846462 0.5
7387179 214820345 1
7387179 214514287 1
7387179 214548827 0.5
7387179 214848980 0.5
7387179 214850366 0.5
5105711 214844332 1
5105711 214844330 1
5105711 214714586 0.5
5105711 214836956 0.5
5105711 214554954 0.5
5105711 214844327 0.5
4065332 214564687 1
4065332 214709702 1
4065332 214811739 0.5
7972937 214849807 1
7972937 214850282 1
7972937 214850295 0.5
4008011 214836924 1
4008011 214835167 1
4008011 214829762 0.5
4008011 214829765 0.5
9816141 214853730 1
9816141 214854540 1
9816141 214850945 0.5
9816141 214853698 0.5
9816141 214717286 0.5
9816141 214854155 0.5
9816141 214853420 0.5
9816141 214845583 0.5
9816141 214835473 0.5
9816141 214706102 0.5
9816141 214832023 0.5
9816141 214829880 0.5
9816141 214854298 0.5
9816141 214851099 0.5
9816141 214827005 0.5
9816141 214827007 0.5
1448017 214828974 1
1448017 214840421 1
1448017 214584969 0.5
1448017 214826805 0.5
9685074 214853420 1
9685074 214850947 1
9685074 214848185 0.5
9685074 214700002 0.5
9685074 214743515 0.5
620627 214612738 1
620627 214586711 1
620627 214612753 0.5
620627 214821307 0.5
620627 214821302 0.5
620627 214844439 0.5
2969521 214716984 1
2969521 214716986 1
2969521 214716997 0.5
2969521 214716982 0.5
2969521 214748327 0.5
3936612 214820259 1
3936612 214835475 1
3936612 214839617 0.5
3936612 214820227 0.5
3936612 214821285 0.5
3936612 214836330 0.5
3936612 214820400 0.5
3936612 214829079 0.5
329822 214821277 1
329822 214826801 1
329822 214826702 0.5
9295547 214850942 1
9295547 214850949 1
9295547 214853420 0.5
11077738 214854860 1
11077738 214854733 1
11077738 214854836 0.5
1820781 214711438 1
1820781 214826893 1
1820781 214819627 0.5
1820781 214569714 0.5
1820781 214717507 0.5
1820781 214826829 0.5
10766451 214854159 1
10766451 214853677 1
10766451 214851714 0.5
10125674 214854510 1
10125674 214854262 1
10125674 214854585 0.5
10125674 214854547 0.5
10125674 214854300 0.5
2746496 214835747 1
2746496 214587697 1
2746496 214835019 0.5
10037381 214850615 1
10037381 214853720 1
10037381 214857564 0.5
1857674 214829850 1
1857674 214829852 1
1857674 214829385 0.5
1857674 214829666 0.5
1857674 214744779 0.5
1857674 214821397 0.5
1857674 214556861 0.5
1854488 214834880 1
1854488 214829852 1
1854488 214819770 0.5
1854488 214753515 0.5
7612782 214850938 1
7612782 214851120 1
7612782 214853175 0.5
1349786 214829366 1
1349786 214834877 1
1349786 214743495 0.5
1349321 214834877 1
1349321 214829387 1
1349321 214826994 0.5
1349321 214821407 0.5
1349321 214645005 0.5
1349321 214829366 0.5
1349321 214837487 0.5
6203591 214509401 1
6203591 214850715 1
6203591 214696629 0.5
7145682 214850402 1
7145682 214835019 1
7145682 214839600 0.5
7145682 214800272 0.5
7145682 214839587 0.5
7145682 214743495 0.5
7145682 214819760 0.5
7145682 214601233 0.5
8579291 214850291 1
8579291 214514291 1
8579291 214632146 0.5
8579291 214829885 0.5
4724963 214829102 1
4724963 214553700 1
4724963 214554285 0.5
9300196 214853420 1
9300196 214850947 1
9300196 214835019 0.5
5871861 214846067 1
5871861 214845885 1
5871861 214846479 0.5
5871861 214744775 0.5
9734393 214853460 1
9734393 214853428 1
9734393 214850945 0.5
9734393 214850947 0.5
9734393 214850942 0.5
6965498 214709304 1
6965498 214644650 1
6965498 214836517 0.5
5749119 214848185 1
5749119 214845939 1
5749119 214553544 0.5
4155644 214820261 1
4155644 214820233 1
4155644 214664773 0.5
2332929 214836517 1
2332929 214829051 1
2332929 214559940 0.5
2332929 214835124 0.5
2332929 214835087 0.5
6936834 214850282 1
6936834 214848952 1
6936834 214845577 0.5
6936834 214849076 0.5
6936834 214838105 0.5
6936834 214846033 0.5
10385669 214684762 1
10385669 214854352 1
10385669 214854354 0.5
10008842 214853094 1
10008842 214853085 1
10008842 214853402 0.5
10008842 214853702 0.5
6821591 214748297 1
6821591 214850302 1
6821591 214748300 0.5
731407 214821305 1
731407 214826912 1
731407 214821341 0.5
3922193 214835109 1
3922193 214835167 1
3922193 214613741 0.5
3922193 214829765 0.5
9345298 214850942 1
9345298 214846012 1
9345298 214561991 0.5
11249942 214853420 1
11249942 214853698 1
11249942 214845577 0.5
11249942 214850282 0.5
11249942 214829878 0.5
11249942 214846033 0.5
9783579 214846391 1
9783579 214854583 1
9783579 214840412 0.5
9783579 214687685 0.5
9783579 214836830 0.5
9783579 214851135 0.5
9177381 214677615 1
9177381 214642100 1
9177381 214850758 0.5
9177381 214675895 0.5
9177381 214561485 0.5
9177381 214676306 0.5
9177381 214836947 0.5
9177381 214850743 0.5
9177381 214718169 0.5
3127593 214844454 1
3127593 214846057 1
3127593 214844456 0.5
3127593 214844441 0.5
3127593 214551626 0.5
3127593 214844420 0.5
11229482 214844413 1
11229482 214848185 1
11229482 214553544 0.5
11229482 214819760 0.5
11229482 214851099 0.5
11229482 214684502 0.5
9858781 214826987 1
9858781 214853321 1
9858781 214700002 0.5
4536713 214836853 1
4536713 214844413 1
4536713 214829280 0.5
4536713 214836857 0.5
4536713 214845435 0.5
4536713 214586694 0.5
4536713 214839311 0.5
11483453 214855016 1
11483453 214854819 1
11483453 214859246 0.5
11483453 214854815 0.5
9918791 214853263 1
9918791 214853379 1
9918791 214846468 0.5
6216009 214848941 1
6216009 214848952 1
6216009 214848945 0.5
6216009 214848954 0.5
3176794 214826990 1
3176794 214835109 1
3176794 214829786 0.5
3176794 214838227 0.5
8063329 214851161 1
8063329 214716671 1
8063329 214851080 0.5
8063329 214714794 0.5
8063329 214851028 0.5
6990182 214850295 1
6990182 214849809 1
6990182 214687685 0.5
6990182 214836830 0.5
6990182 214849295 0.5
11488862 214854358 1
11488862 214850304 1
11488862 214743339 0.5
11488862 214849132 0.5
10885501 214854819 1
10885501 214854540 1
10885501 214854731 0.5
10672511 214853113 1
10672511 214854536 1
10672511 214854354 0.5
10672511 214684762 0.5
10672511 214854358 0.5
448898 214826803 1
448898 214821285 1
448898 214841640 0.5
5335427 214844396 1
5335427 214844370 1
5335427 214828952 0.5
5335427 214844345 0.5
6547844 214848605 1
6547844 214848982 1
6547844 214846425 0.5
6547844 214848975 0.5
6179206 214848305 1
6179206 214710097 1
6179206 214835137 0.5
6179206 214848159 0.5
6179206 214848180 0.5
6179206 214846385 0.5
3750282 214836924 1
3750282 214836932 1
3750282 214561402 0.5
5286289 214844400 1
5286289 214844396 1
5286289 214844398 0.5
7408022 214828882 1
7408022 214851120 1
7408022 214853173 0.5
2316697 214829878 1
2316697 214829882 1
2316697 214831948 0.5
5970329 214829880 1
5970329 214744258 1
5970329 214700000 0.5
5970329 214846033 0.5
5970329 214700002 0.5
5970329 214846031 0.5
10803616 214850743 1
10803616 214850771 1
10803616 214854577 0.5
10803616 214850938 0.5
11057581 214854782 1
11057581 214835117 1
11057581 214855016 0.5
11209153 214854705 1
11209153 214830557 1
11209153 214861455 0.5
3393986 214835747 1
3393986 214835745 1
3393986 214835132 0.5
5798348 214848997 1
5798348 214849001 1
5798348 214846007 0.5
8874446 214853094 1
8874446 214851326 1
8874446 214853096 0.5
338334 214826715 1
338334 214826955 1
338334 214826606 0.5
235991 214716937 1
235991 214819468 1
235991 214826955 0.5
6527396 214838109 1
6527396 214819528 1
6527396 214846393 0.5
6527396 214710101 0.5
9714142 214854152 1
9714142 214851163 1
9714142 214717867 0.5
9714142 214854118 0.5
7592417 214844456 1
7592417 214844460 1
7592417 214551617 0.5
7592417 214844458 0.5
7592417 214844462 0.5
7592417 214844441 0.5
6560226 214844347 1
6560226 214849344 1
6560226 214832747 0.5
6560226 214835012 0.5
6560226 214829366 0.5
9079277 214828970 1
9079277 214853105 1
9079277 214853096 0.5
9079277 214852980 0.5
9079277 214849327 0.5
9489491 214846378 1
9489491 214850949 1
9489491 214853420 0.5
7436789 214849318 1
7436789 214849322 1
7436789 214554662 0.5
4381176 214712235 1
4381176 214832015 1
4381176 214829792 0.5
4381176 214744258 0.5
4438522 214836924 1
4438522 214835167 1
4438522 214831970 0.5
4438522 214538820 0.5
2255356 214829880 1
2255356 214829887 1
2255356 214831946 0.5
6613508 214849337 1
6613508 214849097 1
6613508 214701212 0.5
4946437 214819627 1
4946437 214826891 1
4946437 214711312 0.5
4946437 214831955 0.5
4946437 214514287 0.5
9755143 214851135 1
9755143 214846391 1
9755143 214687685 0.5
9755143 214836830 0.5
2357768 214829878 1
2357768 214829887 1
2357768 214829880 0.5
2357768 214831950 0.5
580111 214826837 1
580111 214826872 1
580111 214717286 0.5
5949969 214845416 1
5949969 214846014 1
5949969 214850996 0.5
5243993 214821339 1
5243993 214839311 1
5243993 214844439 0.5
8165124 214851028 1
8165124 214848851 1
8165124 214851131 0.5
8165124 214716746 0.5
8165124 214851579 0.5
8165124 214827005 0.5
8165124 214716671 0.5
6031792 214846432 1
6031792 214846425 1
6031792 214846464 0.5
10201639 214839973 1
10201639 214853730 1
10201639 214854174 0.5
10201639 214853094 0.5
9706033 214850949 1
9706033 214850947 1
9706033 214850945 0.5
9706033 214853122 0.5
2988829 214831940 1
2988829 214835132 1
2988829 214829390 0.5
2243143 214540125 1
2243143 214831946 1
2243143 214540072 0.5
2243143 214540127 0.5
2171889 214820233 1
2171889 214829079 1
2171889 214829085 0.5
555618 214716939 1
555618 214819762 1
555618 214684843 0.5
555618 214686902 0.5
11123301 214853102 1
11123301 214854785 1
11123301 214854787 0.5
11057766 214859242 1
11057766 214854800 1
11057766 214650508 0.5
6195824 214845962 1
6195824 214849010 1
6195824 214849072 0.5
6195824 214845965 0.5
9157241 214853077 1
9157241 214852980 1
9157241 214829672 0.5
9157241 214829668 0.5
10092309 214853702 1
10092309 214853713 1
10092309 214853353 0.5
10092309 214853722 0.5
10092309 214853700 0.5
8194696 214854632 1
8194696 214716926 1
8194696 214716928 0.5
2460303 214831948 1
2460303 214829878 1
2460303 214829887 0.5
5253788 214845583 1
5253788 214849001 1
5253788 214845585 0.5
5253788 214708029 0.5
5253788 214832023 0.5
8559051 214534736 1
8559051 214839982 1
8559051 214850720 0.5
8559051 214840378 0.5
8559051 214564382 0.5
8559051 214557095 0.5
11270819 214853102 1
11270819 214864880 1
11270819 214854840 0.5
7025094 214829042 1
7025094 214706216 1
7025094 214700990 0.5
4168358 214550548 1
4168358 214848326 1
4168358 214551894 0.5
4799148 214839356 1
4799148 214821339 1
4799148 214839592 0.5
1510062 214819762 1
1510062 214819760 1
1510062 214563337 0.5
1510062 214684843 0.5
1510062 214579372 0.5
9755311 214826987 1
9755311 214853321 1
9755311 214743515 0.5
9755311 214853325 0.5
6027953 214845971 1
6027953 214845962 1
6027953 214848185 0.5
9636299 214835747 1
9636299 214835017 1
9636299 214587712 0.5
9636299 214851585 0.5
9636299 214657318 0.5
9636299 214753515 0.5
9636299 214716110 0.5
9636299 214556025 0.5
5316623 214836517 1
5316623 214844370 1
5316623 214514640 0.5
5316623 214644650 0.5
8948429 214849018 1
8948429 214847940 1
8948429 214712124 0.5
8948429 214718207 0.5
3521232 214829670 1
3521232 214835940 1
3521232 214840584 0.5
3521232 214587560 0.5
3521232 214685754 0.5
3521232 214829668 0.5
5253842 214826983 1
5253842 214831955 1
5253842 214717507 0.5
5253842 214706437 0.5
5253842 214684715 0.5
5253842 214832143 0.5
5253842 214711312 0.5
5253842 214600509 0.5
1673946 214691576 1
1673946 214840899 1
1673946 214829280 0.5
1673946 214718385 0.5
1673946 214612730 0.5
1673946 214829850 0.5
1673946 214717850 0.5
613087 214827011 1
613087 214828987 1
613087 214826912 0.5
613087 214827026 0.5
2771686 214836847 1
2771686 214601233 1
2771686 214835107 0.5
7899883 214574777 1
7899883 214850932 1
7899883 214630042 0.5
4046276 214829775 1
4046276 214602598 1
4046276 214829280 0.5
4046276 214826623 0.5
4046276 214602733 0.5
4046276 214836855 0.5
6081261 214829672 1
6081261 214848727 1
6081261 214846033 0.5
6081261 214832015 0.5
6081261 214685422 0.5
6081261 214848615 0.5
10873587 214853102 1
10873587 214854785 1
10873587 214854819 0.5
10705654 214853105 1
10705654 214854585 1
10705654 214854547 0.5
3980038 214836932 1
3980038 214826990 1
3980038 214838227 0.5
2886414 214835017 1
2886414 214835745 1
2886414 214587712 0.5
2886414 214835747 0.5
2886414 214680710 0.5
4025117 214834877 1
4025117 214826610 1
4025117 214836932 0.5
9644834 214853454 1
9644834 214853428 1
9644834 214678526 0.5
6926812 214848337 1
6926812 214848410 1
6926812 214848328 0.5
6926812 214711348 0.5
9422643 214854176 1
9422643 214854148 1
9422643 214848165 0.5
1137466 214821315 1
1137466 214821339 1
1137466 214551607 0.5
3316192 214829887 1
3316192 214612738 1
3316192 214581680 0.5
3316192 214826615 0.5
3316192 214711408 0.5
3316192 214717877 0.5
3316192 214829878 0.5
3316192 214844439 0.5
3316192 643078800 0.5
9263938 214853325 1
9263938 214826987 1
9263938 214853338 0.5
9263938 214850949 0.5
9263938 214853342 0.5
8598667 214848620 1
8598667 214851155 1
8598667 214851152 0.5
8598667 214705659 0.5
8598667 214748310 0.5
8598667 214849327 0.5
7613253 214850743 1
7613253 214850938 1
7613253 214850762 0.5
6273863 214848845 1
6273863 214848926 1
6273863 214836924 0.5
6273863 214714794 0.5
6273863 214849012 0.5
6273863 214829765 0.5
5401431 214832660 1
5401431 214508563 1
5401431 214849010 0.5
8756057 214583610 1
8756057 214677733 1
8756057 214853259 0.5
8756057 214845420 0.5
8667898 214853077 1
8667898 214852978 1
8667898 214853090 0.5
8667898 214853094 0.5
8667898 214853096 0.5
8667898 214853105 0.5
8667898 214852980 0.5
8667898 214853085 0.5
2223684 214829880 1
2223684 214556212 1
2223684 214556216 0.5
2223684 214831948 0.5
2223684 214829878 0.5
2223684 214639462 0.5
2223684 214829885 0.5
2964342 214829878 1
2964342 214829887 1
2964342 214829880 0.5
5434234 214844372 1
5434234 214844400 1
5434234 214844396 0.5
2902916 214716973 1
2902916 214716937 1
2902916 214716975 0.5
2902916 214717003 0.5
2902916 214716971 0.5
2902916 214716943 0.5
2816901 214819762 1
2816901 214829321 1
2816901 214831948 0.5
2816901 214687852 0.5
2816901 214835124 0.5
2816901 214706102 0.5
2816901 214829880 0.5
2816901 214690110 0.5
5499783 214845587 1
5499783 214844396 1
5499783 214829850 0.5
5499783 214829387 0.5
5499783 214835109 0.5
5499783 214586743 0.5
11561868 214853102 1
11561868 214854787 1
11561868 214855016 0.5
11561868 214854840 0.5
6090562 214832015 1
6090562 214718398 1
6090562 214718255 0.5
5188512 214819490 1
5188512 214845131 1
5188512 214716707 0.5
5188512 214835107 0.5
5188512 214837494 0.5
5188512 214716710 0.5
10836907 214854118 1
10836907 214684785 1
10836907 214695553 0.5
10836907 214579875 0.5
1612716 214828995 1
1612716 214832722 1
1612716 214835002 0.5
1612716 214829366 0.5
11021232 214853072 1
11021232 214854699 1
11021232 214540014 0.5
10510837 214853094 1
10510837 214853096 1
10510837 214567329 0.5
10510837 214853730 0.5
10510837 214853767 0.5
10510837 214854352 0.5
10510837 214853105 0.5
10510837 214854354 0.5
10510837 214853846 0.5
10510837 214853722 0.5
10510837 214854555 0.5
2310646 214829878 1
2310646 214829887 1
2310646 214835124 0.5
2310646 214550582 0.5
2310646 214829880 0.5
2310646 214561402 0.5
2310646 214826619 0.5
2310646 214829885 0.5
1854411 214835752 1
1854411 214831931 1
1854411 214709792 0.5
3193808 214836875 1
3193808 214836823 1
3193808 214836830 0.5
7296823 214849357 1
7296823 214716635 1
7296823 214850396 0.5
9558999 214853420 1
9558999 214853422 1
9558999 214850947 0.5
9558999 214853428 0.5
8199128 214839617 1
8199128 214716671 1
8199128 214587712 0.5
8199128 214845984 0.5
8199128 214851234 0.5
8199128 214851575 0.5
8199128 214851579 0.5
8199128 214851165 0.5
1420249 214833755 1
1420249 214834880 1
1420249 214826610 0.5
1420249 214829387 0.5
1420249 214834877 0.5
1420249 214829366 0.5
4107233 214839594 1
4107233 214838098 1
4107233 214839596 0.5
4107233 214832012 0.5
3046373 214577057 1
3046373 214585676 1
3046373 214573612 0.5
8760302 214851326 1
8760302 214853090 1
8760302 214853085 0.5
6308351 214848613 1
6308351 214716971 1
6308351 214554285 0.5
4660224 214847261 1
4660224 214837494 1
4660224 214848772 0.5
4660224 214601805 0.5
4660224 214847255 0.5
9886723 214556218 1
9886723 214854335 1
9886723 214556216 0.5
10832901 214853102 1
10832901 214854785 1
10832901 214861895 0.5
2489353 214831948 1
2489353 214829880 1
2489353 214686082 0.5
2489353 214831955 0.5
2489353 214701787 0.5
748556 214821339 1
748556 214821307 1
748556 214821315 0.5
748556 214586711 0.5
103599 214716939 1
103599 214716941 1
103599 214716945 0.5
103599 214716947 0.5
103599 214716990 0.5
103599 214716943 0.5
7232543 214748289 1
7232543 214710101 1
7232543 214848941 0.5
7232543 214850615 0.5
1960993 214829657 1
1960993 214819770 1
1960993 214829660 0.5
6500871 214848371 1
6500871 214848375 1
6500871 214851086 0.5
7893512 214838124 1
7893512 214575763 1
7893512 214839594 0.5
7893512 214676580 0.5
1051727 214834880 1
1051727 214821412 1
1051727 214826610 0.5
302161 214684715 1
302161 214711312 1
302161 214695195 0.5
302161 214826829 0.5
302161 214711438 0.5
9067603 214853128 1
9067603 214853165 1
9067603 214845962 0.5
9067603 214845939 0.5
9067603 214846119 0.5
5107412 214819468 1
5107412 214844405 1
5107412 214577025 0.5
5107412 214845508 0.5
5107412 214712235 0.5
5107412 214585676 0.5
5107412 214842735 0.5
5107412 214716945 0.5
5107412 214646745 0.5
5107412 214580188 0.5
10682894 214514291 1
10682894 214853428 1
10682894 214600472 0.5
10682894 214850291 0.5
10682894 214850295 0.5
9854053 214853700 1
9854053 214853698 1
9854053 214853722 0.5
9854053 214853702 0.5
363624 214821277 1
363624 214821285 1
363624 214826816 0.5
4263017 214573350 1
4263017 214571006 1
4263017 214696897 0.5
11009131 214864880 1
11009131 214853100 1
11009131 214855016 0.5
4205676 214685747 1
4205676 214826942 1
4205676 214648256 0.5
4205676 214632967 0.5
4205676 214685743 0.5
1571967 214828970 1
1571967 214612738 1
1571967 214828963 0.5
1571967 214533020 0.5
6732937 214842553 1
6732937 214850396 1
6732937 214685788 0.5
4504088 214836133 1
4504088 214836084 1
4504088 214836352 0.5
4504088 214836075 0.5
507027 214833800 1
507027 214535621 1
507027 214551913 0.5
507027 214551907 0.5
2514798 214748297 1
2514798 214748338 1
2514798 214748302 0.5
3890333 214717286 1
3890333 214826977 1
3890333 214831965 0.5
8420517 214853096 1
8420517 214853085 1
8420517 214853105 0.5
8420517 214851326 0.5
8729118 214748295 1
8729118 214850679 1
8729118 214850677 0.5
5524662 214844355 1
5524662 214844370 1
5524662 214571010 0.5
5524662 214579299 0.5
5524662 214846440 0.5
5524662 214699025 0.5
5524662 214711348 0.5
5524662 214832150 0.5
10796216 214854819 1
10796216 214853707 1
10796216 214820396 0.5
5369021 214835747 1
5369021 214835017 1
5369021 214844400 0.5
5369021 214561402 0.5
9096383 214845962 1
9096383 214853128 1
9096383 214851742 0.5
7396547 214844396 1
7396547 214849738 1
7396547 214850938 0.5
3140804 214826666 1
3140804 214826833 1
3140804 214706460 0.5
11037901 214854823 1
11037901 214714755 1
11037901 214716909 0.5
11037901 214835117 0.5
281809 214821296 1
281809 214832557 1
281809 214821020 0.5
281809 214832559 0.5
6941908 214710097 1
6941908 214819612 1
6941908 214835137 0.5
6941908 214849018 0.5
6941908 214712132 0.5
6941908 214848159 0.5
5217757 214832156 1
5217757 214838094 1
5217757 214839973 0.5
5217757 214837286 0.5
5217757 214819468 0.5
5217757 214838092 0.5
5217757 214829880 0.5
5217757 214836956 0.5
5403857 214826833 1
5403857 214837918 1
5403857 214837916 0.5
297511 214748297 1
297511 214684513 1
297511 214748302 0.5
9329902 214832604 1
9329902 214716707 1
9329902 214851750 0.5
9329902 214853222 0.5
9329902 214852978 0.5
9329902 214853237 0.5
9329902 214853242 0.5
9329902 214853210 0.5
3960052 214831970 1
3960052 214539050 1
3960052 214840235 0.5
6618324 214848980 1
6618324 214540597 1
6618324 214848305 0.5
6618324 214717507 0.5
6618324 214829765 0.5
6618324 214718207 0.5
6618324 214835167 0.5
5704954 214848997 1
5704954 214845986 1
5704954 214553702 0.5
5704954 214836330 0.5
5704954 214846061 0.5
5704954 214832145 0.5
5704954 214744530 0.5
5704954 214848159 0.5
9673258 214853420 1
9673258 214853422 1
9673258 214853321 0.5
9673258 214853147 0.5
9186561 214852980 1
9186561 214853077 1
9186561 214852978 0.5
9186561 214853085 0.5
8770069 214820345 1
8770069 214846333 1
8770069 214543922 0.5
4582673 214839399 1
4582673 214832012 1
4582673 214828985 0.5
4582673 214845131 0.5
4582673 214587317 0.5
4582673 214821401 0.5
10820882 214853102 1
10820882 214854785 1
10820882 214854840 0.5
1514774 214820261 1
1514774 214834880 1
1514774 214839705 0.5
10485024 214854352 1
10485024 214853113 1
10485024 214854577 0.5
10485024 214853855 0.5
6749476 214684108 1
6749476 214826998 1
6749476 214717850 0.5
8658213 214851279 1
8658213 214854632 1
8658213 214717003 0.5
8658213 214717005 0.5
8658213 214717007 0.5
5496103 214712237 1
5496103 214831955 1
5496103 214819627 0.5
5496103 214706452 0.5
5496103 214743515 0.5
10911022 214854795 1
10911022 214854853 1
10911022 214853102 0.5
10538301 214849775 1
10538301 214854335 1
10538301 214556216 0.5
10538301 214556212 0.5
10538301 214718252 0.5
9305412 214853420 1
9305412 214850947 1
9305412 214840760 0.5
9305412 214844205 0.5
9305412 214853422 0.5
10288459 214854510 1
10288459 214854262 1
10288459 214854268 0.5
10288459 214567327 0.5
5221711 214839973 1
5221711 214845587 1
5221711 214835473 0.5
5221711 214835426 0.5
11357526 214853102 1
11357526 214854782 1
11357526 214855016 0.5
11017564 214639472 1
11017564 214639470 1
11017564 214857204 0.5
9149797 214848315 1
9149797 214851135 1
9149797 214851315 0.5
9149797 214846391 0.5
8726018 214853420 1
8726018 214850942 1
8726018 214829317 0.5
3399029 214706180 1
3399029 214836845 1
3399029 214832124 0.5
9538939 214853212 1
9538939 214831946 1
9538939 214850945 0.5
9538939 214853422 0.5
6450557 214839617 1
6450557 214846344 1
6450557 214845984 0.5
10255753 214854300 1
10255753 214854579 1
10255753 214853726 0.5
6696332 214848337 1
6696332 214826990 1
6696332 214848952 0.5
6696332 214561402 0.5
6696332 214711348 0.5
8991982 214680371 1
8991982 214851077 1
8991982 214851232 0.5
8991982 214707877 0.5
8991982 214853094 0.5
8991982 214712235 0.5
8991982 214851101 0.5
8991982 214851326 0.5
241049 214826955 1
241049 214826627 1
241049 214826835 0.5
2502059 214831948 1
2502059 214829880 1
2502059 214819468 0.5
2502059 214831965 0.5
3161518 214836133 1
3161518 214836050 1
3161518 214836075 0.5
3161518 214836084 0.5
10489267 214832655 1
10489267 214716982 1
10489267 214716984 0.5
3894712 214836932 1
3894712 214835109 1
3894712 214836795 0.5
3894712 214829773 0.5
10046911 214854510 1
10046911 214854262 1
10046911 214853282 0.5
8072647 214850743 1
8072647 214826994 1
8072647 214851073 0.5
8072647 214851236 0.5
8072647 214743495 0.5
8072647 214716746 0.5
8072647 214684845 0.5
8072647 214748334 0.5
8072647 214685049 0.5
8072647 214850557 0.5
4095433 214553700 1
4095433 214839590 1
4095433 214710152 0.5
4095433 214836887 0.5
10735052 214853413 1
10735052 214854358 1
10735052 214684785 0.5
10735052 214854268 0.5
10735052 214567329 0.5
3689933 214700002 1
3689933 214684702 1
3689933 214743515 0.5
3689933 214712237 0.5
2973134 214829310 1
2973134 214831937 1
2973134 214845969 0.5
10800593 214853102 1
10800593 214854782 1
10800593 214854860 0.5
5246424 214844400 1
5246424 214844342 1
5246424 214844345 0.5
10644958 214854720 1
10644958 214854716 1
10644958 214854705 0.5
10644958 214853083 0.5
2207201 214827028 1
2207201 214551626 1
2207201 214586610 0.5
2207201 214821309 0.5
2260453 214826803 1
2260453 214821285 1
2260453 214819468 0.5
9121261 214853077 1
9121261 214852980 1
9121261 214853096 0.5
6324136 214848410 1
6324136 214826990 1
6324136 214829765 0.5
6324136 214839975 0.5
6324136 214846001 0.5
6324136 214848658 0.5
6324136 214846067 0.5
6324136 214849333 0.5
6324136 214553561 0.5
6324136 214836926 0.5
6643188 214839617 1
6643188 214848695 1
6643188 214840421 0.5
11111926 214853102 1
11111926 214854782 1
11111926 214714755 0.5
4451833 214645717 1
4451833 214717427 1
4451833 214677941 0.5
2092539 214706445 1
2092539 214829042 1
2092539 214716660 0.5
1739926 214829321 1
1739926 214748336 1
1739926 214800272 0.5
9592319 214854508 1
9592319 214854313 1
9592319 214717061 0.5
9592319 214849295 0.5
1248771 214821309 1
1248771 214821302 1
1248771 214821305 0.5
1248771 214586711 0.5
1408517 214829390 1
1408517 214642153 1
1408517 214834880 0.5
1408517 214829392 0.5
1408517 214587266 0.5
1408517 214587028 0.5
1408517 214829366 0.5
6966793 214820261 1
6966793 214820233 1
6966793 214835722 0.5
3051018 214844394 1
3051018 214844456 1
3051018 214844439 0.5
10325516 214567329 1
10325516 214567215 1
10325516 214684785 0.5
929298 214753507 1
929298 214748300 1
929298 214753505 0.5
2694678 214602600 1
2694678 214821315 1
2694678 214832792 0.5
2694678 214586711 0.5
5463578 214540127 1
5463578 214819627 1
5463578 214845806 0.5
10280478 214850677 1
10280478 214748338 1
10280478 214753505 0.5
10280478 214645965 0.5
835109 214827011 1
835109 214748291 1
835109 214748304 0.5
757681 214718169 1
757681 214718160 1
757681 214821022 0.5
4722231 214829792 1
4722231 214712237 1
4722231 214835120 0.5
10481213 214563285 1
10481213 214839339 1
10481213 214687845 0.5
10481213 214854223 0.5
2252356 214829880 1
2252356 214831946 1
2252356 214829882 0.5
2252356 214835124 0.5
2252356 214829878 0.5
10505802 214864880 1
10505802 214854785 1
10505802 214850947 0.5
10505802 214846029 0.5
10505802 214838102 0.5
10505802 214848605 0.5
5733963 214842502 1
5733963 214829668 1
5733963 214587560 0.5
4009556 214820220 1
4009556 214711280 1
4009556 214712124 0.5
4009556 214831974 0.5
10792542 214853102 1
10792542 214854782 1
10792542 214855016 0.5
10792542 214829878 0.5
2554469 214829390 1
2554469 214642153 1
2554469 214587697 0.5
2554469 214835132 0.5
2554469 214601233 0.5
3743331 214836932 1
3743331 214838227 1
3743331 214829825 0.5
3743331 214835109 0.5
3743331 214821407 0.5
11222632 214853102 1
11222632 214851161 1
11222632 214864880 0.5
11222632 214552142 0.5
8154731 214850936 1
8154731 214850771 1
8154731 214850765 0.5
3235436 214829390 1
3235436 214836830 1
3235436 214586668 0.5
3235436 214554332 0.5
507502 214821290 1
507502 214821285 1
507502 214821277 0.5
11157104 214853102 1
11157104 214853100 1
11157104 214854840 0.5
11157104 214854853 0.5
7884861 214560013 1
7884861 214844456 1
7884861 214820242 0.5
8982143 214853077 1
8982143 214852980 1
8982143 214853096 0.5
8982143 214852978 0.5
8982143 214853085 0.5
8982143 214853094 0.5
10149827 214854146 1
10149827 214853865 1
10149827 214831948 0.5
1351317 214826610 1
1351317 214826563 1
1351317 214834880 0.5
1351317 214826936 0.5
3844721 214836827 1
3844721 214580293 1
3844721 214829765 0.5
7360156 214837286 1
7360156 214849320 1
7360156 214849192 0.5
5701278 214845127 1
5701278 214630042 1
5701278 214835473 0.5
5701278 214846029 0.5
5701278 214832559 0.5
5701278 214838225 0.5
5701278 214826994 0.5
5701278 214844372 0.5
5701278 214844345 0.5
5701278 214561402 0.5
5701278 214846012 0.5
2141879 214835752 1
2141879 214516027 1
2141879 214580377 0.5
2801339 214820383 1
2801339 214821285 1
2801339 214826803 0.5
7229116 214849327 1
7229116 214685422 1
7229116 214842506 0.5
7229116 214537012 0.5
7229116 214587527 0.5
4988612 214821285 1
4988612 214847940 1
4988612 214515825 0.5
4988612 214574145 0.5
3681991 214836924 1
3681991 214835137 1
3681991 214601060 0.5
3681991 214832023 0.5
4935372 214848174 1
4935372 214828952 1
4935372 214831948 0.5
4935372 214844407 0.5
8122064 214851097 1
8122064 214851131 1
8122064 214851163 0.5
8122064 214851236 0.5
8122064 214851581 0.5
8122064 214684942 0.5
8122064 214851165 0.5
2985252 214835017 1
2985252 214837918 1
2985252 214587712 0.5
3886373 214835167 1
3886373 214838227 1
3886373 214836924 0.5
302818 214706462 1
302818 214819762 1
302818 214819760 0.5
302818 214819721 0.5
302818 214684843 0.5
302818 214743335 0.5
3616494 214600492 1
3616494 214835745 1
3616494 214657318 0.5
7737071 214850938 1
7737071 214564387 1
7737071 214850739 0.5
7737071 214850726 0.5
7737071 214850855 0.5
7737071 214850411 0.5
7737071 214832147 0.5
7737071 214849363 0.5
4534002 214839965 1
4534002 214832147 1
4534002 214829887 0.5
9735924 214850949 1
9735924 214853428 1
9735924 214853454 0.5
9735924 214853422 0.5
2236154 214829887 1
2236154 214829878 1
2236154 214829880 0.5
9953022 214718160 1
9953022 214849796 1
9953022 214716986 0.5
11108309 214853102 1
11108309 214854785 1
11108309 214854840 0.5
7278341 214687839 1
7278341 214849132 1
7278341 214712242 0.5
7278341 214510445 0.5
5447438 214835428 1
5447438 214826949 1
5447438 214835064 0.5
5447438 214835473 0.5
3981091 214826990 1
3981091 214835109 1
3981091 214838227 0.5
3948324 214835167 1
3948324 214829765 1
3948324 214829825 0.5
9768741 214684762 1
9768741 214854545 1
9768741 214854354 0.5
9768741 214853726 0.5
11067174 214853282 1
11067174 214853700 1
11067174 214601027 0.5
5209911 214684372 1
5209911 214826833 1
5209911 214836868 0.5
5209911 214843190 0.5
2974141 214821017 1
2974141 214829387 1
2974141 214819760 0.5
2974141 214819374 0.5
2974141 214821015 0.5
7827264 214851279 1
7827264 214835126 1
7827264 214743515 0.5
2248517 214826803 1
2248517 214821285 1
2248517 214841640 0.5
7098068 214849766 1
7098068 214850304 1
7098068 214844400 0.5
11222879 214854853 1
11222879 214854782 1
11222879 214853100 0.5
6643557 214849020 1
6643557 214849022 1
6643557 214848945 0.5
6643557 214848954 0.5
10629777 214684785 1
10629777 214854549 1
10629777 214854146 0.5
10629777 214854165 0.5
10629777 214854358 0.5
10629777 214854510 0.5
10629777 214567327 0.5
6831977 214846468 1
6831977 214848596 1
6831977 214846535 0.5
6831977 214848328 0.5
6831977 214848330 0.5
6831977 214848377 0.5
6831977 214536187 0.5
6831977 214835167 0.5
3639271 214835167 1
3639271 214829765 1
3639271 214613741 0.5
5803889 214826822 1
5803889 214844370 1
5803889 214642912 0.5
1004323 214538574 1
1004323 214717412 1
1004323 214819526 0.5
1004323 214714762 0.5
1004323 214716909 0.5
1004323 214718158 0.5
1004323 214791635 0.5
1004323 214702905 0.5
1004323 214701309 0.5
9338743 214851028 1
9338743 214836517 1
9338743 214644650 0.5
1105216 214587317 1
1105216 214826563 1
1105216 214821392 0.5
3256194 214826938 1
3256194 214829773 1
3256194 214705691 0.5
3256194 214829765 0.5
3256194 214717007 0.5
4161413 214832143 1
4161413 214826942 1
4161413 214845129 0.5
4161413 214838096 0.5
4161413 214836881 0.5
4161413 214838105 0.5
4161413 214829790 0.5
4161413 214826623 0.5
671628 214833800 1
671628 214584939 1
671628 214833802 0.5
10780557 214853102 1
10780557 214864880 1
10780557 214853100 0.5
11034512 214854819 1
11034512 214854815 1
11034512 214864880 0.5
11034512 214848658 0.5
11034512 214854356 0.5
3096479 214716980 1
3096479 214586711 1
3096479 214716928 0.5
3096479 214612738 0.5
3096479 214844394 0.5
3096479 214847276 0.5
3096479 214717005 0.5
3096479 214832655 0.5
3096479 214716945 0.5
3096479 214844439 0.5
3096479 214821305 0.5
3096479 214717007 0.5
7671714 214835126 1
7671714 214706216 1
7671714 214840412 0.5
7671714 214846389 0.5
7671714 214836830 0.5
8200109 214850619 1
8200109 214564387 1
8200109 214850940 0.5
5345211 214835745 1
5345211 214602802 1
5345211 214829280 0.5
5345211 214718385 0.5
5345211 214829850 0.5
5345211 214712124 0.5
5345211 214586743 0.5
6275009 214846470 1
6275009 214835109 1
6275009 214850722 0.5
6275009 214829765 0.5
6275009 214839975 0.5
6275009 214602600 0.5
6275009 214836887 0.5
6275009 214848622 0.5
6275009 214844400 0.5
6275009 214846065 0.5
6275009 214710152 0.5
6275009 214710062 0.5
6275009 214848950 0.5
6275009 214848695 0.5
6275009 214848986 0.5
4898756 214829760 1
4898756 214826666 1
4898756 214826668 0.5
4898756 214826662 0.5
1163228 214828995 1
1163228 214829085 1
1163228 214841640 0.5
1163228 214819464 0.5
1163228 214748336 0.5
2727907 214831965 1
2727907 214837882 1
2727907 214791688 0.5
2727907 214835019 0.5
2727907 214835111 0.5
5812799 214846119 1
5812799 214845962 1
5812799 214820265 0.5
5812799 214685788 0.5
5812799 214602502 0.5
3334117 214836885 1
3334117 214586668 1
3334117 214554585 0.5
3334117 214837882 0.5
2691066 214835122 1
2691066 214826998 1
2691066 214828985 0.5
3522304 214829878 1
3522304 214826893 1
3522304 214829390 0.5
10821631 214854313 1
10821631 214774676 1
10821631 214700990 0.5
10821631 214774678 0.5
