7974917 214712235 1
7974917 214835126 1
7974917 214853657 0.5
9773064 214853707 1
9773064 214853722 1
9773064 214853700 0.5
9773064 214853709 0.5
1658897 214821407 1
1658897 214821350 1
1658897 214829396 0.5
5226524 214835473 1
5226524 214826949 1
5226524 214602598 0.5
9392164 214850947 1
9392164 214553810 1
9392164 214845973 0.5
6729769 214846421 1
6729769 214846464 1
6729769 214846468 0.5
6729769 214595150 0.5
2732076 214835019 1
2732076 214835747 1
2732076 214835017 0.5
10125359 214853767 1
10125359 214853722 1
10125359 214853713 0.5
7594032 214844456 1
7594032 214509401 1
7594032 214716935 0.5
849719 214748291 1
849719 214748300 1
849719 214743497 0.5
849719 214748293 0.5
849719 214613743 0.5
2002994 214829855 1
2002994 214667912 1
2002994 214832720 0.5
2002994 214829379 0.5
2002994 214555687 0.5
2613316 214835019 1
2613316 214587697 1
2613316 214835128 0.5
7998817 214851028 1
7998817 214851587 1
7998817 214851080 0.5
7998817 214851317 0.5
8773704 214851326 1
8773704 214853085 1
8773704 214853094 0.5
8409162 214848602 1
8409162 214851135 1
8409162 214836830 0.5
8409162 214851071 0.5
8028236 214564380 1
8028236 214851290 1
8028236 214851131 0.5
10977361 214853460 1
10977361 214854787 1
10977361 214854793 0.5
6963284 214850615 1
6963284 214849082 1
6963284 214849292 0.5
10993749 214854733 1
10993749 214854797 1
10993749 214714755 0.5
8336744 214850771 1
8336744 214850743 1
8336744 214853130 0.5
9646202 214853428 1
9646202 214853454 1
9646202 214579875 0.5
9646202 214567333 0.5
9646202 214853726 0.5
9711742 214852980 1
9711742 214853077 1
9711742 214853233 0.5
9711742 214853094 0.5
9711742 214853135 0.5
1368199 214551746 1
1368199 214539050 1
1368199 214612895 0.5
1368199 214645181 0.5
1368199 214538951 0.5
6619273 214684702 1
6619273 214712237 1
6619273 214587328 0.5
6619273 214835713 0.5
6619273 214835126 0.5
10666138 214855209 1
10666138 214854332 1
10666138 214710097 0.5
10666138 214850630 0.5
9846948 214716971 1
9846948 214716982 1
9846948 214717003 0.5
6201509 214586574 1
6201509 214848302 1
6201509 214835109 0.5
6201509 214821382 0.5
6201509 214819528 0.5
6201509 214553257 0.5
6201509 214821384 0.5
6201509 214709702 0.5
6201509 214811739 0.5
729261 214832730 1
729261 214587611 1
729261 214833800 0.5
729261 214832728 0.5
729261 214833802 0.5
6238397 214829765 1
6238397 214848926 1
6238397 214848384 0.5
5292223 214551913 1
5292223 214845133 1
5292223 214583617 0.5
5292223 214843322 0.5
5292223 214652460 0.5
5292223 214551917 0.5
200903 214826955 1
200903 214826606 1
200903 214826835 0.5
200903 214826627 0.5
2351304 214748300 1
2351304 214753513 1
2351304 214717265 0.5
2351304 214831955 0.5
2351304 214553702 0.5
2527437 214829878 1
2527437 214831948 1
2527437 214829880 0.5
2527437 214829882 0.5
2527437 214829887 0.5
6344917 214716710 1
6344917 214716707 1
6344917 214848851 0.5
6344917 214832604 0.5
6344917 214848613 0.5
4571353 214839973 1
4571353 214838109 1
4571353 214746380 0.5
372954 214821285 1
372954 214826803 1
372954 214535621 0.5
9441518 214511015 1
9441518 214853325 1
9441518 214696434 0.5
2396402 214826803 1
2396402 214821285 1
2396402 214820383 0.5
7987449 214844454 1
7987449 214844394 1
7987449 214844439 0.5
9522846 214850947 1
9522846 214820844 1
9522846 214853158 0.5
9522846 214711307 0.5
9522846 214853420 0.5
9522846 214853422 0.5
9522846 214853265 0.5
9522846 214831955 0.5
2312659 214831948 1
2312659 214829880 1
2312659 214819468 0.5
2312659 214829878 0.5
9634081 214853402 1
9634081 214853152 1
9634081 214831948 0.5
8626477 214685049 1
8626477 214853242 1
8626477 214853096 0.5
8626477 214851125 0.5
8626477 214850743 0.5
901432 214826608 1
901432 214826705 1
901432 214826810 0.5
9052473 214700002 1
9052473 214851238 1
9052473 214850707 0.5
9052473 214849389 0.5
10162508 214567327 1
10162508 214567333 1
10162508 214854262 0.5
9544017 214677830 1
9544017 214678387 1
9544017 214849010 0.5
9544017 214846117 0.5
5341522 214844370 1
5341522 214709638 1
5341522 214573123 0.5
5341522 214743350 0.5
5341522 214832023 0.5
2002319 214832563 1
2002319 214835754 1
2002319 214680722 0.5
10096994 214828970 1
10096994 214853724 1
10096994 214849327 0.5
5832791 214774685 1
5832791 214586610 1
5832791 214835747 0.5
5832791 214846121 0.5
5832791 214835019 0.5
5832791 214844396 0.5
5832791 214846447 0.5
5832791 214698418 0.5
5832791 214846389 0.5
4464996 214845131 1
4464996 214832147 1
4464996 214820392 0.5
4464996 214839600 0.5
4464996 214839975 0.5
10064242 214853767 1
10064242 214853702 1
10064242 214574670 0.5
102773 214691426 1
102773 214691366 1
102773 214691321 0.5
8708472 214853094 1
8708472 214853085 1
8708472 214853096 0.5
9101689 214851326 1
9101689 214853094 1
9101689 214853090 0.5
723009 214716710 1
723009 214826925 1
723009 214714794 0.5
723009 214705757 0.5
8843658 214851279 1
8843658 214850942 1
8843658 214712235 0.5
8843658 214853428 0.5
9159052 214852980 1
9159052 214852978 1
9159052 214851748 0.5
9159052 214850405 0.5
139664 214832655 1
139664 214820255 1
139664 214716986 0.5
5894556 214586668 1
5894556 214846035 1
5894556 214829379 0.5
10203552 214853698 1
10203552 214853700 1
10203552 214853707 0.5
1085857 214826615 1
1085857 214826612 1
1085857 214839600 0.5
9425317 214826987 1
9425317 214743515 1
9425317 214853342 0.5
3887529 214826990 1
3887529 214835109 1
3887529 214838227 0.5
3887529 214836932 0.5
3887529 214831974 0.5
4338092 214743515 1
4338092 214684702 1
4338092 214712237 0.5
3121602 214834867 1
3121602 214835747 1
3121602 214835017 0.5
3977667 214829769 1
3977667 214836932 1
3977667 214829771 0.5
3977667 214835109 0.5
3977667 214826990 0.5
3977667 214829773 0.5
5374409 214821305 1
5374409 214545879 1
5374409 214551632 0.5
5374409 214844394 0.5
8098253 214850709 1
8098253 214850713 1
8098253 214584926 0.5
217563 214826608 1
217563 214826705 1
217563 214836067 0.5
2556382 214829887 1
2556382 214829878 1
2556382 214831948 0.5
6484447 214846530 1
6484447 214848656 1
6484447 214845984 0.5
6484447 214848950 0.5
10183137 214854262 1
10183137 214567333 1
10183137 214853735 0.5
11244011 214853102 1
11244011 214854785 1
11244011 214853100 0.5
11244011 214854860 0.5
9529427 214853420 1
9529427 214850942 1
9529427 214853454 0.5
11137532 214854782 1
11137532 214853100 1
11137532 214855016 0.5
2590602 214829878 1
2590602 214829882 1
2590602 214829090 0.5
2590602 214826983 0.5
2590602 214831946 0.5
2590602 214831950 0.5
2590602 214819760 0.5
2590602 214819762 0.5
2590602 214831957 0.5
2590602 214829885 0.5
3463537 214829878 1
3463537 214831957 1
3463537 214831946 0.5
3463537 214711307 0.5
6222358 214748310 1
6222358 214836517 1
6222358 214838225 0.5
5612059 214844394 1
5612059 214835713 1
5612059 214821305 0.5
5612059 214821341 0.5
11166238 214857568 1
11166238 214857570 1
11166238 214853102 0.5
10232357 214853730 1
10232357 214850741 1
10232357 214556216 0.5
2818599 214586668 1
2818599 214834867 1
2818599 214667912 0.5
7500328 214551626 1
7500328 214844394 1
7500328 214844439 0.5
9204267 214853420 1
9204267 214853340 1
9204267 214831955 0.5
11158062 214855151 1
11158062 214854802 1
11158062 214709685 0.5
3142194 214820263 1
3142194 214821277 1
3142194 214717003 0.5
3142194 214820261 0.5
3142194 214820231 0.5
4235834 214820261 1
4235834 214594678 1
4235834 214829792 0.5
4235834 214700002 0.5
4235834 214820259 0.5
4235834 214712237 0.5
4235834 214832717 0.5
4235834 214706452 0.5
4235834 214848727 0.5
4235834 214848729 0.5
2925118 214835747 1
2925118 214835745 1
2925118 214587712 0.5
2925118 214835017 0.5
2925118 214600492 0.5
6599242 214848746 1
6599242 214849003 1
6599242 214684108 0.5
6599242 214849286 0.5
5763659 214846061 1
5763659 214846007 1
5763659 214748336 0.5
5763659 214561402 0.5
5763659 214665277 0.5
5763659 214716110 0.5
5763659 214834877 0.5
3248718 214829771 1
3248718 214838137 1
3248718 214836926 0.5
5210706 214706428 1
5210706 214711295 1
5210706 214673295 0.5
7619157 214850700 1
7619157 214839617 1
7619157 214850705 0.5
10338404 214853321 1
10338404 214853325 1
10338404 214700002 0.5
10338404 214826987 0.5
10338404 214712237 0.5
10338404 214743515 0.5
2658908 214829887 1
2658908 214829878 1
2658908 214831965 0.5
7750244 214551626 1
7750244 214821315 1
7750244 214533022 0.5
4813424 214845129 1
4813424 214836519 1
4813424 214848864 0.5
4751988 214839960 1
4751988 214836857 1
4751988 214748336 0.5
4751988 214839600 0.5
4751988 214836330 0.5
4751988 214839967 0.5
10572406 214556212 1
10572406 214556218 1
10572406 214556216 0.5
2472044 214753513 1
2472044 214601233 1
2472044 214831965 0.5
9548426 214850945 1
9548426 214853420 1
9548426 214853422 0.5
5513869 214835426 1
5513869 214835428 1
5513869 214844400 0.5
5513869 214835473 0.5
5513869 214602733 0.5
5513869 214826949 0.5
5513869 214743495 0.5
7873173 214712235 1
7873173 214819410 1
7873173 214575369 0.5
7873173 214512611 0.5
7873173 214694246 0.5
6238871 214848384 1
6238871 214848596 1
6238871 214829765 0.5
6238871 214848926 0.5
4432536 214585676 1
4432536 214645005 1
4432536 214573612 0.5
4432536 214573607 0.5
455324 214826621 1
455324 214826619 1
455324 214826615 0.5
455324 214821290 0.5
455324 214826955 0.5
455324 214826799 0.5
3093157 214717003 1
3093157 214826925 1
3093157 214716984 0.5
3093157 214717005 0.5
3093157 214554358 0.5
2388649 214514291 1
2388649 214829885 1
2388649 214829882 0.5
2388649 214829878 0.5
1217201 214829325 1
1217201 214829332 1
1217201 214829334 0.5
3228354 214832128 1
3228354 214836830 1
3228354 214826623 0.5
3228354 214832115 0.5
3228354 214832124 0.5
3228354 214832126 0.5
3228354 214584047 0.5
2284324 214836515 1
2284324 214836517 1
2284324 214835124 0.5
9867996 214854510 1
9867996 214853992 1
9867996 214580424 0.5
9867996 214854547 0.5
9867996 214853996 0.5
9863906 214853321 1
9863906 214853325 1
9863906 214712237 0.5
8225511 214684734 1
8225511 214836506 1
8225511 214845506 0.5
8225511 214646317 0.5
8225511 214850285 0.5
8225511 214650641 0.5
8225511 214684717 0.5
8225511 214829880 0.5
10748648 214853700 1
10748648 214853767 1
10748648 214853722 0.5
7668462 214844439 1
7668462 214821315 1
7668462 214533022 0.5
7537391 214821315 1
7537391 214849250 1
7537391 214612706 0.5
7537391 214533022 0.5
3871478 214684717 1
3871478 214711318 1
3871478 214650641 0.5
3871478 214601042 0.5
3871478 214717515 0.5
3871478 214718398 0.5
3871478 214832023 0.5
7480057 214851279 1
7480057 214835126 1
7480057 214851032 0.5
11498234 214853340 1
11498234 214854823 1
11498234 214819438 0.5
11498234 214835694 0.5
5937281 214845980 1
5937281 214846397 1
5937281 214848992 0.5
963336 214753505 1
963336 214753507 1
963336 214748304 0.5
11416334 214854268 1
11416334 214567329 1
11416334 214854264 0.5
11416334 214677821 0.5
11416334 214567215 0.5
4354834 214677615 1
4354834 214839587 1
4354834 214837918 0.5
2810649 214829042 1
2810649 214829032 1
2810649 214540922 0.5
2810649 214550548 0.5
1082142 214706432 1
1082142 214691522 1
1082142 214821028 0.5
10879784 214854716 1
10879784 214854720 1
10879784 214853083 0.5
4432681 214716639 1
4432681 214716660 1
4432681 214829280 0.5
4432681 214602598 0.5
4432681 214586694 0.5
4432681 214845131 0.5
4432681 214602733 0.5
4432681 214829775 0.5
4432681 214848176 0.5
4432681 214828985 0.5
4432681 214848178 0.5
4432681 214587317 0.5
4432681 214836855 0.5
4432681 214836857 0.5
4432681 214829850 0.5
4432681 214829852 0.5
4789036 214687685 1
4789036 214836830 1
4789036 214836827 0.5
2532541 214831948 1
2532541 214743515 1
2532541 214712237 0.5
10629976 214684762 1
10629976 214854358 1
10629976 214684785 0.5
1921888 214539148 1
1921888 214538992 1
1921888 214539193 0.5
1921888 214539202 0.5
1921888 214612901 0.5
10560353 214854527 1
10560353 214854517 1
10560353 214861498 0.5
10560353 214854515 0.5
10560353 214854581 0.5
9831271 214853105 1
9831271 214853094 1
9831271 214853077 0.5
9831271 214853085 0.5
10834796 214853102 1
10834796 214854785 1
10834796 214854840 0.5
10834796 214854853 0.5
9278329 214853454 1
9278329 214853338 1
9278329 214850945 0.5
9278329 214705942 0.5
9278329 214583287 0.5
2450303 214827011 1
2450303 214835165 1
2450303 214539112 0.5
2450303 214826979 0.5
2450303 214612901 0.5
2450303 214831959 0.5
6914944 214849762 1
6914944 214849738 1
6914944 214849736 0.5
6961984 214848658 1
6961984 214851009 1
6961984 214849046 0.5
10425218 214848969 1
10425218 214854549 1
10425218 214684785 0.5
10425218 214854495 0.5
10425218 214854268 0.5
10425218 214839590 0.5
10425218 214853113 0.5
6800269 214826833 1
6800269 214849292 1
6800269 214829672 0.5
6800269 214829668 0.5
2790893 214829885 1
2790893 214514291 1
2790893 214829882 0.5
2790893 214831950 0.5
4940688 214684372 1
4940688 214594678 1
4940688 214839377 0.5
4940688 214602830 0.5
2294674 214829878 1
2294674 214829887 1
2294674 214826977 0.5
2294674 214835111 0.5
2294674 214687852 0.5
2294674 214832780 0.5
2294674 214835087 0.5
2294674 214748336 0.5
2294674 214829880 0.5
5833623 214684702 1
5833623 214587328 1
5833623 214743515 0.5
1733528 214829390 1
1733528 214821332 1
1733528 214834880 0.5
1733528 214826561 0.5
1733528 214587266 0.5
1733528 214691255 0.5
1733528 214833755 0.5
1733528 214834877 0.5
1733528 214821407 0.5
6820761 214849097 1
6820761 214849093 1
6820761 214712244 0.5
2331548 214748295 1
2331548 214831948 1
2331548 214753505 0.5
2331548 214753513 0.5
7582622 214846530 1
7582622 214846447 1
7582622 214820402 0.5
7582622 214851013 0.5
4699041 214632146 1
4699041 214839590 1
4699041 214836887 0.5
9212837 214853340 1
9212837 214853342 1
9212837 214853424 0.5
9212837 214853865 0.5
9212837 214850947 0.5
9212837 214850936 0.5
4580263 214821309 1
4580263 214844447 1
4580263 214844458 0.5
2757549 214684702 1
2757549 214680369 1
2757549 214700002 0.5
2757549 214712237 0.5
11047857 214854733 1
11047857 214854842 1
11047857 214854823 0.5
8019701 214853085 1
8019701 214853096 1
8019701 214851099 0.5
5408354 214845407 1
5408354 214844398 1
5408354 214640520 0.5
7089652 214849247 1
7089652 214849033 1
7089652 214820345 0.5
4834239 214839956 1
4834239 214839954 1
4834239 214839977 0.5
8401857 214853173 1
8401857 214712235 1
8401857 214744258 0.5
8401857 214853758 0.5
8401857 214851279 0.5
5997509 214840595 1
5997509 214840584 1
5997509 214584992 0.5
4678598 214640019 1
4678598 214826889 1
4678598 214702895 0.5
11539399 214854722 1
11539399 214853072 1
11539399 214853081 0.5
11539399 214712242 0.5
11539399 214854699 0.5
10933197 214854707 1
10933197 214712240 1
10933197 214710013 0.5
7197517 214849736 1
7197517 214849757 1
7197517 214848997 0.5
7197517 214849738 0.5
7197517 214716110 0.5
7197517 214601233 0.5
7197517 214680467 0.5
7197517 214748334 0.5
7197517 214820345 0.5
7197517 214829852 0.5
5620689 214845135 1
5620689 214845962 1
5620689 214534215 0.5
5620689 214845965 0.5
5620689 214846119 0.5
9581523 214853420 1
9581523 214850945 1
9581523 214850947 0.5
5917139 214846010 1
5917139 214845879 1
5917139 214845984 0.5
5917139 214846082 0.5
5917139 214846119 0.5
5917139 214846312 0.5
5917139 214845962 0.5
5917139 214849072 0.5
11183067 214854840 1
11183067 214853102 1
11183067 214864880 0.5
11183067 214837873 0.5
6300639 214846460 1
6300639 214850865 1
6300639 214846421 0.5
6300639 214846479 0.5
5854178 214846067 1
5854178 214748336 1
5854178 214839587 0.5
5854178 214743495 0.5
5854178 214846127 0.5
5854178 214845457 0.5
5854178 214706102 0.5
5854178 214717562 0.5
10687462 214837286 1
10687462 214854065 1
10687462 214850720 0.5
10687462 214717888 0.5
10687462 214853094 0.5
10687462 214849320 0.5
10687462 214718220 0.5
10687462 214849082 0.5
10687462 214853085 0.5
10204137 214853767 1
10204137 214853698 1
10204137 214853700 0.5
10204137 214853702 0.5
10175466 214851135 1
10175466 214846391 1
10175466 214854583 0.5
1418224 214709638 1
1418224 214829390 1
1418224 214826818 0.5
4703244 214839973 1
4703244 214839962 1
4703244 214839600 0.5
4703244 214839960 0.5
4703244 214839971 0.5
4703244 214845131 0.5
4703244 214839975 0.5
3123373 214844456 1
3123373 214844460 1
3123373 214551626 0.5
11457556 214854855 1
11457556 214854857 1
11457556 214853248 0.5
11457556 214853096 0.5
11457556 214854840 0.5
11457556 214864880 0.5
11457556 214853105 0.5
9918638 214850947 1
9918638 214850949 1
9918638 214584092 0.5
9918638 214838107 0.5
9918638 214845579 0.5
9918638 214853420 0.5
6394902 214716710 1
6394902 214716707 1
6394902 214832604 0.5
1614873 214843905 1
1614873 214748293 1
1614873 214691565 0.5
7820329 214832653 1
7820329 214716984 1
7820329 214551626 0.5
7820329 214855183 0.5
2413628 214829878 1
2413628 214829882 1
2413628 214821410 0.5
2413628 214835124 0.5
2413628 214835087 0.5
9028677 214853077 1
9028677 214852980 1
9028677 214853096 0.5
9028677 214853085 0.5
5485639 214821309 1
5485639 214844439 1
5485639 214844394 0.5
9491528 214850945 1
9491528 214853424 1
9491528 214846258 0.5
9491528 214853454 0.5
6960207 214829765 1
6960207 214848384 1
6960207 214848337 0.5
11318354 214854791 1
11318354 214680371 1
11318354 214700000 0.5
463959 214716971 1
463959 214716982 1
463959 214717867 0.5
463959 214819468 0.5
463959 214716973 0.5
6267993 214848615 1
6267993 214849076 1
6267993 214848605 0.5
2499686 214829878 1
2499686 214829887 1
2499686 214829885 0.5
9380031 214601040 1
9380031 214584821 1
9380031 214537496 0.5
9380031 214601042 0.5
9380031 214535051 0.5
1315964 214828965 1
1315964 214829392 1
1315964 214835754 0.5
8545408 214851290 1
8545408 214564380 1
8545408 214851232 0.5
8545408 214829765 0.5
8545408 214552522 0.5
8545408 214826990 0.5
8545408 214851101 0.5
8545408 214835167 0.5
11072642 214687475 1
11072642 214854583 1
11072642 214687845 0.5
2503813 214829846 1
2503813 214821290 1
2503813 214829861 0.5
8340644 214853092 1
8340644 214851238 1
8340644 214716984 0.5
8340644 214844458 0.5
8705192 214844394 1
8705192 214844439 1
8705192 214826897 0.5
8705192 214714665 0.5
8426356 214852978 1
8426356 214853105 1
8426356 214850848 0.5
8426356 214564387 0.5
8426356 214853096 0.5
8426356 214829737 0.5
8426356 214744779 0.5
8426356 214850940 0.5
6423738 214848337 1
6423738 214848328 1
6423738 214846535 0.5
9241787 214853077 1
9241787 214852980 1
9241787 214853085 0.5
9241787 214853094 0.5
9028796 214852978 1
9028796 214852980 1
9028796 214851326 0.5
8668349 214848337 1
8668349 214851290 1
8668349 214853385 0.5
8668349 214851101 0.5
5900492 214848313 1
5900492 214840740 1
5900492 214712272 0.5
5900492 214840616 0.5
9487568 214853698 1
9487568 214853713 1
9487568 214853700 0.5
10118361 214706147 1
10118361 214849245 1
10118361 214850945 0.5
10118361 214831946 0.5
10118361 214826947 0.5
10118361 214846014 0.5
10118361 214717511 0.5
7320794 214551607 1
7320794 214533020 1
7320794 214844458 0.5
7320794 214844445 0.5
611548 214826872 1
611548 214820400 1
611548 214691426 0.5
611548 214691428 0.5
9905376 214567327 1
9905376 214567333 1
9905376 214567329 0.5
9905376 214854262 0.5
9905376 214567215 0.5
11470049 214853102 1
11470049 214854785 1
11470049 214864880 0.5
3200227 214832124 1
3200227 214832115 1
3200227 214835122 0.5
7873764 214696824 1
7873764 214853122 1
7873764 214853758 0.5
10036461 214586574 1
10036461 214848300 1
10036461 214582200 0.5
10036461 214853152 0.5
10257652 214853248 1
10257652 214643893 1
10257652 214642625 0.5
10257652 214853085 0.5
10257652 214848326 0.5
10257652 214583287 0.5
9520374 214510445 1
9520374 214845962 1
9520374 214819727 0.5
2277588 214831948 1
2277588 214829878 1
2277588 214829090 0.5
2277588 214829887 0.5
6518012 214826990 1
6518012 214849046 1
6518012 214846001 0.5
6518012 214835017 0.5
6518012 214845457 0.5
6518012 214849333 0.5
6518012 214553561 0.5
6518012 214836926 0.5
7603453 214540597 1
7603453 214850932 1
7603453 214700876 0.5
1619212 214835021 1
1619212 214829396 1
1619212 214826921 0.5
4211998 214533020 1
4211998 214839892 1
4211998 214839592 0.5
4211998 214832145 0.5
4211998 214821339 0.5
4211998 214553621 0.5
4211998 214557095 0.5
8418596 214820396 1
8418596 214849247 1
8418596 214835137 0.5
8418596 214850402 0.5
8418596 214851236 0.5
8418596 214743495 0.5
8418596 214850700 0.5
8418596 214846127 0.5
8418596 214800272 0.5
8418596 214850705 0.5
8418596 214820402 0.5
8418596 214706102 0.5
8418596 214849252 0.5
8418596 214838111 0.5
5499783 214845587 1
5499783 214844396 1
5499783 214829850 0.5
5499783 214829387 0.5
5499783 214835109 0.5
5499783 214586743 0.5
2921774 214826565 1
2921774 214835019 1
2921774 214835747 0.5
3077428 214835747 1
3077428 214835019 1
3077428 214609325 0.5
112864 214819547 1
112864 214718220 1
112864 214718169 0.5
112864 214821022 0.5
10401103 214853325 1
10401103 214712237 1
10401103 214853321 0.5
6108518 214846466 1
6108518 214846479 1
6108518 214846415 0.5
9254248 214850285 1
9254248 214846029 1
9254248 214826835 0.5
9254248 214845579 0.5
9254248 214850949 0.5
9254248 214838107 0.5
9254248 214846031 0.5
5105002 214832017 1
5105002 214831948 1
5105002 214677962 0.5
7046516 214850938 1
7046516 214850411 1
7046516 214829385 0.5
7046516 214850754 0.5
7046516 214850619 0.5
7046516 214783350 0.5
7689599 214677615 1
7689599 214850705 1
7689599 214850552 0.5
7689599 214844400 0.5
10851717 214854774 1
10851717 214854780 1
10851717 214712242 0.5
968079 214840978 1
968079 214691563 1
968079 214840899 0.5
9434513 214774685 1
9434513 214712278 1
9434513 214706216 0.5
9434513 214700990 0.5
9434513 214717063 0.5
4310421 214826947 1
4310421 214551913 1
4310421 214828867 0.5
3589544 214839607 1
3589544 214587697 1
3589544 214835019 0.5
9573802 214853420 1
9573802 214853340 1
9573802 214850700 0.5
460203 214826889 1
460203 214826893 1
460203 214826891 0.5
9549232 214743515 1
9549232 214853325 1
9549232 214700002 0.5
2966969 214835132 1
2966969 214826844 1
2966969 214829390 0.5
9704891 214844456 1
9704891 214844439 1
9704891 214612704 0.5
9704891 214851748 0.5
9704891 214851750 0.5
9704891 214551624 0.5
9704891 214844458 0.5
9704891 214853132 0.5
9704891 214853233 0.5
9704891 214844441 0.5
9704891 214551626 0.5
10646974 214850938 1
10646974 214850743 1
10646974 214718220 0.5
8537536 214716971 1
8537536 214716928 1
8537536 214717003 0.5
5547457 214845971 1
5547457 214845962 1
5547457 214811739 0.5
6772172 214832604 1
6772172 214716707 1
6772172 214714794 0.5
6809043 214849076 1
6809043 214848605 1
6809043 214849012 0.5
3999203 214838105 1
3999203 214838098 1
3999203 214684730 0.5
3999203 214829878 0.5
75236 214684513 1
75236 214820233 1
75236 214839369 0.5
78066 214535621 1
78066 214691396 1
78066 214826803 0.5
78066 214691293 0.5
4929002 214838092 1
4929002 214837280 1
4929002 214836956 0.5
9958891 214853700 1
9958891 214853698 1
9958891 214853707 0.5
8732243 214853165 1
8732243 214846119 1
8732243 214853115 0.5
8732243 214560615 0.5
3610106 214530789 1
3610106 214684513 1
3610106 214530791 0.5
488957 214535621 1
488957 214826700 1
488957 214826801 0.5
488957 214826803 0.5
10424578 214854345 1
10424578 214829090 1
10424578 214580424 0.5
10424578 214556218 0.5
10424578 214854555 0.5
10424578 214583287 0.5
5338638 214541582 1
5338638 214700002 1
5338638 214832154 0.5
5338638 214744260 0.5
5338638 214800270 0.5
4649219 214836512 1
4649219 214831970 1
4649219 214612901 0.5
3003933 214831959 1
3003933 214716110 1
3003933 214826977 0.5
3003933 214753515 0.5
3003933 214835124 0.5
2640816 214831948 1
2640816 214829878 1
2640816 214831946 0.5
9812994 214849760 1
9812994 214853730 1
9812994 214853698 0.5
9812994 214853702 0.5
9812994 214853767 0.5
9812994 214854152 0.5
9812994 214853707 0.5
9812994 214848178 0.5
9812994 214853430 0.5
9812994 214849757 0.5
6968877 214848596 1
6968877 214848384 1
6968877 214829765 0.5
1410614 214714880 1
1410614 214580293 1
1410614 214828989 0.5
11462202 214678644 1
11462202 214743515 1
11462202 214712237 0.5
11462202 214704182 0.5
11462202 214695695 0.5
2283077 214630042 1
2283077 214700990 1
2283077 214574777 0.5
2283077 214774678 0.5
7571014 214853122 1
7571014 214853173 1
7571014 214851120 0.5
7571014 214853758 0.5
7571014 214853175 0.5
8316489 214849080 1
8316489 214849102 1
8316489 214851236 0.5
8316489 214745317 0.5
8316489 214753515 0.5
8316489 214746382 0.5
8316489 214851122 0.5
8316489 214705370 0.5
8316489 214851099 0.5
8316489 214850364 0.5
8754763 214853248 1
8754763 214853090 1
8754763 214853096 0.5
11183693 214854510 1
11183693 214854262 1
11183693 214854579 0.5
11183693 214567327 0.5
7382607 214716930 1
7382607 214716971 1
7382607 214716935 0.5
1422946 214829032 1
1422946 214829042 1
1422946 214706216 0.5
4785766 214743515 1
4785766 214684702 1
4785766 214700000 0.5
4785766 214847968 0.5
4785766 214700002 0.5
4785766 214826987 0.5
4421226 214839969 1
4421226 214602733 1
4421226 214848176 0.5
4421226 214845131 0.5
4421226 214585644 0.5
4421226 214836358 0.5
4421226 214839975 0.5
3589739 214829771 1
3589739 214632146 1
3589739 214829773 0.5
9062012 214838124 1
9062012 214717063 1
9062012 214853212 0.5
11347584 214545842 1
11347584 214601542 1
11347584 214537496 0.5
11347584 214687805 0.5
2418306 214748291 1
2418306 214834997 1
2418306 214748304 0.5
2418306 214744779 0.5
8780737 214852980 1
8780737 214853105 1
8780737 214853094 0.5
4195976 214836887 1
4195976 214839975 1
4195976 214587317 0.5
4195976 214602598 0.5
4195976 214839973 0.5
9741966 214853420 1
9741966 214850942 1
9741966 214835739 0.5
9741966 214850949 0.5
9741966 214819438 0.5
9741966 214848157 0.5
7751314 214832653 1
7751314 214832657 1
7751314 214716984 0.5
7751314 214716975 0.5
4568726 214839962 1
4568726 214832147 1
4568726 214837494 0.5
5981847 214849001 1
5981847 214846007 1
5981847 214846061 0.5
6993576 214846475 1
6993576 214844439 1
6993576 214612704 0.5
6993576 214844458 0.5
6993576 214844460 0.5
6993576 214849389 0.5
6993576 214821309 0.5
6993576 214844465 0.5
6993576 214821305 0.5
6993576 214551626 0.5
9586358 214853340 1
9586358 214853342 1
9586358 214846112 0.5
9586358 214853420 0.5
5516234 214844405 1
5516234 214826610 1
5516234 214640098 0.5
5516234 214820392 0.5
5516234 214657322 0.5
5516234 214844396 0.5
5516234 214835473 0.5
5516234 214646745 0.5
5516234 214714586 0.5
5516234 214527519 0.5
10139334 214854176 1
10139334 214853852 1
10139334 214854536 0.5
10139334 214853848 0.5
10139334 214573310 0.5
10139334 214854335 0.5
2524872 214826610 1
2524872 214834880 1
2524872 214746427 0.5
2524872 214835087 0.5
2524872 214687847 0.5
9680594 214845962 1
9680594 214853165 1
9680594 214846312 0.5
9680594 214853128 0.5
9680594 214678376 0.5
9680594 214851742 0.5
8611548 214853094 1
8611548 214853248 1
8611548 214852978 0.5
4581091 214836506 1
4581091 214845502 1
4581091 214845506 0.5
9172709 214853242 1
9172709 214853237 1
9172709 214853210 0.5
2402036 214820383 1
2402036 214821285 1
2402036 214841640 0.5
2402036 214826803 0.5
7882368 214844394 1
7882368 214844439 1
7882368 214612704 0.5
7882368 214551624 0.5
7882368 214844458 0.5
7882368 214844456 0.5
7882368 214844441 0.5
7882368 214551626 0.5
7882368 214533022 0.5
4622082 214826945 1
4622082 214832143 1
4622082 214838096 0.5
4622082 214838107 0.5
8808204 214853077 1
8808204 214852980 1
8808204 214853094 0.5
10858114 214854853 1
10858114 214864880 1
10858114 214854840 0.5
10858114 214854707 0.5
3858733 214587697 1
3858733 214826565 1
3858733 214829657 0.5
3858733 214820458 0.5
3858733 214835747 0.5
3858733 214826951 0.5
8795927 214851577 1
8795927 214851292 1
8795927 214848384 0.5
8795927 214718379 0.5
8795927 214708037 0.5
8042267 214851167 1
8042267 214834869 1
8042267 214844394 0.5
8042267 214711267 0.5
8042267 214853092 0.5
8042267 214851125 0.5
7264037 214695193 1
7264037 214643906 1
7264037 214848757 0.5
7141162 214848688 1
7141162 214844396 1
7141162 214846415 0.5
3589941 214820456 1
3589941 214835019 1
3589941 214832128 0.5
3589941 214829657 0.5
9309833 214853422 1
9309833 214850947 1
9309833 214840378 0.5
8247123 214829317 1
8247123 214850310 1
8247123 214687805 0.5
7683726 214849738 1
7683726 214849762 1
7683726 214849734 0.5
1315812 214834880 1
1315812 214826610 1
1315812 214829387 0.5
1315812 214821412 0.5
1315812 214829366 0.5
5183322 214586668 1
5183322 214845590 1
5183322 214717085 0.5
4675422 214829797 1
4675422 214832143 1
4675422 214838098 0.5
4675422 214839596 0.5
7632737 214850366 1
7632737 214684715 1
7632737 214850304 0.5
7632737 214850848 0.5
7632737 214850692 0.5
7632737 214753505 0.5
7632737 214849194 0.5
7632737 214744779 0.5
7632737 214845422 0.5
7632737 214850940 0.5
194402 214821305 1
194402 214586711 1
194402 214551630 0.5
6399844 214848795 1
6399844 214848615 1
6399844 214848656 0.5
6399844 214849292 0.5
6399844 214848950 0.5
11073381 214854215 1
11073381 214827020 1
11073381 214677885 0.5
7145318 214849760 1
7145318 214844372 1
7145318 214748289 0.5
7890791 214851579 1
7890791 214716671 1
7890791 214851073 0.5
7890791 214851163 0.5
7890791 214571188 0.5
7890791 214848613 0.5
7890791 214850876 0.5
2430867 214709792 1
2430867 214829666 1
2430867 214835752 0.5
2430867 214829850 0.5
2430867 214831967 0.5
8758566 214684717 1
8758566 214838107 1
8758566 214684730 0.5
8758566 214850949 0.5
9144229 214853094 1
9144229 214853248 1
9144229 214853090 0.5
792544 214826829 1
792544 214826893 1
792544 214826627 0.5
792544 214821315 0.5
792544 214743335 0.5
4163558 214536195 1
4163558 214701812 1
4163558 214819640 0.5
7616489 214851099 1
7616489 214851155 1
7616489 214851152 0.5
7616489 214850402 0.5
7616489 214845583 0.5
7616489 214716714 0.5
7616489 214609325 0.5
6838921 214849327 1
6838921 214748302 1
6838921 214748297 0.5
5616637 214845962 1
5616637 214846119 1
5616637 214846312 0.5
5616637 214845954 0.5
5616637 214845971 0.5
6883314 214848980 1
6883314 214831955 1
6883314 214845577 0.5
6883314 214850282 0.5
6883314 214849076 0.5
6883314 214846033 0.5
1730548 214821309 1
1730548 214612751 1
1730548 214551617 0.5
1730548 214533026 0.5
1730548 214821302 0.5
2103296 214821350 1
2103296 214821332 1
2103296 214826561 0.5
4569089 214845129 1
4569089 214829850 1
4569089 214838105 0.5
8882189 214853105 1
8882189 214853094 1
8882189 214853096 0.5
8882189 214853085 0.5
6109206 214684108 1
6109206 214820216 1
6109206 214743350 0.5
7706657 214612704 1
7706657 214821313 1
7706657 214551624 0.5
7706657 214844452 0.5
7706657 214844439 0.5
4292273 214835747 1
4292273 214839960 1
4292273 214587712 0.5
4292273 214819760 0.5
4292273 214820400 0.5
4292273 214835017 0.5
9320496 214853420 1
9320496 214850942 1
9320496 214846258 0.5
9320496 214850949 0.5
6285362 214748300 1
6285362 214753505 1
6285362 214748295 0.5
280633 214716937 1
280633 214716973 1
280633 214716984 0.5
280633 214716977 0.5
280633 214716941 0.5
8874048 214853077 1
8874048 214852980 1
8874048 214853096 0.5
9381953 214853077 1
9381953 214852980 1
9381953 214853096 0.5
9381953 214853105 0.5
9381953 214853248 0.5
4888246 214836924 1
4888246 214845587 1
4888246 214837280 0.5
4888246 214850402 0.5
4888246 214800262 0.5
4888246 214835111 0.5
4888246 214832780 0.5
4888246 214748334 0.5
3528776 214819490 1
3528776 214706180 1
3528776 214832115 0.5
3528776 214832124 0.5
11003978 214849734 1
11003978 214853707 1
11003978 214853700 0.5
11003978 214855016 0.5
11003978 214835019 0.5
11003978 214819378 0.5
11003978 214848658 0.5
11003978 214848695 0.5
11003978 214854298 0.5
11003978 214854815 0.5
4032597 214832717 1
4032597 214584907 1
4032597 214684513 0.5
4032597 214821285 0.5
2345052 214829379 1
2345052 214667912 1
2345052 214829368 0.5
2345052 214712132 0.5
2345052 214826711 0.5
6470673 214846117 1
6470673 214821384 1
6470673 214846119 0.5
4057196 214826942 1
4057196 214838098 1
4057196 214838096 0.5
4057196 214826945 0.5
4057196 214831942 0.5
8665198 214696830 1
8665198 214829045 1
8665198 214848315 0.5
8665198 214851157 0.5
8665198 214712278 0.5
7571583 214849395 1
7571583 214677615 1
7571583 214564387 0.5
7571583 214821032 0.5
7571583 214849363 0.5
7571583 214718165 0.5
7571583 214821017 0.5
7571583 214850621 0.5
4741249 214839962 1
4741249 214839973 1
4741249 214839587 0.5
526466 214716928 1
526466 214826715 1
526466 214717003 0.5
526466 214826627 0.5
526466 214716982 0.5
9377927 214850790 1
9377927 214853435 1
9377927 214849395 0.5
9377927 214851317 0.5
9377927 214835750 0.5
776331 214837485 1
776331 214837442 1
776331 214837490 0.5
2734222 214835017 1
2734222 214826565 1
2734222 214602600 0.5
22683 214748300 1
22683 214753513 1
22683 214748338 0.5
10276549 214854262 1
10276549 214567327 1
10276549 214854264 0.5
10276549 214684762 0.5
10276549 214853726 0.5
10276549 214567333 0.5
10276549 214854358 0.5
579744 214821277 1
579744 214821292 1
579744 214821290 0.5
10954919 214853102 1
10954919 214854785 1
10954919 214850304 0.5
10070386 214853730 1
10070386 214854065 1
10070386 214853865 0.5
4851886 214844462 1
4851886 214551632 1
4851886 214844456 0.5
4851886 214551626 0.5
4851886 214836855 0.5
7568414 214850282 1
7568414 214850295 1
7568414 214829878 0.5
4974792 214845354 1
4974792 214845581 1
4974792 214845352 0.5
5507276 214846440 1
5507276 214835167 1
5507276 214516147 0.5
5195983 214613915 1
5195983 214835017 1
5195983 214839960 0.5
5195983 214821305 0.5
5195983 214835019 0.5
5195983 214835747 0.5
5195983 214838092 0.5
7108832 214839973 1
7108832 214846007 1
7108832 214601233 0.5
7108832 214835019 0.5
7829731 214850747 1
7829731 214850852 1
7829731 214748289 0.5
7829731 214849807 0.5
11131112 214556212 1
11131112 214854585 1
11131112 214556216 0.5
919806 214839313 1
919806 214839997 1
919806 214705787 0.5
919806 214839999 0.5
6494468 214849070 1
6494468 214826715 1
6494468 214673295 0.5
3287314 214612738 1
3287314 214821339 1
3287314 214844439 0.5
4011208 214613741 1
4011208 214595150 1
4011208 214829769 0.5
1501492 214687642 1
1501492 214840483 1
1501492 214552125 0.5
10934584 214701787 1
10934584 214857830 1
10934584 214853081 0.5
10934584 214611125 0.5
10139972 214853195 1
10139972 214854358 1
10139972 214853992 0.5
10139972 214853713 0.5
10139972 214567333 0.5
10139972 214854262 0.5
4479308 214844456 1
4479308 214821313 1
4479308 214551632 0.5
4479308 214844454 0.5
9281253 214701787 1
9281253 214853325 1
9281253 214712235 0.5
9281253 214857830 0.5
10062183 214853707 1
10062183 214853702 1
10062183 214854152 0.5
10062183 214853353 0.5
11360621 214859242 1
11360621 214857830 1
11360621 214826987 0.5
11360621 214845532 0.5
9637608 214850945 1
9637608 214850949 1
9637608 214853422 0.5
5343603 214845971 1
5343603 214846119 1
5343603 214645987 0.5
5343603 214846117 0.5
5343603 214845962 0.5
5343603 214559660 0.5
5343603 214553587 0.5
5343603 214811739 0.5
5343603 214649951 0.5
4385142 214645005 1
4385142 214839639 1
4385142 214829799 0.5
4385142 214839915 0.5
4385142 214573612 0.5
4385142 214832143 0.5
4385142 214839600 0.5
4385142 214834873 0.5
4385142 214836926 0.5
4225418 214748300 1
4225418 214819721 1
4225418 214640017 0.5
4225418 214753513 0.5
4225418 214831967 0.5
4225418 214743495 0.5
9066893 214850370 1
9066893 214843367 1
9066893 214551900 0.5
6408593 214848847 1
6408593 214848688 1
6408593 214846033 0.5
6408593 214845939 0.5
6408593 214586572 0.5
6408593 214846117 0.5
6408593 214821382 0.5
4188567 214836519 1
4188567 214821367 1
4188567 214556216 0.5
4188567 214835413 0.5
2955674 214831950 1
2955674 214829885 1
2955674 214684730 0.5
5646748 214849072 1
5646748 214845939 1
5646748 214838505 0.5
5646748 214844250 0.5
9599386 214845127 1
9599386 214601040 1
9599386 214718216 0.5
9599386 214853265 0.5
9599386 214846378 0.5
2845089 214831952 1
2845089 214748297 1
2845089 214800270 0.5
10758576 214853698 1
10758576 214853702 1
10758576 214853722 0.5
10758576 214853767 0.5
616894 214826837 1
616894 214820392 1
616894 214826876 0.5
962293 214558192 1
962293 214826927 1
962293 214826912 0.5
962293 214800262 0.5
962293 214684841 0.5
962293 214716714 0.5
962293 214826615 0.5
962293 214684845 0.5
962293 214748334 0.5
962293 214826621 0.5
962293 214748336 0.5
962293 214601233 0.5
962293 214556055 0.5
962293 214826617 0.5
962293 214717562 0.5
962293 214828987 0.5
962293 214563133 0.5
962293 214690110 0.5
4118984 214826816 1
4118984 214829672 1
4118984 214829668 0.5
1460699 214842553 1
1460699 214685743 1
1460699 214587266 0.5
10336734 214854300 1
10336734 214850741 1
10336734 214849464 0.5
10336734 214819577 0.5
10336734 214854547 0.5
10336734 214853702 0.5
4037091 214832145 1
4037091 214839356 1
4037091 214836924 0.5
5482982 214820242 1
5482982 214838109 1
5482982 214613893 0.5
4884968 214587317 1
4884968 214602598 1
4884968 214586668 0.5
4884968 214821399 0.5
6769063 214585676 1
6769063 214839339 1
6769063 214774676 0.5
5446128 214844400 1
5446128 214844370 1
5446128 214844396 0.5
5446128 214712124 0.5
5446128 214725508 0.5
5446128 214711348 0.5
1812979 214821285 1
1812979 214829085 1
1812979 214829079 0.5
8641016 214851326 1
8641016 214853105 1
8641016 214853096 0.5
8641016 214853248 0.5
8641016 214853090 0.5
4651518 214613741 1
4651518 214834867 1
4651518 214826874 0.5
4651518 214663110 0.5
10627588 214854300 1
10627588 214854579 1
10627588 214819577 0.5
10627588 214854534 0.5
10758664 214854583 1
10758664 214687845 1
10758664 214846391 0.5
3078671 214835747 1
3078671 214587712 1
3078671 214835745 0.5
3078671 214573590 0.5
3078671 214657318 0.5
3078671 214743495 0.5
3078671 214835017 0.5
3078671 214831959 0.5
3078671 214687852 0.5
3078671 214800272 0.5
3078671 214820402 0.5
3078671 214835475 0.5
3078671 214706102 0.5
3078671 214829321 0.5
3078671 214826876 0.5
3078671 214711657 0.5
5409301 214836932 1
5409301 214832557 1
5409301 214834877 0.5
5409301 214819562 0.5
5409301 214835109 0.5
5409301 214819374 0.5
5409301 214844342 0.5
10897943 214854313 1
10897943 214854257 1
10897943 214853096 0.5
10897943 214546102 0.5
9919002 214850304 1
9919002 214712237 1
9919002 214853698 0.5
9919002 214829887 0.5
9919002 214846029 0.5
9919002 214853702 0.5
9919002 214853767 0.5
4365982 214602605 1
4365982 214700002 1
4365982 214712235 0.5
1933746 214829863 1
1933746 214587388 1
1933746 214829857 0.5
8350259 214564380 1
8350259 214851290 1
8350259 214662759 0.5
10713524 214854352 1
10713524 214684785 1
10713524 214684762 0.5
870973 214716937 1
870973 214716939 1
870973 214827009 0.5
870973 214716980 0.5
870973 214535621 0.5
870973 214716941 0.5
10955331 214853100 1
10955331 214854787 1
10955331 214854840 0.5
6511172 214716707 1
6511172 214716710 1
6511172 214848656 0.5
9538118 214853212 1
9538118 214595139 1
9538118 214717331 0.5
9173576 214853143 1
9173576 214844394 1
9173576 214844441 0.5
7219794 214850550 1
7219794 214712242 1
7219794 214840483 0.5
7219794 214712244 0.5
10168919 214853700 1
10168919 214853730 1
10168919 214853707 0.5
4827739 214701787 1
4827739 214835126 1
4827739 214706452 0.5
11074141 214853102 1
11074141 214864880 1
11074141 214854802 0.5
11074141 214854860 0.5
11228226 214853460 1
11228226 214854787 1
11228226 214854536 0.5
5102184 214837882 1
5102184 214695399 1
5102184 214821410 0.5
5102184 214834877 0.5
5102184 214832150 0.5
1919597 214826709 1
1919597 214835752 1
1919597 214579288 0.5
8153713 214849078 1
8153713 214849033 1
8153713 214851317 0.5
8641139 214853090 1
8641139 214851326 1
8641139 214853212 0.5
6687348 214850304 1
6687348 214846033 1
6687348 214711314 0.5
6687348 214849796 0.5
2624121 214829878 1
2624121 214831957 1
2624121 214700002 0.5
11168388 214853102 1
11168388 214864880 1
11168388 214705747 0.5
920208 214533026 1
920208 214821305 1
920208 214821302 0.5
1718954 214834877 1
1718954 214829006 1
1718954 214826563 0.5
5499563 214848176 1
5499563 214848178 1
5499563 214844372 0.5
5499563 214844398 0.5
1317551 214712126 1
1317551 214711280 1
1317551 214829387 0.5
5147319 214838094 1
5147319 214840091 1
5147319 214837280 0.5
5147319 214832154 0.5
5147319 214838092 0.5
5913272 214846472 1
5913272 214580293 1
5913272 214700992 0.5
5913272 214846378 0.5
5913272 214695478 0.5
7125691 214820282 1
7125691 214846477 1
7125691 214835561 0.5
7125691 214714794 0.5
7125691 214849022 0.5
375486 214826608 1
375486 214826893 1
375486 214826627 0.5
375486 214826623 0.5
4471489 214831970 1
4471489 214538951 1
4471489 214826730 0.5
3025609 214835107 1
3025609 214832126 1
3025609 214832128 0.5
3025609 214829385 0.5
3025609 214835122 0.5
3025609 214829660 0.5
3025609 214835002 0.5
11107019 214854707 1
11107019 214712242 1
11107019 214850282 0.5
11107019 214845980 0.5
4106956 214829310 1
4106956 214839356 1
4106956 214556216 0.5
4106956 214646745 0.5
4106956 214845131 0.5
4106956 214691366 0.5
5696221 214834867 1
5696221 214835745 1
5696221 214587712 0.5
5696221 214609325 0.5
5696221 214657318 0.5
10406627 214854264 1
10406627 214854298 1
10406627 214854262 0.5
10406627 214853767 0.5
10406627 214854510 0.5
10406627 214854517 0.5
10406627 214706102 0.5
10406627 214567333 0.5
7510763 214845581 1
7510763 214850291 1
7510763 214850295 0.5
6494956 214848695 1
6494956 214846530 1
6494956 214848337 0.5
6494956 214826990 0.5
6494956 214820214 0.5
4763432 214560240 1
4763432 214710152 1
4763432 214828991 0.5
11250418 214853321 1
11250418 214854800 1
11250418 214854789 0.5
11250418 214854791 0.5
10271488 214567329 1
10271488 214567215 1
10271488 214684762 0.5
10271488 214854268 0.5
10099469 214853707 1
10099469 214853767 1
10099469 214853698 0.5
10099469 214853730 0.5
10099469 214853702 0.5
8616718 214853077 1
8616718 214852980 1
8616718 214853096 0.5
9960214 214853730 1
9960214 214846305 1
9960214 214854152 0.5
9960214 214849740 0.5
9960214 214848941 0.5
9960214 214579837 0.5
7236376 214836879 1
7236376 214850304 1
7236376 214850285 0.5
7236376 214850310 0.5
7133979 214845943 1
7133979 214848324 1
7133979 214848746 0.5
9468701 214850949 1
9468701 214853422 1
9468701 214850947 0.5
8891167 214851742 1
8891167 214677830 1
8891167 214678376 0.5
8891167 214845962 0.5
8891167 214851290 0.5
8891167 214851159 0.5
1620769 214551613 1
1620769 214714757 1
1620769 214554785 0.5
10898211 214854782 1
10898211 214853102 1
10898211 214696897 0.5
4270884 214838107 1
4270884 214838098 1
4270884 214838105 0.5
10341163 214567327 1
10341163 214567333 1
10341163 214684785 0.5
10341163 214684762 0.5
10341163 214853726 0.5
10341163 214854358 0.5
10341163 214854262 0.5
2616124 214826662 1
2616124 214826668 1
2616124 214826666 0.5
7174982 214844394 1
7174982 214844447 1
7174982 214612751 0.5
7174982 214829679 0.5
11070298 214854707 1
11070298 214853072 1
11070298 214510447 0.5
703323 214748338 1
703323 214748297 1
703323 214554000 0.5
11037533 214853102 1
11037533 214854840 1
11037533 214684730 0.5
11037533 214853420 0.5
11037533 214854797 0.5
3717577 214645618 1
3717577 214838124 1
3717577 214820400 0.5
9915236 214836956 1
9915236 214832156 1
9915236 214717867 0.5
9915236 214854118 0.5
2648953 214831948 1
2648953 214829878 1
2648953 214829880 0.5
7068542 214850282 1
7068542 214850315 1
7068542 214850291 0.5
6421126 214835426 1
6421126 214835428 1
6421126 214826874 0.5
7289749 214853177 1
7289749 214853758 1
7289749 214828882 0.5
11451286 214850304 1
11451286 214850947 1
11451286 214846029 0.5
11451286 214829887 0.5
736157 214827011 1
736157 214827013 1
736157 214711297 0.5
736157 214826747 0.5
736157 214829310 0.5
736157 214539110 0.5
736157 214826617 0.5
7121822 214849318 1
7121822 214849320 1
7121822 214849322 0.5
7121822 214832156 0.5
7121822 214849245 0.5
7121822 214849286 0.5
9157536 214832657 1
9157536 214716984 1
9157536 214716986 0.5
9157536 214832655 0.5
9157536 214716982 0.5
9157536 214855183 0.5
8530849 214849102 1
8530849 214717003 1
8530849 214716977 0.5
5032873 214839973 1
5032873 214845131 1
5032873 214826977 0.5
5032873 214826872 0.5
5032873 214557095 0.5
5032873 214711657 0.5
5032873 214832780 0.5
5032873 214716110 0.5
5032873 214839600 0.5
5032873 214838225 0.5
5032873 214601233 0.5
5032873 214845806 0.5
5032873 214839960 0.5
5819314 214838107 1
5819314 214846014 1
5819314 214717511 0.5
5819314 214846031 0.5
5819314 214838098 0.5
5819314 214826715 0.5
5819314 214684734 0.5
5819314 214711295 0.5
9650676 214853730 1
9650676 214853195 1
9650676 214853713 0.5
9650676 214853715 0.5
9650676 214853413 0.5
6495169 214844396 1
6495169 214844398 1
6495169 214844372 0.5
6466499 214846475 1
6466499 214848622 1
6466499 214838225 0.5
6466499 214575279 0.5
9898953 214561775 1
9898953 214821020 1
9898953 214829765 0.5
3447761 214573612 1
3447761 214642805 1
3447761 214602802 0.5
3668953 214685747 1
3668953 214579226 1
3668953 214587560 0.5
3668953 214846057 0.5
3668953 214840556 0.5
3668953 214848729 0.5
5267279 214845407 1
5267279 214845585 1
5267279 214836328 0.5
9374687 214853420 1
9374687 214850947 1
9374687 214853428 0.5
5848041 214846012 1
5848041 214846033 1
5848041 214712235 0.5
8793068 214853248 1
8793068 214853085 1
8793068 214853094 0.5
5778422 214849001 1
5778422 214845583 1
5778422 214845986 0.5
5778422 214845887 0.5
5778422 214846061 0.5
5778422 214846007 0.5
76791 214826897 1
76791 214826955 1
76791 214826627 0.5
76791 214686902 0.5
76791 214718390 0.5
5987326 214846367 1
5987326 214848992 1
5987326 214846421 0.5
8633356 214851326 1
8633356 214852978 1
8633356 214853248 0.5
8633356 214853090 0.5
8633356 214852980 0.5
8633356 214853094 0.5
7547922 214850771 1
7547922 214850743 1
7547922 214850765 0.5
6413336 214848980 1
6413336 214848977 1
6413336 214846530 0.5
6268467 214684717 1
6268467 214849076 1
6268467 214845577 0.5
6268467 214845579 0.5
6268467 214846031 0.5
10669091 214687845 1
10669091 214687475 1
10669091 214854495 0.5
10628132 214567327 1
10628132 214854262 1
10628132 214567329 0.5
10628132 214567333 0.5
10628132 214854510 0.5
2366504 214835111 1
2366504 214835087 1
2366504 214826977 0.5
2366504 214743495 0.5
2366504 214832780 0.5
2366504 214716110 0.5
2366504 214748336 0.5
2366504 214831959 0.5
5516333 214846065 1
5516333 214554967 1
5516333 214836887 0.5
3402802 214716971 1
3402802 214829882 1
3402802 214716973 0.5
3402802 214829885 0.5
11172594 214854699 1
11172594 214854802 1
11172594 214709685 0.5
7629891 214844439 1
7629891 214821309 1
7629891 214821305 0.5
2972743 214829878 1
2972743 214831948 1
2972743 214561472 0.5
2972743 214836517 0.5
11065186 214854785 1
11065186 214853100 1
11065186 214854860 0.5
8027222 214849155 1
8027222 214849080 1
8027222 214849153 0.5
8027222 214851587 0.5
8027222 214573350 0.5
9329752 214850949 1
9329752 214844398 1
9329752 214844400 0.5
9329752 214844396 0.5
9329752 214853381 0.5
5930073 214846067 1
5930073 214846127 1
5930073 214839587 0.5
5023589 214838092 1
5023589 214837286 1
5023589 214837280 0.5
5766246 214845405 1
5766246 214839982 1
5766246 214708305 0.5
9096304 214851150 1
9096304 214851294 1
9096304 214853437 0.5
8834166 214717867 1
8834166 214716973 1
8834166 214716977 0.5
8834166 214851167 0.5
8834166 214819468 0.5
8834166 214554358 0.5
8834166 214748327 0.5
6138388 214743515 1
6138388 214849072 1
6138388 214684702 0.5
2223236 214831946 1
2223236 214829878 1
2223236 214835745 0.5
2223236 214831940 0.5
2223236 214716935 0.5
2223236 214664777 0.5
2223236 214600492 0.5
2223236 214829880 0.5
3402892 214551793 1
3402892 214645226 1
3402892 214826720 0.5
3402892 214539193 0.5
3402892 214827011 0.5
3402892 214539148 0.5
8821904 214851150 1
8821904 214851294 1
8821904 214829045 0.5
2489517 214829878 1
2489517 214829887 1
2489517 214819468 0.5
11455663 214849132 1
11455663 214712242 1
11455663 214849100 0.5
3947271 214842735 1
3947271 214836924 1
3947271 214836932 0.5
9409736 214850949 1
9409736 214846031 1
9409736 214850945 0.5
9409736 214717511 0.5
9409736 214819400 0.5
9409736 214850315 0.5
9409736 214850285 0.5
9409736 214853422 0.5
9409736 214718255 0.5
9409736 214850942 0.5
9409736 214853402 0.5
9409736 214673295 0.5
9409736 214706428 0.5
9409736 214821373 0.5
9409736 214684734 0.5
9409736 214711295 0.5
400564 214821305 1
400564 214821302 1
400564 214586711 0.5
5389494 214687475 1
5389494 214836830 1
5389494 214556840 0.5
5389494 214840419 0.5
5389494 214687685 0.5
1780923 214712126 1
1780923 214828976 1
1780923 214826610 0.5
1780923 214712124 0.5
1780923 214834877 0.5
253116 214826893 1
253116 214826955 1
253116 214826623 0.5
9260221 214853420 1
9260221 214853422 1
9260221 214850947 0.5
9260221 214850942 0.5
5652342 214844400 1
5652342 214844402 1
5652342 214844370 0.5
19659 214820261 1
19659 214820233 1
19659 214820227 0.5
3551778 214832115 1
3551778 214832124 1
3551778 214821332 0.5
572624 214613743 1
572624 214827013 1
572624 214685784 0.5
572624 214826998 0.5
1629396 214834877 1
1629396 214829387 1
1629396 214826610 0.5
1629396 214712126 0.5
1528357 214748300 1
1528357 214753513 1
1528357 214748293 0.5
9368416 214846258 1
9368416 214850945 1
9368416 214850947 0.5
9368416 214850700 0.5
4758762 214844439 1
4758762 214821309 1
4758762 214821305 0.5
5938388 214846001 1
5938388 214846318 1
5938388 214845917 0.5
5938388 214554382 0.5
5938388 214845887 0.5
7630097 214853758 1
7630097 214853177 1
7630097 214828882 0.5
7630097 214853175 0.5
10013971 214853730 1
10013971 214853722 1
10013971 214853698 0.5
10013971 214853707 0.5
10013971 214853700 0.5
10013971 214853767 0.5
5651738 214844370 1
5651738 214743350 1
5651738 214674658 0.5
10175708 214854534 1
10175708 214853846 1
10175708 214854118 0.5
9023758 214851577 1
9023758 214829765 1
9023758 214849312 0.5
9023758 214851585 0.5
9023758 214677615 0.5
9023758 214829366 0.5
9023758 214561496 0.5
9023758 214821017 0.5
9023758 214835167 0.5
9321786 214850949 1
9321786 214853422 1
9321786 214853428 0.5
9321786 214846031 0.5
867643 214821307 1
867643 214711438 1
867643 214826829 0.5
7601468 214853177 1
7601468 214853175 1
7601468 214828882 0.5
8985918 214701787 1
8985918 214857830 1
8985918 214676567 0.5
7519551 214748291 1
7519551 214850743 1
7519551 214748304 0.5
7519551 214850619 0.5
7519551 214850411 0.5
3353922 214835128 1
3353922 214829767 1
3353922 214835132 0.5
3353922 214829390 0.5
777547 214821305 1
777547 214821339 1
777547 214821307 0.5
5041491 214845577 1
5041491 214845356 1
5041491 214845579 0.5
5041491 214829878 0.5
9807758 214684785 1
9807758 214684762 1
9807758 214846305 0.5
9807758 214848941 0.5
9807758 214561775 0.5
9807758 214850936 0.5
9807758 214854300 0.5
9807758 214853726 0.5
10009942 214853321 1
10009942 214853325 1
10009942 214826987 0.5
4717913 214839596 1
4717913 214832143 1
4717913 214514287 0.5
7839071 214850936 1
7839071 214850756 1
7839071 214851097 0.5
7839071 214835167 0.5
7839071 214850621 0.5
7839071 214573305 0.5
4005223 214836924 1
4005223 214838225 1
4005223 214680720 0.5
4005223 214819721 0.5
4005223 214838111 0.5
3517811 214844454 1
3517811 214743350 1
3517811 214601233 0.5
3517811 214829006 0.5
3517811 214829863 0.5
4992374 214845131 1
4992374 214839587 1
4992374 214829321 0.5
4992374 214687852 0.5
4992374 214706102 0.5
9538939 214853212 1
9538939 214831946 1
9538939 214850945 0.5
9538939 214853422 0.5
2325884 214540127 1
2325884 214831955 1
2325884 214540125 0.5
9854334 214651517 1
9854334 214853094 1
9854334 214853248 0.5
9854334 214852978 0.5
9854334 214573357 0.5
9575816 214744258 1
9575816 214857830 1
9575816 214845534 0.5
1254487 214510757 1
1254487 214826874 1
1254487 214709666 0.5
1254487 214819719 0.5
1254487 214826953 0.5
1254487 214829387 0.5
1254487 214717085 0.5
1254487 214543922 0.5
1254487 214718387 0.5
1254487 214695285 0.5
1254487 214820255 0.5
1254487 214826621 0.5
1254487 214584821 0.5
7827883 214850743 1
7827883 214850771 1
7827883 214850936 0.5
3657128 214844439 1
3657128 214836847 1
3657128 214612704 0.5
3657128 214821305 0.5
3657128 214821341 0.5
3657128 214826623 0.5
7458219 214850771 1
7458219 214850743 1
7458219 214839598 0.5
4021677 214829878 1
4021677 214831946 1
4021677 214819400 0.5
7912878 214850415 1
7912878 214850747 1
7912878 214850555 0.5
543306 214550259 1
543306 214657305 1
543306 214550820 0.5
2352373 214835111 1
2352373 214716110 1
2352373 214831959 0.5
904641 214832653 1
904641 214717003 1
904641 214716984 0.5
904641 214832657 0.5
904641 214716965 0.5
904641 214716982 0.5
904641 214832655 0.5
5074378 214832154 1
5074378 214845581 1
5074378 214845577 0.5
5074378 214829882 0.5
6163919 214846425 1
6163919 214630042 1
6163919 214846432 0.5
4373968 214748302 1
4373968 214748338 1
4373968 214748297 0.5
4373968 214753513 0.5
7810527 214850938 1
7810527 214850936 1
7810527 214651777 0.5
7810527 214821020 0.5
7810527 214850555 0.5
7810527 214850756 0.5
7810527 214561775 0.5
8978342 214853132 1
8978342 214853242 1
8978342 214853222 0.5
8978342 214851750 0.5
3902952 214826829 1
3902952 214826844 1
3902952 214829012 0.5
5336553 214716973 1
5336553 214717003 1
5336553 214716971 0.5
5336553 214748327 0.5
10132982 214837494 1
10132982 214854545 1
10132982 214854549 0.5
10132982 214684502 0.5
2489848 214836517 1
2489848 214826715 1
2489848 214827035 0.5
2489848 214831946 0.5
2489848 214826947 0.5
2489848 214684730 0.5
2489848 214829887 0.5
3276281 214832128 1
3276281 214832126 1
3276281 214826563 0.5
6737403 214849322 1
6737403 214849318 1
6737403 214691471 0.5
8076802 214685049 1
8076802 214716746 1
8076802 214851080 0.5
8076802 214851122 0.5
8076802 214716671 0.5
8076802 214851575 0.5
7220739 214643722 1
7220739 214848324 1
7220739 214848746 0.5
7220739 214554950 0.5
565847 214838831 1
565847 214837485 1
565847 214837442 0.5
565847 214837483 0.5
565847 214837490 0.5
565847 214837487 0.5
753581 214826816 1
753581 214587560 1
753581 214554785 0.5
7740946 214851120 1
7740946 214853758 1
7740946 214853175 0.5
10722839 214677615 1
10722839 214854489 1
10722839 214854491 0.5
10722839 214561494 0.5
10722839 214850758 0.5
10722839 214850743 0.5
8072732 214854632 1
8072732 214716928 1
8072732 214554358 0.5
9772583 214854510 1
9772583 214854262 1
9772583 214853865 0.5
9772583 214851748 0.5
9772583 214567333 0.5
9772583 214853135 0.5
5508657 214844402 1
5508657 214844345 1
5508657 214844340 0.5
3640882 214835167 1
3640882 214836924 1
3640882 214582770 0.5
3640882 214584907 0.5
3640882 214829765 0.5
73271 214717003 1
73271 214717005 1
73271 214554358 0.5
73271 214716926 0.5
73271 214717007 0.5
630331 214716973 1
630331 214716932 1
630331 214832786 0.5
630331 214821315 0.5
630331 214819468 0.5
630331 214533022 0.5
630331 214551607 0.5
8691262 214853077 1
8691262 214853105 1
8691262 214853096 0.5
8691262 214853182 0.5
2485834 214831948 1
2485834 214835747 1
2485834 214821407 0.5
2485834 214835017 0.5
2485834 214826947 0.5
2485834 214601233 0.5
4030036 214717539 1
4030036 214845131 1
4030036 214577057 0.5
4030036 214594678 0.5
2219607 214829880 1
2219607 214831948 1
2219607 214829878 0.5
2453081 214821032 1
2453081 214717410 1
2453081 214819777 0.5
2453081 214819430 0.5
2453081 214820392 0.5
2453081 214839600 0.5
2453081 214783352 0.5
2453081 214826904 0.5
4013678 214832126 1
4013678 214832128 1
4013678 214835475 0.5
4013678 214826563 0.5
4013678 214832124 0.5
4013678 214832115 0.5
10559087 214854080 1
10559087 214854257 1
10559087 214854210 0.5
10559087 214686086 0.5
5246586 214536195 1
5246586 214536189 1
5246586 214811739 0.5
8719999 214853165 1
8719999 214846119 1
8719999 214559660 0.5
7622272 214716973 1
7622272 214844394 1
7622272 214853173 0.5
2842242 214837916 1
2842242 214834867 1
2842242 214832017 0.5
2842242 214602802 0.5
2842242 214609325 0.5
2842242 214837918 0.5
7265926 214836517 1
7265926 214844396 1
7265926 214849736 0.5
7265926 214849762 0.5
7265926 214849155 0.5
7265926 214849738 0.5
5119636 214826833 1
5119636 214845577 1
5119636 214829880 0.5
5119636 214826835 0.5
5783189 214850402 1
5783189 214845587 1
5783189 214640520 0.5
5783189 214657305 0.5
5783189 214706460 0.5
5783189 214845407 0.5
10821276 214854583 1
10821276 214687845 1
10821276 214848315 0.5
10550942 214853855 1
10550942 214854352 1
10550942 214853996 0.5
10550942 214684785 0.5
10550942 214854354 0.5
10550942 214821397 0.5
10550942 214854264 0.5
10550942 214684762 0.5
10550942 214853726 0.5
8130208 214851150 1
8130208 214851294 1
8130208 214850852 0.5
8130208 214850934 0.5
746096 214716973 1
746096 214716937 1
746096 214716939 0.5
2145969 214561775 1
2145969 214821407 1
2145969 214829664 0.5
2145969 214738460 0.5
2145969 214829396 0.5
2145969 214835021 0.5
5254839 214846012 1
5254839 214844396 1
5254839 214845474 0.5
5254839 214696899 0.5
5254839 214829765 0.5
5254839 214743335 0.5
5254839 214848997 0.5
5254839 214831948 0.5
5254839 214838102 0.5
5254839 214846007 0.5
5254839 214826949 0.5
7950008 214850790 1
7950008 214850792 1
7950008 214845585 0.5
7950008 214600492 0.5
4443833 214820259 1
4443833 214821285 1
4443833 214832717 0.5
8227447 214851317 1
8227447 214851750 1
8227447 214851122 0.5
8227447 214851133 0.5
8227447 214748334 0.5
466642 214826627 1
466642 214832552 1
466642 214648250 0.5
466642 214555492 0.5
466642 214829285 0.5
1994453 214711556 1
1994453 214821294 1
1994453 214820396 0.5
10939001 214853102 1
10939001 214854785 1
10939001 214855016 0.5
10939001 214853100 0.5
10939001 214854853 0.5
10145503 214853454 1
10145503 214853424 1
10145503 214850949 0.5
8326886 214853657 1
8326886 214712235 1
8326886 214853177 0.5
8326886 214851135 0.5
8326886 214840412 0.5
8326886 214687685 0.5
8326886 214853173 0.5
2449128 214829711 1
2449128 214829863 1
2449128 214819762 0.5
2449128 214831959 0.5
2449128 214835124 0.5
2449128 214826711 0.5
10428146 214854300 1
10428146 214854534 1
10428146 214851135 0.5
10428146 214840412 0.5
10428146 214687685 0.5
10428146 214836830 0.5
10428146 214846391 0.5
1793781 214833755 1
1793781 214821410 1
1793781 214826921 0.5
1793781 214829387 0.5
1793781 214821412 0.5
2633466 214600509 1
2633466 214686082 1
2633466 214845065 0.5
2633466 214831955 0.5
11557503 214574777 1
11557503 214859246 1
11557503 214774676 0.5
2248451 214584939 1
2248451 214584907 1
2248451 214821285 0.5
10395398 214567215 1
10395398 214567329 1
10395398 214854352 0.5
10395398 214854268 0.5
1777623 214821290 1
1777623 214829390 1
1777623 214711280 0.5
10587917 214854268 1
10587917 214854358 1
10587917 214684785 0.5
10587917 214684762 0.5
10587917 214853726 0.5
10587917 214854510 0.5
6422298 214845457 1
6422298 214831967 1
6422298 214553561 0.5
6422298 214837882 0.5
6422298 214836926 0.5
9015078 214853096 1
9015078 214853105 1
9015078 214853085 0.5
3948328 214835167 1
3948328 214829765 1
3948328 214613893 0.5
3948328 214560013 0.5
3948328 214829679 0.5
3948328 214820242 0.5
3948328 214512431 0.5
3948328 214509084 0.5
3948328 214708029 0.5
8089392 214851077 1
8089392 214851099 1
8089392 214851133 0.5
7352969 214849738 1
7352969 214849736 1
7352969 214820345 0.5
7352969 214848658 0.5
10886987 214855016 1
10886987 214854836 1
10886987 214714755 0.5
10886987 214854860 0.5
10886987 214854733 0.5
6840148 214848941 1
6840148 214848986 1
6840148 214848945 0.5
6840148 214849046 0.5
10923878 214567329 1
10923878 214567215 1
10923878 214829090 0.5
10923878 214837494 0.5
5291883 214844347 1
5291883 214844342 1
5291883 214844340 0.5
9477551 214853340 1
9477551 214853338 1
9477551 214831955 0.5
7614326 214851279 1
7614326 214845506 1
7614326 214853145 0.5
7614326 214744258 0.5
7614326 214853143 0.5
7638906 214853173 1
7638906 214851120 1
7638906 214853758 0.5
1200006 214833800 1
1200006 214836731 1
1200006 214602538 0.5
2977319 214829672 1
2977319 214587560 1
2977319 214826705 0.5
2977319 214829668 0.5
2977319 214829670 0.5
10964874 214853100 1
10964874 214854782 1
10964874 214854840 0.5
7880587 214851581 1
7880587 214851236 1
7880587 214851122 0.5
7294861 214849747 1
7294861 214819412 1
7294861 214849250 0.5
10731407 214853085 1
10731407 214853090 1
10731407 214853077 0.5
10731407 214851326 0.5
2715536 214831950 1
2715536 214826893 1
2715536 214514285 0.5
7757249 214848337 1
7757249 214849284 1
7757249 214844345 0.5
3952541 214829825 1
3952541 214839982 1
3952541 214573305 0.5
9416608 214853420 1
9416608 214850947 1
9416608 214853379 0.5
9416608 214853381 0.5
5771172 214839587 1
5771172 214829762 1
5771172 214851032 0.5
5771172 214844250 0.5
3649446 214551909 1
3649446 214838111 1
3649446 214827032 0.5
3649446 214835137 0.5
3649446 214579372 0.5
3649446 214712132 0.5
6377391 214746365 1
6377391 214561674 1
6377391 214577518 0.5
1241017 214584920 1
1241017 214827009 1
1241017 214821388 0.5
9089248 214853248 1
9089248 214853094 1
9089248 214853096 0.5
878222 214841640 1
878222 214821285 1
878222 214512425 0.5
878222 214840811 0.5
878222 214840813 0.5
878222 214537967 0.5
878222 214826801 0.5
878222 214826803 0.5
878222 214829747 0.5
878222 214536412 0.5
878222 214585397 0.5
2906789 214835019 1
2906789 214826565 1
2906789 214587697 0.5
6918309 214832604 1
6918309 214848375 1
6918309 214848832 0.5
6918309 214848613 0.5
5656556 214846031 1
5656556 214848298 1
5656556 214829880 0.5
5656556 214845917 0.5
5656556 214835019 0.5
5656556 214839973 0.5
5656556 214846007 0.5
634863 214827011 1
634863 214827013 1
634863 214551748 0.5
6971386 214846127 1
6971386 214845583 1
6971386 214846007 0.5
6971386 214714779 0.5
6971386 214839973 0.5
6971386 214716110 0.5
6971386 214602733 0.5
6283263 214685788 1
6283263 214846415 1
6283263 214842555 0.5
6283263 214845980 0.5
