4513794 214826833 1
4513794 214845806 1
4513794 214839960 0.5
4513794 214640353 0.5
4513794 214845581 0.5
4513794 214829878 0.5
4513794 214845577 0.5
8884244 214852980 1
8884244 214853077 1
8884244 214851326 0.5
4763669 214748336 1
4763669 214829852 1
4763669 214839960 0.5
4763669 214839973 0.5
6266903 214820272 1
6266903 214846007 1
6266903 214845587 0.5
6266903 214848695 0.5
5824541 214844394 1
5824541 214844439 1
5824541 214821309 0.5
5009441 214838092 1
5009441 214826825 1
5009441 214837280 0.5
2624177 214831946 1
2624177 214836519 1
2624177 214829887 0.5
6062129 214821382 1
6062129 214846312 1
6062129 214844252 0.5
5877833 214846425 1
5877833 214845590 1
5877833 214844370 0.5
5877833 214826906 0.5
4717913 214839596 1
4717913 214832143 1
4717913 214514287 0.5
10252383 214561775 1
10252383 214851742 1
10252383 214852987 0.5
10252383 214853107 0.5
8745056 214853165 1
8745056 214852987 1
8745056 214853128 0.5
8745056 214851742 0.5
10649701 214854819 1
10649701 214854857 1
10649701 214850402 0.5
4673639 214839973 1
4673639 214839971 1
4673639 214829797 0.5
6905972 214835713 1
6905972 214848605 1
6905972 214851032 0.5
10920054 214684115 1
10920054 214685795 1
10920054 214854313 0.5
10682487 214853700 1
10682487 214853767 1
10682487 214854118 0.5
6619273 214684702 1
6619273 214712237 1
6619273 214587328 0.5
6619273 214835713 0.5
6619273 214835126 0.5
7495822 214717003 1
7495822 214850790 1
7495822 214716928 0.5
7495822 214837442 0.5
7495822 214850876 0.5
7495822 214850870 0.5
7495822 214845958 0.5
3977374 214706452 1
3977374 214540070 1
3977374 214601216 0.5
7303329 214845943 1
7303329 214848986 1
7303329 214835745 0.5
7303329 214850402 0.5
7303329 214600492 0.5
7303329 214849228 0.5
7303329 214687565 0.5
7303329 214835475 0.5
7303329 214848947 0.5
7303329 214849466 0.5
8982698 214716581 1
8982698 214851022 1
8982698 214564380 0.5
8982698 214827005 0.5
10244274 214853094 1
10244274 214853248 1
10244274 214853085 0.5
7645827 214851101 1
7645827 214851122 1
7645827 214851013 0.5
7645827 214717247 0.5
688314 214716926 1
688314 214717003 1
688314 214716928 0.5
10223813 214853767 1
10223813 214853700 1
10223813 214853353 0.5
10223813 214853730 0.5
10223813 214850762 0.5
10223813 214839962 0.5
1167561 214820807 1
1167561 214829008 1
1167561 214829053 0.5
1365368 214834880 1
1365368 214826610 1
1365368 214834877 0.5
4333789 214831946 1
4333789 214829878 1
4333789 214829880 0.5
4333789 214832012 0.5
4333789 214838098 0.5
4333789 214831948 0.5
4333789 214717511 0.5
6518139 214846432 1
6518139 214835167 1
6518139 214848596 0.5
6518139 214829765 0.5
8880357 214853105 1
8880357 214853085 1
8880357 214853096 0.5
1827049 214835021 1
1827049 214826610 1
1827049 214829396 0.5
9011436 214851317 1
9011436 214853237 1
9011436 214716746 0.5
8290542 214851279 1
8290542 214826987 1
8290542 214853325 0.5
8290542 214835126 0.5
9617648 214853657 1
9617648 214700000 1
9617648 214744258 0.5
9597176 214829730 1
9597176 214829822 1
9597176 214534340 0.5
10383609 214853077 1
10383609 214852980 1
10383609 214851326 0.5
10383609 214854542 0.5
4296961 214831948 1
4296961 214838105 1
4296961 214838102 0.5
299271 214748300 1
299271 214748293 1
299271 214748295 0.5
729353 214774685 1
729353 214826705 1
729353 214826608 0.5
729353 214684513 0.5
729353 214709634 0.5
729353 214586795 0.5
729353 214826810 0.5
6775053 214716926 1
6775053 214717007 1
6775053 214716986 0.5
6775053 214717005 0.5
1061143 214829325 1
1061143 214829332 1
1061143 214829327 0.5
1982756 214586743 1
1982756 214827005 1
1982756 214834865 0.5
1982756 214827007 0.5
9515304 214853342 1
9515304 214835004 1
9515304 214853424 0.5
9515304 214857204 0.5
2850868 214587712 1
2850868 214835017 1
2850868 214718372 0.5
6971706 214848954 1
6971706 214848945 1
6971706 214848941 0.5
4469051 214839596 1
4469051 214700002 1
4469051 214838098 0.5
6463808 214714794 1
6463808 214848622 1
6463808 214848950 0.5
9404742 214853420 1
9404742 214850945 1
9404742 214850947 0.5
9404742 214853422 0.5
3543367 214684730 1
3543367 214829878 1
3543367 214686902 0.5
3543367 214826955 0.5
3543367 214711408 0.5
3543367 214711318 0.5
3543367 214718396 0.5
3543367 214718398 0.5
3543367 214686911 0.5
2982222 214537490 1
2982222 214835019 1
2982222 214509842 0.5
905557 214821305 1
905557 214821315 1
905557 214828987 0.5
5804374 214748297 1
5804374 214748300 1
5804374 214748338 0.5
5804374 214748293 0.5
8642903 214853094 1
8642903 214853248 1
8642903 214853090 0.5
8642903 214853077 0.5
8642903 214555438 0.5
8642903 214853085 0.5
11559256 214714755 1
11559256 214857568 1
11559256 214583670 0.5
2220396 214836517 1
2220396 214826587 1
2220396 214718169 0.5
2220396 214821022 0.5
10035261 214853700 1
10035261 214853767 1
10035261 214859825 0.5
10035261 214849322 0.5
3715134 214835019 1
3715134 214601233 1
3715134 214835745 0.5
3715134 214829799 0.5
9638262 214853077 1
9638262 214840483 1
9638262 214828882 0.5
9638262 214852980 0.5
9638262 214853085 0.5
9638262 214853094 0.5
7038756 214849389 1
7038756 214575193 1
7038756 214853177 0.5
7038756 214849466 0.5
11166073 214853325 1
11166073 214704180 1
11166073 214700002 0.5
11166073 214826987 0.5
11166073 214712237 0.5
11166073 214704182 0.5
934269 214821302 1
934269 214821309 1
934269 214821305 0.5
934269 214586711 0.5
5837182 214821339 1
5837182 214851086 1
5837182 214512429 0.5
2568583 214837916 1
2568583 214837918 1
2568583 214829715 0.5
2568583 214844460 0.5
9638289 214853342 1
9638289 214578011 1
9638289 214849132 0.5
9638289 214510445 0.5
508319 214829008 1
508319 214745317 1
508319 214711952 0.5
508319 214820807 0.5
3146144 214832115 1
3146144 214832124 1
3146144 214557223 0.5
9407601 214853420 1
9407601 214853422 1
9407601 214853248 0.5
9407601 214853096 0.5
9407601 214853115 0.5
9407601 214853454 0.5
9407601 214848185 0.5
512427 214826617 1
512427 214826621 1
512427 214826619 0.5
512427 214826612 0.5
7094707 214849775 1
7094707 214849250 1
7094707 214845984 0.5
7094707 214839617 0.5
7094707 214849466 0.5
10650056 214854579 1
10650056 214854547 1
10650056 214854262 0.5
9118162 214853758 1
9118162 214853177 1
9118162 214545932 0.5
9118162 214832604 0.5
9118162 214844454 0.5
631258 214819468 1
631258 214716926 1
631258 214717867 0.5
631258 214717014 0.5
9150941 214853077 1
9150941 214852980 1
9150941 214716671 0.5
6332894 214716982 1
6332894 214716986 1
6332894 214716965 0.5
6332894 214716926 0.5
684516 214833800 1
684516 214535621 1
684516 214833802 0.5
1434089 214834880 1
1434089 214826610 1
1434089 214834877 0.5
2765296 214829878 1
2765296 214831946 1
2765296 214507331 0.5
8510208 214851163 1
8510208 214851097 1
8510208 214851028 0.5
8510208 214851165 0.5
1114637 214716707 1
1114637 214716710 1
1114637 214827007 0.5
1114637 214827005 0.5
1114637 214554285 0.5
2310677 214829880 1
2310677 214829878 1
2310677 214829887 0.5
2310677 214831948 0.5
2310677 214533022 0.5
2310677 214551607 0.5
3633699 214744775 1
3633699 214836330 1
3633699 214832128 0.5
3633699 214819721 0.5
3633699 214819760 0.5
3633699 214835469 0.5
6943271 214849745 1
6943271 214846072 1
6943271 214846112 0.5
4379192 214838096 1
4379192 214838105 1
4379192 214829792 0.5
4379192 214838107 0.5
4379192 214839590 0.5
6517516 214849252 1
6517516 214846470 1
6517516 214846457 0.5
6517516 214839975 0.5
6582863 214848596 1
6582863 214848384 1
6582863 214835167 0.5
1516113 214826610 1
1516113 214826814 1
1516113 214834877 0.5
2548311 214829878 1
2548311 214829887 1
2548311 214711408 0.5
2548311 214826955 0.5
7586408 214579755 1
7586408 214850754 1
7586408 214850765 0.5
7586408 214584926 0.5
4002417 214826990 1
4002417 214835109 1
4002417 214838227 0.5
9113023 214853135 1
9113023 214850405 1
9113023 214851748 0.5
9113023 214850621 0.5
9113023 214853182 0.5
10392191 214854352 1
10392191 214854536 1
10392191 214854358 0.5
11416192 214853754 1
11416192 214510460 1
11416192 214854707 0.5
10039938 214853992 1
10039938 214854300 1
10039938 214643036 0.5
10039938 214854159 0.5
2970641 214701787 1
2970641 214684702 1
2970641 214845538 0.5
2970641 214706452 0.5
11074328 214695525 1
11074328 214687905 1
11074328 214572452 0.5
11055766 214835000 1
11055766 214648256 1
11055766 214857204 0.5
10027671 214854262 1
10027671 214854510 1
10027671 214837494 0.5
2101916 214668590 1
2101916 214829752 1
2101916 214587384 0.5
5075738 214836536 1
5075738 214831955 1
5075738 214527519 0.5
5075738 214602830 0.5
5075738 214845407 0.5
1409694 214834880 1
1409694 214834869 1
1409694 214826610 0.5
1409694 214829387 0.5
10732191 214853698 1
10732191 214851077 1
10732191 214711952 0.5
10732191 214853707 0.5
1491622 214834877 1
1491622 214833755 1
1491622 214829387 0.5
5251758 214844398 1
5251758 214835428 1
5251758 214844340 0.5
5251758 214712126 0.5
5802781 214849001 1
5802781 214845131 1
5802781 214835019 0.5
5802781 214845917 0.5
5802781 214846007 0.5
11031222 214855016 1
11031222 214853362 1
11031222 214714755 0.5
11031222 214854733 0.5
11031222 214854815 0.5
6496952 214716941 1
6496952 214716939 1
6496952 214716945 0.5
6496952 214716947 0.5
6496952 214716973 0.5
5694137 214846033 1
5694137 214846029 1
5694137 214829887 0.5
5194439 214684108 1
5194439 214748327 1
5194439 214826818 0.5
5194439 214716965 0.5
10359526 214854264 1
10359526 214854585 1
10359526 214854268 0.5
10359526 214819410 0.5
10359526 214853244 0.5
10359526 214854354 0.5
10359526 214854358 0.5
3509781 214836932 1
3509781 214669730 1
3509781 214838227 0.5
1639151 214820396 1
1639151 214820400 1
1639151 214826872 0.5
4248306 214684702 1
4248306 214706452 1
4248306 214829792 0.5
4248306 214712235 0.5
4248306 214712237 0.5
2794232 214600492 1
2794232 214587712 1
2794232 214835745 0.5
878037 214837442 1
878037 214837485 1
878037 214827007 0.5
878037 214827005 0.5
878037 214837487 0.5
5526273 214844372 1
5526273 214844355 1
5526273 214667912 0.5
5526273 214835473 0.5
5526273 214835428 0.5
5526273 214700885 0.5
4342533 214836512 1
4342533 214831970 1
4342533 214839937 0.5
7436419 214848630 1
7436419 214849046 1
7436419 214846127 0.5
9384726 214853420 1
9384726 214853422 1
9384726 214854065 0.5
9384726 214746380 0.5
9384726 214853077 0.5
5833498 214838227 1
5833498 214835109 1
5833498 214829387 0.5
5833498 214834877 0.5
5833498 214844340 0.5
5833498 214844342 0.5
5833498 214826617 0.5
5833498 214665277 0.5
11064097 214853100 1
11064097 214854797 1
11064097 214684734 0.5
9904932 214854510 1
9904932 214853735 1
9904932 214846082 0.5
9904932 214854118 0.5
2155317 214829664 1
2155317 214829666 1
2155317 214834880 0.5
2155317 214826563 0.5
2155317 214684046 0.5
2155317 214718385 0.5
2155317 214717742 0.5
2155317 214821407 0.5
10195081 214853767 1
10195081 214853722 1
10195081 214829090 0.5
10195081 214853454 0.5
10195081 214725549 0.5
10195081 214857830 0.5
3810104 214712235 1
3810104 214826715 1
3810104 214839594 0.5
3810104 214839596 0.5
3052348 214835019 1
3052348 214587697 1
3052348 214602802 0.5
3052348 214826565 0.5
2282303 214831948 1
2282303 214829880 1
2282303 214831946 0.5
7451458 214851279 1
7451458 214853657 1
7451458 214851120 0.5
7451458 214712235 0.5
1848139 214829079 1
1848139 214821285 1
1848139 214829085 0.5
1848139 214832717 0.5
4973368 214820261 1
4973368 214820233 1
4973368 214640477 0.5
6365326 214849132 1
6365326 214846370 1
6365326 214510445 0.5
5743851 214846033 1
5743851 214846012 1
5743851 214595137 0.5
5743851 214848298 0.5
3920186 214836924 1
3920186 214835167 1
3920186 214829765 0.5
3920186 214539039 0.5
979813 214533020 1
979813 214821339 1
979813 214821309 0.5
11416422 214567327 1
11416422 214857557 1
11416422 214684785 0.5
8475507 214850938 1
8475507 214850743 1
8475507 214819378 0.5
8475507 214564387 0.5
11238206 214510445 1
11238206 214712242 1
11238206 214578011 0.5
11238206 214849100 0.5
8078211 214844439 1
8078211 214844394 1
8078211 214821305 0.5
10879902 214853094 1
10879902 214853105 1
10879902 214852978 0.5
4166564 214829765 1
4166564 214835167 1
4166564 214835109 0.5
4326312 214573350 1
4326312 214696897 1
4326312 214578577 0.5
4326312 214826623 0.5
6828978 214580293 1
6828978 214846385 1
6828978 214545930 0.5
4813754 214743515 1
4813754 214845129 1
4813754 214829792 0.5
4813754 214700002 0.5
4813754 214831944 0.5
4813754 214832012 0.5
4813754 214838096 0.5
4813754 214838098 0.5
7730121 214850936 1
7730121 214850790 1
7730121 214850405 0.5
10343379 214853420 1
10343379 214850945 1
10343379 214849076 0.5
10863573 214864880 1
10863573 214582942 1
10863573 214853100 0.5
3302358 214826623 1
3302358 214836830 1
3302358 214829368 0.5
4981727 214840082 1
4981727 214602733 1
4981727 214836330 0.5
4981727 214819468 0.5
4981727 214845806 0.5
4981727 214829852 0.5
4981727 214844413 0.5
4981727 214839967 0.5
2400519 214829880 1
2400519 214831948 1
2400519 214829887 0.5
2679777 214835019 1
2679777 214835017 1
2679777 214835747 0.5
2679777 214609325 0.5
2155492 214829885 1
2155492 214829878 1
2155492 214829882 0.5
7968829 214850936 1
7968829 214850938 1
7968829 214849736 0.5
7968829 214844400 0.5
2180082 214716984 1
2180082 214748327 1
2180082 214716928 0.5
2180082 214716939 0.5
2180082 214716971 0.5
2180082 214832655 0.5
2180082 214716945 0.5
2180082 214717007 0.5
4555779 214612706 1
4555779 214612704 1
4555779 214551624 0.5
4555779 214821315 0.5
6202384 214846001 1
6202384 214846468 1
6202384 214826990 0.5
6759444 214848952 1
6759444 214848941 1
6759444 214848945 0.5
6759444 214848954 0.5
6759444 214706214 0.5
1979481 214821332 1
1979481 214601201 1
1979481 214829392 0.5
4695069 214845131 1
4695069 214839975 1
4695069 214839971 0.5
4695069 214839973 0.5
4695069 214602598 0.5
4695069 214836330 0.5
4695069 214837494 0.5
4695069 214836857 0.5
4695069 214821401 0.5
4695069 214829850 0.5
9704478 214850942 1
9704478 214853420 1
9704478 214853237 0.5
5485639 214821309 1
5485639 214844439 1
5485639 214844394 0.5
238678 214706205 1
238678 214753513 1
238678 214753507 0.5
9081944 214853094 1
9081944 214853085 1
9081944 214851122 0.5
9081944 214846067 0.5
9081944 214851236 0.5
9081944 214851581 0.5
11080808 214854785 1
11080808 214853102 1
11080808 214854853 0.5
7816304 214850743 1
7816304 214850938 1
7816304 214850936 0.5
5338226 214533020 1
5338226 214838107 1
5338226 214821339 0.5
9487478 214852985 1
9487478 214853248 1
9487478 214853090 0.5
70776 214829285 1
70776 214826608 1
70776 214821275 0.5
2925689 214836519 1
2925689 214837438 1
2925689 214836877 0.5
316538 214820261 1
316538 214820233 1
316538 214585288 0.5
316538 214821369 0.5
316538 214832550 0.5
8661183 214851150 1
8661183 214849337 1
8661183 214851238 0.5
3110018 214712242 1
3110018 214510447 1
3110018 214510445 0.5
10409112 214854787 1
10409112 214853460 1
10409112 214853428 0.5
9356448 214850949 1
9356448 214850945 1
9356448 214853420 0.5
9028769 214852980 1
9028769 214853077 1
9028769 214853085 0.5
9798818 214853366 1
9798818 214705659 1
9798818 214849057 0.5
9798818 214748310 0.5
83108 214612901 1
83108 214841006 1
83108 214577387 0.5
83108 214573357 0.5
9454766 214853420 1
9454766 214850947 1
9454766 214850949 0.5
9454766 214853454 0.5
8914096 214853248 1
8914096 214852978 1
8914096 214853085 0.5
8914096 214851326 0.5
9213109 214850790 1
9213109 214854172 1
9213109 214854146 0.5
2790584 214748302 1
2790584 214753505 1
2790584 214748297 0.5
2790584 214642314 0.5
2790584 214676019 0.5
2790584 214832559 0.5
9818997 214853698 1
9818997 214853702 1
9818997 214853707 0.5
6128842 214846385 1
6128842 214580293 1
6128842 214545930 0.5
6128842 214545932 0.5
7845069 214743515 1
7845069 214835126 1
7845069 214587328 0.5
7845069 214835120 0.5
7845069 214712237 0.5
7845069 214511015 0.5
5588182 214836881 1
5588182 214829797 1
5588182 214835473 0.5
5588182 214826949 0.5
10823887 214853102 1
10823887 214854782 1
10823887 214854840 0.5
10823887 214853100 0.5
10823887 214853156 0.5
2553064 214829880 1
2553064 214829882 1
2553064 214829878 0.5
6354154 214848596 1
6354154 214848384 1
6354154 214848845 0.5
4781607 214829765 1
4781607 214835167 1
4781607 214667912 0.5
3380469 214835109 1
3380469 214836795 1
3380469 214829666 0.5
3380469 214834877 0.5
3380469 214595150 0.5
11445496 214684108 1
11445496 214849327 1
11445496 214848746 0.5
7738642 214854632 1
7738642 214844439 1
7738642 214716928 0.5
7738642 214717003 0.5
7738642 214716926 0.5
7738642 214717007 0.5
6509847 214821309 1
6509847 214844439 1
6509847 214551626 0.5
6509847 214844452 0.5
7599386 214612738 1
7599386 214821309 1
7599386 214533020 0.5
7890206 214849250 1
7890206 214849194 1
7890206 214819378 0.5
10118432 214651777 1
10118432 214849230 1
10118432 214846119 0.5
10077302 214850366 1
10077302 214684715 1
10077302 214832143 0.5
7808292 214632146 1
7808292 214850291 1
7808292 214849194 0.5
13607 214826627 1
13607 214826835 1
13607 214826955 0.5
3929652 214844439 1
3929652 214844394 1
3929652 214821305 0.5
2467139 214829880 1
2467139 214829882 1
2467139 214831946 0.5
2467139 214829885 0.5
2467139 214829878 0.5
9053517 214853094 1
9053517 214853096 1
9053517 214716714 0.5
7972189 214850780 1
7972189 214844368 1
7972189 214846457 0.5
4773222 214839965 1
4773222 214839973 1
4773222 214836932 0.5
4773222 214602733 0.5
9196906 214853340 1
9196906 214853338 1
9196906 214831955 0.5
6829423 214820227 1
6829423 214820383 1
6829423 214848622 0.5
8369528 214851150 1
8369528 214851294 1
8369528 214674707 0.5
8369528 214556563 0.5
8369528 214829045 0.5
9717114 214846012 1
9717114 214850947 1
9717114 214850304 0.5
9717114 214831948 0.5
9717114 214853420 0.5
9717114 214850942 0.5
9717114 214829887 0.5
7247237 214839339 1
7247237 214845127 1
7247237 214849297 0.5
7247237 214774676 0.5
7247237 214849301 0.5
4183437 214674658 1
4183437 214836512 1
4183437 214696897 0.5
4183437 214667970 0.5
4183437 214836857 0.5
3818894 214835167 1
3818894 214829765 1
3818894 214842345 0.5
3818894 214586983 0.5
9036013 214854632 1
9036013 214717005 1
9036013 214716926 0.5
3880344 214706216 1
3880344 214534667 1
3880344 214821296 0.5
5780891 214846033 1
5780891 214846012 1
5780891 214829878 0.5
7853474 214849048 1
7853474 214846404 1
7853474 214849052 0.5
10384804 214853730 1
10384804 214853762 1
10384804 214853700 0.5
3384742 214826610 1
3384742 214829390 1
3384742 214833755 0.5
6702508 214846472 1
6702508 214845958 1
6702508 214571188 0.5
6702508 214848613 0.5
6357654 214848337 1
6357654 214846530 1
6357654 214848950 0.5
1983921 214748300 1
1983921 214753513 1
1983921 214748295 0.5
3278262 214834877 1
3278262 214668281 1
3278262 214833755 0.5
4716322 214839596 1
4716322 214712237 1
4716322 214829792 0.5
4716322 214831944 0.5
4716322 214838102 0.5
4257212 214834877 1
4257212 214836885 1
4257212 214820803 0.5
4257212 214839973 0.5
4257212 214684046 0.5
4257212 214829775 0.5
4257212 214848178 0.5
4257212 214832147 0.5
4257212 214839962 0.5
4257212 214827002 0.5
3696064 214826990 1
3696064 214835109 1
3696064 214838227 0.5
8349128 214850304 1
8349128 214846029 1
8349128 214819412 0.5
8349128 214829887 0.5
7108042 214848337 1
7108042 214826990 1
7108042 214826610 0.5
7108042 214849020 0.5
7108042 214849239 0.5
7058898 214849734 1
7058898 214849740 1
7058898 214849466 0.5
7058898 214849738 0.5
4374094 214826990 1
4374094 214835109 1
4374094 214838227 0.5
4374094 214836932 0.5
7984608 214564380 1
7984608 214851290 1
7984608 214851313 0.5
7984608 214829765 0.5
2385378 214829878 1
2385378 214829887 1
2385378 214829882 0.5
2385378 214831957 0.5
11261433 214844094 1
11261433 214819779 1
11261433 214836517 0.5
10749439 214854722 1
10749439 214854720 1
10749439 214854264 0.5
10749439 214567329 0.5
10749439 214684785 0.5
10749439 214678633 0.5
8537601 214850792 1
8537601 214844413 1
8537601 214845583 0.5
3937814 214835019 1
3937814 214835017 1
3937814 214835747 0.5
10995233 214853102 1
10995233 214864880 1
10995233 214854860 0.5
3296177 214829657 1
3296177 214832124 1
3296177 214829660 0.5
6968877 214848596 1
6968877 214848384 1
6968877 214829765 0.5
2938418 214844456 1
2938418 214821305 1
2938418 214844441 0.5
2938418 214844394 0.5
2938418 214821309 0.5
2938418 214844439 0.5
1394228 214834880 1
1394228 214743495 1
1394228 214826610 0.5
1394228 214834877 0.5
1394228 214829366 0.5
1394228 214558807 0.5
4683317 214586668 1
4683317 214829379 1
4683317 214667912 0.5
4683317 214821020 0.5
4683317 214554332 0.5
7278857 214677917 1
7278857 214849295 1
7278857 214677920 0.5
7278857 214677986 0.5
7278857 214677924 0.5
1443386 214844394 1
1443386 214821305 1
1443386 214821309 0.5
1443386 214821302 0.5
6946187 214849239 1
6946187 214716975 1
6946187 214848337 0.5
11236943 214853102 1
11236943 214854785 1
11236943 214854731 0.5
11236943 214714755 0.5
5465686 214844396 1
5465686 214748336 1
5465686 214601233 0.5
5465686 214829850 0.5
5465686 214844345 0.5
202362 214584907 1
202362 214820259 1
202362 214820227 0.5
202362 214535621 0.5
9631358 214852980 1
9631358 214853077 1
9631358 214853248 0.5
9631358 214851326 0.5
308867 214821020 1
308867 214819547 1
308867 214819550 0.5
308867 214819374 0.5
308867 214821015 0.5
3225221 214836830 1
3225221 214586668 1
3225221 214829379 0.5
2422408 214712132 1
2422408 214551926 1
2422408 214551928 0.5
1234569 214834877 1
1234569 214826610 1
1234569 214833755 0.5
1234569 214829366 0.5
4437668 214831959 1
4437668 214744775 1
4437668 214748336 0.5
4437668 214839969 0.5
4437668 214602733 0.5
4437668 214819430 0.5
9610922 214853424 1
9610922 214853454 1
9610922 214853428 0.5
9610922 214853422 0.5
9610922 214850942 0.5
4728492 214838105 1
4728492 214574672 1
4728492 214829850 0.5
4728492 214829852 0.5
4728492 214574670 0.5
1423024 214829392 1
1423024 214821332 1
1423024 214826563 0.5
10626748 214854335 1
10626748 214854345 1
10626748 214854555 0.5
10790589 214686864 1
10790589 214854770 1
10790589 214538572 0.5
4254783 214836577 1
4254783 214836133 1
4254783 214836352 0.5
9449873 214853147 1
9449873 214848688 1
9449873 214853381 0.5
9449873 214853158 0.5
9340638 214774667 1
9340638 214852987 1
9340638 214853158 0.5
5744357 214838113 1
5744357 214847649 1
5744357 214774687 0.5
5822183 214516708 1
5822183 214848180 1
5822183 214844400 0.5
5822183 214641412 0.5
5822183 214684093 0.5
2868971 214831948 1
2868971 214829880 1
2868971 214829878 0.5
444142 214832655 1
444142 214716930 1
444142 214716932 0.5
808691 214835940 1
808691 214826705 1
808691 214826608 0.5
808691 214826816 0.5
9586432 214853420 1
9586432 214853422 1
9586432 214849318 0.5
1287943 214829325 1
1287943 214829332 1
1287943 214829334 0.5
5062222 214557607 1
5062222 214712237 1
5062222 214743515 0.5
8042269 214716971 1
8042269 214716986 1
8042269 214716984 0.5
8042269 214567410 0.5
8042269 214716982 0.5
6612766 214850362 1
6612766 214850615 1
6612766 214849046 0.5
5302061 214712237 1
5302061 214832154 1
5302061 214743515 0.5
10802994 214848980 1
10802994 214852978 1
10802994 214695525 0.5
10802994 214853077 0.5
960307 214821309 1
960307 214821305 1
960307 214821302 0.5
7526197 214850743 1
7526197 214850754 1
7526197 214849747 0.5
7526197 214819412 0.5
7526197 214821022 0.5
7526197 214677615 0.5
9463621 214853077 1
9463621 214852980 1
9463621 214853096 0.5
9463621 214853090 0.5
9172808 214578350 1
9172808 214836517 1
9172808 214567404 0.5
2211469 214748300 1
2211469 214829887 1
2211469 214829878 0.5
1996331 214774685 1
1996331 214553762 1
1996331 214663322 0.5
4589413 214845131 1
4589413 214587317 1
4589413 214602598 0.5
7145318 214849760 1
7145318 214844372 1
7145318 214748289 0.5
4417386 214829775 1
4417386 214602598 1
4417386 214836855 0.5
4805607 214550370 1
4805607 214690110 1
4805607 214828985 0.5
4805607 214826998 0.5
4805607 214602598 0.5
4805607 214553565 0.5
2500461 214829878 1
2500461 214831948 1
2500461 214819760 0.5
2500461 214819762 0.5
2819953 214832126 1
2819953 214832128 1
2819953 214826563 0.5
7927674 214748282 1
7927674 214829362 1
7927674 214844398 0.5
7927674 214829775 0.5
5748618 214640520 1
5748618 214832567 1
5748618 214845407 0.5
4724621 214848729 1
4724621 214602598 1
4724621 214839960 0.5
4724621 214836857 0.5
7903128 214853758 1
7903128 214853177 1
7903128 214853173 0.5
2705324 214748338 1
2705324 214831946 1
2705324 643078800 0.5
2705324 214829878 0.5
7849901 214853143 1
7849901 214853145 1
7849901 214851279 0.5
7710536 214848849 1
7710536 214848658 1
7710536 214587317 0.5
8157106 214849740 1
8157106 214846305 1
8157106 214837483 0.5
10643381 214854547 1
10643381 214854534 1
10643381 214819577 0.5
10643381 214854579 0.5
3316724 214836519 1
3316724 214820400 1
3316724 214839600 0.5
3316724 214826872 0.5
3316724 214835475 0.5
3316724 214831959 0.5
10917821 214854782 1
10917821 214853100 1
10917821 214854787 0.5
3123144 214835017 1
3123144 214601233 1
3123144 214835747 0.5
780233 214712237 1
780233 214540127 1
780233 214743515 0.5
780233 214714757 0.5
780233 214712235 0.5
780233 214600989 0.5
780233 214680369 0.5
780233 214680371 0.5
780233 214695195 0.5
780233 214540125 0.5
2164683 214826610 1
2164683 214834880 1
2164683 214834877 0.5
10876882 214853100 1
10876882 214864880 1
10876882 214854840 0.5
10213334 214854510 1
10213334 214854262 1
10213334 214567327 0.5
7129047 214845585 1
7129047 214850786 1
7129047 214849312 0.5
2181081 214829861 1
2181081 214829865 1
2181081 214836129 0.5
2181081 214832717 0.5
2181081 214829846 0.5
6696332 214848337 1
6696332 214826990 1
6696332 214848952 0.5
6696332 214561402 0.5
6696332 214711348 0.5
9086953 214853075 1
9086953 214853107 1
9086953 214845962 0.5
9086953 214848302 0.5
9086953 214709702 0.5
9086953 214851742 0.5
7804583 214849775 1
7804583 214850304 1
7804583 214849762 0.5
7804583 214849757 0.5
10910277 214687845 1
10910277 214853732 1
10910277 214853724 0.5
5870589 214684702 1
5870589 214743515 1
5870589 214712237 0.5
612348 214826908 1
612348 214821401 1
612348 214826623 0.5
612348 214826927 0.5
612348 214821300 0.5
612348 214716902 0.5
612348 214744775 0.5
795649 214821341 1
795649 214821309 1
795649 214834865 0.5
526361 214821341 1
526361 214821309 1
526361 214821305 0.5
10749984 214854262 1
10749984 214567333 1
10749984 214854300 0.5
9369264 214850949 1
9369264 214700000 1
9369264 214744258 0.5
9369264 214839594 0.5
9369264 214712235 0.5
9369264 214680371 0.5
9369264 214853145 0.5
9369264 214540125 0.5
6617123 214849286 1
6617123 214849344 1
6617123 214849185 0.5
6617123 214838094 0.5
10529117 214567215 1
10529117 214567329 1
10529117 214854352 0.5
10529117 214854264 0.5
10529117 214854268 0.5
10529117 214857167 0.5
5527613 214712126 1
5527613 214844398 1
5527613 214838225 0.5
5527613 214844355 0.5
5527613 214835469 0.5
2078801 214684093 1
2078801 214829280 1
2078801 214826837 0.5
2095196 214826705 1
2095196 214829846 1
2095196 214821292 0.5
2095196 214512476 0.5
2095196 214587388 0.5
11204702 214853102 1
11204702 214854782 1
11204702 214716746 0.5
11204702 214854860 0.5
5925904 214846001 1
5925904 214845131 1
5925904 214845986 0.5
2541666 214829878 1
2541666 214829880 1
2541666 214819430 0.5
2541666 214835087 0.5
2541666 214819760 0.5
2541666 214602804 0.5
2541666 214829368 0.5
2541666 214831967 0.5
738321 214827011 1
738321 214827009 1
738321 214840419 0.5
10766456 214567215 1
10766456 214567329 1
10766456 214853698 0.5
10766456 214853700 0.5
10766456 214854358 0.5
10766456 214854352 0.5
10766456 214684785 0.5
10766456 214854354 0.5
10766456 214854549 0.5
10766456 214837494 0.5
10766456 214684762 0.5
10766456 214853726 0.5
3844217 214838105 1
3844217 214838096 1
3844217 214587697 0.5
3844217 214838107 0.5
11161378 214854707 1
11161378 214510460 1
11161378 214853072 0.5
11161378 214676480 0.5
11161378 214712244 0.5
7002242 214533020 1
7002242 214844439 1
7002242 214821305 0.5
2369679 214748300 1
2369679 214831950 1
2369679 214748293 0.5
2369679 214829885 0.5
7755926 214676306 1
7755926 214675895 1
7755926 214821022 0.5
10827942 214859242 1
10827942 214854842 1
10827942 214853100 0.5
5867688 214820233 1
5867688 214820261 1
5867688 214820231 0.5
5839027 214677615 1
5839027 214821017 1
5839027 214646852 0.5
5249206 214835473 1
5249206 214835428 1
5249206 214595150 0.5
5019839 214821341 1
5019839 214844462 1
5019839 214551617 0.5
5019839 214821309 0.5
5019839 214844441 0.5
9787584 214853767 1
9787584 214853700 1
9787584 214850752 0.5
9787584 214853420 0.5
9787584 214853360 0.5
9787584 214820210 0.5
9787584 214829878 0.5
9787584 214687447 0.5
9787584 214853722 0.5
9787584 214718173 0.5
1792203 214829045 1
1792203 214706216 1
1792203 214774682 0.5
9894092 214853707 1
9894092 214853767 1
9894092 214854152 0.5
9894092 214696897 0.5
9894092 214853730 0.5
9894092 214853700 0.5
8022227 214819393 1
8022227 214851075 1
8022227 214581611 0.5
968936 214540597 1
968936 214829004 1
968936 214774682 0.5
968936 214840740 0.5
968936 214829006 0.5
4761838 214845131 1
4761838 214839962 1
4761838 214839975 0.5
5322991 214836924 1
5322991 214712126 1
5322991 214835012 0.5
2250994 214832717 1
2250994 214829846 1
2250994 214829865 0.5
671258 214829310 1
671258 214827009 1
671258 214587028 0.5
10598661 214853735 1
10598661 214854495 1
10598661 214854545 0.5
10598661 214853930 0.5
10598661 214850422 0.5
5568783 214844400 1
5568783 214846061 1
5568783 214839960 0.5
5568783 214838225 0.5
5568783 214553540 0.5
5568783 214848997 0.5
5568783 214844345 0.5
4733204 214839587 1
4733204 214829852 1
4733204 214800272 0.5
2230557 214829878 1
2230557 214829882 1
2230557 214831948 0.5
2230557 214829885 0.5
6883619 214849344 1
6883619 214849312 1
6883619 214851009 0.5
4987179 214820392 1
4987179 214820396 1
4987179 214819430 0.5
4987179 214835469 0.5
4987179 214716110 0.5
8571189 214819612 1
8571189 214710097 1
8571189 214835137 0.5
8571189 214645003 0.5
8571189 214712132 0.5
8571189 214848159 0.5
7656194 214854632 1
7656194 214854630 1
7656194 214717867 0.5
9973472 214854262 1
9973472 214854510 1
9973472 214567329 0.5
9973472 214684762 0.5
9973472 214743339 0.5
9973472 214567333 0.5
9973472 214854358 0.5
2017621 214828970 1
2017621 214828959 1
2017621 214840421 0.5
2017621 214828974 0.5
2017621 214821294 0.5
4745562 214832147 1
4745562 214839962 1
4745562 214839960 0.5
4745562 214839965 0.5
10107227 214854268 1
10107227 214854264 1
10107227 214853994 0.5
10107227 214854510 0.5
4479326 214831970 1
4479326 214837494 1
4479326 214674577 0.5
4479326 214820402 0.5
4479326 214829852 0.5
5380449 214832567 1
5380449 214844398 1
5380449 214844345 0.5
5044582 214708307 1
5044582 214838225 1
5044582 214832145 0.5
5044582 214835469 0.5
5044582 214563337 0.5
2226539 214831950 1
2226539 214829885 1
2226539 214835124 0.5
9967988 214853767 1
9967988 214853730 1
9967988 214853698 0.5
9967988 214853707 0.5
9967988 214853702 0.5
10320246 214684785 1
10320246 214854549 1
10320246 214854264 0.5
735613 214821305 1
735613 214821309 1
735613 214821302 0.5
3246463 214826711 1
3246463 214826979 1
3246463 214676390 0.5
10455429 214854352 1
10455429 214853244 1
10455429 214854536 0.5
10455429 214853113 0.5
14726 214841006 1
14726 214744775 1
14726 214820402 0.5
14726 214718411 0.5
14726 214800268 0.5
5781901 214835747 1
5781901 214846012 1
5781901 214845984 0.5
5781901 214835017 0.5
5781901 214839971 0.5
5781901 214829797 0.5
4233624 214829102 1
4233624 214826942 1
4233624 214581536 0.5
4233624 214826947 0.5
6109593 214850715 1
6109593 214850724 1
6109593 214553702 0.5
1304991 214821309 1
1304991 214821302 1
1304991 214821305 0.5
1304991 214844439 0.5
6863269 214832604 1
6863269 214848371 1
6863269 214849179 0.5
6863269 214684942 0.5
6863269 214849318 0.5
2202024 214712235 1
2202024 214826889 1
2202024 214680371 0.5
2202024 214602605 0.5
11292733 214514265 1
11292733 214850291 1
11292733 214514291 0.5
11307444 214857570 1
11307444 214850557 1
11307444 214582942 0.5
2621172 214829878 1
2621172 214829887 1
2621172 214836517 0.5
9386434 214850942 1
9386434 214853454 1
9386434 214829880 0.5
9386434 214845506 0.5
9386434 214853420 0.5
9386434 214684717 0.5
9386434 214527519 0.5
9533894 214853420 1
9533894 214850947 1
9533894 214853340 0.5
9533894 214850949 0.5
1657297 214829317 1
1657297 214828997 1
1657297 214695167 0.5
154081 214716973 1
154081 214716950 1
154081 214819468 0.5
154081 214554358 0.5
3269713 214844439 1
3269713 214844394 1
3269713 214584999 0.5
1812979 214821285 1
1812979 214829085 1
1812979 214829079 0.5
5642744 214846067 1
5642744 214849252 1
5642744 214846007 0.5
5642744 214846127 0.5
5642744 214716110 0.5
5642744 214835111 0.5
6975231 214849153 1
6975231 214849078 1
6975231 214826833 0.5
6975231 214849250 0.5
6975231 214849747 0.5
6975231 214829775 0.5
72194 214744775 1
72194 214820396 1
72194 214577450 0.5
8464901 214846385 1
8464901 214716939 1
8464901 214717867 0.5
8464901 214716975 0.5
9710086 214850310 1
9710086 214850282 1
9710086 214718255 0.5
9710086 214850945 0.5
9710086 214717511 0.5
9710086 214831946 0.5
9710086 214831948 0.5
9710086 214673295 0.5
9710086 214850942 0.5
9710086 214832015 0.5
9710086 214853342 0.5
8571408 214851581 1
8571408 214748336 1
8571408 214846067 0.5
8571408 214846061 0.5
1612308 214829366 1
1612308 214695399 1
1612308 214834877 0.5
1612308 214826589 0.5
6388249 214716710 1
6388249 214716707 1
6388249 214832604 0.5
8350237 214851101 1
8350237 214850936 1
8350237 214851290 0.5
8350237 214850938 0.5
8350237 214851133 0.5
8350237 214850743 0.5
5548579 214844368 1
5548579 214849010 1
5548579 214835012 0.5
2624036 214540070 1
2624036 214676606 1
2624036 214676615 0.5
3975603 214584907 1
3975603 214584939 1
3975603 214602534 0.5
7473721 214850936 1
7473721 214821022 1
7473721 214850756 0.5
7473721 214850743 0.5
8165952 214832604 1
8165952 214716707 1
8165952 214853132 0.5
8165952 214851028 0.5
3902021 214838227 1
3902021 214826990 1
3902021 214835109 0.5
3902021 214836870 0.5
4815449 214839962 1
4815449 214602733 1
4815449 214743339 0.5
1419869 214829390 1
1419869 214826837 1
1419869 214819376 0.5
9103969 214851326 1
9103969 214853090 1
9103969 214853096 0.5
9103969 214853077 0.5
5569123 214695167 1
5569123 214845416 1
5569123 214849001 0.5
5569123 214696897 0.5
9906794 214665277 1
9906794 214849284 1
9906794 214851290 0.5
9906794 214853767 0.5
9906794 214846344 0.5
9906794 214753515 0.5
9906794 214848695 0.5
9906794 214853113 0.5
9906794 214853722 0.5
9906794 214851133 0.5
7273079 214844396 1
7273079 214844372 1
7273079 214844400 0.5
7273079 214846112 0.5
7273079 214820231 0.5
1751682 214826610 1
1751682 214834877 1
1751682 214833755 0.5
7502467 214850936 1
7502467 214717003 1
7502467 214850720 0.5
7502467 214854632 0.5
7502467 214851011 0.5
7502467 214564382 0.5
2550404 214829878 1
2550404 214829887 1
2550404 214711408 0.5
2550404 214826955 0.5
3246731 214667912 1
3246731 214821399 1
3246731 214829379 0.5
8505999 214851317 1
8505999 214851080 1
8505999 214851234 0.5
8505999 214851122 0.5
6994578 214849284 1
6994578 214849331 1
6994578 214849239 0.5
3496598 214844462 1
3496598 214844439 1
3496598 214551626 0.5
3496598 214612708 0.5
7854747 214850325 1
7854747 214844439 1
7854747 214849230 0.5
6642342 214849284 1
6642342 214839617 1
6642342 214849239 0.5
9222823 214850949 1
9222823 214850947 1
9222823 214853454 0.5
8491464 214845352 1
8491464 214846029 1
8491464 214718255 0.5
8491464 214838102 0.5
8491464 214829887 0.5
9263803 214711307 1
9263803 214853342 1
9263803 214831955 0.5
5696196 214580351 1
5696196 214850332 1
5696196 214516027 0.5
11127494 214849468 1
11127494 214705757 1
11127494 214837873 0.5
11127494 214854802 0.5
11127494 214705747 0.5
11127494 214709685 0.5
11127494 214567215 0.5
2546379 214829885 1
2546379 214829878 1
2546379 214829882 0.5
2546379 214725549 0.5
445132 214821285 1
445132 214826803 1
445132 214821373 0.5
445132 214820383 0.5
8399566 214848380 1
8399566 214821015 1
8399566 214845971 0.5
8080081 214850792 1
8080081 214851135 1
8080081 214851097 0.5
8080081 214853132 0.5
8080081 214850790 0.5
8080081 214845958 0.5
8080081 214851317 0.5
9919189 214850366 1
9919189 214858680 1
9919189 214684715 0.5
10750678 214567215 1
10750678 214853930 1
10750678 214853090 0.5
10750678 214854268 0.5
10750678 214854549 0.5
10750678 214853094 0.5
4124736 214829792 1
4124736 214557607 1
4124736 214835120 0.5
4124736 214743515 0.5
4124736 214712237 0.5
4124736 214684702 0.5
11021032 214854707 1
11021032 214830384 1
11021032 214510445 0.5
8973036 214853096 1
8973036 214853105 1
8973036 214853085 0.5
8973036 214853077 0.5
5171956 214819627 1
5171956 214826891 1
5171956 214557009 0.5
5171956 214831955 0.5
5171956 214577387 0.5
5171956 214586469 0.5
5171956 214832143 0.5
150261 214839313 1
150261 214826606 1
150261 214559317 0.5
7228154 214684717 1
7228154 214684715 1
7228154 214850366 0.5
7228154 214800270 0.5
5655291 214845420 1
5655291 214821382 1
5655291 214676377 0.5
5655291 214845962 0.5
5655291 214845135 0.5
8616718 214853077 1
8616718 214852980 1
8616718 214853096 0.5
8121108 214850625 1
8121108 214748289 1
8121108 214846389 0.5
9372122 214509084 1
9372122 214845962 1
9372122 214853096 0.5
9372122 214853090 0.5
9372122 214853420 0.5
9372122 214853094 0.5
3668768 214835109 1
3668768 214835167 1
3668768 214836512 0.5
3668768 214549346 0.5
3668768 214839382 0.5
10496803 214854495 1
10496803 214853930 1
10496803 214854545 0.5
10496803 214850422 0.5
7666473 214844439 1
7666473 214844394 1
7666473 214716930 0.5
7666473 214716932 0.5
7265066 214849734 1
7265066 214849762 1
7265066 214844400 0.5
11483949 214853102 1
11483949 214854785 1
11483949 214855016 0.5
203579 214820345 1
203579 214832552 1
203579 214712137 0.5
203579 214819762 0.5
203579 214684843 0.5
203579 214543922 0.5
203579 214819719 0.5
6753084 214849132 1
6753084 214849093 1
6753084 214712244 0.5
6753084 214712242 0.5
6753084 214849100 0.5
8588094 214851581 1
8588094 214851122 1
8588094 214851236 0.5
9149257 214853096 1
9149257 214853105 1
9149257 214853085 0.5
9628491 214853321 1
9628491 214853325 1
9628491 214700002 0.5
9194316 214716707 1
9194316 214832604 1
9194316 214850949 0.5
9260108 214853340 1
9260108 214850700 1
9260108 214853342 0.5
10034007 214853767 1
10034007 214853730 1
10034007 214853702 0.5
11355279 214854787 1
11355279 214853100 1
11355279 214854840 0.5
11355279 214854819 0.5
11355279 214854823 0.5
10955629 214567215 1
10955629 214567329 1
10955629 214851099 0.5
4062079 214839937 1
4062079 214645181 1
4062079 214554431 0.5
7580548 214717007 1
7580548 214717005 1
7580548 214716928 0.5
7580548 214717867 0.5
6056844 214848328 1
6056844 214846412 1
6056844 214846466 0.5
6056844 214846535 0.5
6965059 214832604 1
6965059 214716707 1
6965059 214848808 0.5
6965059 214829390 0.5
6965059 214556055 0.5
11234197 214853100 1
11234197 214854853 1
11234197 214854785 0.5
11234197 214854332 0.5
4938647 214532955 1
4938647 214532942 1
4938647 214639468 0.5
4938647 214532951 0.5
487561 214717005 1
487561 214716973 1
487561 214717007 0.5
6208416 214848165 1
6208416 214848832 1
6208416 214848851 0.5
7895977 214850938 1
7895977 214850411 1
7895977 214676306 0.5
7895977 214850756 0.5
5082033 214829045 1
5082033 214701212 1
5082033 214839977 0.5
5082033 214553762 0.5
5082033 214569729 0.5
7510963 214716928 1
7510963 214854630 1
7510963 214717005 0.5
3070906 214829885 1
3070906 214612738 1
3070906 214845065 0.5
3070906 214826891 0.5
3070906 214819468 0.5
3070906 214835124 0.5
3070906 214829878 0.5
3070906 214831959 0.5
6153376 214846385 1
6153376 214580293 1
6153376 214702824 0.5
6153376 214580304 0.5
6153376 214545939 0.5
6153376 214545932 0.5
1743811 214834877 1
1743811 214834880 1
1743811 214826610 0.5
11054029 214845943 1
11054029 214642625 1
11054029 214644146 0.5
11054029 214851714 0.5
9395276 214853342 1
9395276 214711307 1
9395276 214853338 0.5
4553681 214587317 1
4553681 214845131 1
4553681 214839600 0.5
4553681 214828985 0.5
4553681 214602598 0.5
4553681 214586694 0.5
7601127 214849736 1
7601127 214849738 1
7601127 214543922 0.5
7601127 214845583 0.5
1358828 214826610 1
1358828 214834880 1
1358828 214829387 0.5
1358828 214833755 0.5
5270522 214844370 1
5270522 214845585 1
5270522 214844345 0.5
3279881 214820233 1
3279881 214820261 1
3279881 214820259 0.5
5913612 214846117 1
5913612 214564320 1
5913612 214553257 0.5
5913612 214819586 0.5
10550288 214677830 1
10550288 214581611 1
10550288 214845971 0.5
10550288 214829034 0.5
10550288 214853683 0.5
10550288 214845962 0.5
7719954 214853758 1
7719954 214850555 1
7719954 214840740 0.5
207892 214648588 1
207892 214540181 1
207892 214648599 0.5
207892 214819412 0.5
207892 214540125 0.5
207892 214648597 0.5
207892 214540175 0.5
8068127 214845984 1
8068127 214849284 1
8068127 214839617 0.5
9305123 214846119 1
9305123 214853165 1
9305123 214849010 0.5
9305123 214853075 0.5
9305123 214845962 0.5
10628132 214567327 1
10628132 214854262 1
10628132 214567329 0.5
10628132 214567333 0.5
10628132 214854510 0.5
3853351 214829880 1
3853351 214829882 1
3853351 214829878 0.5
3853351 214838102 0.5
7351358 214849736 1
7351358 214849734 1
7351358 214838225 0.5
7351358 214849762 0.5
7351358 214849745 0.5
7351358 214849738 0.5
7351358 214819490 0.5
9145407 214839395 1
9145407 214644750 1
9145407 214853360 0.5
9145407 214717625 0.5
9145407 214717721 0.5
11283539 214853072 1
11283539 214854774 1
11283539 214712242 0.5
11283539 214854707 0.5
10947668 214853154 1
10947668 214853102 1
10947668 214854840 0.5
11283542 214854774 1
11283542 214712242 1
11283542 214849100 0.5
11283542 214712244 0.5
9731161 214677615 1
9731161 214846318 1
9731161 214581611 0.5
1679761 214834880 1
1679761 214826610 1
1679761 214826589 0.5
7364454 214850304 1
7364454 214849136 1
7364454 214850282 0.5
7364454 214849466 0.5
7364454 214829878 0.5
7183464 214848973 1
7183464 214849076 1
7183464 214850304 0.5
7183464 214845352 0.5
7183464 214850282 0.5
7183464 214829878 0.5
7183464 214846033 0.5
8772114 214853094 1
8772114 214853090 1
8772114 214853085 0.5
4725872 214845131 1
4725872 214839969 1
4725872 214829280 0.5
4725872 214828985 0.5
4725872 214587317 0.5
10534003 214853113 1
10534003 214854300 1
10534003 214854547 0.5
3824761 214835167 1
3824761 214829765 1
3824761 214836932 0.5
10717717 214853767 1
10717717 214853702 1
10717717 214853698 0.5
10669201 214854536 1
10669201 214854352 1
10669201 214854705 0.5
10669201 214820394 0.5
10669201 214854860 0.5
10669201 214709685 0.5
10669201 214853113 0.5
2538658 214845744 1
2538658 214826801 1
2538658 214712124 0.5
2538658 214572182 0.5
10874031 214853102 1
10874031 214853362 1
10874031 214855016 0.5
4837236 214845577 1
4837236 214845581 1
4837236 214837280 0.5
4837236 214832156 0.5
4837236 214845131 0.5
4837236 214838092 0.5
6958273 214848371 1
6958273 214848375 1
6958273 214848808 0.5
6958273 214558192 0.5
6958273 214846530 0.5
6958273 214848613 0.5
826562 214821307 1
826562 214821339 1
826562 214844357 0.5
605379 214826829 1
605379 214826715 1
605379 214743497 0.5
605379 214826627 0.5
2481348 214829366 1
2481348 214829368 1
2481348 214831965 0.5
2481348 214743495 0.5
1711306 214828997 1
1711306 214820810 1
1711306 214839600 0.5
1711306 214667970 0.5
1711306 214819430 0.5
1711306 214829321 0.5
1711306 214800272 0.5
1711306 214601233 0.5
1711306 214826934 0.5
6184141 214846031 1
6184141 214842555 1
6184141 214846033 0.5
6184141 214846012 0.5
6184141 214846014 0.5
6184141 214842553 0.5
4439254 214831970 1
4439254 214836512 1
4439254 214632272 0.5
4439254 214587697 0.5
4439254 214839932 0.5
4439254 214839971 0.5
4439254 214829852 0.5
7183582 214848305 1
7183582 214829792 1
7183582 214850282 0.5
7183582 214684715 0.5
7183582 214712237 0.5
7724264 214580293 1
7724264 214850741 1
7724264 214850936 0.5
7724264 214850621 0.5
8334569 214850932 1
8334569 214580293 1
8334569 214846385 0.5
7933179 214850402 1
7933179 214748336 1
7933179 214849312 0.5
7933179 214839587 0.5
7933179 214819721 0.5
7933179 214848658 0.5
7933179 214595150 0.5
7933179 214845583 0.5
7933179 214712786 0.5
7933179 214845587 0.5
7933179 214849046 0.5
7933179 214849395 0.5
7933179 214850621 0.5
2010374 214829822 1
2010374 214835752 1
2010374 214709792 0.5
10299424 214854536 1
10299424 214854352 1
10299424 214854577 0.5
10299424 214854510 0.5
10299424 214853855 0.5
9141512 214848926 1
9141512 214848302 1
9141512 214845962 0.5
7752973 214854630 1
7752973 214717007 1
7752973 214854632 0.5
2497817 214821326 1
2497817 214706169 1
2497817 214748291 0.5
2497817 214748300 0.5
8506653 214509401 1
8506653 214582382 1
8506653 214532107 0.5
4324639 214845129 1
4324639 214540127 1
4324639 214839596 0.5
2362664 214829878 1
2362664 214831948 1
2362664 214829880 0.5
4046127 214829792 1
4046127 214557607 1
4046127 214701705 0.5
4046127 214552652 0.5
4046127 214684702 0.5
9964848 214531543 1
9964848 214717777 1
9964848 214644641 0.5
1166642 214829042 1
1166642 214829032 1
1166642 214819430 0.5
1166642 214829387 0.5
1166642 214835021 0.5
1166642 214552370 0.5
1166642 214833755 0.5
1166642 214840412 0.5
1166642 214821407 0.5
1547578 214834880 1
1547578 214834877 1
1547578 214821412 0.5
1547578 214826589 0.5
298306 214832557 1
298306 214832559 1
298306 214718169 0.5
7556423 214848605 1
7556423 214836506 1
7556423 214845506 0.5
7556423 214848692 0.5
7556423 214846029 0.5
6835528 214849194 1
6835528 214849031 1
6835528 214849157 0.5
8441163 214542761 1
8441163 214542759 1
8441163 214545956 0.5
1569431 214584969 1
1569431 214821412 1
1569431 214834873 0.5
1569431 214829366 0.5
6892886 214712244 1
6892886 214676480 1
6892886 214849093 0.5
6585689 214826942 1
6585689 214839590 1
6585689 214831952 0.5
6585689 214826889 0.5
6585689 214684715 0.5
6585689 214711438 0.5
2452826 214829880 1
2452826 214829887 1
2452826 214829878 0.5
2062486 214829392 1
2062486 214829366 1
2062486 214834877 0.5
5545312 214845577 1
5545312 214829878 1
5545312 214845581 0.5
4935009 214699025 1
4935009 214644320 1
4935009 214845806 0.5
2370594 214829880 1
2370594 214829878 1
2370594 214835745 0.5
8281928 214851131 1
8281928 214851097 1
8281928 214851163 0.5
8281928 214851165 0.5
10474728 214567333 1
10474728 214567327 1
10474728 214854262 0.5
10474728 214854510 0.5
6274418 214538597 1
6274418 214509146 1
6274418 214509150 0.5
6274418 214538591 0.5
4095347 214553700 1
4095347 214709970 1
4095347 214839913 0.5
2104692 214829846 1
2104692 214829861 1
2104692 214832717 0.5
8588662 214853094 1
8588662 214852980 1
8588662 214853248 0.5
8588662 214554793 0.5
8588662 214821371 0.5
5193089 214838092 1
5193089 214837286 1
5193089 214837280 0.5
911254 214833800 1
911254 214829083 1
911254 214833802 0.5
911254 214587611 0.5
911254 214832730 0.5
911254 214829085 0.5
7597452 214850940 1
7597452 214850790 1
7597452 214835002 0.5
7597452 214744779 0.5
7961157 214850366 1
7961157 214850315 1
7961157 214846072 0.5
7961157 214850310 0.5
4427172 214839971 1
4427172 214829730 1
4427172 214839960 0.5
4427172 214839973 0.5
3046832 214835017 1
3046832 214601233 1
3046832 214716110 0.5
3665339 214826711 1
3665339 214701309 1
3665339 214702905 0.5
3665339 214538484 0.5
3665339 214829765 0.5
9145788 214836536 1
9145788 214853075 1
9145788 214700002 0.5
8080837 214716654 1
8080837 214853212 1
8080837 214581954 0.5
10800593 214853102 1
10800593 214854782 1
10800593 214854860 0.5
2386283 214831948 1
2386283 214829878 1
2386283 214829880 0.5
2386283 214829882 0.5
2386283 214829051 0.5
908768 214827011 1
908768 214827013 1
908768 214613743 0.5
5336553 214716973 1
5336553 214717003 1
5336553 214716971 0.5
5336553 214748327 0.5
8306168 214851152 1
8306168 214851135 1
8306168 214846391 0.5
2996138 214829885 1
2996138 214829880 1
2996138 214829882 0.5
2289151 214844357 1
2289151 214844394 1
2289151 214821305 0.5
8682514 214852980 1
8682514 214853077 1
8682514 214853105 0.5
7773713 214849153 1
7773713 214846412 1
7773713 214745317 0.5
10665493 214854358 1
10665493 214854159 1
10665493 214853852 0.5
5463578 214540127 1
5463578 214819627 1
5463578 214845806 0.5
10427944 214717777 1
10427944 214510445 1
10427944 214819577 0.5
6856244 214850291 1
6856244 214632146 1
6856244 214668667 0.5
2661941 214829880 1
2661941 214831946 1
2661941 214829885 0.5
2661941 214829878 0.5
3169848 214829079 1
3169848 214691645 1
3169848 214691291 0.5
9567803 214850949 1
9567803 214853422 1
9567803 214829880 0.5
9567803 214829882 0.5
9567803 214850942 0.5
7821237 214850767 1
7821237 214533022 1
7821237 214612704 0.5
7821237 214551626 0.5
7821237 214844454 0.5
7821237 214844439 0.5
5627498 214845420 1
5627498 214829317 1
5627498 214846466 0.5
5627498 214846415 0.5
4685423 214587317 1
4685423 214602598 1
4685423 214839600 0.5
4685423 214748336 0.5
4685423 214836855 0.5
4685423 214839975 0.5
9961081 214854155 1
9961081 214853996 1
9961081 214853992 0.5
9961081 214557223 0.5
487052 214684702 1
487052 214600989 1
487052 214680369 0.5
10030733 214853698 1
10030733 214853730 1
10030733 214853707 0.5
7888531 214849337 1
7888531 214851099 1
7888531 214851322 0.5
7888531 214829045 0.5
7888531 214851294 0.5
4316829 214832012 1
4316829 214832023 1
4316829 214832780 0.5
4316829 214836932 0.5
4316829 214829852 0.5
4316829 214826713 0.5
6762437 214848375 1
6762437 214848371 1
6762437 214665283 0.5
4132527 214839587 1
4132527 214839975 1
4132527 214829852 0.5
4132527 214829321 0.5
4132527 214838225 0.5
4132527 214820402 0.5
4132527 214839962 0.5
4132527 214839932 0.5
9543344 214717003 1
9543344 214857204 1
9543344 214716928 0.5
9543344 214850942 0.5
9543344 214717005 0.5
9543344 214554358 0.5
9543344 214717007 0.5
5507017 214835473 1
5507017 214836330 1
5507017 214586469 0.5
11112121 214854491 1
11112121 214854332 1
11112121 214854733 0.5
11017503 214864880 1
11017503 214853102 1
11017503 214854840 0.5
9948862 214853722 1
9948862 214844512 1
9948862 214853700 0.5
2338512 214844439 1
2338512 214821315 1
2338512 214612704 0.5
1488163 214821412 1
1488163 214821410 1
1488163 214834880 0.5
1488163 214826610 0.5
1488163 214744427 0.5
1488163 214826589 0.5
7073494 214849312 1
7073494 214849331 1
7073494 214849344 0.5
7073494 214838227 0.5
6086362 214846029 1
6086362 214848305 1
6086362 214846033 0.5
6086362 214829878 0.5
8543968 214853143 1
8543968 214826987 1
8543968 214840378 0.5
8543968 214835126 0.5
9854692 214854262 1
9854692 214854510 1
9854692 214567333 0.5
3829484 214569729 1
3829484 214630042 1
3829484 214546102 0.5
1388271 214644317 1
1388271 214681091 1
1388271 214560260 0.5
3923697 214844439 1
3923697 214839341 1
3923697 214630042 0.5
3923697 214586711 0.5
7491008 214850938 1
7491008 214850411 1
7491008 214850848 0.5
7491008 214850940 0.5
7491008 214564382 0.5
2273021 214829885 1
2273021 214831950 1
2273021 214829880 0.5
11124482 214849464 1
11124482 214854579 1
11124482 214854585 0.5
11124482 214853227 0.5
11124482 214851748 0.5
6620459 214665277 1
6620459 214667859 1
6620459 214849239 0.5
10563336 214845947 1
10563336 214847940 1
10563336 214718207 0.5
11139031 214853102 1
11139031 214854785 1
11139031 214853420 0.5
6265474 214645590 1
6265474 214842735 1
6265474 214547593 0.5
6265474 214826750 0.5
6782738 214714760 1
6782738 214848596 1
6782738 214848337 0.5
3054211 214835019 1
3054211 214587697 1
3054211 214836517 0.5
196372 214832653 1
196372 214716982 1
196372 214717003 0.5
196372 214716997 0.5
196372 214514291 0.5
466709 214826955 1
466709 214826606 1
466709 214826810 0.5
6524696 214826904 1
6524696 214557232 1
6524696 214848313 0.5
6524696 214846127 0.5
6283042 214846462 1
6283042 214848701 1
6283042 214846067 0.5
6283042 214849252 0.5
3947143 214839915 1
3947143 214706452 1
3947143 214829792 0.5
3947143 214700002 0.5
3947143 214836137 0.5
3947143 214829771 0.5
3947143 214582348 0.5
3947143 214712237 0.5
3947143 214710062 0.5
3947143 214748336 0.5
3947143 214595150 0.5
3947143 214836521 0.5
3947143 214699065 0.5
3947143 214743515 0.5
1793841 214829379 1
1793841 214829666 1
1793841 214832722 0.5
1793841 214821399 0.5
1793841 214821397 0.5
1793841 214826711 0.5
3415859 214832124 1
3415859 214829364 1
3415859 214706180 0.5
3415859 214829366 0.5
3415859 214557223 0.5
3415859 214820392 0.5
3415859 214835469 0.5
3415859 214835122 0.5
3415859 214835475 0.5
3415859 214832722 0.5
3415859 214642805 0.5
3415859 214829878 0.5
3415859 214832126 0.5
3415859 214832115 0.5
3932126 214836932 1
3932126 214835109 1
3932126 214835017 0.5
3932126 214821410 0.5
3932126 214835747 0.5
3932126 214561402 0.5
3932126 214826589 0.5
7827264 214851279 1
7827264 214835126 1
7827264 214743515 0.5
6090562 214832015 1
6090562 214718398 1
6090562 214718255 0.5
9962806 214850940 1
9962806 214851155 1
9962806 214851152 0.5
9962806 214744779 0.5
10160097 214852978 1
10160097 214851326 1
10160097 214853090 0.5
10160097 214853700 0.5
10160097 214853085 0.5
7462731 214821313 1
7462731 214849048 1
7462731 214849052 0.5
7462731 214844454 0.5
4702034 214832143 1
4702034 214838098 1
4702034 214577057 0.5
4702034 214839382 0.5
4702034 214827015 0.5
786261 214826955 1
786261 214826715 1
786261 214826627 0.5
786261 214826606 0.5
10153816 214854510 1
10153816 214854262 1
10153816 214837442 0.5
10153816 214567333 0.5
10153816 214853992 0.5
10153816 214853865 0.5
10153816 214684785 0.5
10153816 214854579 0.5
10153816 214819577 0.5
10153816 214853726 0.5
10153816 214567327 0.5
9502576 214853317 1
9502576 214850945 1
9502576 214859139 0.5
9502576 214701787 0.5
9502576 214712235 0.5
9502576 214857830 0.5
6315899 214748338 1
6315899 214748293 1
6315899 214748300 0.5
1261438 214828997 1
1261438 214829079 1
1261438 214584969 0.5
2834303 214600492 1
2834303 214587697 1
2834303 214835745 0.5
2834303 214835137 0.5
2834303 214828963 0.5
2834303 214826565 0.5
2834303 214835111 0.5
2834303 214832780 0.5
2834303 214819760 0.5
2834303 214819762 0.5
192388 214820261 1
192388 214820259 1
192388 214535621 0.5
6855318 214844368 1
6855318 214848688 1
6855318 214846417 0.5
6855318 214846412 0.5
8249227 214851236 1
8249227 214851122 1
8249227 214851137 0.5
8249227 214848315 0.5
8249227 214851581 0.5
5123989 214829672 1
5123989 214826608 1
5123989 214587560 0.5
10125212 214567333 1
10125212 214567327 1
10125212 214684785 0.5
10125212 214854579 0.5
10125212 214853726 0.5
10125212 214854262 0.5
10125212 214854510 0.5
8889706 214716714 1
8889706 214716746 1
8889706 214851080 0.5
8889706 214851161 0.5
8889706 214851131 0.5
7380899 214612751 1
7380899 214533020 1
7380899 214844452 0.5
7380899 214821309 0.5
7380899 214850615 0.5
4568422 214845131 1
4568422 214839973 1
4568422 214829280 0.5
4568422 214748336 0.5
4568422 214839960 0.5
4568422 214835469 0.5
4568422 214828985 0.5
11186089 214854352 1
11186089 214853244 1
11186089 214853113 0.5
11186089 214854298 0.5
11186089 214854354 0.5
9002932 214853094 1
9002932 214853085 1
9002932 214853096 0.5
9002932 214853248 0.5
9002932 214851326 0.5
5660909 214845939 1
5660909 214819528 1
5660909 214840483 0.5
5660909 214846254 0.5
5660909 214846031 0.5
831431 214839313 1
831431 214840001 1
831431 214587712 0.5
5423052 214640096 1
5423052 214534220 1
5423052 214844370 0.5
5423052 214844396 0.5
5423052 214579837 0.5
5423052 214678455 0.5
180183 214711078 1
180183 214826627 1
180183 214684730 0.5
180183 214826955 0.5
10588124 214853096 1
10588124 214853105 1
10588124 214852980 0.5
10588124 214853077 0.5
10682334 214853724 1
10682334 214853722 1
10682334 214832156 0.5
10682334 214853732 0.5
10682334 214854118 0.5
10276833 214853698 1
10276833 214854819 1
10276833 214853700 0.5
10276833 214853702 0.5
10276833 214853767 0.5
10276833 214853713 0.5
10276833 214848658 0.5
10276833 214853722 0.5
3956721 214836947 1
3956721 214836932 1
3956721 214535060 0.5
9717604 214853420 1
9717604 214850942 1
9717604 214848185 0.5
9717604 214850947 0.5
9717604 214850949 0.5
2220026 214829880 1
2220026 214829887 1
2220026 214827007 0.5
