9461762 214853454 1
9461762 214853424 1
9461762 214853420 0.5
9461762 214829878 0.5
9461762 214846031 0.5
2560003 214667912 1
2560003 214586668 1
2560003 214554332 0.5
2560003 214829379 0.5
2560003 214835124 0.5
2560003 214821399 0.5
2428937 214711065 1
2428937 214714721 1
2428937 214711027 0.5
2428937 214534835 0.5
3201029 214837916 1
3201029 214837918 1
3201029 214835019 0.5
3201029 214657318 0.5
10567003 214853244 1
10567003 214854352 1
10567003 214854354 0.5
8524466 214851234 1
8524466 214685049 1
8524466 214851080 0.5
8524466 214851161 0.5
8524466 214850932 0.5
8524466 214851317 0.5
9605173 214853325 1
9605173 214853321 1
9605173 214700002 0.5
9605173 214826987 0.5
9605173 214712237 0.5
9605173 214851279 0.5
479241 214821290 1
479241 214821292 1
479241 214821285 0.5
405562 214716973 1
405562 214716926 1
405562 214716928 0.5
405562 214716930 0.5
405562 214717003 0.5
405562 214716971 0.5
405562 214717005 0.5
405562 214717007 0.5
8974401 214852978 1
8974401 214852980 1
8974401 214851080 0.5
4874312 214835745 1
4874312 214845131 1
4874312 214828985 0.5
4874312 214600492 0.5
4874312 214587317 0.5
4874312 214837494 0.5
10092621 214854352 1
10092621 214684762 1
10092621 214853728 0.5
10092621 214684785 0.5
10092621 214854354 0.5
10092621 214853113 0.5
2539603 214844439 1
2539603 214612738 1
2539603 214612751 0.5
11444318 214859126 1
11444318 214854146 1
11444318 214854510 0.5
11444318 214567333 0.5
11444318 214854262 0.5
5578849 214533810 1
5578849 214844355 1
5578849 214844370 0.5
5578849 214846468 0.5
5578849 214846421 0.5
5681254 214846001 1
5681254 214844396 1
5681254 214835017 0.5
5681254 214835747 0.5
5681254 214845917 0.5
196714 214716928 1
196714 214716926 1
196714 214554358 0.5
6443116 214819490 1
6443116 214748295 1
6443116 214748291 0.5
4165743 214553700 1
4165743 214645196 1
4165743 214839956 0.5
4165743 214826623 0.5
1962096 214684715 1
1962096 214829887 1
1962096 214577387 0.5
1962096 214835087 0.5
4116593 214573123 1
4116593 214712126 1
4116593 214836512 0.5
4116593 214840235 0.5
4116593 214539039 0.5
3633281 214685747 1
3633281 214684513 1
3633281 214685743 0.5
5791892 214832021 1
5791892 214846014 1
5791892 214845587 0.5
1040409 214821307 1
1040409 214821302 1
1040409 214551617 0.5
1040409 214821315 0.5
1040409 214821341 0.5
5857988 214712237 1
5857988 214846397 1
5857988 214743515 0.5
2265247 214829880 1
2265247 214831946 1
2265247 214829878 0.5
2760866 214837916 1
2760866 214844070 1
2760866 214835019 0.5
11423914 214857551 1
11423914 214577709 1
11423914 214853754 0.5
11423914 214857204 0.5
3661998 214836947 1
3661998 214829788 1
3661998 214836795 0.5
1865757 214826621 1
1865757 214826617 1
1865757 214826615 0.5
7155891 214826668 1
7155891 214826747 1
7155891 214539084 0.5
7712949 214845585 1
7712949 214716645 1
7712949 214835064 0.5
7712949 214849393 0.5
7712949 214846035 0.5
7712949 214826670 0.5
9421513 214850949 1
9421513 214853338 1
9421513 214829880 0.5
9421513 214848326 0.5
9421513 214854118 0.5
9421513 214850743 0.5
1409208 214821315 1
1409208 214844357 1
1409208 214551624 0.5
1409208 214844394 0.5
1409208 214844462 0.5
1409208 214821302 0.5
1409208 214821305 0.5
1409208 214821309 0.5
2850164 214748293 1
2850164 214748297 1
2850164 214748338 0.5
3374453 214667912 1
3374453 214839617 1
3374453 214554585 0.5
3374453 214837882 0.5
3374453 214820803 0.5
3374453 214553565 0.5
3374453 214820807 0.5
6480071 214829392 1
6480071 214848337 1
6480071 214846427 0.5
6480071 214826990 0.5
7508171 214509401 1
7508171 214846072 1
7508171 214849745 0.5
1561823 214748293 1
1561823 214840483 1
1561823 214748300 0.5
9085136 214853105 1
9085136 214853085 1
9085136 214853096 0.5
6415477 214849020 1
6415477 214848945 1
6415477 214848954 0.5
6415477 214848947 0.5
8257763 214853173 1
8257763 214713954 1
8257763 214713956 0.5
8257763 214713967 0.5
37099 214819468 1
37099 214827032 1
37099 214716971 0.5
37099 214716973 0.5
37099 214717007 0.5
467181 214826608 1
467181 214826801 1
467181 214826955 0.5
467181 214540070 0.5
9412847 214850949 1
9412847 214711307 1
9412847 214853422 0.5
4882672 214602733 1
4882672 214839969 1
4882672 214838137 0.5
4882672 214826977 0.5
1065206 214602605 1
1065206 214540055 1
1065206 214835126 0.5
6708607 214820265 1
6708607 214820261 1
6708607 214832730 0.5
10809598 214854857 1
10809598 214854815 1
10809598 214854722 0.5
10809598 214854718 0.5
10809598 214854855 0.5
11424003 214832154 1
11424003 214835000 1
11424003 214835004 0.5
11424003 214850366 0.5
7713034 214835126 1
7713034 214743515 1
7713034 214835120 0.5
9023758 214851577 1
9023758 214829765 1
9023758 214849312 0.5
9023758 214851585 0.5
9023758 214677615 0.5
9023758 214829366 0.5
9023758 214561496 0.5
9023758 214821017 0.5
9023758 214835167 0.5
2834704 214831950 1
2834704 214829885 1
2834704 214829882 0.5
2941203 214836519 1
2941203 214827009 1
2941203 214532107 0.5
2941203 214560622 0.5
2941203 214560615 0.5
8487196 214839868 1
8487196 214705792 1
8487196 214705787 0.5
9490717 214839913 1
9490717 214853713 1
9490717 214853152 0.5
9490717 214853330 0.5
9490717 214853707 0.5
9490717 214853852 0.5
9490717 214850855 0.5
2018694 214834880 1
2018694 214716667 1
2018694 214826610 0.5
2018694 214821410 0.5
131373 214826606 1
131373 214826955 1
131373 214826835 0.5
4776239 214587317 1
4776239 214829775 1
4776239 214602598 0.5
1478961 214844394 1
1478961 214844452 1
1478961 214844465 0.5
1478961 214551626 0.5
1478961 214821309 0.5
1478961 214821302 0.5
3850547 214835167 1
3850547 214829765 1
3850547 214717498 0.5
3850547 214836795 0.5
3850547 214613741 0.5
3850547 214595150 0.5
6279477 214848941 1
6279477 214849022 1
6279477 214848658 0.5
6279477 214532107 0.5
6279477 214849020 0.5
6279477 214848947 0.5
6279477 214849046 0.5
9548086 214829042 1
9548086 214570547 1
9548086 214696830 0.5
10383673 214853244 1
10383673 214854354 1
10383673 214854352 0.5
10383673 214853767 0.5
10383673 214853707 0.5
10383673 214718160 0.5
10383673 214850771 0.5
10383673 214853113 0.5
4861322 214839969 1
4861322 214845131 1
4861322 214829850 0.5
4861322 214832023 0.5
4861322 214586743 0.5
4047166 214811758 1
4047166 214829765 1
4047166 214835167 0.5
10604876 214854536 1
10604876 214853244 1
10604876 214854354 0.5
2325219 214712124 1
2325219 214718210 1
2325219 214711205 0.5
2325219 214718199 0.5
11239767 214853100 1
11239767 214854842 1
11239767 214864880 0.5
11239767 214854853 0.5
8147002 214844439 1
8147002 214844458 1
8147002 214844456 0.5
8147002 214554358 0.5
1556836 214826833 1
1556836 214834877 1
1556836 214834880 0.5
1556836 214601233 0.5
1556836 214835042 0.5
1556836 214800272 0.5
1556836 214829321 0.5
1139052 214829336 1
1139052 214829045 1
1139052 214595139 0.5
9277806 214853420 1
9277806 214850942 1
9277806 214846033 0.5
9277806 214829878 0.5
565626 214821302 1
565626 214821339 1
565626 214821309 0.5
10523004 214567327 1
10523004 214567333 1
10523004 214851587 0.5
10523004 214850405 0.5
10523004 214853227 0.5
10523004 214854510 0.5
10523004 214853135 0.5
10523004 214552142 0.5
10523004 214854262 0.5
10236289 214567215 1
10236289 214567327 1
10236289 214567333 0.5
10236289 214854262 0.5
8196491 214846391 1
8196491 214851135 1
8196491 214552522 0.5
8196491 214844347 0.5
10461586 214854517 1
10461586 214853767 1
10461586 214854527 0.5
749988 214613743 1
749988 214827013 1
749988 214551748 0.5
8278444 214829792 1
8278444 214743515 1
8278444 214680371 0.5
8278444 214712237 0.5
3326382 214821309 1
3326382 214827000 1
3326382 214612738 0.5
3326382 214844439 0.5
3326382 214612751 0.5
10457526 214853090 1
10457526 214851326 1
10457526 214853094 0.5
4796861 214602598 1
4796861 214829390 1
4796861 214836512 0.5
4796861 214835109 0.5
4796861 214845131 0.5
4796861 214826990 0.5
4796861 214834877 0.5
4796861 214835167 0.5
6107598 214844355 1
6107598 214556212 1
6107598 214556025 0.5
6107598 214848682 0.5
6107598 214844372 0.5
6107598 214829850 0.5
3088848 214835017 1
3088848 214834867 1
3088848 214587712 0.5
3088848 214835747 0.5
3088848 214835132 0.5
3088848 214829390 0.5
7487957 214850713 1
7487957 214850758 1
7487957 214850720 0.5
7487957 214651777 0.5
7487957 214821020 0.5
10899926 214853102 1
10899926 214864880 1
10899926 214714755 0.5
10899926 214854860 0.5
10899926 214854853 0.5
4547031 214845129 1
4547031 214838109 1
4547031 214820938 0.5
4547031 214829102 0.5
7553496 214676306 1
7553496 214675895 1
7553496 214851080 0.5
7553496 214851587 0.5
7553496 214851317 0.5
8856034 214853248 1
8856034 214853094 1
8856034 214853090 0.5
3772901 214826938 1
3772901 214836795 1
3772901 214613741 0.5
9634286 214853454 1
9634286 214853424 1
9634286 214850947 0.5
9634286 214850942 0.5
9634286 214853422 0.5
9531891 214850945 1
9531891 214853420 1
9531891 214829878 0.5
6595069 214848973 1
6595069 214848980 1
6595069 214703790 0.5
6595069 214839206 0.5
6722048 214821305 1
6722048 214846468 1
6722048 214848322 0.5
4162049 214821305 1
4162049 214844439 1
4162049 214706169 0.5
2728451 214835017 1
2728451 214835019 1
2728451 214835747 0.5
7451153 214854632 1
7451153 214717007 1
7451153 214854630 0.5
3408413 214835747 1
3408413 214602600 1
3408413 214819760 0.5
3408413 214819762 0.5
3408413 214709587 0.5
3408413 214657318 0.5
5341728 214836932 1
5341728 214844342 1
5341728 214844347 0.5
3191342 214774685 1
3191342 214826818 1
3191342 214684108 0.5
3191342 214709638 0.5
7594552 214850762 1
7594552 214845958 1
7594552 214850792 0.5
7594552 214850936 0.5
7594552 214850938 0.5
6111802 214845962 1
6111802 214846119 1
6111802 214716577 0.5
6238784 214848973 1
6238784 214848980 1
6238784 214848298 0.5
5517892 214835167 1
5517892 214836924 1
5517892 214811739 0.5
3019334 214831940 1
3019334 214835132 1
3019334 214829390 0.5
4538954 214837494 1
4538954 214847255 1
4538954 214847261 0.5
4600399 214829765 1
4600399 214835167 1
4600399 214718379 0.5
4600399 214580171 0.5
9679444 214709634 1
9679444 214595139 1
9679444 214725542 0.5
6826767 214848380 1
6826767 214826990 1
6826767 214835109 0.5
2527837 214820261 1
2527837 214820233 1
2527837 214836761 0.5
2527837 214832717 0.5
5886558 214845954 1
5886558 214845962 1
5886558 214846312 0.5
5886558 214553257 0.5
5886558 214846119 0.5
2806367 214836830 1
2806367 214600468 1
2806367 214687685 0.5
7508576 214835126 1
7508576 214853145 1
7508576 214853143 0.5
533089 214821285 1
533089 214821277 1
533089 214821290 0.5
6247013 214612751 1
6247013 214533020 1
6247013 214821305 0.5
2683496 214831946 1
2683496 214829880 1
2683496 214828970 0.5
9420903 214829878 1
9420903 214853422 1
9420903 214829882 0.5
9420903 214850947 0.5
9420903 214829887 0.5
10429039 214853730 1
10429039 214853113 1
10429039 214850938 0.5
10429039 214854491 0.5
10429039 214850743 0.5
10871423 214853100 1
10871423 214854782 1
10871423 214850949 0.5
10871423 214846031 0.5
10871423 214826835 0.5
10871423 214829880 0.5
10871423 214820186 0.5
10871423 214838107 0.5
10719893 214854262 1
10719893 214567327 1
10719893 214567333 0.5
9650838 214563182 1
9650838 214850949 1
9650838 214853420 0.5
9650838 214853428 0.5
9650838 214763542 0.5
6238871 214848384 1
6238871 214848596 1
6238871 214829765 0.5
6238871 214848926 0.5
3162782 214718212 1
3162782 214821377 1
3162782 214711267 0.5
3162782 214821037 0.5
7918241 214849762 1
7918241 214849734 1
7918241 214844402 0.5
7385773 214844460 1
7385773 214844458 1
7385773 214844439 0.5
4567839 214644650 1
4567839 214828961 1
4567839 214821305 0.5
4567839 214821309 0.5
4567839 214748310 0.5
4567839 214828959 0.5
2114241 214829861 1
2114241 214829707 1
2114241 214829657 0.5
9847492 214853996 1
9847492 214853994 1
9847492 214853852 0.5
9847492 214853413 0.5
9847492 214763542 0.5
5182153 214821309 1
5182153 214551607 1
5182153 214821315 0.5
3859147 214839587 1
3859147 214844460 1
3859147 214820400 0.5
3859147 214640353 0.5
1532623 214844439 1
1532623 214821309 1
1532623 214844456 0.5
1532623 214821305 0.5
1532623 214844458 0.5
1532623 214821339 0.5
7811797 214716982 1
7811797 214844439 1
7811797 214844441 0.5
7811797 214551626 0.5
7811797 214844394 0.5
1016539 214748338 1
1016539 214753513 1
1016539 214748297 0.5
6148834 214844370 1
6148834 214846425 1
6148834 214651777 0.5
6148834 214712132 0.5
6148834 214835462 0.5
6148834 214602352 0.5
6148834 214717412 0.5
6148834 214835070 0.5
742117 214558192 1
742117 214716714 1
742117 214716746 0.5
742117 214821309 0.5
1639151 214820396 1
1639151 214820400 1
1639151 214826872 0.5
2650884 214716939 1
2650884 214716984 1
2650884 214819468 0.5
3670807 214848727 1
3670807 214685747 1
3670807 214848729 0.5
3670807 214844415 0.5
144152 214716984 1
144152 214832653 1
144152 214716928 0.5
144152 214832657 0.5
144152 214716982 0.5
9425692 214853342 1
9425692 214853330 1
9425692 214853152 0.5
2056943 214829861 1
2056943 214829707 1
2056943 214820263 0.5
11182913 214853102 1
11182913 214864880 1
11182913 214714755 0.5
11182913 214853100 0.5
11182913 214854855 0.5
10224451 214853715 1
10224451 214853865 1
10224451 214853353 0.5
10224451 214853698 0.5
10224451 214853996 0.5
10224451 214849322 0.5
10224451 214854165 0.5
9548621 214853342 1
9548621 214853340 1
9548621 214836802 0.5
3007313 214835017 1
3007313 214835019 1
3007313 214587712 0.5
3007313 214835747 0.5
11383637 214854782 1
11383637 214829790 1
11383637 214854797 0.5
7279449 214514291 1
7279449 214850291 1
7279449 214848947 0.5
7635819 214849740 1
7635819 214848845 1
7635819 214851315 0.5
7635819 214582172 0.5
7635819 214600335 0.5
4703084 214748310 1
4703084 214839915 1
4703084 214839347 0.5
4703084 214821277 0.5
4621169 214832143 1
4621169 214839399 1
4621169 214826945 0.5
4621169 214646745 0.5
4621169 214829797 0.5
4621169 214838105 0.5
2802561 214835017 1
2802561 214835137 1
2802561 214835745 0.5
10438123 214854300 1
10438123 214582942 1
10438123 214684736 0.5
10438123 214854785 0.5
10438123 214567333 0.5
10438123 214853996 0.5
10438123 214854510 0.5
10438123 214854159 0.5
10438123 214854065 0.5
10438123 214712244 0.5
10438123 214849464 0.5
10438123 214567327 0.5
10438123 214849468 0.5
10438123 214853726 0.5
10438123 214686879 0.5
6185867 214839969 1
6185867 214602733 1
6185867 214838137 0.5
6185867 214845412 0.5
11502476 214854838 1
11502476 214854731 1
11502476 214854855 0.5
11502476 214854767 0.5
11502476 214848658 0.5
11502476 214854491 0.5
11502476 214854332 0.5
11502476 214854815 0.5
1805123 214827013 1
1805123 214711297 1
1805123 214509144 0.5
1805123 214509148 0.5
7179759 214848298 1
7179759 214848746 1
7179759 214848324 0.5
4236211 214641967 1
4236211 214826891 1
4236211 214686082 0.5
4236211 214832143 0.5
8237109 214853096 1
8237109 214853085 1
8237109 214851326 0.5
10556351 214567327 1
10556351 214854358 1
10556351 214854268 0.5
10556351 214567215 0.5
2270154 214829878 1
2270154 214831946 1
2270154 214829880 0.5
2270154 214829882 0.5
4490193 214602598 1
4490193 214587317 1
4490193 214839975 0.5
5755864 214601218 1
5755864 214835747 1
5755864 214835745 0.5
5755864 214836330 0.5
5755864 214826565 0.5
5755864 214835017 0.5
6284249 214848982 1
6284249 214848845 1
6284249 214849018 0.5
6284249 214848622 0.5
6438394 214846460 1
6438394 214846110 1
6438394 214840595 0.5
6438394 214846367 0.5
9696223 214850947 1
9696223 214853996 1
9696223 214837442 0.5
9696223 214850790 0.5
9696223 214717867 0.5
9696223 214853420 0.5
9696223 214848185 0.5
9696223 214854172 0.5
1967077 214829392 1
1967077 214821407 1
1967077 214840775 0.5
1557481 214834880 1
1557481 214834877 1
1557481 214826610 0.5
1557481 214833755 0.5
7255503 214849337 1
7255503 214774676 1
7255503 214551907 0.5
7255503 214535051 0.5
3945463 214835000 1
3945463 214687457 1
3945463 214648256 0.5
3945463 214829882 0.5
3945463 214836830 0.5
3945463 214829070 0.5
6243322 214606948 1
6243322 214663976 1
6243322 214848656 0.5
6243322 214820265 0.5
6243322 214836506 0.5
6243322 214849070 0.5
5420032 214829668 1
5420032 214844398 1
5420032 214829672 0.5
5207048 214845354 1
5207048 214845581 1
5207048 214712051 0.5
5207048 214838094 0.5
6616073 214848849 1
6616073 214845585 1
6616073 214753505 0.5
5755914 214846119 1
5755914 214845962 1
5755914 214844370 0.5
5755914 214845971 0.5
5755914 214832019 0.5
9077772 214851122 1
9077772 214717247 1
9077772 214748334 0.5
3392531 214842735 1
3392531 214531314 1
3392531 214561472 0.5
3392531 214574672 0.5
3392531 214826750 0.5
3392531 214829846 0.5
3392531 214544327 0.5
9741336 214853454 1
9741336 214854176 1
9741336 214850855 0.5
9741336 214853994 0.5
9741336 214853132 0.5
9741336 214853722 0.5
9741336 214853435 0.5
9741336 214853852 0.5
8926233 214774674 1
8926233 214853402 1
8926233 214695399 0.5
3044396 214716941 1
3044396 214716986 1
3044396 214716977 0.5
3044396 214717007 0.5
3044396 214716939 0.5
3044396 214717005 0.5
3044396 214832655 0.5
7926833 214844439 1
7926833 214821305 1
7926833 214821309 0.5
734263 214821277 1
734263 214820415 1
734263 214826925 0.5
3077181 214835019 1
3077181 214835017 1
3077181 214829364 0.5
1954883 214829846 1
1954883 214826711 1
1954883 214829865 0.5
6512893 214712237 1
6512893 214848980 1
6512893 214848613 0.5
7930978 214850938 1
7930978 214850771 1
7930978 214850743 0.5
9073772 214853094 1
9073772 214852978 1
9073772 214853096 0.5
9073772 214850372 0.5
9073772 214853085 0.5
9073772 214851326 0.5
2020461 214695399 1
2020461 214709970 1
2020461 214554296 0.5
2020461 214826805 0.5
5411953 214844342 1
5411953 214844347 1
5411953 214836932 0.5
9536649 214853422 1
9536649 214711307 1
9536649 214849809 0.5
9536649 214575763 0.5
9536649 214826893 0.5
9536649 214829790 0.5
10491019 214567215 1
10491019 214567329 1
10491019 214820394 0.5
10491019 214854268 0.5
10491019 214684762 0.5
10491019 214854358 0.5
10491019 214853855 0.5
11392158 214854782 1
11392158 214853102 1
11392158 214684730 0.5
11392158 214684734 0.5
8077509 214844454 1
8077509 214612704 1
8077509 214844439 0.5
8237663 214533020 1
8237663 214612738 1
8237663 214612751 0.5
4752571 214839969 1
4752571 214602733 1
4752571 214839960 0.5
4752571 214829850 0.5
4158658 214848212 1
4158658 214700002 1
4158658 214743515 0.5
722123 214832655 1
722123 214717005 1
722123 214716926 0.5
722123 214717007 0.5
3994832 214836795 1
3994832 214836870 1
3994832 214836830 0.5
3591032 214829773 1
3591032 214613741 1
3591032 214829666 0.5
3591032 214829379 0.5
3591032 214835012 0.5
3591032 214820454 0.5
3591032 214554118 0.5
3591032 214836924 0.5
3591032 214554332 0.5
3591032 214586668 0.5
3591032 214832557 0.5
3591032 214821399 0.5
3591032 214836795 0.5
3591032 214821020 0.5
3591032 214557701 0.5
87253 214821277 1
87253 214821292 1
87253 214826702 0.5
6427879 214842482 1
6427879 214842553 1
6427879 214848656 0.5
5088504 214844325 1
5088504 214844330 1
5088504 214844332 0.5
10810622 214853102 1
10810622 214854785 1
10810622 214853100 0.5
10274048 214514265 1
10274048 214850291 1
10274048 214514240 0.5
10274048 214854787 0.5
10274048 214853428 0.5
10274048 214514291 0.5
3683593 214844486 1
3683593 214836568 1
3683593 214838225 0.5
3683593 214836330 0.5
3761026 214836932 1
3761026 214820220 1
3761026 214829762 0.5
3761026 214836947 0.5
9446694 214850949 1
9446694 214850945 1
9446694 214853420 0.5
9446694 214829822 0.5
4711719 214829792 1
4711719 214839596 1
4711719 214706452 0.5
6034994 214846318 1
6034994 214846117 1
6034994 214645987 0.5
6034994 214650564 0.5
6034994 214709702 0.5
6034994 214845971 0.5
6034994 214582200 0.5
6034994 214811739 0.5
6866222 214849020 1
6866222 214848952 1
6866222 214844400 0.5
6866222 214849003 0.5
6866222 214606948 0.5
6866222 214848605 0.5
6866222 214849022 0.5
6092086 214835109 1
6092086 214838227 1
6092086 214849275 0.5
6092086 214613741 0.5
6092086 214595150 0.5
2245513 214831950 1
2245513 214829885 1
2245513 214829882 0.5
8167647 214848380 1
8167647 214848337 1
8167647 214826990 0.5
7259019 214849762 1
7259019 214849736 1
7259019 214850304 0.5
3290439 214821407 1
3290439 214832124 1
3290439 214835122 0.5
3290439 214832115 0.5
2774344 214753513 1
2774344 214748297 1
2774344 214748338 0.5
5379411 214844345 1
5379411 214844396 1
5379411 214844400 0.5
5379411 214826990 0.5
2139483 214828961 1
2139483 214821305 1
2139483 214829657 0.5
2139483 214834875 0.5
10122593 214711952 1
10122593 214845583 1
10122593 214853730 0.5
10122593 214853700 0.5
10122593 214853094 0.5
10122593 214832145 0.5
10122593 214543922 0.5
10122593 214853722 0.5
6108518 214846466 1
6108518 214846479 1
6108518 214846415 0.5
9778536 214854060 1
9778536 214853730 1
9778536 214718220 0.5
2086252 214831931 1
2086252 214712132 1
2086252 214827011 0.5
2086252 214829747 0.5
2086252 214612901 0.5
10495341 214567327 1
10495341 214854358 1
10495341 214567333 0.5
10495341 214854510 0.5
10495341 214854262 0.5
10495341 214684762 0.5
10495341 214849468 0.5
10495341 214853726 0.5
10495341 214853855 0.5
9086318 214714794 1
9086318 214851161 1
9086318 214851080 0.5
9086318 214716746 0.5
9086318 214716654 0.5
9086318 214848851 0.5
9086318 214851028 0.5
9086318 214685049 0.5
9086318 214716671 0.5
6968694 214848337 1
6968694 214848380 1
6968694 214848384 0.5
6968694 214560613 0.5
6968694 214848847 0.5
2819452 214829364 1
2819452 214842450 1
2819452 214819760 0.5
2819452 214642805 0.5
2819452 214837455 0.5
7939466 214851024 1
7939466 214849327 1
7939466 214696646 0.5
2339053 214829887 1
2339053 214686082 1
2339053 214831955 0.5
2339053 214831948 0.5
10114471 214854060 1
10114471 214854118 1
10114471 214853698 0.5
10114471 214853996 0.5
10114471 214853722 0.5
7443901 214846367 1
7443901 214846412 1
7443901 214846472 0.5
7443901 214835428 0.5
7443901 214586668 0.5
9109751 214850771 1
9109751 214846001 1
9109751 214577450 0.5
9109751 214849046 0.5
3757517 214838225 1
3757517 214836330 1
3757517 214819762 0.5
3757517 214600492 0.5
3757517 214835469 0.5
3757517 214706462 0.5
1521102 214826610 1
1521102 214834877 1
1521102 214834880 0.5
1521102 214829366 0.5
2348621 214829880 1
2348621 214831948 1
2348621 214829882 0.5
2348621 214829878 0.5
6411728 214846333 1
6411728 214845131 1
6411728 214848656 0.5
6411728 214835109 0.5
6411728 214846535 0.5
9987543 214853730 1
9987543 214853698 1
9987543 214853707 0.5
9987543 214853702 0.5
9987543 214853767 0.5
3169871 214836870 1
3169871 214829773 1
3169871 214836932 0.5
3169871 214836877 0.5
3169871 214595150 0.5
3169871 214613741 0.5
2183456 214560187 1
2183456 214835752 1
2183456 214829720 0.5
2183456 214832563 0.5
8525281 214851290 1
8525281 214851590 1
8525281 214552522 0.5
8525281 214564380 0.5
8525281 214851101 0.5
1127914 214829747 1
1127914 214828995 1
1127914 214829745 0.5
9070063 214829850 1
9070063 214820345 1
9070063 214716110 0.5
10311159 214853096 1
10311159 214853105 1
10311159 214853085 0.5
7898619 214850938 1
7898619 214850936 1
7898619 214850743 0.5
5346824 214826833 1
5346824 214845590 1
5346824 214826949 0.5
6522383 214829392 1
6522383 214848613 1
6522383 214848808 0.5
2561557 214748293 1
2561557 214748297 1
2561557 214748300 0.5
10888728 214853100 1
10888728 214864880 1
10888728 214854840 0.5
10012187 214853865 1
10012187 214853996 1
10012187 214839962 0.5
10012187 214850790 0.5
5711396 214836830 1
5711396 214846389 1
5711396 214850880 0.5
5711396 214829006 0.5
5711396 214840415 0.5
341541 214826803 1
341541 214821285 1
341541 214821277 0.5
10991164 214857830 1
10991164 214859139 1
10991164 214700000 0.5
10991164 214701787 0.5
10991164 214853102 0.5
10384961 214853090 1
10384961 214851326 1
10384961 214853094 0.5
6731341 214846318 1
6731341 214846312 1
6731341 214567408 0.5
8894034 214845962 1
8894034 214678376 1
8894034 214851750 0.5
8894034 214677830 0.5
8894034 214853128 0.5
8894034 214853227 0.5
8894034 214853135 0.5
8894034 214848185 0.5
8894034 214851742 0.5
3851862 214645618 1
3851862 214845127 1
3851862 214630042 0.5
8869474 214853094 1
8869474 214852978 1
8869474 214853105 0.5
8869474 214853090 0.5
8869474 214853077 0.5
8869474 214851326 0.5
2311781 214716947 1
2311781 214716977 1
2311781 214716932 0.5
2311781 214819468 0.5
5793398 214846432 1
5793398 214846425 1
5793398 214579837 0.5
10632811 214853102 1
10632811 214854785 1
10632811 214854722 0.5
10632811 214854860 0.5
10632811 214851757 0.5
10632811 214853079 0.5
10632811 214853083 0.5
10632811 214854716 0.5
10632811 214854718 0.5
7198346 214848302 1
7198346 214711348 1
7198346 214836947 0.5
4886807 214838094 1
4886807 214641967 1
4886807 214836956 0.5
4886807 214838092 0.5
648844 214832730 1
648844 214587611 1
648844 214587609 0.5
4773518 214829730 1
4773518 214845133 1
4773518 214839956 0.5
4429362 214845131 1
4429362 214839973 1
4429362 214586469 0.5
4429362 214831967 0.5
9103032 214853096 1
9103032 214851326 1
9103032 214853085 0.5
5408443 214835473 1
5408443 214826949 1
5408443 214601233 0.5
5408443 214602733 0.5
5408443 214710101 0.5
10031392 214853722 1
10031392 214853700 1
10031392 214853707 0.5
8169158 214853105 1
8169158 214851326 1
8169158 214853077 0.5
10446547 214850790 1
10446547 214853135 1
10446547 214567333 0.5
10446547 214850792 0.5
10446547 214854510 0.5
10446547 214567215 0.5
10446547 214854545 0.5
10446547 214854549 0.5
10446547 214853435 0.5
10446547 214854172 0.5
10446547 214567327 0.5
8155301 214851122 1
8155301 214851313 1
8155301 214851315 0.5
8155301 214851101 0.5
8155301 214852982 0.5
6039267 214846119 1
6039267 214845962 1
6039267 214845954 0.5
8606347 214850936 1
8606347 214834867 1
8606347 214853128 0.5
8606347 214853130 0.5
8606347 214609325 0.5
8606347 214848926 0.5
6616807 214832604 1
6616807 214716707 1
6616807 214551624 0.5
6616807 214821305 0.5
6616807 214612706 0.5
6616807 214844447 0.5
6616807 214844439 0.5
1742574 214834880 1
1742574 214826610 1
1742574 214829387 0.5
1742574 214833755 0.5
6694654 214849012 1
6694654 214848380 1
6694654 214848337 0.5
6694654 214561402 0.5
11552523 214567329 1
11552523 214567215 1
11552523 214567333 0.5
222989 214820383 1
222989 214821285 1
222989 214826803 0.5
9165101 214835561 1
9165101 214725508 1
9165101 214632146 0.5
9492244 214853342 1
9492244 214853340 1
9492244 214853420 0.5
1771287 214748297 1
1771287 214753513 1
1771287 214748302 0.5
8873752 214849018 1
8873752 214853090 1
8873752 214848997 0.5
7567129 214840378 1
7567129 214853173 1
7567129 214853758 0.5
7911208 214850362 1
7911208 214846303 1
7911208 214850402 0.5
7911208 214851236 0.5
7911208 214849389 0.5
7911208 214829775 0.5
7911208 214846417 0.5
7911208 214832023 0.5
7911208 214846333 0.5
6719281 214820272 1
6719281 214842555 1
6719281 214842553 0.5
7680307 214832015 1
7680307 214851120 1
7680307 214845352 0.5
7680307 214853437 0.5
6039351 214846380 1
6039351 214846408 1
6039351 214829720 0.5
10860344 214853102 1
10860344 214864880 1
10860344 214854802 0.5
9229279 214850949 1
9229279 214850945 1
9229279 214845356 0.5
3995463 214835167 1
3995463 214835109 1
3995463 214836932 0.5
3995463 214836947 0.5
3995463 214836924 0.5
575304 214826876 1
575304 214826872 1
575304 214826998 0.5
4358456 214831970 1
4358456 214829070 1
4358456 214838096 0.5
4358456 214838107 0.5
3012434 214602600 1
3012434 214834867 1
3012434 214832792 0.5
3012434 214577025 0.5
3012434 214580190 0.5
8799886 214852980 1
8799886 214853077 1
8799886 214853210 0.5
8799886 214851748 0.5
2429924 214831948 1
2429924 214829878 1
2429924 214819760 0.5
2429924 214829090 0.5
2429924 214819762 0.5
1865573 214580291 1
1865573 214835752 1
1865573 214714880 0.5
4446057 214834877 1
4446057 214845131 1
4446057 214748336 0.5
4446057 214836855 0.5
4446057 214587317 0.5
4446057 214586694 0.5
4446057 214832023 0.5
2643818 214829878 1
2643818 214831948 1
2643818 214829887 0.5
8038252 214846530 1
8038252 214829799 1
8038252 214835745 0.5
8038252 214839587 0.5
8038252 214706102 0.5
8038252 214657318 0.5
8038252 214849031 0.5
8038252 214744779 0.5
8038252 214600492 0.5
8038252 214846061 0.5
8038252 214839975 0.5
8038252 214848656 0.5
8038252 214676945 0.5
8038252 214820402 0.5
8038252 214846067 0.5
8038252 214846001 0.5
8038252 214826998 0.5
8038252 214553561 0.5
8038252 214850940 0.5
8038252 214851101 0.5
2328434 214828970 1
2328434 214831948 1
2328434 214828963 0.5
2328434 214836517 0.5
2328434 214829887 0.5
10516341 214567327 1
10516341 214567333 1
10516341 214854510 0.5
3074459 214829364 1
3074459 214835745 1
3074459 214600492 0.5
10213248 214718220 1
10213248 214848324 1
10213248 214854300 0.5
10213248 214853437 0.5
10213248 214854159 0.5
8445547 214632146 1
8445547 214850291 1
8445547 214829885 0.5
10246022 214853724 1
10246022 214853735 1
10246022 214854174 0.5
4855693 214819490 1
4855693 214821371 1
4855693 214835122 0.5
4160271 214725551 1
4160271 214819410 1
4160271 214640353 0.5
4160271 214820938 0.5
3377063 214832128 1
3377063 214832126 1
3377063 214826563 0.5
612268 214820255 1
612268 214827022 1
612268 214819490 0.5
8038728 214716982 1
8038728 214844394 1
8038728 214844439 0.5
7330823 214849333 1
7330823 214849239 1
7330823 214834877 0.5
6744002 214832604 1
6744002 214716707 1
6744002 214848613 0.5
10819523 214567327 1
10819523 214854146 1
10819523 214854510 0.5
5666772 214846031 1
5666772 214849001 1
5666772 214839973 0.5
2365774 214831946 1
2365774 214829878 1
2365774 643078800 0.5
2365774 214826715 0.5
2365774 214718396 0.5
2365774 214716110 0.5
2365774 214717511 0.5
2799582 214820227 1
2799582 214820233 1
2799582 214820231 0.5
9195293 214850947 1
9195293 214853420 1
9195293 214850304 0.5
9195293 214829878 0.5
9195293 214853422 0.5
7247846 214849342 1
7247846 214849322 1
7247846 214849185 0.5
2742268 214829878 1
2742268 214831940 1
2742268 214835503 0.5
2566147 214601535 1
2566147 214826589 1
2566147 214821410 0.5
2566147 214821412 0.5
9316357 214716714 1
9316357 214851165 1
9316357 214851163 0.5
9316357 214851748 0.5
9316357 214850405 0.5
9316357 214853227 0.5
9316357 214684942 0.5
9316357 214853135 0.5
9316357 214851317 0.5
9316357 214851579 0.5
9316357 214716671 0.5
5056521 214510775 1
5056521 214846057 1
5056521 214613915 0.5
5056521 214836142 0.5
5056521 214848727 0.5
4068402 214829042 1
4068402 214829032 1
4068402 214716660 0.5
4068402 214845127 0.5
5159257 214844319 1
5159257 214844407 1
5159257 214844372 0.5
6775812 214848980 1
6775812 214848973 1
6775812 214846419 0.5
4868123 214838102 1
4868123 214842735 1
4868123 214837280 0.5
4868123 214539238 0.5
4868123 214829887 0.5
9254944 214853420 1
9254944 214684730 1
9254944 214831948 0.5
6617123 214849286 1
6617123 214849344 1
6617123 214849185 0.5
6617123 214838094 0.5
6527021 214710097 1
6527021 214668667 1
6527021 214835137 0.5
6527021 214836506 0.5
6527021 214836519 0.5
5867567 214840595 1
5867567 214845422 1
5867567 214584992 0.5
4075189 214584907 1
4075189 214748340 1
4075189 214584939 0.5
9726023 214853402 1
9726023 214850949 1
9726023 214853422 0.5
11151453 214854853 1
11151453 214864880 1
11151453 214853102 0.5
9334007 214853422 1
9334007 214853420 1
9334007 214845356 0.5
11212896 214853072 1
11212896 214854722 1
11212896 214839596 0.5
11212896 214854707 0.5
11212896 214849100 0.5
4855906 214587317 1
4855906 214844360 1
4855906 214839600 0.5
4855906 214586469 0.5
7034982 214850282 1
7034982 214832012 1
7034982 214831946 0.5
6342759 214846535 1
6342759 214826990 1
6342759 214848328 0.5
6342759 214848410 0.5
6342759 214835109 0.5
9017461 214641412 1
9017461 214573168 1
9017461 214557268 0.5
11151487 214854782 1
11151487 214853100 1
11151487 214854840 0.5
11151487 214853102 0.5
11528324 214850304 1
11528324 214850947 1
11528324 214854785 0.5
11528324 214846029 0.5
11528324 214829887 0.5
10610831 214850625 1
10610831 214672942 1
10610831 214652207 0.5
6329368 214846029 1
6329368 214846385 1
6329368 214848992 0.5
10770582 214854358 1
10770582 214684785 1
10770582 214684762 0.5
10770582 214853726 0.5
10770582 214854510 0.5
10770582 214853735 0.5
7183938 214575193 1
7183938 214849747 1
7183938 214844355 0.5
6744251 214710152 1
6744251 214848605 1
6744251 214845577 0.5
6744251 214556212 0.5
6744251 214706150 0.5
6744251 214846033 0.5
10639548 214854547 1
10639548 214854300 1
10639548 214854352 0.5
10639548 214849464 0.5
10639548 214556218 0.5
10639548 214854534 0.5
10639548 214853113 0.5
6715581 214846464 1
6715581 214846468 1
6715581 214579372 0.5
6715581 214838111 0.5
5806272 214725506 1
5806272 214582942 1
5806272 214676945 0.5
5806272 214839611 0.5
5806272 214692581 0.5
8366274 214849010 1
8366274 214845971 1
8366274 214819586 0.5
8366274 214846117 0.5
8366274 214709702 0.5
6486211 214844400 1
6486211 214846470 1
6486211 214846258 0.5
182469 214819526 1
182469 214717247 1
182469 214826904 0.5
2390222 214829880 1
2390222 214831948 1
2390222 214829882 0.5
2390222 214829878 0.5
2390222 214831967 0.5
2791637 214844439 1
2791637 214533022 1
2791637 214716935 0.5
4933847 214836868 1
4933847 214845577 1
4933847 214838092 0.5
6916312 214828989 1
6916312 214848986 1
6916312 214851009 0.5
6916312 214696899 0.5
6916312 214712709 0.5
6916312 214821367 0.5
5012727 214845131 1
5012727 214844439 1
5012727 214829730 0.5
11008224 214853090 1
11008224 214853096 1
11008224 214853085 0.5
11008224 214853077 0.5
1558754 214826610 1
1558754 214828974 1
1558754 214834880 0.5
1558754 214833755 0.5
1558754 214834877 0.5
895203 214630042 1
895203 214829042 1
895203 214645618 0.5
895203 214550548 0.5
8436013 214716654 1
8436013 214851131 1
8436013 214851097 0.5
8436013 214851165 0.5
8436013 214832567 0.5
6527213 214849292 1
6527213 214848808 1
6527213 214556055 0.5
8943861 214846119 1
8943861 214678376 1
8943861 214846312 0.5
8943861 214849010 0.5
8943861 214849389 0.5
8943861 214835167 0.5
8242882 214850720 1
8242882 214849365 1
8242882 214851167 0.5
2694486 214826565 1
2694486 214835747 1
2694486 214587712 0.5
2694486 214674401 0.5
2694486 214583670 0.5
2694486 214600492 0.5
2694486 214687852 0.5
2694486 214601229 0.5
2694486 214553565 0.5
2694486 214543922 0.5
2694486 214706102 0.5
2694486 214828985 0.5
2694486 214826998 0.5
2694486 214826623 0.5
7420167 214536221 1
7420167 214536577 1
7420167 214511465 0.5
7420167 214572377 0.5
8472844 214835561 1
8472844 214851322 1
8472844 214580424 0.5
3795222 214829079 1
3795222 214820220 1
3795222 214829762 0.5
3795222 214826803 0.5
3795222 214838227 0.5
2128153 214829878 1
2128153 214831946 1
2128153 214834880 0.5
2128153 214717511 0.5
2128153 214819378 0.5
2128153 214835124 0.5
2128153 214705655 0.5
2128153 214695412 0.5
2128153 214826715 0.5
2128153 214831965 0.5
4106528 214832143 1
4106528 214839596 1
4106528 214839594 0.5
4106528 214714757 0.5
5721137 214846117 1
5721137 214845962 1
5721137 214845965 0.5
4507356 214839956 1
4507356 214839977 1
4507356 214542761 0.5
8431917 214685049 1
8431917 214851317 1
8431917 214851748 0.5
4704568 214839975 1
4704568 214839973 1
4704568 214829280 0.5
4704568 214587317 0.5
4704568 214836855 0.5
350521 214716971 1
350521 214716941 1
350521 214819468 0.5
4303164 214561775 1
4303164 214835167 1
4303164 214821020 0.5
1444157 214712126 1
1444157 214712124 1
1444157 214826610 0.5
1444157 214829366 0.5
7231812 214748295 1
7231812 214753505 1
7231812 214748304 0.5
694603 214833800 1
694603 214820231 1
694603 214833802 0.5
928078 214826891 1
928078 214826893 1
928078 214819530 0.5
6785361 214848952 1
6785361 214849365 1
6785361 214821032 0.5
6785361 214848954 0.5
6785361 214849020 0.5
6785361 214849022 0.5
6785361 214849239 0.5
827107 214821307 1
827107 214584939 1
827107 214821302 0.5
3062108 214835132 1
3062108 214573123 1
3062108 214602600 0.5
3062108 214829390 0.5
11561319 214854065 1
11561319 214746380 1
11561319 214854060 0.5
2378092 214829878 1
2378092 214831946 1
2378092 214829885 0.5
8653167 214850936 1
8653167 214850938 1
8653167 214718177 0.5
8653167 214690796 0.5
6466063 214844439 1
6466063 214533020 1
6466063 214821305 0.5
6466063 214551626 0.5
6466063 214844462 0.5
11336054 214642697 1
11336054 214853072 1
11336054 214848326 0.5
11540864 214846014 1
11540864 214684734 1
11540864 214831946 0.5
11540864 214853100 0.5
11540864 214854782 0.5
11540864 214850310 0.5
11540864 214717511 0.5
10525083 214678376 1
10525083 214848845 1
10525083 214717888 0.5
10525083 214850765 0.5
8804771 214716654 1
8804771 214716714 1
8804771 214851080 0.5
8804771 214851290 0.5
8804771 214716746 0.5
10955178 214853102 1
10955178 214854785 1
10955178 214850947 0.5
10955178 214831948 0.5
10955178 214864880 0.5
10955178 214846033 0.5
10955178 214684730 0.5
10955178 214850942 0.5
10955178 214829887 0.5
6592942 214849331 1
6592942 214849239 1
6592942 214834880 0.5
6592942 214829387 0.5
6592942 214826610 0.5
6592942 214849333 0.5
6592942 214753657 0.5
6592942 214834877 0.5
6592942 214712126 0.5
1415611 214712696 1
1415611 214712552 1
1415611 214712126 0.5
6191556 214848185 1
6191556 214839971 1
6191556 214846007 0.5
9484746 214850947 1
9484746 214853420 1
9484746 214853422 0.5
9484746 214826814 0.5
5731926 214846031 1
5731926 214846029 1
5731926 214848185 0.5
9050583 214716654 1
9050583 214846391 1
9050583 214851135 0.5
7982159 214850743 1
7982159 214850938 1
7982159 214850792 0.5
7982159 214849363 0.5
7982159 214609325 0.5
661986 214827009 1
661986 214826615 1
661986 214684513 0.5
661986 214826619 0.5
661986 214691484 0.5
661986 214826925 0.5
661986 214836765 0.5
10582513 214854536 1
10582513 214853244 1
10582513 214853113 0.5
10582513 214854354 0.5
10858241 214850420 1
10858241 214718158 1
10858241 214538582 0.5
9239048 214839913 1
9239048 214853402 1
9239048 214850949 0.5
9239048 214846031 0.5
5932802 214845131 1
5932802 214845917 1
5932802 214748336 0.5
5932802 214849001 0.5
5932802 214845887 0.5
5932802 214846447 0.5
8149519 214853094 1
8149519 214853105 1
8149519 214853248 0.5
8149519 214852980 0.5
6404627 214716707 1
6404627 214832604 1
6404627 214821305 0.5
6404627 214612706 0.5
6404627 214714794 0.5
6404627 214844394 0.5
6404627 214551607 0.5
6101529 214840584 1
6101529 214842555 1
6101529 214820272 0.5
2083356 214829385 1
2083356 214835002 1
2083356 214835750 0.5
8803418 214853090 1
8803418 214852978 1
8803418 214853248 0.5
8803418 214851326 0.5
6261279 214849076 1
6261279 214848615 1
6261279 214838225 0.5
6261279 214844402 0.5
6261279 214839973 0.5
6261279 214848982 0.5
5212704 214712235 1
5212704 214839594 1
5212704 214700000 0.5
5212704 214680371 0.5
8331683 214851137 1
8331683 214716935 1
8331683 214716932 0.5
8331683 214848997 0.5
8331683 214849031 0.5
10890333 214853767 1
10890333 214854517 1
10890333 214848658 0.5
10890333 214743495 0.5
7023169 214850304 1
7023169 214850285 1
7023169 214835137 0.5
9964641 214851326 1
9964641 214853248 1
9964641 214819760 0.5
9964641 214851099 0.5
9964641 214853420 0.5
10064994 214853767 1
10064994 214853722 1
10064994 214846344 0.5
10064994 214848185 0.5
10064994 214853700 0.5
10064994 214853702 0.5
10054226 214854118 1
10054226 214854146 1
10054226 214853992 0.5
10054226 214850936 0.5
10054226 214851748 0.5
6683233 214716707 1
6683233 214832604 1
6683233 214848832 0.5
6683233 214848808 0.5
6683233 214848613 0.5
7293552 214850758 1
7293552 214850936 1
7293552 214716965 0.5
7293552 214717005 0.5
7293552 214716973 0.5
7293552 214716947 0.5
7293552 214836947 0.5
7293552 214716982 0.5
7293552 214850743 0.5
7293552 214819772 0.5
7293552 214850405 0.5
3098388 214829878 1
3098388 214829880 1
3098388 214831948 0.5
3098388 214829887 0.5
7166589 214849738 1
7166589 214849080 1
7166589 214849153 0.5
7166589 214849102 0.5
6711948 214848159 1
6711948 214835137 1
6711948 214836568 0.5
6711948 214712132 0.5
6711948 214844486 0.5
7527058 214844439 1
7527058 214844450 1
7527058 214612704 0.5
7527058 214844394 0.5
7527058 214845506 0.5
10955412 214712242 1
10955412 214854707 1
10955412 214854682 0.5
7928469 214850938 1
7928469 214850700 1
7928469 214820394 0.5
6834843 214849312 1
6834843 214665277 1
6834843 214848337 0.5
6834843 214849012 0.5
6834843 214849333 0.5
6834843 214834877 0.5
6834843 214849239 0.5
4672158 214836924 1
4672158 214835167 1
4672158 214829765 0.5
7666338 214840378 1
7666338 214850792 1
7666338 214851317 0.5
9861799 214853698 1
9861799 214853767 1
9861799 214853707 0.5
9861799 214853700 0.5
8034984 214716714 1
8034984 214851131 1
8034984 214601040 0.5
8034984 214837442 0.5
8034984 214601042 0.5
8034984 214557223 0.5
9333417 214853454 1
9333417 214850945 1
9333417 214853248 0.5
9333417 214853767 0.5
9333417 214854152 0.5
9333417 214853420 0.5
9333417 214853422 0.5
9333417 214821022 0.5
6240938 214846530 1
6240938 214848656 1
6240938 214848337 0.5
6240938 214606948 0.5
404147 214753507 1
404147 214753505 1
404147 214748291 0.5
7236287 214846530 1
7236287 214846447 1
7236287 214849031 0.5
6109896 214846415 1
6109896 214846417 1
6109896 214846466 0.5
6109896 214846412 0.5
10021594 214846119 1
10021594 214678376 1
10021594 214846312 0.5
10021594 214849010 0.5
10021594 214845962 0.5
3062491 214835747 1
3062491 214835017 1
3062491 214835745 0.5
7838437 214850938 1
7838437 214850936 1
7838437 214850771 0.5
7838437 214850743 0.5
8202991 214716746 1
8202991 214716671 1
8202991 214851579 0.5
8202991 214851575 0.5
9923314 214821377 1
9923314 214829034 1
9923314 214854227 0.5
9923314 214854830 0.5
6351607 214848622 1
6351607 214848656 1
6351607 214848950 0.5
1833723 214829878 1
1833723 214829885 1
1833723 214819760 0.5
1833723 214819762 0.5
7617281 214819490 1
7617281 214536577 1
7617281 214842555 0.5
7617281 214848375 0.5
4365063 214540127 1
4365063 214540125 1
4365063 214838096 0.5
8571677 214851163 1
8571677 214851165 1
8571677 214848851 0.5
8571677 214851131 0.5
8571677 214716671 0.5
10672927 214854065 1
10672927 214853992 1
10672927 214839962 0.5
10672927 214854172 0.5
8199528 214851080 1
8199528 214851161 1
8199528 214685049 0.5
8199528 214716746 0.5
8199528 214848851 0.5
8199528 214716671 0.5
5524279 214845585 1
5524279 214845583 1
5524279 214667912 0.5
5524279 214836330 0.5
11029311 214854497 1
11029311 214854716 1
11029311 214853154 0.5
11029311 214714755 0.5
11029311 214854767 0.5
6994762 214820227 1
6994762 214820233 1
6994762 214820231 0.5
10853206 214510445 1
10853206 214854797 1
10853206 214712242 0.5
3849068 214576520 1
3849068 214540127 1
3849068 214535672 0.5
3849068 214540125 0.5
6892397 214821315 1
6892397 214716930 1
6892397 214612706 0.5
6892397 214533022 0.5
6892397 214551607 0.5
7658371 214832657 1
7658371 214717005 1
7658371 214820231 0.5
7658371 214584939 0.5
7658371 214819468 0.5
7658371 214832653 0.5
7658371 214832655 0.5
7658371 214554358 0.5
7658371 214716984 0.5
7658371 214716941 0.5
2141066 214829707 1
2141066 214829861 1
2141066 214829711 0.5
5741463 214848298 1
5741463 214846014 1
5741463 214835017 0.5
5741463 214829797 0.5
3386269 214829878 1
3386269 214831946 1
3386269 214831948 0.5
4754349 214826942 1
4754349 214832143 1
4754349 214826945 0.5
4754349 214585644 0.5
5348276 214844342 1
5348276 214844347 1
5348276 214844345 0.5
2968517 214829882 1
2968517 214829878 1
2968517 214829885 0.5
7367623 214748321 1
7367623 214820345 1
7367623 214835107 0.5
7367623 214557701 0.5
7367623 214835750 0.5
6859722 214829387 1
6859722 214835747 1
6859722 214849312 0.5
6859722 214849275 0.5
6859722 214849179 0.5
6859722 214849318 0.5
2989004 214829878 1
2989004 214829887 1
2989004 214829880 0.5
3099599 214835019 1
3099599 214600492 1
3099599 214835745 0.5
9386962 214853420 1
9386962 214850947 1
9386962 214850942 0.5
9370591 214850942 1
9370591 214853428 1
9370591 214850947 0.5
7891936 214563182 1
7891936 214838122 1
7891936 214850625 0.5
7891936 214850747 0.5
7891936 214836830 0.5
5790693 214846119 1
5790693 214845962 1
5790693 214845965 0.5
11156454 214854840 1
11156454 214854782 1
11156454 214853100 0.5
2554856 214829882 1
2554856 214829885 1
2554856 214831946 0.5
2554856 214831948 0.5
2554856 214831959 0.5
1604588 214826610 1
1604588 214834880 1
1604588 214826589 0.5
7755602 214850938 1
7755602 214849239 1
7755602 214850411 0.5
7420917 214748291 1
7420917 214748295 1
7420917 214748304 0.5
6666069 214848656 1
6666069 214551930 1
6666069 214849284 0.5
6666069 214657318 0.5
6666069 214839975 0.5
6666069 214711952 0.5
6666069 214845457 0.5
6666069 214831967 0.5
990212 214826715 1
990212 214702905 1
990212 214717412 0.5
990212 214609325 0.5
10152967 214853767 1
10152967 214853698 1
10152967 214853713 0.5
5925904 214846001 1
5925904 214845131 1
5925904 214845986 0.5
6655002 214845131 1
6655002 214849239 1
6655002 214696897 0.5
6655002 214848682 0.5
6655002 214665277 0.5
6655002 214848656 0.5
6655002 214849333 0.5
6655002 214848695 0.5
6655002 214834877 0.5
11230238 214854720 1
11230238 214854722 1
11230238 214690839 0.5
1399846 214826610 1
1399846 214834877 1
1399846 214834880 0.5
1399846 214829387 0.5
1399846 214826589 0.5
4246567 214839962 1
4246567 214821407 1
4246567 214743497 0.5
4246567 214837442 0.5
4246567 214832115 0.5
4246567 214832124 0.5
298033 214827007 1
298033 214834865 1
298033 214827005 0.5
3640376 214844439 1
3640376 214844458 1
3640376 214832128 0.5
3640376 214844394 0.5
3640376 214821407 0.5
4820149 214845806 1
4820149 214839971 1
4820149 214601233 0.5
7752774 214849807 1
7752774 214716932 1
7752774 214855185 0.5
7752774 214832655 0.5
1298274 214612738 1
1298274 214844439 1
1298274 214844394 0.5
1298274 214821307 0.5
1298274 214821341 0.5
8481871 214851155 1
8481871 214851238 1
8481871 214851080 0.5
1555537 214826610 1
1555537 214834880 1
1555537 214833755 0.5
1854552 214826610 1
1854552 214834880 1
1854552 214834877 0.5
10316889 214567329 1
10316889 214567327 1
10316889 214684785 0.5
10316889 214567333 0.5
10316889 214854262 0.5
10816603 214690839 1
10816603 214710013 1
10816603 214712242 0.5
10816603 214854699 0.5
9620572 214828970 1
9620572 214853263 1
9620572 214851075 0.5
9620572 214828963 0.5
9620572 214849327 0.5
11250781 214846391 1
11250781 214687845 1
11250781 214854583 0.5
7097439 214849466 1
7097439 214850700 1
7097439 214849807 0.5
9028796 214852978 1
9028796 214852980 1
9028796 214851326 0.5
9682027 214850792 1
9682027 214853132 1
9682027 214850790 0.5
1305712 214834880 1
1305712 214829657 1
1305712 214829379 0.5
1305712 214586743 0.5
1305712 214743335 0.5
1305712 214820392 0.5
1305712 214743369 0.5
1305712 214829387 0.5
1305712 214826610 0.5
1305712 214819760 0.5
1305712 214819762 0.5
1305712 214684843 0.5
1305712 214821399 0.5
1305712 214835002 0.5
1305712 214833755 0.5
7091202 214612751 1
7091202 214821309 1
7091202 214844439 0.5
9047172 214645329 1
9047172 214612901 1
9047172 214826724 0.5
9026696 214850938 1
9026696 214748321 1
9026696 214850792 0.5
9026696 214853130 0.5
9026696 214850411 0.5
9026696 214853132 0.5
9026696 214718165 0.5
9026696 214706102 0.5
9026696 214850940 0.5
9026696 214573310 0.5
10927266 214851757 1
10927266 214853094 1
10927266 214762952 0.5
10927266 214852978 0.5
10927266 214853083 0.5
10927266 214853077 0.5
10927266 214851326 0.5
8326308 214632146 1
8326308 214850291 1
8326308 214829885 0.5
982188 214711312 1
982188 214684715 1
982188 214819530 0.5
982188 214717003 0.5
982188 214820938 0.5
982188 214716982 0.5
982188 214748327 0.5
1027259 214748295 1
1027259 214753507 1
1027259 214753505 0.5
1027259 214748300 0.5
4533441 214571904 1
4533441 214835469 1
4533441 214839960 0.5
4533441 214836330 0.5
3656914 214829765 1
3656914 214540127 1
3656914 214838107 0.5
3656914 214839915 0.5
7908567 214850771 1
7908567 214850758 1
7908567 214850938 0.5
7908567 214821022 0.5
7908567 214850743 0.5
5352664 214535634 1
5352664 214744768 1
5352664 214565557 0.5
3312857 214820227 1
3312857 214826803 1
3312857 214821285 0.5
572624 214613743 1
572624 214827013 1
572624 214685784 0.5
572624 214826998 0.5
11369712 214853102 1
11369712 214820190 1
11369712 214820184 0.5
11369712 214684730 0.5
11369712 214820188 0.5
3620082 214829878 1
3620082 214838096 1
3620082 214838105 0.5
3620082 214829102 0.5
4353267 214826990 1
4353267 214836924 1
4353267 214561402 0.5
4353267 214577387 0.5
4353267 214836932 0.5
4353267 214829765 0.5
4353267 214835167 0.5
8989942 214853105 1
8989942 214852978 1
8989942 214853096 0.5
8989942 214853085 0.5
8989942 214851326 0.5
9866487 214854510 1
9866487 214854262 1
9866487 214853732 0.5
9866487 214567333 0.5
9866487 214684785 0.5
9866487 214854547 0.5
9866487 214854358 0.5
9866487 214684762 0.5
9866487 214854579 0.5
8162552 214563182 1
8162552 214850932 1
8162552 214595139 0.5
11230479 214853102 1
11230479 214864880 1
11230479 214853072 0.5
11230479 214854707 0.5
8903956 214853128 1
8903956 214853115 1
8903956 214851750 0.5
240919 214826705 1
240919 214716986 1
240919 214716980 0.5
4123928 214832021 1
4123928 214646612 1
4123928 214836845 0.5
4123928 214602605 0.5
4123928 214835126 0.5
4123928 214839962 0.5
4123928 214684702 0.5
4123928 214831967 0.5
9116969 214853420 1
9116969 214850949 1
9116969 214763542 0.5
8015158 214851317 1
8015158 214851099 1
8015158 214850938 0.5
10321211 214853722 1
10321211 214853730 1
10321211 214859825 0.5
10321211 214854538 0.5
10321211 214853700 0.5
10321211 214853698 0.5
9993534 214854510 1
9993534 214854146 1
9993534 214854534 0.5
9993534 214832156 0.5
9993534 214717867 0.5
9993534 214854540 0.5
9993534 214849325 0.5
9993534 214853711 0.5
9993534 214854032 0.5
9993534 214854547 0.5
9993534 214851125 0.5
9993534 214709625 0.5
9993534 214567327 0.5
9993534 214854172 0.5
9993534 214854165 0.5
1925821 214834880 1
1925821 214826610 1
1925821 214712126 0.5
1925821 214829366 0.5
1925821 214826615 0.5
5041491 214845577 1
5041491 214845356 1
5041491 214845579 0.5
5041491 214829878 0.5
10009942 214853321 1
10009942 214853325 1
10009942 214826987 0.5
1531224 214680371 1
1531224 214826715 1
1531224 214602605 0.5
1531224 214717511 0.5
10607967 214853730 1
10607967 214853700 1
10607967 214853707 0.5
11320678 214854707 1
11320678 214853072 1
11320678 214853081 0.5
11320678 214854722 0.5
11320678 214854716 0.5
6430056 214845489 1
6430056 214576890 1
6430056 214839915 0.5
7261547 214846125 1
7261547 214848926 1
7261547 214849312 0.5
7261547 214676377 0.5
7261547 214558258 0.5
7261547 214832019 0.5
7261547 214536187 0.5
10808686 214839999 1
10808686 214861498 1
10808686 214848658 0.5
10808686 214854731 0.5
10808686 214716645 0.5
5182437 214845457 1
5182437 214845435 1
5182437 214845380 0.5
5182437 214845806 0.5
9067903 214678387 1
9067903 214853128 1
9067903 214845962 0.5
9067903 214677830 0.5
9067903 214851742 0.5
7355776 214849247 1
7355776 214849136 1
7355776 214835137 0.5
7355776 214558807 0.5
7355776 214586694 0.5
7355776 214586743 0.5
1707396 214828991 1
1707396 214829336 1
1707396 214613645 0.5
2399623 214748293 1
2399623 214753513 1
2399623 214819468 0.5
2399623 214831948 0.5
2399623 214829878 0.5
7200138 214574792 1
7200138 214641412 1
7200138 214850625 0.5
7200138 214652207 0.5
6352791 214846460 1
6352791 214846425 1
6352791 214845885 0.5
4455822 214839965 1
4455822 214839962 1
4455822 214581684 0.5
11463528 214854853 1
11463528 214854795 1
11463528 214853100 0.5
11463528 214854782 0.5
11463528 214854791 0.5
10911124 214854782 1
10911124 214853102 1
10911124 214854840 0.5
10911124 214855016 0.5
2784663 214835107 1
2784663 214835132 1
2784663 214832128 0.5
2784663 214837882 0.5
2784663 214832555 0.5
2784663 214832126 0.5
4236701 214839356 1
4236701 214836887 1
4236701 214839960 0.5
10075547 214854264 1
10075547 214854358 1
10075547 214853094 0.5
10075547 214580424 0.5
10075547 214684785 0.5
10075547 214854262 0.5
10075547 214854268 0.5
10075547 214853726 0.5
10075547 214853855 0.5
10747303 214714755 1
10747303 214853244 1
10747303 214853735 0.5
8261533 214850700 1
8261533 214849031 1
8261533 214851131 0.5
8261533 214851165 0.5
8261533 214684942 0.5
8261533 214677615 0.5
4222387 214712235 1
4222387 214839594 1
4222387 214839960 0.5
4222387 214836857 0.5
4222387 214602605 0.5
4222387 214836142 0.5
4222387 214587317 0.5
10747316 214851326 1
10747316 214853105 1
10747316 214853085 0.5
9145788 214836536 1
9145788 214853075 1
9145788 214700002 0.5
2163274 214829861 1
2163274 214829820 1
2163274 214829705 0.5
10993089 214859246 1
10993089 214854842 1
10993089 214854782 0.5
5021123 214838094 1
5021123 214832156 1
5021123 214837280 0.5
5021123 214838092 0.5
5021123 214837286 0.5
6417867 214714794 1
6417867 214848371 1
6417867 214848832 0.5
6417867 214848851 0.5
6417867 214848613 0.5
9900626 214684785 1
9900626 214567327 1
9900626 214854358 0.5
9900626 214567215 0.5
9900626 214853726 0.5
9900626 214854262 0.5
9900626 214854264 0.5
9900626 214854268 0.5
9900626 214853182 0.5
577008 214551613 1
577008 214571904 1
577008 214690847 0.5
577008 214828978 0.5
577008 214602731 0.5
577008 214821339 0.5
577008 214602735 0.5
7376371 214849738 1
7376371 214849762 1
7376371 214846112 0.5
4296184 214829102 1
4296184 214826713 1
4296184 214836881 0.5
9649657 214853128 1
9649657 214854152 1
9649657 214850792 0.5
9649657 214853435 0.5
9649657 214846125 0.5
9649657 214853702 0.5
9649657 214848757 0.5
10190333 214853994 1
10190333 214854262 1
10190333 214567329 0.5
10190333 214853852 0.5
9416217 214850942 1
9416217 214853454 1
9416217 214850947 0.5
8878003 214853077 1
8878003 214853130 1
8878003 214853096 0.5
8878003 214853085 0.5
10296886 214567327 1
10296886 214684785 1
10296886 214854358 0.5
10296886 214854510 0.5
10296886 214567333 0.5
10296886 214854262 0.5
10296886 214567215 0.5
7771401 214850366 1
7771401 214850282 1
7771401 214849466 0.5
2780866 214833755 1
2780866 214829366 1
2780866 214834880 0.5
2780866 214829387 0.5
2780866 214826619 0.5
2780866 214826612 0.5
2780866 214573277 0.5
659008 214556840 1
659008 214774685 1
659008 214540127 0.5
8146498 214716928 1
8146498 214717007 1
8146498 214717003 0.5
8146498 214554358 0.5
9698893 214850949 1
9698893 214850947 1
9698893 214853420 0.5
4900793 214844319 1
4900793 214692581 1
4900793 214714712 0.5
4900793 214839384 0.5
4900793 214725506 0.5
4900793 214840082 0.5
4900793 214820398 0.5
2043343 214835752 1
2043343 214831931 1
2043343 214691332 0.5
2043343 214743495 0.5
2174562 214712124 1
2174562 214711280 1
2174562 214718210 0.5
2174562 214829366 0.5
3084338 214587697 1
3084338 214600492 1
3084338 214835017 0.5
3084338 214835745 0.5
4734566 214839977 1
4734566 214839956 1
4734566 214829042 0.5
10284647 214846391 1
10284647 214854720 1
10284647 214583610 0.5
10284647 214848315 0.5
10284647 214850422 0.5
10284647 214854583 0.5
5398142 214838227 1
5398142 214835109 1
5398142 214821017 0.5
9375359 214850370 1
9375359 214844400 1
9375359 214853152 0.5
9375359 214850945 0.5
9375359 214691267 0.5
9375359 214850372 0.5
9375359 214846344 0.5
9375359 214853330 0.5
1203847 214828980 1
1203847 214587317 1
1203847 214829008 0.5
1203847 214829053 0.5
2498189 214829878 1
2498189 214831948 1
2498189 214831965 0.5
2498189 214748304 0.5
2498189 214829880 0.5
2498189 214540125 0.5
2498189 214684702 0.5
2498189 214540127 0.5
6818416 214832604 1
6818416 214716707 1
6818416 214714794 0.5
6818416 214571188 0.5
6818416 214848613 0.5
1658541 214821290 1
1658541 214821285 1
1658541 214821277 0.5
10182321 214853698 1
10182321 214853767 1
10182321 214853707 0.5
2436786 214600509 1
2436786 214831957 1
2436786 214580190 0.5
10481341 214854517 1
10481341 214854335 1
10481341 214556216 0.5
10481341 214854538 0.5
10481341 214854515 0.5
10481341 214851125 0.5
6303428 214848808 1
6303428 214714794 1
6303428 214848832 0.5
6303428 214558192 0.5
6303428 214848851 0.5
2854608 214844439 1
2854608 214656755 1
2854608 643078800 0.5
466654 214820812 1
466654 214584907 1
466654 214820345 0.5
466654 214820227 0.5
8314596 214851313 1
8314596 214748295 1
8314596 214851236 0.5
9637608 214850945 1
9637608 214850949 1
9637608 214853422 0.5
10657378 214567329 1
10657378 214567215 1
10657378 214854268 0.5
10034931 214854547 1
10034931 214853767 1
10034931 214845986 0.5
10034931 214753515 0.5
10034931 214851236 0.5
10034931 214849738 0.5
10034931 214853707 0.5
10034931 214716110 0.5
10034931 214748336 0.5
10034931 214849046 0.5
10034931 214850364 0.5
10034931 214851133 0.5
8131199 214851238 1
8131199 214695399 1
8131199 214851024 0.5
8131199 214819412 0.5
7553664 214838094 1
7553664 214554950 1
7553664 214684108 0.5
10329859 214556212 1
10329859 214821377 1
10329859 214556216 0.5
10329859 214854227 0.5
8019736 214851317 1
8019736 214851133 1
8019736 214554675 0.5
904539 214821305 1
904539 214821302 1
904539 214586711 0.5
2453276 214829880 1
2453276 214831948 1
2453276 214829882 0.5
7511841 214850936 1
7511841 214850621 1
7511841 214821032 0.5
3948324 214835167 1
3948324 214829765 1
3948324 214829825 0.5
9015078 214853096 1
9015078 214853105 1
9015078 214853085 0.5
9711401 214853340 1
9711401 214717061 1
9711401 214849809 0.5
9711401 214853420 0.5
9711401 214853156 0.5
1179434 214717003 1
1179434 214716926 1
1179434 214716928 0.5
2068269 214829861 1
2068269 214829846 1
2068269 214743495 0.5
2068269 214820263 0.5
2068269 214829707 0.5
2068269 214829711 0.5
2068269 214820272 0.5
2068269 214680722 0.5
2068269 214829855 0.5
3891848 214835167 1
3891848 214829765 1
3891848 214826938 0.5
3891848 214613741 0.5
425792 214743350 1
425792 214717003 1
425792 214716928 0.5
425792 214574754 0.5
425792 214665283 0.5
425792 214717007 0.5
6901569 214536187 1
6901569 214848847 1
6901569 214536189 0.5
4214598 214838105 1
4214598 214829390 1
4214598 214834873 0.5
4214598 214839915 0.5
4214598 214589711 0.5
1407628 214826610 1
1407628 214834877 1
1407628 214821317 0.5
1407628 214743495 0.5
1407628 214829387 0.5
1407628 214829366 0.5
1407628 214821399 0.5
1407628 214833755 0.5
1407628 214828959 0.5
1445712 214826610 1
1445712 214834877 1
1445712 214834880 0.5
8724308 214840082 1
8724308 214716982 1
8724308 214850372 0.5
8724308 214832653 0.5
8724308 214716973 0.5
8724308 214832657 0.5
8724308 214716984 0.5
8724308 214716986 0.5
8724308 214832655 0.5
8724308 214717005 0.5
610133 214718210 1
610133 214718199 1
610133 214712126 0.5
6365014 214846117 1
6365014 214712124 1
6365014 214711205 0.5
6365014 214846119 0.5
6365014 214553257 0.5
6365014 214559660 0.5
6365014 214845965 0.5
6365014 214832019 0.5
6365014 214819640 0.5
3661661 214836947 1
3661661 214835109 1
3661661 214836932 0.5
339809 214820439 1
339809 214821277 1
339809 214600502 0.5
331067 214821277 1
331067 214826608 1
331067 214821290 0.5
331067 214820231 0.5
1843044 214630042 1
1843044 214668193 1
1843044 214716461 0.5
10923878 214567329 1
10923878 214567215 1
10923878 214829090 0.5
10923878 214837494 0.5
7421809 214849807 1
7421809 214850282 1
7421809 214829792 0.5
6982974 214848849 1
6982974 214849020 1
6982974 214849022 0.5
5590902 214845984 1
5590902 214846065 1
5590902 214848185 0.5
11276156 214835117 1
11276156 214835000 1
11276156 214858680 0.5
11276156 214638474 0.5
11276156 214826987 0.5
11276156 214857204 0.5
2834303 214600492 1
2834303 214587697 1
2834303 214835745 0.5
2834303 214835137 0.5
2834303 214828963 0.5
2834303 214826565 0.5
2834303 214835111 0.5
2834303 214832780 0.5
2834303 214819760 0.5
2834303 214819762 0.5
2740099 214834877 1
2740099 214834880 1
2740099 214821410 0.5
2740099 214821412 0.5
2740099 214826589 0.5
11505552 214853102 1
11505552 214854785 1
11505552 214835004 0.5
2764691 214829321 1
2764691 214826998 1
2764691 214748336 0.5
2764691 214743495 0.5
1236887 214718210 1
1236887 214712124 1
1236887 214711280 0.5
6234008 214848656 1
6234008 214846460 1
6234008 214839973 0.5
6234008 214846470 0.5
6234008 214839975 0.5
6234008 214846472 0.5
6234008 214846475 0.5
6234008 214844400 0.5
2269086 214829880 1
2269086 214829882 1
2269086 214826835 0.5
2269086 214829878 0.5
2269086 214711318 0.5
2903968 214829880 1
2903968 214831948 1
2903968 214829885 0.5
11087778 214854853 1
11087778 214854787 1
11087778 214855016 0.5
4194973 214838105 1
4194973 214838102 1
4194973 214838107 0.5
4194973 214832015 0.5
3743664 214836932 1
3743664 214826990 1
3743664 214835109 0.5
3743664 214838227 0.5
3743664 214829765 0.5
3743664 214829799 0.5
3389427 214829882 1
3389427 214829878 1
3389427 214712120 0.5
3389427 214835505 0.5
9047996 214846385 1
9047996 214580293 1
9047996 214583610 0.5
950206 214821305 1
950206 214821309 1
950206 214586711 0.5
3215314 214821277 1
3215314 214821285 1
3215314 214820402 0.5
3215314 214821407 0.5
3215314 214837882 0.5
3215314 214826990 0.5
3215314 214836926 0.5
9080789 214852980 1
9080789 214853085 1
9080789 214853248 0.5
9080789 214853105 0.5
9080789 214853090 0.5
9080789 214851326 0.5
4825056 214839960 1
4825056 214829287 1
4825056 214839973 0.5
4825056 214838225 0.5
4825056 214602733 0.5
4825056 214695472 0.5
4825056 214832145 0.5
4825056 214602802 0.5
4825056 214601233 0.5
