9818112 214510460 1
9818112 214510445 1
9818112 214650508 0.5
10522627 214510445 1
10522627 214510460 1
10522627 214861498 0.5
10522627 214578011 0.5
7680009 214849466 1
7680009 214850304 1
7680009 214849745 0.5
2334741 214826837 1
2334741 214846057 1
2334741 214667921 0.5
2334741 214829850 0.5
2334741 214717877 0.5
2334741 214586743 0.5
1962009 214702933 1
1962009 214829042 1
1962009 214550548 0.5
2478113 214831946 1
2478113 214829878 1
2478113 214829880 0.5
9650228 214853145 1
9650228 214853143 1
9650228 214854163 0.5
10113141 214829366 1
10113141 214844347 1
10113141 214832747 0.5
86091 214821277 1
86091 214821285 1
86091 214821290 0.5
9375821 214853422 1
9375821 214850949 1
9375821 214853248 0.5
9375821 214850743 0.5
2805842 214573612 1
2805842 214837916 1
2805842 214837918 0.5
2261083 214835132 1
2261083 214612738 1
2261083 214829887 0.5
4870239 214829366 1
4870239 214835019 1
4870239 214839600 0.5
4870239 214836857 0.5
4870239 214827007 0.5
4870239 214838137 0.5
1630308 214582942 1
1630308 214829396 1
1630308 214821032 0.5
1630308 214826561 0.5
1474674 214828989 1
1474674 214828995 1
1474674 214834880 0.5
6905972 214835713 1
6905972 214848605 1
6905972 214851032 0.5
286837 214716984 1
286837 214537967 1
286837 214716928 0.5
286837 214717007 0.5
2977911 214835137 1
2977911 214701212 1
2977911 214553762 0.5
793279 214833800 1
793279 214820261 1
793279 214841640 0.5
793279 214833802 0.5
793279 214535621 0.5
793279 214840597 0.5
10752127 214853735 1
10752127 214854577 1
10752127 214853930 0.5
10752127 214854495 0.5
9293952 214853340 1
9293952 214853342 1
9293952 214548103 0.5
9293952 214848298 0.5
9293952 214826891 0.5
9293952 214514287 0.5
9293952 214831955 0.5
9293952 214850366 0.5
8695937 214850936 1
8695937 214850720 1
8695937 214849395 0.5
8695937 214848845 0.5
2322571 214834880 1
2322571 214826610 1
2322571 214821410 0.5
2322571 214829852 0.5
2322571 214829387 0.5
2322571 214826589 0.5
2322571 214835124 0.5
2322571 214826615 0.5
2322571 214556025 0.5
2322571 214833755 0.5
2322571 214821015 0.5
2322571 214834877 0.5
2322571 214712126 0.5
2322571 214826621 0.5
3228354 214832128 1
3228354 214836830 1
3228354 214826623 0.5
3228354 214832115 0.5
3228354 214832124 0.5
3228354 214832126 0.5
3228354 214584047 0.5
3236011 214684108 1
3236011 214643036 1
3236011 214826818 0.5
3236011 214643045 0.5
3236011 214709638 0.5
11272369 214853420 1
11272369 214835126 1
11272369 214854853 0.5
11272369 214857830 0.5
11272369 214696423 0.5
11272369 214853325 0.5
11272369 214853428 0.5
11272369 214850942 0.5
11272369 214684730 0.5
11272369 214845534 0.5
11272369 214850949 0.5
2572466 214748300 1
2572466 214753513 1
2572466 214748302 0.5
4255923 214748302 1
4255923 214748338 1
4255923 214748300 0.5
10152651 214853767 1
10152651 214853722 1
10152651 214853994 0.5
10152651 214853702 0.5
3870932 214580304 1
3870932 214839982 1
3870932 214696082 0.5
3870932 214838111 0.5
1278166 214829310 1
1278166 214612762 1
1278166 214832786 0.5
901336 214821305 1
901336 214821309 1
901336 214821307 0.5
4423906 214829730 1
4423906 214716639 1
4423906 214828867 0.5
11276517 214854264 1
11276517 214854268 1
11276517 214567329 0.5
11276517 214851317 0.5
11276517 214567215 0.5
7359868 214829878 1
7359868 214673295 1
7359868 214850310 0.5
7359868 214845577 0.5
7359868 214831946 0.5
7359868 214632146 0.5
7359868 214846033 0.5
7359868 214838098 0.5
7359868 214826715 0.5
7359868 214846014 0.5
10739946 214853077 1
10739946 214852980 1
10739946 214853105 0.5
5587184 214829885 1
5587184 214668667 1
5587184 214829880 0.5
5587184 214829878 0.5
2830584 214819762 1
2830584 214836517 1
2830584 214819760 0.5
9109756 214853214 1
9109756 214849010 1
9109756 214853128 0.5
9109756 214846312 0.5
6438956 214845806 1
6438956 214848695 1
6438956 214601233 0.5
6438956 214846007 0.5
7143691 214632146 1
7143691 214850291 1
7143691 214829885 0.5
3412237 214836530 1
3412237 214829788 1
3412237 214708305 0.5
3412237 214601233 0.5
6562062 214849333 1
6562062 214849239 1
6562062 214849284 0.5
3772693 214838098 1
3772693 214819400 1
3772693 214718255 0.5
3772693 214831946 0.5
3772693 214717511 0.5
3772693 214826715 0.5
3772693 214673295 0.5
4370717 214821285 1
4370717 214820259 1
4370717 214537541 0.5
901412 214535621 1
901412 214821285 1
901412 214833800 0.5
7237681 214850936 1
7237681 214850938 1
7237681 214850758 0.5
7237681 214541495 0.5
4395308 214612708 1
4395308 214821339 1
4395308 214533020 0.5
2220347 214834877 1
2220347 214587697 1
2220347 214835017 0.5
2220347 214826563 0.5
2220347 214835747 0.5
2220347 214718379 0.5
2220347 214833755 0.5
65863 214716932 1
65863 214716930 1
65863 214716935 0.5
2150734 214820233 1
2150734 214829880 1
2150734 214834880 0.5
2150734 214826977 0.5
2150734 214711078 0.5
2150734 214819430 0.5
2150734 214577387 0.5
2150734 214839600 0.5
2150734 214819376 0.5
2150734 214829878 0.5
2150734 214827000 0.5
2150734 214746427 0.5
5257957 214844347 1
5257957 214836932 1
5257957 214829850 0.5
5257957 214850402 0.5
8589673 214849738 1
8589673 214849736 1
8589673 214849762 0.5
11088236 214854780 1
11088236 214582942 1
11088236 214712242 0.5
11088236 214854682 0.5
151917 214680369 1
151917 214551928 1
151917 214743515 0.5
151917 214600989 0.5
6140271 214700002 1
6140271 214684702 1
6140271 214743515 0.5
6140271 214712237 0.5
7053681 214718372 1
7053681 214826822 1
7053681 214695210 0.5
7053681 214743367 0.5
9216381 214712235 1
9216381 214853420 1
9216381 214744258 0.5
7950726 214850758 1
7950726 214851120 1
7950726 214850771 0.5
7950726 214850743 0.5
2490766 214820396 1
2490766 214820392 1
2490766 214560615 0.5
2490766 214718220 0.5
2490766 214832559 0.5
2490766 214601233 0.5
2490766 214676019 0.5
2490766 214829366 0.5
2490766 214827000 0.5
1540163 214834880 1
1540163 214833755 1
1540163 214826610 0.5
6386071 214849076 1
6386071 214845356 1
6386071 214850565 0.5
2265506 214829882 1
2265506 214829878 1
2265506 214831948 0.5
5308836 214835167 1
5308836 214829765 1
5308836 214716641 0.5
475562 214826702 1
475562 214826623 1
475562 214841060 0.5
9990571 214854300 1
9990571 214853432 1
9990571 214850405 0.5
7590642 214849194 1
7590642 214849250 1
7590642 214846072 0.5
7590642 214846112 0.5
7672243 214716984 1
7672243 214832657 1
7672243 214716986 0.5
7672243 214832655 0.5
7672243 214855183 0.5
9343419 214850947 1
9343419 214853428 1
9343419 214853420 0.5
9343419 214853340 0.5
9343419 214850942 0.5
4510142 214839969 1
4510142 214845131 1
4510142 214829775 0.5
4510142 214839975 0.5
3379654 214819760 1
3379654 214554296 1
3379654 214819721 0.5
3379654 214684843 0.5
3379654 214828987 0.5
3379654 214831965 0.5
10899911 214712242 1
10899911 214854707 1
10899911 214849132 0.5
5374409 214821305 1
5374409 214545879 1
5374409 214551632 0.5
5374409 214844394 0.5
10075554 214853435 1
10075554 214853852 1
10075554 214854536 0.5
10075554 214850938 0.5
10748372 214686879 1
10748372 214686864 1
10748372 214854772 0.5
3977687 214820392 1
3977687 214836330 1
3977687 214601233 0.5
3977687 214828980 0.5
7320026 214849342 1
7320026 214849230 1
7320026 214849314 0.5
7320026 214849292 0.5
7320026 214845133 0.5
7320026 214849286 0.5
7320026 214849245 0.5
8621477 214853096 1
8621477 214853105 1
8621477 214853090 0.5
8621477 214852980 0.5
8621477 214851326 0.5
8621477 214853094 0.5
6324704 214716710 1
6324704 214716707 1
6324704 214832604 0.5
1655273 214826612 1
1655273 214826615 1
1655273 214563337 0.5
1655273 214800268 0.5
9626094 214853420 1
9626094 214853422 1
9626094 214853147 0.5
8835584 214853090 1
8835584 214853085 1
8835584 214853248 0.5
8835584 214852980 0.5
8835584 214853094 0.5
2855428 214844458 1
2855428 214844439 1
2855428 214551626 0.5
2663853 214829878 1
2663853 214831946 1
2663853 214581489 0.5
2663853 214712235 0.5
156178 214821277 1
156178 214821285 1
156178 214826955 0.5
156178 214826799 0.5
1745427 214702905 1
1745427 214826711 1
1745427 214538484 0.5
1745427 214540706 0.5
1745427 214554707 0.5
1745427 214717412 0.5
475669 214819468 1
475669 214716971 1
475669 214716973 0.5
7000601 214848941 1
7000601 214848952 1
7000601 214848945 0.5
7000601 214848954 0.5
1598896 214840483 1
1598896 214748295 1
1598896 214569707 0.5
7283462 214839973 1
7283462 214848656 1
7283462 214850402 0.5
7283462 214602598 0.5
7283462 214846007 0.5
7283462 214601233 0.5
7283462 214826998 0.5
7283462 214849239 0.5
7283462 214553561 0.5
7283462 214836926 0.5
7283462 214831967 0.5
3613227 214820261 1
3613227 214820233 1
3613227 214820231 0.5
9593391 214850949 1
9593391 214853379 1
9593391 214850945 0.5
9593391 214853428 0.5
9593391 214853422 0.5
4174384 214838137 1
4174384 214838111 1
4174384 214829850 0.5
4174384 214836926 0.5
4260404 214835015 1
4260404 214832147 1
4260404 214685152 0.5
4260404 214835107 0.5
4260404 214829100 0.5
4260404 214839358 0.5
4260404 214717742 0.5
5558841 214640353 1
5558841 214837288 1
5558841 214613915 0.5
5558841 214836868 0.5
5558841 214838094 0.5
9622076 214850947 1
9622076 214853420 1
9622076 214846033 0.5
9622076 214852235 0.5
9622076 214829878 0.5
9622076 214829887 0.5
5120577 214826833 1
5120577 214844407 1
5120577 214743350 0.5
4297283 214826623 1
4297283 214826945 1
4297283 214838105 0.5
4297283 214838107 0.5
2690064 214835017 1
2690064 214820396 1
2690064 214743335 0.5
4694608 214831948 1
4694608 214842735 1
4694608 214821309 0.5
9871961 214853154 1
9871961 214853147 1
9871961 214844402 0.5
9871961 214844396 0.5
10693391 214853767 1
10693391 214853702 1
10693391 214853700 0.5
9814636 214640353 1
9814636 214717805 1
9814636 214678104 0.5
9814636 214853698 0.5
9814636 214854118 0.5
9814636 214853767 0.5
3662453 214836924 1
3662453 214836947 1
3662453 214836932 0.5
9548407 214853420 1
9548407 214850947 1
9548407 214829878 0.5
9548407 214829887 0.5
5612161 214800264 1
5612161 214848272 1
5612161 214850994 0.5
10035844 214853767 1
10035844 214853702 1
10035844 214854152 0.5
10035844 214853698 0.5
4502153 214687839 1
4502153 214744050 1
4502153 214569727 0.5
8217239 214509401 1
8217239 214609325 1
8217239 214835019 0.5
11113112 214850310 1
11113112 214854782 1
11113112 214848967 0.5
8663731 214835745 1
8663731 214851122 1
8663731 214849001 0.5
8663731 214600492 0.5
2779936 214612738 1
2779936 214716971 1
2779936 214716937 0.5
2779936 214716973 0.5
6030018 214846067 1
6030018 214748336 1
6030018 214743495 0.5
11326149 214854842 1
11326149 214853381 1
11326149 214712242 0.5
11326149 214712244 0.5
4874951 214836512 1
4874951 214831970 1
4874951 214839356 0.5
4874951 214538820 0.5
2065097 214560187 1
2065097 214829720 1
2065097 214680722 0.5
7553739 214850743 1
7553739 214849312 1
7553739 214850720 0.5
7553739 214849395 0.5
7553739 214564382 0.5
7553739 214850790 0.5
1508048 214826829 1
1508048 214743495 1
1508048 214748336 0.5
1508048 214819721 0.5
1508048 214717507 0.5
1508048 214711438 0.5
1508048 214819627 0.5
1385169 214821309 1
1385169 214821305 1
1385169 214821341 0.5
2577106 214829878 1
2577106 214829880 1
2577106 214829882 0.5
2577106 214831965 0.5
9126617 214853105 1
9126617 214851326 1
9126617 214853248 0.5
9126617 214852980 0.5
606939 214839313 1
606939 214839999 1
606939 214839997 0.5
7156451 214716579 1
7156451 214667915 1
7156451 214748259 0.5
2343657 214835124 1
2343657 214835087 1
2343657 214819762 0.5
2343657 214831959 0.5
7885554 214716937 1
7885554 214716928 1
7885554 214716977 0.5
7885554 214819468 0.5
7885554 214844441 0.5
6533876 214848656 1
6533876 214844372 1
6533876 214848808 0.5
6533876 214839975 0.5
6279928 214848371 1
6279928 214848808 1
6279928 214829390 0.5
5354233 214837918 1
5354233 214836532 1
5354233 214837916 0.5
721663 214826705 1
721663 214584907 1
721663 214820227 0.5
6492934 214849076 1
6492934 214848605 1
6492934 214708374 0.5
3691271 214836924 1
3691271 214836870 1
3691271 214582175 0.5
7291661 214849738 1
7291661 214849762 1
7291661 214835137 0.5
7291661 214845986 0.5
7291661 214849736 0.5
7291661 214849768 0.5
7291661 214567404 0.5
7291661 214849361 0.5
7291661 214567410 0.5
7291661 214819380 0.5
7291661 214829878 0.5
7291661 214684730 0.5
7291661 214819612 0.5
7594794 214564380 1
7594794 214851290 1
7594794 214851232 0.5
7594794 214552522 0.5
7594794 214851101 0.5
9519864 214850942 1
9519864 214850949 1
9519864 214850947 0.5
9519864 214853420 0.5
9519864 214853422 0.5
3810104 214712235 1
3810104 214826715 1
3810104 214839594 0.5
3810104 214839596 0.5
3908412 214844439 1
3908412 214844394 1
3908412 214844441 0.5
11187018 214853100 1
11187018 214854840 1
11187018 214853102 0.5
1848139 214829079 1
1848139 214821285 1
1848139 214829085 0.5
1848139 214832717 0.5
11379536 214853102 1
11379536 214854785 1
11379536 214850304 0.5
11023191 214716932 1
11023191 214854632 1
11023191 214716928 0.5
9750671 214853325 1
9750671 214850945 1
9750671 214853162 0.5
7557984 214676306 1
7557984 214850758 1
7557984 214850552 0.5
7557984 214850555 0.5
7557984 214561775 0.5
7026152 214850720 1
7026152 214850621 1
7026152 214850790 0.5
5739382 214511072 1
5739382 214612687 1
5739382 214511075 0.5
2446203 214748338 1
2446203 214748295 1
2446203 214753513 0.5
2446203 214753505 0.5
4682626 214839973 1
4682626 214839971 1
4682626 214836855 0.5
4682626 214829775 0.5
10896259 214700002 1
10896259 214854785 1
10896259 214853321 0.5
3230529 214701307 1
3230529 214531517 1
3230529 214828970 0.5
6800269 214826833 1
6800269 214849292 1
6800269 214829672 0.5
6800269 214829668 0.5
11133843 214853100 1
11133843 214864880 1
11133843 214854840 0.5
11133843 214853102 0.5
3429271 214832128 1
3429271 214832126 1
3429271 214642560 0.5
3429271 214835745 0.5
3429271 214835107 0.5
3429271 214706180 0.5
3429271 214657318 0.5
3429271 214832555 0.5
3429271 214600492 0.5
3429271 214609325 0.5
3429271 214829390 0.5
3429271 214584047 0.5
3429271 214826563 0.5
3429271 214552142 0.5
3429271 214832124 0.5
3593126 214820231 1
3593126 214820227 1
3593126 214643925 0.5
3593126 214835503 0.5
11037221 214700000 1
11037221 214853100 1
11037221 214680371 0.5
11037221 214853102 0.5
10892208 214850304 1
10892208 214850767 1
10892208 214821313 0.5
10892208 214850947 0.5
10892208 214844454 0.5
10892208 214717511 0.5
10892208 214831946 0.5
10892208 214551632 0.5
10892208 214829887 0.5
10679222 214853767 1
10679222 214854819 1
10679222 214748336 0.5
10679222 214646617 0.5
10679222 214848658 0.5
5202878 214835473 1
5202878 214845435 1
5202878 214839932 0.5
9290687 214853381 1
9290687 214853154 1
9290687 214848688 0.5
9290687 214844398 0.5
230338 214832559 1
230338 214821020 1
230338 214821017 0.5
230338 214819550 0.5
9380002 214839347 1
9380002 214853417 1
9380002 214851322 0.5
4580303 214836512 1
4580303 214831970 1
4580303 214839962 0.5
4580303 214612901 0.5
4580303 214714567 0.5
2786257 214834873 1
2786257 214834991 1
2786257 214644731 0.5
271319 214839313 1
271319 214548103 1
271319 214638485 0.5
271319 214839997 0.5
271319 214554967 0.5
271319 214556861 0.5
271319 214839311 0.5
2360281 214829878 1
2360281 214831948 1
2360281 214829885 0.5
9909212 214853730 1
9909212 214853767 1
9909212 214853707 0.5
1479656 214821315 1
1479656 214821302 1
1479656 214821305 0.5
1479656 214551607 0.5
8541161 214851080 1
8541161 214853242 1
8541161 214851236 0.5
8541161 214851750 0.5
8541161 214853225 0.5
8541161 214853210 0.5
8541161 214674427 0.5
8541161 214851133 0.5
7500784 214748340 1
7500784 214584939 1
7500784 214850295 0.5
1434609 214821410 1
1434609 214834880 1
1434609 214829387 0.5
1434609 214821412 0.5
7635954 214845958 1
7635954 214850936 1
7635954 214844409 0.5
7635954 214850876 0.5
7635954 214850726 0.5
373747 214748304 1
373747 214753507 1
373747 214753513 0.5
373747 214691557 0.5
6001652 214846067 1
6001652 214849252 1
6001652 214845885 0.5
11478026 214853424 1
11478026 214854853 1
11478026 214854795 0.5
11478026 214854782 0.5
5047319 214557607 1
5047319 214712237 1
5047319 214699025 0.5
2282521 214844456 1
2282521 214844439 1
2282521 214612708 0.5
2282521 214844394 0.5
2282521 214551626 0.5
2282521 214821305 0.5
2282521 214844441 0.5
2282521 214821339 0.5
2282521 214821309 0.5
2282521 214844452 0.5
7361577 214850285 1
7361577 214850295 1
7361577 214850282 0.5
4027434 214826942 1
4027434 214845129 1
4027434 214820259 0.5
5533429 214838094 1
5533429 214826833 1
5533429 214725506 0.5
5533429 214709814 0.5
9782324 214567329 1
9782324 214684785 1
9782324 214854268 0.5
2331701 214836519 1
2331701 214829887 1
2331701 214569714 0.5
2331701 214559317 0.5
2331701 214829878 0.5
3171384 214652979 1
3171384 214516738 1
3171384 214639299 0.5
11064377 214849468 1
11064377 214837873 1
11064377 214705757 0.5
1446973 214834877 1
1446973 214834880 1
1446973 214826992 0.5
1446973 214826563 0.5
6947912 214849132 1
6947912 214582942 1
6947912 214712242 0.5
4917487 214826891 1
4917487 214718212 1
4917487 214711312 0.5
4917487 214839965 0.5
6841427 214612706 1
6841427 214821305 1
6841427 214844447 0.5
6841427 214821315 0.5
6841427 214551607 0.5
11150427 214859139 1
11150427 214857204 1
11150427 214835000 0.5
439392 214748300 1
439392 214748302 1
439392 214748291 0.5
439392 214748295 0.5
439392 214753507 0.5
11511596 214853100 1
11511596 214854785 1
11511596 214854542 0.5
11511596 214850735 0.5
6943859 214832604 1
6943859 214716707 1
6943859 214835019 0.5
5485687 214844368 1
5485687 214837918 1
5485687 214837916 0.5
7640596 214839347 1
7640596 214850291 1
7640596 214849736 0.5
7640596 214848808 0.5
7640596 214849738 0.5
10966152 214853100 1
10966152 214864880 1
10966152 214849468 0.5
10626187 214853342 1
10626187 214850947 1
10626187 214584092 0.5
7783569 214849753 1
7783569 214567404 1
7783569 214850936 0.5
10019987 214853992 1
10019987 214854159 1
10019987 214853996 0.5
7619738 214850767 1
7619738 214850743 1
7619738 214684717 0.5
7619738 214850285 0.5
10862789 214853102 1
10862789 214854782 1
10862789 214854542 0.5
10862789 214850735 0.5
8452976 214851131 1
8452976 214716746 1
8452976 214716714 0.5
8452976 214851028 0.5
8452976 214851165 0.5
9614511 214850949 1
9614511 214853340 1
9614511 214831955 0.5
9614511 214853420 0.5
8000694 214850743 1
8000694 214850938 1
8000694 214849408 0.5
8000694 214640012 0.5
8000694 214695407 0.5
8000694 214676306 0.5
8000694 214850771 0.5
8000694 214821022 0.5
10990779 214855209 1
10990779 214853102 1
10990779 214836819 0.5
10990779 214854860 0.5
6386882 214512429 1
6386882 214849046 1
6386882 214848954 0.5
6386882 214700885 0.5
8541379 214850771 1
8541379 214850938 1
8541379 214676306 0.5
8541379 214850743 0.5
7976141 214850767 1
7976141 214716982 1
7976141 214821313 0.5
9962728 214853722 1
9962728 214853767 1
9962728 214580424 0.5
120048 214832557 1
120048 214587384 1
120048 214717888 0.5
4682993 214706452 1
4682993 214684702 1
4682993 214829792 0.5
3056891 214706452 1
3056891 214819468 1
3056891 214700002 0.5
3056891 214716973 0.5
3056891 214684702 0.5
6931714 214848596 1
6931714 214848941 1
6931714 214848384 0.5
6931714 214848337 0.5
6931714 214849097 0.5
6931714 214848945 0.5
6931714 214848757 0.5
6931714 214849239 0.5
4404779 214839973 1
4404779 214832145 1
4404779 214845131 0.5
4404779 214668270 0.5
3761026 214836932 1
3761026 214820220 1
3761026 214829762 0.5
3761026 214836947 0.5
2790958 214835503 1
2790958 214837916 1
2790958 214827011 0.5
2790958 214837918 0.5
1920569 214829861 1
1920569 214829672 1
1920569 214698418 0.5
9659686 214716984 1
9659686 214853152 1
9659686 214567404 0.5
2299176 214829878 1
2299176 214831948 1
2299176 214831965 0.5
1287476 214717888 1
1287476 214567408 1
1287476 214718169 0.5
1287476 214832557 0.5
1287476 214558014 0.5
4322616 214829852 1
4322616 214545879 1
4322616 214829769 0.5
4322616 214832780 0.5
4322616 214829773 0.5
4322616 214826938 0.5
4322616 214836795 0.5
4322616 214836926 0.5
8234297 214832653 1
8234297 214832655 1
8234297 214716928 0.5
3872061 214844458 1
3872061 214844462 1
3872061 214612704 0.5
3872061 214844456 0.5
3872061 214844447 0.5
3872061 214821341 0.5
3872061 214844439 0.5
8025417 214851131 1
8025417 214716671 1
8025417 214851579 0.5
6784338 214849322 1
6784338 214850786 1
6784338 214665277 0.5
7517524 214850282 1
7517524 214850295 1
7517524 214850315 0.5
7517524 214850287 0.5
2467158 214831948 1
2467158 214829878 1
2467158 214829882 0.5
8562007 214850754 1
8562007 214677615 1
8562007 214821020 0.5
8562007 214718220 0.5
1697119 214829861 1
1697119 214828965 1
1697119 214708211 0.5
1590624 214829660 1
1590624 214829366 1
1590624 214711280 0.5
1590624 214819770 0.5
1590624 214834877 0.5
1572413 214826610 1
1572413 214833755 1
1572413 214829387 0.5
4978033 214819468 1
4978033 214838094 1
4978033 214716973 0.5
1365368 214834880 1
1365368 214826610 1
1365368 214834877 0.5
3155324 214748338 1
3155324 214748302 1
3155324 214835137 0.5
3155324 214748293 0.5
3155324 214602600 0.5
3155324 214753513 0.5
3155324 214748300 0.5
3155324 214832792 0.5
3601808 214837914 1
3601808 214835786 1
3601808 214836339 0.5
7091611 214849337 1
7091611 214849329 1
7091611 214678880 0.5
7263292 214846029 1
7263292 214696832 1
7263292 214829887 0.5
8631733 214853214 1
8631733 214845420 1
8631733 214587937 0.5
6639178 214845962 1
6639178 214846119 1
6639178 214832019 0.5
9684418 214853428 1
9684418 214853420 1
9684418 214853454 0.5
9684418 214850949 0.5
9684418 214853422 0.5
1467844 214821332 1
1467844 214826563 1
1467844 214684725 0.5
5432779 214846029 1
5432779 214540127 1
5432779 214513170 0.5
4249039 214711280 1
4249039 214577057 1
4249039 214839399 0.5
8537569 214852978 1
8537569 214853105 1
8537569 214743339 0.5
11228648 214835000 1
11228648 214854800 1
11228648 214835004 0.5
11228648 214853102 0.5
11228648 214854791 0.5
890347 214748336 1
890347 214712130 1
890347 214819721 0.5
4543998 214839962 1
4543998 214716512 1
4543998 214691424 0.5
4543998 214839973 0.5
6718978 214829880 1
6718978 214849747 1
6718978 214850304 0.5
6718978 214684736 0.5
6718978 214845577 0.5
6718978 214850282 0.5
6718978 214846029 0.5
6718978 214846033 0.5
6718978 214848605 0.5
6718978 214829887 0.5
9025033 214853094 1
9025033 214853248 1
9025033 214853090 0.5
9025033 214851326 0.5
1296643 214687845 1
1296643 214820210 1
1296643 214702905 0.5
1296643 214554707 0.5
1296643 214820805 0.5
1296643 214718173 0.5
9942548 214854264 1
9942548 214854268 1
9942548 214854174 0.5
2811418 214835019 1
2811418 214831940 1
2811418 214835503 0.5
9004574 214853177 1
9004574 214853758 1
9004574 214851120 0.5
9004574 214716714 0.5
9004574 214853173 0.5
9004574 214853175 0.5
341541 214826803 1
341541 214821285 1
341541 214821277 0.5
1639979 214834880 1
1639979 214829387 1
1639979 214833755 0.5
7505453 214716941 1
7505453 214716971 1
7505453 214850402 0.5
7505453 214561457 0.5
7505453 214716939 0.5
7505453 214832653 0.5
7505453 214716975 0.5
7505453 214716977 0.5
7505453 214832023 0.5
7505453 214716986 0.5
7505453 214717007 0.5
7505453 214716973 0.5
10241582 214846391 1
10241582 214687475 1
10241582 214687685 0.5
10241582 214846389 0.5
10241582 214851135 0.5
4769333 214602598 1
4769333 214587317 1
4769333 214829775 0.5
2012732 214829032 1
2012732 214829045 1
2012732 214701212 0.5
1840702 214828970 1
1840702 214828974 1
1840702 214828963 0.5
9716662 214774678 1
9716662 214849301 1
9716662 214839339 0.5
9716662 214774676 0.5
1900129 214820261 1
1900129 214820233 1
1900129 214821277 0.5
1642082 214834875 1
1642082 214834880 1
1642082 214829664 0.5
9823822 214643887 1
9823822 214644146 1
9823822 214642625 0.5
9823822 214643893 0.5
8722701 214553863 1
8722701 214846391 1
8722701 214850370 0.5
9008724 214853132 1
9008724 214853242 1
9008724 214853225 0.5
9008724 214853237 0.5
9008724 214851750 0.5
1373781 214821290 1
1373781 214821277 1
1373781 214820231 0.5
9418328 214831955 1
9418328 214850947 1
9418328 214853340 0.5
7837287 214575193 1
7837287 214640012 1
7837287 214748289 0.5
7997039 214684717 1
7997039 214848300 1
7997039 214826893 0.5
7997039 214848975 0.5
7997039 214848309 0.5
7997039 214850295 0.5
7997039 214832154 0.5
7997039 214838107 0.5
1676914 214834880 1
1676914 214834877 1
1676914 214826610 0.5
9225847 214850942 1
9225847 214831948 1
9225847 214846012 0.5
9225847 214850315 0.5
9225847 214853420 0.5
9225847 214829878 0.5
9225847 214838102 0.5
4785786 214835017 1
4785786 214837882 1
4785786 214832555 0.5
4785786 214839975 0.5
3851899 214826990 1
3851899 214835109 1
3851899 214838227 0.5
1656457 214826610 1
1656457 214834880 1
1656457 214821410 0.5
1656457 214821412 0.5
6076043 214700002 1
6076043 214829887 1
6076043 214513170 0.5
6076043 214848307 0.5
6076043 214712237 0.5
6076043 214846029 0.5
4326932 214839971 1
4326932 214839960 1
4326932 214839587 0.5
2143891 214821290 1
2143891 214821292 1
2143891 214577450 0.5
2889391 214748336 1
2889391 214831959 1
2889391 214835111 0.5
2889391 214835019 0.5
2889391 214832780 0.5
2889391 214716110 0.5
2889391 214819760 0.5
2889391 214601233 0.5
2889391 214819762 0.5
2578036 214829887 1
2578036 214829880 1
2578036 214829882 0.5
2578036 214819762 0.5
2578036 214829878 0.5
7816892 214844439 1
7816892 214744258 1
7816892 214851279 0.5
6523168 214710097 1
6523168 214846535 1
6523168 214848328 0.5
4482754 214839598 1
4482754 214821339 1
4482754 214839592 0.5
4482754 214533020 0.5
4482754 214844452 0.5
4482754 214832557 0.5
10155716 214853698 1
10155716 214853113 1
10155716 214853707 0.5
10155716 214853996 0.5
3569349 214821305 1
3569349 214844439 1
3569349 214586711 0.5
9684688 214853435 1
9684688 214854176 1
9684688 214853852 0.5
9684688 214850790 0.5
5616591 214718207 1
5616591 214711205 1
5616591 214847940 0.5
9266908 214853420 1
9266908 214850947 1
9266908 214850304 0.5
9266908 214684736 0.5
9266908 214854118 0.5
9266908 214846029 0.5
9266908 214846033 0.5
9266908 214829878 0.5
2606818 214829880 1
2606818 214831948 1
2606818 214829887 0.5
9754342 214853420 1
9754342 214853342 1
9754342 214853428 0.5
9754342 214853422 0.5
9754342 214850942 0.5
8713959 214853143 1
8713959 214835126 1
8713959 214540070 0.5
7087871 214849807 1
7087871 214849766 1
7087871 214849466 0.5
4785929 214601040 1
4785929 214551913 1
4785929 214844936 0.5
4785929 214583617 0.5
4785929 214564687 0.5
775954 214676390 1
775954 214574777 1
775954 214774676 0.5
775954 214700990 0.5
6821653 214510460 1
6821653 214645196 1
6821653 214712244 0.5
9491528 214850945 1
9491528 214853424 1
9491528 214846258 0.5
9491528 214853454 0.5
7014172 214743821 1
7014172 214849132 1
7014172 214831256 0.5
6891294 214849327 1
6891294 214849093 1
6891294 214828970 0.5
6891294 214819811 0.5
10610463 214853094 1
10610463 214853248 1
10610463 214849245 0.5
1300258 214821395 1
1300258 214829100 1
1300258 214837442 0.5
3979043 214838227 1
3979043 214839932 1
3979043 214835109 0.5
9496362 214853210 1
9496362 214853132 1
9496362 214853242 0.5
9496362 214853237 0.5
11261742 214850368 1
11261742 214853454 1
11261742 214853424 0.5
11261742 214850287 0.5
10131261 214553426 1
10131261 214854180 1
10131261 214821341 0.5
4208476 214829765 1
4208476 214835167 1
4208476 214743515 0.5
9115498 214844347 1
9115498 214509401 1
9115498 214832747 0.5
9115498 214829366 0.5
3623911 214829852 1
3623911 214829850 1
3623911 214836926 0.5
792458 214680371 1
792458 214602605 1
792458 214581489 0.5
395147 214717007 1
395147 214716928 1
395147 214717005 0.5
7915413 214850852 1
7915413 214716928 1
7915413 214849048 0.5
726951 214684717 1
726951 214718398 1
726951 214711078 0.5
726951 214826955 0.5
726951 214650641 0.5
726951 214826835 0.5
726951 214717275 0.5
726951 214684734 0.5
1611688 214834880 1
1611688 214821332 1
1611688 214826563 0.5
3663792 214835109 1
3663792 214835167 1
3663792 214829392 0.5
3663792 214651777 0.5
3663792 214829765 0.5
3663792 214656422 0.5
1206206 214586743 1
1206206 214587317 1
1206206 214820392 0.5
1206206 214828980 0.5
1206206 214828982 0.5
1206206 214586694 0.5
3557313 214829765 1
3557313 214835167 1
3557313 214832124 0.5
3557313 214613741 0.5
10266563 214853732 1
10266563 214853724 1
10266563 214851557 0.5
8075207 214685049 1
8075207 214851161 1
8075207 214851587 0.5
8075207 214851163 0.5
4175832 214826713 1
4175832 214839587 1
4175832 214829321 0.5
4175832 214687852 0.5
7665634 214829366 1
7665634 214848159 1
7665634 214849312 0.5
7665634 214835137 0.5
7665634 214836932 0.5
7665634 214716645 0.5
3200999 214829878 1
3200999 214820214 1
3200999 214829366 0.5
10811372 214853102 1
10811372 214854780 1
10811372 214854345 0.5
11315196 214712242 1
11315196 214849132 1
11315196 214854780 0.5
11315196 214510445 0.5
9197572 214850370 1
9197572 214831955 1
9197572 214845973 0.5
2648084 214748338 1
2648084 214748300 1
2648084 214819762 0.5
182293 214826833 1
182293 214826606 1
182293 214826715 0.5
9771031 214853096 1
9771031 214853105 1
9771031 214853085 0.5
4378288 214696505 1
4378288 214821309 1
4378288 214845129 0.5
4378288 214832413 0.5
4378288 214699742 0.5
11556904 214686879 1
11556904 214848986 1
11556904 214686864 0.5
2345007 214829878 1
2345007 214829887 1
2345007 214716984 0.5
2345007 214680705 0.5
2345007 214829882 0.5
2345007 214831965 0.5
11073588 214854787 1
11073588 214854793 1
11073588 214853102 0.5
9967683 214579220 1
9967683 214854118 1
9967683 214544327 0.5
6166602 214846432 1
6166602 214836830 1
6166602 214836875 0.5
6166602 214687685 0.5
11339854 214854785 1
11339854 214674570 1
11339854 214854860 0.5
1787984 214828970 1
1787984 214834880 1
1787984 214828963 0.5
1787984 214826670 0.5
5339222 214844402 1
5339222 214844370 1
5339222 214845583 0.5
657501 214613743 1
657501 214827013 1
657501 214539112 0.5
657501 214551748 0.5
657501 214539110 0.5
2218081 214716971 1
2218081 214716973 1
2218081 214716939 0.5
7428201 214849331 1
7428201 214849284 1
7428201 214665277 0.5
4718391 214602598 1
4718391 214839339 1
4718391 214829280 0.5
4718391 214630042 0.5
4718391 214845131 0.5
4718391 214836855 0.5
3893369 214716926 1
3893369 214716928 1
3893369 214717007 0.5
7285099 214587317 1
7285099 214640017 1
7285099 214829280 0.5
7285099 214717286 0.5
7285099 214577387 0.5
7285099 214553561 0.5
7285099 214706102 0.5
7285099 214832023 0.5
7285099 214828985 0.5
2824333 214717507 1
2824333 214711312 1
2824333 214629330 0.5
2824333 214514287 0.5
5314703 214845407 1
5314703 214844372 1
5314703 214706460 0.5
5314703 214845583 0.5
3651736 214774687 1
3651736 214836924 1
3651736 214712124 0.5
3651736 214836932 0.5
3651736 214821341 0.5
3651736 214820220 0.5
579744 214821277 1
579744 214821292 1
579744 214821290 0.5
10692781 214854262 1
10692781 214567329 1
10692781 214854264 0.5
10692781 214567333 0.5
510127 214826608 1
510127 214826816 1
510127 214826705 0.5
510127 214553730 0.5
510127 214685422 0.5
6600903 214842553 1
6600903 214839982 1
6600903 214835940 0.5
1915083 214748300 1
1915083 214748297 1
1915083 214753513 0.5
4528333 214551913 1
4528333 214556477 1
4528333 214845133 0.5
5052622 214845131 1
5052622 214836926 1
5052622 214743369 0.5
5052622 214753515 0.5
5052622 214839975 0.5
8747229 214853105 1
8747229 214853085 1
8747229 214853096 0.5
8747229 214853090 0.5
8747229 214853077 0.5
8747229 214851326 0.5
8059114 214851122 1
8059114 214851581 1
8059114 214851080 0.5
8059114 214851236 0.5
952087 214826876 1
952087 214826872 1
952087 214826837 0.5
952087 214717286 0.5
354561 214826955 1
354561 214826606 1
354561 214711408 0.5
354561 214710013 0.5
6973699 214846031 1
6973699 214846033 1
6973699 214854624 0.5
6973699 214850282 0.5
6973699 214831948 0.5
6973699 214556212 0.5
6973699 214829878 0.5
6973699 214850295 0.5
6973699 214837085 0.5
11032862 214510445 1
11032862 214712242 1
11032862 214854770 0.5
6846752 214849327 1
6846752 214849228 1
6846752 214828970 0.5
6846752 214828963 0.5
9245062 214846067 1
9245062 214851581 1
9245062 214851122 0.5
9245062 214845506 0.5
9245062 214748334 0.5
9193769 214853132 1
9193769 214851750 1
9193769 214853225 0.5
9193769 214851326 0.5
6244668 214849046 1
6244668 214848658 1
6244668 214848808 0.5
6244668 214848849 0.5
6244668 214714794 0.5
6244668 214849020 0.5
6244668 214849342 0.5
8329543 214826987 1
8329543 214853145 1
8329543 214835126 0.5
8329543 214704182 0.5
8329543 214853143 0.5
10065634 214853077 1
10065634 214852980 1
10065634 214853094 0.5
690526 214586711 1
690526 214821305 1
690526 214821302 0.5
5286289 214844400 1
5286289 214844396 1
5286289 214844398 0.5
7936368 214850366 1
7936368 214684717 1
7936368 214846112 0.5
7936368 214846072 0.5
7936368 214849250 0.5
7936368 214849747 0.5
7936368 214848309 0.5
5970289 214846415 1
5970289 214844396 1
5970289 214838225 0.5
5970289 214846127 0.5
5970289 214836926 0.5
5970289 214846479 0.5
2103668 214829861 1
2103668 214829707 1
2103668 214829857 0.5
1059197 214581489 1
1059197 214680369 1
1059197 214680371 0.5
1059197 214602605 0.5
1059197 214743515 0.5
1059197 214600989 0.5
5420133 214835428 1
5420133 214835426 1
5420133 214835473 0.5
9087367 214853248 1
9087367 214853094 1
9087367 214853096 0.5
9087367 214853105 0.5
9087367 214853085 0.5
7668119 214845962 1
7668119 214845971 1
7668119 214811739 0.5
9353612 214700992 1
9353612 214821373 1
9353612 214853426 0.5
8313233 214844456 1
8313233 214844394 1
8313233 214844439 0.5
8755602 214853128 1
8755602 214574900 1
8755602 214853169 0.5
1804709 214748291 1
1804709 214753513 1
1804709 214748297 0.5
4895132 214839954 1
4895132 214829760 1
4895132 214837280 0.5
3582383 214587712 1
3582383 214835747 1
3582383 214835017 0.5
8976876 214853210 1
8976876 214851163 1
8976876 214684942 0.5
8976876 214853135 0.5
2206131 214829885 1
2206131 214831967 1
2206131 214829882 0.5
2472373 214829878 1
2472373 214831948 1
2472373 214826955 0.5
2472373 214829887 0.5
10871993 214853105 1
10871993 214853096 1
10871993 214853085 0.5
3062203 214540127 1
3062203 214820261 1
3062203 214714757 0.5
8157632 214677615 1
8157632 214821022 1
8157632 214718169 0.5
8157632 214651777 0.5
8157632 214676306 0.5
8157632 214844347 0.5
8157632 214850743 0.5
8874446 214853094 1
8874446 214851326 1
8874446 214853096 0.5
772564 214821341 1
772564 214821339 1
772564 214821309 0.5
2828767 214835745 1
2828767 214649726 1
2828767 214601233 0.5
2828767 214600492 0.5
2828767 214827005 0.5
2828767 214827007 0.5
8055276 214564380 1
8055276 214851290 1
8055276 214851101 0.5
8055276 214851159 0.5
109049 214819721 1
109049 214748336 1
109049 214601233 0.5
109049 214712130 0.5
109049 214706102 0.5
109049 214819526 0.5
109049 214743495 0.5
76289 214537967 1
76289 214716984 1
76289 214716982 0.5
8452613 214716928 1
8452613 214716937 1
8452613 214717003 0.5
8452613 214716973 0.5
8452613 214716926 0.5
10033679 214853994 1
10033679 214853435 1
10033679 214853996 0.5
1612308 214829366 1
1612308 214695399 1
1612308 214834877 0.5
1612308 214826589 0.5
1165851 214716928 1
1165851 214717005 1
1165851 214717007 0.5
121373 214716932 1
121373 214716928 1
121373 214716930 0.5
121373 214716935 0.5
1231411 214829366 1
1231411 214826561 1
1231411 214828980 0.5
1231411 214700885 0.5
1231411 214819430 0.5
10958601 214854823 1
10958601 214854767 1
10958601 214848992 0.5
10958601 214854770 0.5
10958601 214853413 0.5
6224441 214711438 1
6224441 214848375 1
6224441 214848980 0.5
9390658 214846312 1
9390658 214852987 1
9390658 214845962 0.5
9390658 214820443 0.5
3816016 214531475 1
3816016 214706216 1
3816016 214534907 0.5
3816016 214829797 0.5
5070433 214837916 1
5070433 214844407 1
5070433 214844355 0.5
5070433 214820805 0.5
5070433 214836870 0.5
11074138 214853072 1
11074138 214578011 1
11074138 214854707 0.5
11393632 214744258 1
11393632 214857830 1
11393632 214826987 0.5
11393632 214854795 0.5
11393632 214835117 0.5
11393632 214853325 0.5
11393632 214680371 0.5
11393632 214701787 0.5
7334497 214849080 1
7334497 214850364 1
7334497 214846447 0.5
10779236 214714755 1
10779236 214853342 1
10779236 214848980 0.5
10779236 214854354 0.5
10779236 214849100 0.5
2542186 214829852 1
2542186 214829850 1
2542186 214829368 0.5
2542186 214826977 0.5
2542186 214674427 0.5
2542186 214826711 0.5
3787382 214835167 1
3787382 214829765 1
3787382 214836932 0.5
3787382 214835109 0.5
2624121 214829878 1
2624121 214831957 1
2624121 214700002 0.5
6634107 214838113 1
6634107 214847649 1
6634107 214554155 0.5
4347671 214849350 1
4347671 214844439 1
4347671 214821305 0.5
5487246 214839973 1
5487246 214848185 1
5487246 214849001 0.5
5487246 214848159 0.5
5487246 214844342 0.5
5487246 214846447 0.5
8989328 214851748 1
8989328 214853135 1
8989328 214851073 0.5
8989328 214716746 0.5
8989328 214851579 0.5
8989328 214848613 0.5
8989328 214716671 0.5
7957148 214853177 1
7957148 214853175 1
7957148 214844184 0.5
7360283 214853175 1
7360283 214853173 1
7360283 214851120 0.5
7360283 214587028 0.5
7248551 214848832 1
7248551 214848808 1
7248551 214850720 0.5
7248551 214716746 0.5
8948429 214849018 1
8948429 214847940 1
8948429 214712124 0.5
8948429 214718207 0.5
10476242 214567333 1
10476242 214684785 1
10476242 214572448 0.5
10476242 214695553 0.5
10476242 214572452 0.5
10476242 214686547 0.5
10476242 214854358 0.5
10476242 214684762 0.5
1608403 214832653 1
1608403 214716984 1
1608403 214716988 0.5
1608403 214716990 0.5
1608403 214716982 0.5
1608403 214716999 0.5
3979989 214836947 1
3979989 214836924 1
3979989 214829788 0.5
5794528 214846001 1
5794528 214845587 1
5794528 214606809 0.5
5794528 214690110 0.5
5442277 214844370 1
5442277 214844398 1
5442277 214844355 0.5
5442277 214839967 0.5
5442277 214826949 0.5
5442277 214820807 0.5
9235182 214509845 1
9235182 214853255 1
9235182 214717312 0.5
9235182 214849132 0.5
9235182 214510445 0.5
4066038 214829797 1
4066038 214839397 1
4066038 214829745 0.5
4066038 214845131 0.5
4066038 214839356 0.5
4066038 214839641 0.5
6343418 214848969 1
6343418 214848975 1
6343418 214668667 0.5
7813893 214850739 1
7813893 214851120 1
7813893 214838128 0.5
8387334 214651777 1
8387334 214677615 1
8387334 214854630 0.5
6019851 214584992 1
6019851 214819528 1
6019851 214840595 0.5
6019851 214677733 0.5
4959008 214835473 1
4959008 214844396 1
4959008 214574670 0.5
9579296 214853321 1
9579296 214853325 1
9579296 214853402 0.5
9579296 214826987 0.5
5294881 214844370 1
5294881 214844396 1
5294881 214748336 0.5
5294881 214846007 0.5
6279003 214820261 1
6279003 214820233 1
6279003 214841640 0.5
6279003 214840595 0.5
6279003 214839373 0.5
6279003 214841006 0.5
6279003 214840597 0.5
2394937 214831946 1
2394937 214602605 1
2394937 214829882 0.5
2394937 214819468 0.5
6233911 214820233 1
6233911 214820261 1
6233911 214829085 0.5
3963724 214820220 1
3963724 214573350 1
3963724 214819760 0.5
3963724 214595150 0.5
11063778 214853162 1
11063778 214853263 1
11063778 214852987 0.5
2304847 214829880 1
2304847 214829885 1
2304847 214831948 0.5
2304847 214829878 0.5
7920467 214716930 1
7920467 214586490 1
7920467 214716982 0.5
7248726 214849738 1
7248726 214849762 1
7248726 214849736 0.5
7248726 214849312 0.5
7248726 214820345 0.5
1743707 214826610 1
1743707 214834880 1
1743707 214829387 0.5
1743707 214834877 0.5
1743707 214826589 0.5
11516772 214665277 1
11516772 214848337 1
11516772 214851290 0.5
10664807 214854547 1
10664807 214854579 1
10664807 214819577 0.5
4881259 214537490 1
4881259 214848326 1
4881259 214642697 0.5
4414319 214835167 1
4414319 214641967 1
4414319 214714592 0.5
4414319 214652411 0.5
3173232 214829773 1
3173232 214836795 1
3173232 214829769 0.5
2587507 214753515 1
2587507 214743495 1
2587507 214829850 0.5
2587507 214746427 0.5
2587507 214836330 0.5
674676 214717005 1
674676 214716928 1
674676 214717007 0.5
8874869 214846312 1
8874869 214846012 1
8874869 214850942 0.5
8874869 214831946 0.5
8874869 214513170 0.5
8874869 214838102 0.5
8510328 214851279 1
8510328 214851167 1
8510328 214835126 0.5
781183 214748304 1
781183 214753507 1
781183 214748291 0.5
2570048 214612738 1
2570048 214832717 1
2570048 214533022 0.5
10853252 214851326 1
10853252 214854860 1
10853252 214716673 0.5
5499783 214845587 1
5499783 214844396 1
5499783 214829850 0.5
5499783 214829387 0.5
5499783 214835109 0.5
5499783 214586743 0.5
10466491 214687845 1
10466491 214853930 1
10466491 214684785 0.5
10466491 214684762 0.5
10466491 214854549 0.5
10466491 214854358 0.5
10466491 214854495 0.5
7560096 214716928 1
7560096 214855183 1
7560096 214832655 0.5
10821113 214853102 1
10821113 214854782 1
10821113 214854785 0.5
10836907 214854118 1
10836907 214684785 1
10836907 214695553 0.5
10836907 214579875 0.5
8719276 214853094 1
8719276 214852987 1
8719276 214852978 0.5
2137008 214829332 1
2137008 214829325 1
2137008 214829330 0.5
2137008 214829334 0.5
4508596 214839587 1
4508596 214587712 1
4508596 214819760 0.5
4508596 214839932 0.5
3035636 214829878 1
3035636 214829887 1
3035636 214829880 0.5
3070906 214829885 1
3070906 214612738 1
3070906 214845065 0.5
3070906 214826891 0.5
3070906 214819468 0.5
3070906 214835124 0.5
3070906 214829878 0.5
3070906 214831959 0.5
7392187 214835064 1
7392187 214829765 1
7392187 214849314 0.5
7392187 214846035 0.5
7392187 214835428 0.5
7392187 214845962 0.5
2890686 214829880 1
2890686 214673295 1
2890686 214819400 0.5
2890686 214551913 0.5
2890686 214551920 0.5
2890686 214551930 0.5
4717511 214538591 1
4717511 214645295 1
4717511 214839937 0.5
8211403 214510757 1
8211403 214595139 1
8211403 214835064 0.5
8211403 214844409 0.5
8444877 214564380 1
8444877 214851290 1
8444877 214851232 0.5
8444877 214675890 0.5
8444877 214844342 0.5
8444877 214556025 0.5
8444877 214844345 0.5
8444877 214849018 0.5
5659617 214748310 1
5659617 214844338 1
5659617 214705659 0.5
4738023 214839962 1
4738023 214601272 1
4738023 214829280 0.5
4738023 214845131 0.5
4738023 214585644 0.5
4738023 214832145 0.5
4738023 214839960 0.5
4738023 214836857 0.5
9710578 214853154 1
9710578 214850947 1
9710578 214848688 0.5
9710578 214853730 0.5
9710578 214853147 0.5
9710578 214853156 0.5
9710578 214844398 0.5
76791 214826897 1
76791 214826955 1
76791 214826627 0.5
76791 214686902 0.5
76791 214718390 0.5
8301561 214850743 1
8301561 214850758 1
8301561 214676306 0.5
8301561 214716982 0.5
5549052 214835070 1
5549052 214542761 1
5549052 214678987 0.5
1362943 214774685 1
1362943 214586825 1
1362943 214737337 0.5
4365312 214609325 1
4365312 214834867 1
4365312 214835747 0.5
10636292 214853767 1
10636292 214853732 1
10636292 214567333 0.5
10636292 214854262 0.5
3017217 214835017 1
3017217 214835019 1
3017217 214835745 0.5
3017217 214553561 0.5
3017217 214835124 0.5
3017217 214559317 0.5
3017217 214544327 0.5
2481167 214829878 1
2481167 214831948 1
2481167 214829885 0.5
7891994 214838124 1
7891994 214850413 1
7891994 214850932 0.5
7891994 214850415 0.5
10472483 214853930 1
10472483 214684762 1
10472483 214854495 0.5
2567224 214834867 1
2567224 214829885 1
2567224 214609325 0.5
162873 214716926 1
162873 214716928 1
162873 214717005 0.5
2567237 214748297 1
2567237 214753513 1
2567237 214829327 0.5
2109216 214826610 1
2109216 214826709 1
2109216 214829379 0.5
2109216 214800262 0.5
2109216 214743495 0.5
2109216 214680722 0.5
2109216 214832722 0.5
2109216 214746427 0.5
9559118 214850949 1
9559118 214853422 1
9559118 214853454 0.5
4858381 214838098 1
4858381 214839341 1
4858381 214839960 0.5
4858381 214838225 0.5
4858381 214839973 0.5
10341461 214854583 1
10341461 214846391 1
10341461 214714586 0.5
10341461 214853420 0.5
1166422 214829390 1
1166422 214827011 1
1166422 214645590 0.5
8703063 214852978 1
8703063 214853094 1
8703063 214853096 0.5
9717604 214853420 1
9717604 214850942 1
9717604 214848185 0.5
9717604 214850947 0.5
9717604 214850949 0.5
875612 214839313 1
875612 214839997 1
875612 214691426 0.5
875612 214826623 0.5
2204858 214829865 1
2204858 214829846 1
2204858 214832720 0.5
2636894 214551913 1
2636894 214551924 1
2636894 214551930 0.5
2636894 214551917 0.5
8731743 214853096 1
8731743 214853105 1
8731743 214853085 0.5
5053541 214691735 1
5053541 214725506 1
5053541 214692581 0.5
6296081 214553580 1
6296081 214844319 1
6296081 214821320 0.5
6296081 214846256 0.5
6335593 214848832 1
6335593 214848613 1
6335593 214848808 0.5
5011257 214839956 1
5011257 214836853 1
5011257 214836857 0.5
9407601 214853420 1
9407601 214853422 1
9407601 214853248 0.5
9407601 214853096 0.5
9407601 214853115 0.5
9407601 214853454 0.5
9407601 214848185 0.5
2223224 214821285 1
2223224 214821277 1
2223224 214821290 0.5
2223224 214820227 0.5
7358323 214832655 1
7358323 214717003 1
7358323 214716943 0.5
2358453 214829880 1
2358453 214831946 1
2358453 214835017 0.5
2358453 214831948 0.5
2358453 214717877 0.5
2358453 214834877 0.5
7531702 214846391 1
7531702 214851135 1
7531702 214642016 0.5
7531702 214840412 0.5
7531702 214687685 0.5
7531702 214836830 0.5
3620026 214554967 1
3620026 214836851 1
3620026 214532107 0.5
7638219 214831967 1
7638219 214845457 1
7638219 214826998 0.5
7638219 214836926 0.5
7638219 214587317 0.5
7638219 214602598 0.5
7638219 214828985 0.5
7859416 214851120 1
7859416 214853173 1
7859416 214853758 0.5
7593182 214612704 1
7593182 214551626 1
7593182 214551624 0.5
9227487 214853420 1
9227487 214850942 1
9227487 214850947 0.5
9227487 214853165 0.5
11050223 214853996 1
11050223 214849155 1
11050223 214716746 0.5
11050223 214552142 0.5
2637047 214826947 1
2637047 214826565 1
2637047 214835019 0.5
2637047 214668219 0.5
2637047 214829878 0.5
10689801 214853244 1
10689801 214854352 1
10689801 214854354 0.5
8301843 214851101 1
8301843 214848602 1
8301843 214851232 0.5
1010967 214829100 1
1010967 214829085 1
1010967 214820227 0.5
11017507 214849157 1
11017507 214854600 1
11017507 214849155 0.5
11017507 214851013 0.5
11017507 214849736 0.5
11017507 214849033 0.5
11017507 214854731 0.5
11017507 214573357 0.5
11017507 214844400 0.5
11017507 214820402 0.5
11017507 214574745 0.5
11017507 214820345 0.5
11017507 214853722 0.5
4136228 214829765 1
4136228 214835167 1
4136228 214536197 0.5
4028837 214821309 1
4028837 214821305 1
4028837 214839960 0.5
4028837 214544357 0.5
4028837 214839973 0.5
9866543 214717888 1
9866543 214718220 1
9866543 214850756 0.5
9866543 214850765 0.5
1461588 214829327 1
1461588 214829330 1
1461588 214829334 0.5
10485087 214854345 1
10485087 214556212 1
10485087 214854840 0.5
9583994 214850947 1
9583994 214850949 1
9583994 214850945 0.5
9583994 214853420 0.5
9583994 214763542 0.5
9583994 214853422 0.5
9583994 214853428 0.5
884093 214828987 1
884093 214826912 1
884093 214714794 0.5
2846081 214587697 1
2846081 214826818 1
2846081 214835017 0.5
2358668 214831946 1
2358668 214835087 1
2358668 214829850 0.5
9338258 214851737 1
9338258 214849331 1
9338258 214556025 0.5
9338258 214849284 0.5
9338258 214850743 0.5
4521373 214836855 1
4521373 214602598 1
4521373 214836853 0.5
4521373 214839967 0.5
11521442 214853340 1
11521442 214848980 1
11521442 214711438 0.5
10661789 214567327 1
10661789 214684785 1
10661789 214567333 0.5
10661789 214854262 0.5
3203833 214826938 1
3203833 214832017 1
3203833 214836795 0.5
2420154 214835745 1
2420154 214835019 1
2420154 214826947 0.5
2420154 214819430 0.5
2420154 214835017 0.5
2420154 214600492 0.5
2420154 214835087 0.5
2420154 214579288 0.5
2137536 214829666 1
2137536 214819577 1
2137536 214832722 0.5
5007264 214676945 1
5007264 214839973 1
5007264 214845577 0.5
5007264 214845131 0.5
5007264 214838092 0.5
5007264 214716710 0.5
5007264 214829887 0.5
5680586 214845579 1
5680586 214844319 1
5680586 214845577 0.5
6163919 214846425 1
6163919 214630042 1
6163919 214846432 0.5
3141079 214540125 1
3141079 214540127 1
3141079 214835745 0.5
11058652 214857204 1
11058652 214857551 1
11058652 214835000 0.5
11058652 214858680 0.5
3182053 214826565 1
3182053 214587697 1
3182053 214835745 0.5
3182053 214835019 0.5
839144 214584939 1
839144 214820231 1
839144 214538027 0.5
6151661 214846415 1
6151661 214846479 1
6151661 214849252 0.5
6151661 214845131 0.5
6151661 214844396 0.5
6151661 214848656 0.5
6151661 214846427 0.5
6151661 214845980 0.5
7855602 214555914 1
7855602 214716645 1
7855602 214710097 0.5
7855602 214850692 0.5
7855602 214850405 0.5
7196156 214845943 1
7196156 214695210 1
7196156 214845133 0.5
2305544 214829878 1
2305544 214829887 1
2305544 214829882 0.5
2305544 214821326 0.5
10526227 214854682 1
10526227 214854699 1
10526227 214849100 0.5
10526227 214709685 0.5
7908884 214853175 1
7908884 214853177 1
7908884 214551748 0.5
7908884 214853758 0.5
10829341 214853102 1
10829341 214854785 1
10829341 214864880 0.5
10829341 214854840 0.5
10829341 214848975 0.5
9870878 214853460 1
9870878 214850291 1
9870878 214853428 0.5
9870878 214829885 0.5
8464274 214853096 1
8464274 214853085 1
8464274 214849001 0.5
8464274 214577450 0.5
8464274 214714779 0.5
8464274 214851326 0.5
8464274 214853094 0.5
2027051 214829878 1
2027051 214829887 1
2027051 214829090 0.5
2027051 214706460 0.5
2649647 214831959 1
2649647 214826977 1
2649647 214835124 0.5
1666609 214834877 1
1666609 214833755 1
1666609 214826610 0.5
5458526 214844342 1
5458526 214845405 1
5458526 214835473 0.5
5458526 214844370 0.5
5458526 214835109 0.5
7429693 214849768 1
7429693 214849357 1
7429693 214849766 0.5
294463 214586711 1
294463 214821305 1
294463 214514640 0.5
10731073 214684785 1
10731073 214849228 1
10731073 214854262 0.5
10731073 214567333 0.5
10731073 214854358 0.5
10731073 214853735 0.5
1506883 214826610 1
1506883 214826589 1
1506883 214839600 0.5
2485834 214831948 1
2485834 214835747 1
2485834 214821407 0.5
2485834 214835017 0.5
2485834 214826947 0.5
2485834 214601233 0.5
6577742 214848384 1
6577742 214848757 1
6577742 214848337 0.5
6577742 214849003 0.5
4354004 214845129 1
4354004 214839939 1
4354004 214836881 0.5
1211997 214821309 1
1211997 214821305 1
1211997 214586711 0.5
2174562 214712124 1
2174562 214711280 1
2174562 214718210 0.5
2174562 214829366 0.5
3743331 214836932 1
3743331 214838227 1
3743331 214829825 0.5
3743331 214835109 0.5
3743331 214821407 0.5
1367658 214834880 1
1367658 214821410 1
1367658 214826610 0.5
1367658 214821412 0.5
1367658 214826589 0.5
6647406 214820261 1
6647406 214820233 1
6647406 214632967 0.5
11542131 214859240 1
11542131 214857830 1
11542131 214835000 0.5
11542131 214859242 0.5
11542131 214826987 0.5
11542131 214857204 0.5
11542131 214701787 0.5
9064062 214678376 1
9064062 214850771 1
9064062 214832019 0.5
9064062 214561475 0.5
89728 214821305 1
89728 214684160 1
89728 214821309 0.5
8908424 214850771 1
8908424 214850743 1
8908424 214848384 0.5
2490988 214686082 1
2490988 214826985 1
2490988 214829090 0.5
2490988 214831955 0.5
2490988 214600509 0.5
2490988 214826983 0.5
4628113 214826942 1
4628113 214838102 1
4628113 214705691 0.5
4628113 214826945 0.5
4628113 214838098 0.5
4628113 214840235 0.5
4628113 214836847 0.5
4218532 214836947 1
4218532 214835109 1
4218532 214829762 0.5
7351979 214716930 1
7351979 214845943 1
7351979 214702905 0.5
7351979 214554707 0.5
7351979 214537541 0.5
7351979 214826711 0.5
7515823 214850285 1
7515823 214850310 1
7515823 214820345 0.5
7515823 214850282 0.5
1510931 214834877 1
1510931 214821410 1
1510931 214829745 0.5
1510931 214828995 0.5
1510931 214821412 0.5
7466319 214850552 1
7466319 214850705 1
7466319 214850700 0.5
7466319 214677615 0.5
1593012 214844456 1
1593012 214844458 1
1593012 214844441 0.5
1593012 214551626 0.5
5713593 214676377 1
5713593 214845879 1
5713593 214832019 0.5
5713593 214821382 0.5
7175866 214832604 1
7175866 214716707 1
7175866 214716710 0.5
10801781 214829737 1
10801781 214854860 1
10801781 214567327 0.5
2059974 214821285 1
2059974 214821277 1
2059974 214744530 0.5
2059974 214584939 0.5
2059974 214821290 0.5
4067017 214829878 1
4067017 214838096 1
4067017 214836041 0.5
4067017 214836075 0.5
4067017 214836050 0.5
4067017 214836568 0.5
4067017 214838105 0.5
4067017 214829885 0.5
4067017 214826623 0.5
8023754 214716928 1
8023754 214716982 1
8023754 214717003 0.5
9985752 214718220 1
9985752 214717888 1
9985752 214718160 0.5
9985752 214718169 0.5
7847204 214850936 1
7847204 214850938 1
7847204 214850743 0.5
5107418 214714757 1
5107418 214826987 1
5107418 214845352 0.5
5107418 214845579 0.5
5107418 214829887 0.5
6635233 214710097 1
6635233 214612751 1
6635233 214844439 0.5
6635233 214844450 0.5
6635233 214819378 0.5
6635233 214612706 0.5
6635233 214835111 0.5
6752858 214700002 1
6752858 214831948 1
6752858 214641825 0.5
6752858 214837288 0.5
6752858 214832604 0.5
6752858 214850315 0.5
6752858 214832015 0.5
6752858 214838102 0.5
6752858 214846012 0.5
5451496 214838109 1
5451496 214589632 1
5451496 214826750 0.5
6860524 214848941 1
6860524 214848849 1
6860524 214848954 0.5
6860524 214849046 0.5
2503976 214835017 1
2503976 214835747 1
2503976 214835745 0.5
2503976 214834867 0.5
2948853 214829880 1
2948853 214829885 1
2948853 214829882 0.5
2215672 214829887 1
2215672 214829878 1
2215672 214819468 0.5
1502992 214834877 1
1502992 214748336 1
1502992 214685857 0.5
1502992 214667921 0.5
1502992 214829387 0.5
1502992 214718385 0.5
1502992 214826610 0.5
1502992 214829366 0.5
7663383 214850743 1
7663383 214850758 1
7663383 214684730 0.5
7663383 214684734 0.5
7663383 214538870 0.5
3718938 214829825 1
3718938 214847649 1
3718938 214826975 0.5
10723099 214854352 1
10723099 214854536 1
10723099 214853113 0.5
10723099 214850940 0.5
10723099 214849455 0.5
5218076 214832156 1
5218076 214826833 1
5218076 214642697 0.5
5218076 214848326 0.5
9072416 214852978 1
9072416 214852980 1
9072416 214851326 0.5
9072416 214853094 0.5
1965867 214820261 1
1965867 214820233 1
1965867 214536197 0.5
819003 214821302 1
819003 214545879 1
819003 214696899 0.5
819003 214835743 0.5
6901594 214849318 1
6901594 214837286 1
6901594 214839369 0.5
6901594 214849179 0.5
6901594 214836868 0.5
6901594 214849245 0.5
11188197 214857204 1
11188197 214859139 1
11188197 214835000 0.5
4226912 214831970 1
4226912 214828991 1
4226912 214548744 0.5
5586792 214800264 1
5586792 214845491 1
5586792 214710152 0.5
8974189 214853338 1
8974189 214850949 1
8974189 214853420 0.5
10973041 214853100 1
10973041 214864880 1
10973041 214854785 0.5
4493971 214836519 1
4493971 214748336 1
4493971 214712130 0.5
4493971 214839587 0.5
4493971 214743495 0.5
4493971 214706102 0.5
4493971 214828985 0.5
4493971 214829852 0.5
2506614 214832717 1
2506614 214743515 1
2506614 214712237 0.5
8548222 214696824 1
8548222 214851152 1
8548222 214717288 0.5
8548222 214567410 0.5
8548222 214851155 0.5
8548222 214850450 0.5
3690394 214836924 1
3690394 214835167 1
3690394 214829765 0.5
6299549 214848808 1
6299549 214848375 1
6299549 214848832 0.5
10669982 214854352 1
10669982 214854536 1
10669982 214853113 0.5
1167263 214821277 1
1167263 214833800 1
1167263 214584939 0.5
2449323 214836517 1
2449323 214829878 1
2449323 214831965 0.5
7684014 214850938 1
7684014 214850792 1
7684014 214848808 0.5
7684014 214851073 0.5
7684014 214851317 0.5
7684014 214685049 0.5
888758 214711408 1
888758 214718396 1
888758 214826955 0.5
6623161 214848410 1
6623161 214848377 1
6623161 214835109 0.5
6623161 214826990 0.5
6623161 214835167 0.5
7045052 214849082 1
7045052 214829280 1
7045052 214585644 0.5
7045052 214829366 0.5
311231 214684702 1
311231 214600989 1
311231 214680369 0.5
311231 214743515 0.5
311231 214706452 0.5
311231 214712237 0.5
311231 214557607 0.5
6938566 214848377 1
6938566 214845971 1
6938566 214835109 0.5
6938566 214846318 0.5
6938566 214848337 0.5
6938566 214667859 0.5
6938566 214826990 0.5
6938566 214848410 0.5
5140426 214744427 1
5140426 214847940 1
5140426 214847936 0.5
2940884 214829878 1
2940884 214587697 1
2940884 214836362 0.5
2940884 214835747 0.5
2940884 214826947 0.5
2940884 214835019 0.5
10562898 214854300 1
10562898 214854579 1
10562898 214854545 0.5
10562898 214854495 0.5
7999477 214678880 1
7999477 214849337 1
7999477 214849329 0.5
7999477 214829045 0.5
3345268 214832128 1
3345268 214832126 1
3345268 214826563 0.5
