11499522 214854352 1
11499522 214854547 1
11499522 214854699 0.5
933902 214820231 1
933902 214748295 1
933902 214584907 0.5
9457694 214850947 1
9457694 214853420 1
9457694 214680371 0.5
9457694 214853422 0.5
9457694 214857830 0.5
2355233 214829878 1
2355233 214831946 1
2355233 214829885 0.5
5902384 214835426 1
5902384 214844372 1
5902384 214819526 0.5
5902384 214835070 0.5
9273397 214684717 1
9273397 214684734 1
9273397 214853342 0.5
9273397 214853338 0.5
9273397 214850949 0.5
9273397 214853422 0.5
4689988 214709735 1
4689988 214836879 1
4689988 214709685 0.5
1830993 214826711 1
1830993 214829368 1
1830993 214829664 0.5
1830993 214826912 0.5
1830993 214821407 0.5
8540254 214851135 1
8540254 214846391 1
8540254 214687685 0.5
8540254 214836830 0.5
5476454 214845583 1
5476454 214844345 1
5476454 214845585 0.5
5476454 214561402 0.5
5476454 214835473 0.5
3403883 214835505 1
3403883 214836534 1
3403883 214829745 0.5
2543726 214718379 1
2543726 214709807 1
2543726 214829880 0.5
2543726 214835124 0.5
2543726 214829887 0.5
8544376 214851099 1
8544376 214851285 1
8544376 214696897 0.5
8544376 214848997 0.5
10702974 214854345 1
10702974 214854585 1
10702974 214846112 0.5
10702974 214854555 0.5
10702974 214854579 0.5
11145343 214705757 1
11145343 214854146 1
11145343 214837873 0.5
11145343 214709685 0.5
426122 214748295 1
426122 214753507 1
426122 214744779 0.5
10317968 214854737 1
10317968 214853732 1
10317968 214561496 0.5
10317968 214853724 0.5
2453651 214829887 1
2453651 214829878 1
2453651 214819760 0.5
2453651 214601233 0.5
2453651 214819762 0.5
2453651 214832780 0.5
2453651 214829880 0.5
5206164 214717867 1
5206164 214845354 1
5206164 214716928 0.5
5206164 214748327 0.5
9007254 214853105 1
9007254 214851326 1
9007254 214853090 0.5
9007254 214853094 0.5
9007254 214853096 0.5
9007254 214852978 0.5
9007254 214853077 0.5
9007254 214853085 0.5
4015567 214540127 1
4015567 214831948 1
4015567 214838102 0.5
4015567 214832015 0.5
4599968 214848729 1
4599968 214829797 1
4599968 214587712 0.5
4599968 214820400 0.5
4599968 214839587 0.5
4599968 214820392 0.5
4599968 214819760 0.5
4599968 214820402 0.5
4599968 214839347 0.5
4599968 214821015 0.5
4599968 214821017 0.5
4599968 214839932 0.5
4599968 214821022 0.5
6762657 214846119 1
6762657 214839969 1
6762657 214848656 0.5
6762657 214846530 0.5
6762657 214845131 0.5
6762657 214850788 0.5
1423388 214834877 1
1423388 214821328 1
1423388 214716339 0.5
10580138 214854774 1
10580138 214644686 1
10580138 214716643 0.5
10580138 214644444 0.5
10580138 214711965 0.5
2850164 214748293 1
2850164 214748297 1
2850164 214748338 0.5
6222028 214849076 1
6222028 214848622 1
6222028 214848950 0.5
10166481 214668667 1
10166481 214850291 1
10166481 214829885 0.5
8437974 214832653 1
8437974 214716984 1
8437974 214855183 0.5
454874 214748304 1
454874 214753507 1
454874 214839752 0.5
6496486 214848971 1
6496486 214848969 1
6496486 214700000 0.5
6496486 214846530 0.5
6496486 214844396 0.5
6496486 214708374 0.5
8069353 214850730 1
8069353 214836830 1
8069353 214850747 0.5
8069353 214846389 0.5
3907829 214718199 1
3907829 214718210 1
3907829 214711205 0.5
3907829 214581917 0.5
8909058 214853321 1
8909058 214853325 1
8909058 214700002 0.5
2089219 214842555 1
2089219 214707877 1
2089219 214606792 0.5
2089219 214706445 0.5
11526406 214853338 1
11526406 214826893 1
11526406 214849809 0.5
10219787 214853698 1
10219787 214853454 1
10219787 214718160 0.5
10219787 214853330 0.5
10219787 214848157 0.5
82192 214717888 1
82192 214718203 1
82192 214832557 0.5
2355498 214831959 1
2355498 214716110 1
2355498 214835124 0.5
3404082 214836932 1
3404082 214835109 1
3404082 214838227 0.5
3404082 214836875 0.5
3404082 214836830 0.5
9834804 214854065 1
9834804 214854060 1
9834804 214853730 0.5
9834804 214854118 0.5
9834804 214853767 0.5
6283577 214556055 1
6283577 214848613 1
6283577 214848832 0.5
6283577 214662750 0.5
6283577 214848950 0.5
6283577 214577518 0.5
6283577 214846479 0.5
9097536 214685049 1
9097536 214716714 1
9097536 214848808 0.5
9097536 214848613 0.5
9097536 214716671 0.5
8610132 214853248 1
8610132 214853094 1
8610132 214853090 0.5
8253788 214834873 1
8253788 214712229 1
8253788 214851152 0.5
7778653 214853758 1
7778653 214853173 1
7778653 214853177 0.5
7778653 214828882 0.5
291167 214586711 1
291167 214821305 1
291167 214821315 0.5
6329063 214848980 1
6329063 214846530 1
6329063 214819627 0.5
4297068 214632146 1
4297068 214834877 1
4297068 214829885 0.5
9912689 214853698 1
9912689 214853722 1
9912689 214853707 0.5
483707 214826747 1
483707 214832557 1
483707 214584920 0.5
483707 214832559 0.5
4133247 214826990 1
4133247 214835109 1
4133247 214838227 0.5
4133247 214743335 0.5
10461586 214854517 1
10461586 214853767 1
10461586 214854527 0.5
2564502 214829887 1
2564502 214829880 1
2564502 214829878 0.5
1085857 214826615 1
1085857 214826612 1
1085857 214839600 0.5
8970666 214716110 1
8970666 214850771 1
8970666 214853128 0.5
8970666 214850743 0.5
8278444 214829792 1
8278444 214743515 1
8278444 214680371 0.5
8278444 214712237 0.5
4858291 214836519 1
4858291 214838227 1
4858291 214847968 0.5
4858291 214820392 0.5
4858291 214829387 0.5
4858291 214839600 0.5
4858291 214832145 0.5
4858291 214836050 0.5
4858291 214835475 0.5
4858291 214836855 0.5
4858291 214839960 0.5
5439926 214684702 1
5439926 214743515 1
5439926 214700002 0.5
5439926 214676570 0.5
6406218 214846312 1
6406218 214848302 1
6406218 214819393 0.5
6406218 214581611 0.5
6406218 214846318 0.5
881087 214686857 1
881087 214826627 1
881087 214577512 0.5
881087 214826801 0.5
881087 214716577 0.5
3555778 214820233 1
3555778 214820231 1
3555778 214821277 0.5
4465092 214586668 1
4465092 214829379 1
4465092 214667912 0.5
10236372 214854358 1
10236372 214850790 1
10236372 214854545 0.5
10236372 214684762 0.5
10236372 214854549 0.5
925057 214716973 1
925057 214716984 1
925057 214716986 0.5
925057 214716982 0.5
3719643 214826990 1
3719643 214835109 1
3719643 214838227 0.5
10629597 214854354 1
10629597 214854352 1
10629597 214854536 0.5
10629597 214853113 0.5
8621477 214853096 1
8621477 214853105 1
8621477 214853090 0.5
8621477 214852980 0.5
8621477 214851326 0.5
8621477 214853094 0.5
7840241 214850743 1
7840241 214850938 1
7840241 214850720 0.5
7840241 214850405 0.5
7840241 214850762 0.5
7840241 214850411 0.5
7840241 214849395 0.5
7840241 214850936 0.5
7840241 214850621 0.5
8688124 214852978 1
8688124 214853077 1
8688124 214853090 0.5
8688124 214851748 0.5
8688124 214829765 0.5
8688124 214853094 0.5
8688124 214853195 0.5
8688124 214853169 0.5
10822153 214853072 1
10822153 214712242 1
10822153 214854682 0.5
10822153 214849100 0.5
9032216 214853096 1
9032216 214853105 1
9032216 214853085 0.5
11014681 214854722 1
11014681 214850349 1
11014681 214691625 0.5
11014681 214854860 0.5
9994783 214853700 1
9994783 214853698 1
9994783 214612730 0.5
9994783 214848682 0.5
9994783 214853702 0.5
1008162 214821305 1
1008162 214821339 1
1008162 214832552 0.5
1008162 214551626 0.5
1008162 214571188 0.5
4035107 214829878 1
4035107 214711438 1
4035107 214826829 0.5
1196602 214821392 1
1196602 214821305 1
1196602 214837485 0.5
1196602 214837487 0.5
1196602 214837490 0.5
1196602 214748340 0.5
1196602 214821302 0.5
1196602 214826904 0.5
3568187 214836851 1
3568187 214829852 1
3568187 214613741 0.5
3568187 214836847 0.5
3568187 214839600 0.5
3568187 214835505 0.5
3568187 214832124 0.5
3568187 214821407 0.5
11063888 214826891 1
11063888 214826893 1
11063888 214848795 0.5
11063888 214853454 0.5
2548311 214829878 1
2548311 214829887 1
2548311 214711408 0.5
2548311 214826955 0.5
5550684 214839587 1
5550684 214642097 1
5550684 214717286 0.5
5550684 214820392 0.5
5550684 214829852 0.5
5550684 214748336 0.5
5550684 214706102 0.5
5550684 214828985 0.5
5550684 214839932 0.5
5550684 214845887 0.5
10498658 214854510 1
10498658 214854262 1
10498658 214567333 0.5
10498658 214567327 0.5
9732722 214700990 1
9732722 214774685 1
9732722 214700992 0.5
9732722 214829042 0.5
9732722 214831955 0.5
7135859 214853758 1
7135859 214849766 1
7135859 214544357 0.5
5472901 214845579 1
5472901 214845581 1
5472901 214684841 0.5
5472901 214826835 0.5
5472901 214839965 0.5
5472901 214716671 0.5
3800973 214839984 1
3800973 214836932 1
3800973 214836924 0.5
10629777 214684785 1
10629777 214854549 1
10629777 214854146 0.5
10629777 214854165 0.5
10629777 214854358 0.5
10629777 214854510 0.5
10629777 214567327 0.5
4014741 214844439 1
4014741 214839592 1
4014741 214821305 0.5
4014741 214844394 0.5
4014741 214821339 0.5
4014741 214821309 0.5
8786584 214853255 1
8786584 214851122 1
8786584 214851077 0.5
9581223 214850949 1
9581223 214853422 1
9581223 214850945 0.5
5767863 214831948 1
5767863 214846033 1
5767863 214844370 0.5
5694137 214846033 1
5694137 214846029 1
5694137 214829887 0.5
4821711 214845131 1
4821711 214839973 1
4821711 214602733 0.5
10130156 214853730 1
10130156 214718220 1
10130156 214853707 0.5
10855161 214851135 1
10855161 214717751 1
10855161 214846391 0.5
9032452 214852978 1
9032452 214853094 1
9032452 214853090 0.5
4663427 214847255 1
4663427 214836851 1
4663427 214557217 0.5
4663427 214744779 0.5
2622236 214826621 1
2622236 214826612 1
2622236 214826615 0.5
5305136 214844396 1
5305136 214844398 1
5305136 214835745 0.5
5305136 214820807 0.5
5305136 214600492 0.5
5305136 214826927 0.5
5305136 214844400 0.5
5305136 214836857 0.5
5305136 214839967 0.5
8684323 214853077 1
8684323 214852980 1
8684323 214853096 0.5
8684323 214853105 0.5
8684323 214852987 0.5
6795398 214848371 1
6795398 214848375 1
6795398 214848808 0.5
6795398 214612751 0.5
6795398 214848851 0.5
6795398 214848613 0.5
6795398 214551607 0.5
9667366 214853420 1
9667366 214850945 1
9667366 214853422 0.5
2827047 214834867 1
2827047 214826565 1
2827047 214835017 0.5
2827047 214835747 0.5
9323309 214851326 1
9323309 214853096 1
9323309 214853094 0.5
2692576 214748297 1
2692576 214748293 1
2692576 214835747 0.5
2692576 214826565 0.5
2692576 214835111 0.5
2692576 214832780 0.5
2692576 214831959 0.5
2692576 214748300 0.5
2692576 214835087 0.5
2692576 214829878 0.5
2692576 214835017 0.5
2692576 214831967 0.5
10445634 214853430 1
10445634 214853698 1
10445634 214853713 0.5
10445634 214854060 0.5
3728196 214820261 1
3728196 214821277 1
3728196 214534464 0.5
9068686 214844400 1
9068686 214844398 1
9068686 214848688 0.5
9068686 214844402 0.5
9068686 214844396 0.5
9068686 214853381 0.5
7472613 214853177 1
7472613 214853758 1
7472613 214850743 0.5
10838884 214853100 1
10838884 214854785 1
10838884 214854840 0.5
2519911 214829880 1
2519911 214829878 1
2519911 214828987 0.5
3195754 214836530 1
3195754 214835475 1
3195754 214837882 0.5
4703084 214748310 1
4703084 214839915 1
4703084 214839347 0.5
4703084 214821277 0.5
1528687 214826563 1
1528687 214834880 1
1528687 214829321 0.5
1528687 214826610 0.5
1528687 214826996 0.5
6669177 214832655 1
6669177 214716988 1
6669177 214854572 0.5
11334523 214684717 1
11334523 214853100 1
11334523 214850949 0.5
11334523 214853420 0.5
11334523 214853102 0.5
11334523 214846031 0.5
11334523 214829880 0.5
11334523 214838107 0.5
11334523 214684734 0.5
11334523 214854853 0.5
263036 214819376 1
263036 214820400 1
263036 214826837 0.5
4371337 214602605 1
4371337 214838098 1
4371337 214838096 0.5
4481936 214845131 1
4481936 214839973 1
4481936 214839960 0.5
4481936 214829850 0.5
5292958 214840091 1
5292958 214832154 1
5292958 214541582 0.5
5292958 214829878 0.5
5804959 214846447 1
5804959 214849001 1
5804959 214844353 0.5
5804959 214846007 0.5
5804959 214835745 0.5
4101026 214829792 1
4101026 214845129 1
4101026 214706452 0.5
6435762 214848832 1
6435762 214558192 1
6435762 214848808 0.5
6435762 214848851 0.5
6435762 214571188 0.5
6435762 214848613 0.5
10672511 214853113 1
10672511 214854536 1
10672511 214854354 0.5
10672511 214684762 0.5
10672511 214854358 0.5
9294778 214853424 1
9294778 214853454 1
9294778 214850368 0.5
9294778 214850287 0.5
9294778 214850700 0.5
9294778 214848967 0.5
7242684 214853122 1
7242684 214748289 1
7242684 214844396 0.5
5575632 214846119 1
5575632 214845962 1
5575632 214846312 0.5
5575632 214668249 0.5
5575632 214845965 0.5
1867939 214821024 1
1867939 214718169 1
1867939 214567408 0.5
1867939 214821022 0.5
1867939 214581611 0.5
1867939 214832557 0.5
1867939 214829366 0.5
5263524 214700002 1
5263524 214684702 1
5263524 214676570 0.5
4342749 214836512 1
4342749 214829100 1
4342749 214839960 0.5
4342749 214831970 0.5
4342749 214839971 0.5
4342749 214840310 0.5
9487329 214853214 1
9487329 214853212 1
9487329 214820844 0.5
7709673 214850621 1
7709673 214564382 1
7709673 214851011 0.5
11502576 214850312 1
11502576 214677508 1
11502576 214645972 0.5
11502576 214852987 0.5
11502576 214850308 0.5
11502576 214850332 0.5
11027441 214853865 1
11027441 214854262 1
11027441 214853132 0.5
3306489 214835475 1
3306489 214837882 1
3306489 214839617 0.5
3306489 214836776 0.5
3306489 214820392 0.5
3306489 214586668 0.5
3306489 214820400 0.5
3306489 214667912 0.5
3306489 214836885 0.5
3306489 214554585 0.5
5870589 214684702 1
5870589 214743515 1
5870589 214712237 0.5
2876417 214837918 1
2876417 214837916 1
2876417 643078800 0.5
2888722 214684717 1
2888722 214829880 1
2888722 214826985 0.5
2888722 214514274 0.5
11438254 214854791 1
11438254 214854797 1
11438254 214855016 0.5
11438254 214854857 0.5
6788118 214832604 1
6788118 214716707 1
6788118 214848808 0.5
6788118 214714794 0.5
7385263 214507331 1
7385263 214836932 1
7385263 214850754 0.5
10921004 214854819 1
10921004 214854733 1
10921004 214854731 0.5
10921004 214714755 0.5
10921004 214850310 0.5
2708528 214826833 1
2708528 214835132 1
2708528 214835450 0.5
2708528 214683677 0.5
2708528 214550023 0.5
6784049 214849318 1
6784049 214849320 1
6784049 214849192 0.5
6784049 214849179 0.5
1299508 214829747 1
1299508 214828995 1
1299508 214636505 0.5
10634299 214567215 1
10634299 214567329 1
10634299 214854268 0.5
10634299 214853726 0.5
751797 214821341 1
751797 214820844 1
751797 214821305 0.5
1180739 214748293 1
1180739 214753513 1
1180739 214748300 0.5
11015236 214712244 1
11015236 214854707 1
11015236 214853072 0.5
6325328 214509845 1
6325328 214840595 1
6325328 214584992 0.5
9045079 214853242 1
9045079 214853132 1
9045079 214853237 0.5
17506 214601040 1
17506 214844019 1
17506 214840993 0.5
17506 214691426 0.5
17506 214844040 0.5
17506 214826955 0.5
17506 214842450 0.5
17506 214601042 0.5
3523684 214829390 1
3523684 214820231 1
3523684 214829707 0.5
10982504 214853102 1
10982504 214854785 1
10982504 214855016 0.5
402538 214820233 1
402538 214601040 1
402538 214601027 0.5
7689323 214849252 1
7689323 214848695 1
7689323 214835475 0.5
4404332 214839973 1
4404332 214839969 1
4404332 214829280 0.5
4404332 214836857 0.5
5469297 214845577 1
5469297 214845354 1
5469297 214845352 0.5
5469297 214845579 0.5
7144569 214849736 1
7144569 214695399 1
7144569 214829034 0.5
7144569 214819412 0.5
7144569 214577302 0.5
10658939 214853698 1
10658939 214853713 1
10658939 214853702 0.5
8471681 214821313 1
8471681 214716982 1
8471681 214844454 0.5
2503813 214829846 1
2503813 214821290 1
2503813 214829861 0.5
8590474 214853143 1
8590474 214567100 1
8590474 214828970 0.5
1008779 214833755 1
1008779 214587317 1
1008779 214832780 0.5
11162766 214853325 1
11162766 214701787 1
11162766 214829090 0.5
2266262 214829878 1
2266262 214829887 1
2266262 214829882 0.5
2266262 214831946 0.5
7300248 214850285 1
7300248 214850304 1
7300248 214829880 0.5
2229403 214831948 1
2229403 214829878 1
2229403 214829880 0.5
2958498 214835017 1
2958498 214835019 1
2958498 214587712 0.5
2958498 214835747 0.5
8283304 214852978 1
8283304 214853094 1
8283304 214514640 0.5
8283304 214743339 0.5
8848567 214853242 1
8848567 214685049 1
8848567 214853210 0.5
3703999 214836050 1
3703999 214836075 1
3703999 214836146 0.5
3703999 214836084 0.5
2225347 214831948 1
2225347 214829878 1
2225347 214829882 0.5
8873159 214852987 1
8873159 214853165 1
8873159 214851742 0.5
4801746 214844439 1
4801746 214844458 1
4801746 214844394 0.5
4801746 214821309 0.5
4801746 214844462 0.5
4998359 214829878 1
4998359 214587317 1
4998359 214845577 0.5
2671837 214829887 1
2671837 214829880 1
2671837 214829878 0.5
124133 214826715 1
124133 214826955 1
124133 214826606 0.5
4370641 214842553 1
4370641 214685747 1
4370641 214836875 0.5
4370641 214840415 0.5
4887784 214835473 1
4887784 214826949 1
4887784 214835745 0.5
4887784 214684372 0.5
4887784 214602733 0.5
4887784 214826833 0.5
46314 214832730 1
46314 214716977 1
46314 214820441 0.5
46314 214587650 0.5
46314 214587611 0.5
11560177 214853102 1
11560177 214854787 1
11560177 214854840 0.5
11560177 214845581 0.5
9463054 214853420 1
9463054 214829887 1
9463054 214846033 0.5
9463054 214829878 0.5
9463054 214856831 0.5
9629229 214850949 1
9629229 214846014 1
9629229 214845579 0.5
9629229 214853420 0.5
9629229 214826835 0.5
9629229 214684734 0.5
9629229 214829880 0.5
9629229 214684730 0.5
9629229 214850942 0.5
9836761 214854583 1
9836761 214687845 1
9836761 214846391 0.5
2266393 214748295 1
2266393 214748302 1
2266393 214829878 0.5
46374 214534736 1
46374 214840415 1
46374 214821017 0.5
9569581 214551607 1
9569581 214821309 1
9569581 214716930 0.5
9569581 214844445 0.5
2159923 214829878 1
2159923 214829887 1
2159923 214828970 0.5
2159923 214831931 0.5
8421599 214850630 1
8421599 214718160 1
8421599 214567408 0.5
8421599 214851075 0.5
7951682 214850936 1
7951682 214850295 1
7951682 214829878 0.5
4572483 214835745 1
4572483 214587712 1
4572483 214835017 0.5
4572483 214835747 0.5
10585416 214853711 1
10585416 214854118 1
10585416 214717867 0.5
7939418 214850743 1
7939418 214680467 1
7939418 214850792 0.5
7939418 214557701 0.5
6587746 214849239 1
6587746 214849333 1
6587746 214667857 0.5
6587746 214834877 0.5
7873893 214844439 1
7873893 214551626 1
7873893 214849740 0.5
7873893 214849757 0.5
6354284 214848596 1
6354284 214848950 1
6354284 214829880 0.5
6354284 214846031 0.5
9098607 214852980 1
9098607 214853077 1
9098607 214853195 0.5
9098607 214853263 0.5
10388848 214853094 1
10388848 214853248 1
10388848 214853096 0.5
10388848 214852978 0.5
10388848 214853077 0.5
6542707 214846065 1
6542707 214848950 1
6542707 214845984 0.5
6542707 214839617 0.5
6542707 214829797 0.5
6542707 214846470 0.5
6542707 214849001 0.5
6542707 214848622 0.5
6542707 214820210 0.5
6542707 214718173 0.5
6542707 214846367 0.5
10386327 214854358 1
10386327 214567329 1
10386327 214854510 0.5
10386327 214567215 0.5
10386327 214854262 0.5
10386327 214854264 0.5
10386327 214854268 0.5
10386327 214853726 0.5
161158 214744775 1
161158 214819762 1
161158 214819376 0.5
161158 214580171 0.5
161158 214820392 0.5
161158 214819721 0.5
161158 214718379 0.5
161158 214748336 0.5
161158 214819464 0.5
7796107 214849250 1
7796107 214849078 1
7796107 214849033 0.5
4105624 214532107 1
4105624 214839939 1
4105624 214561472 0.5
4105624 214554707 0.5
4105624 214560615 0.5
4105624 214548103 0.5
959898 214705993 1
959898 214602605 1
959898 214711295 0.5
8126703 214851326 1
8126703 214853248 1
8126703 214853090 0.5
8126703 214851131 0.5
8126703 214853094 0.5
4789669 214832015 1
4789669 214839587 1
4789669 214829321 0.5
4789669 214829852 0.5
4789669 214836853 0.5
4789669 214838102 0.5
1029548 214826803 1
1029548 214821285 1
1029548 214841640 0.5
1029548 214829085 0.5
11404727 214854733 1
11404727 214853147 1
11404727 214846415 0.5
9004473 214844342 1
9004473 214844347 1
9004473 214845590 0.5
2758079 214748297 1
2758079 214748293 1
2758079 214753513 0.5
2893258 214835019 1
2893258 214831959 1
2893258 214819430 0.5
7931343 214850938 1
7931343 214748304 1
7931343 214748295 0.5
8672722 214853094 1
8672722 214851326 1
8672722 214853096 0.5
4779598 214839382 1
4779598 214701212 1
4779598 214839977 0.5
1869273 214829861 1
1869273 214821277 1
1869273 214832717 0.5
4262822 214833755 1
4262822 214821401 1
4262822 214602598 0.5
4262822 214743495 0.5
4262822 214829387 0.5
4262822 214677615 0.5
4262822 214640017 0.5
4262822 214553844 0.5
4262822 214587317 0.5
4262822 214828985 0.5
11064807 214853096 1
11064807 214854802 1
11064807 214853105 0.5
11064807 214855151 0.5
9676287 214684715 1
9676287 214850366 1
9676287 214853420 0.5
9676287 214829878 0.5
6288929 214846447 1
6288929 214846530 1
6288929 214800272 0.5
6288929 214820402 0.5
2631176 214844439 1
2631176 214844394 1
2631176 214821305 0.5
9032626 214853096 1
9032626 214853105 1
9032626 214853085 0.5
9032626 214853077 0.5
5228083 214633989 1
5228083 214695210 1
5228083 214832010 0.5
5228083 214844319 0.5
4580921 214839590 1
4580921 214540127 1
4580921 214826889 0.5
4580921 214839596 0.5
4580921 214714757 0.5
4354314 214678528 1
4354314 214845129 1
4354314 214710360 0.5
8726078 214853077 1
8726078 214852980 1
8726078 214853085 0.5
2225752 214686082 1
2225752 214845073 1
2225752 214845065 0.5
10752868 214854504 1
10752868 214854300 1
10752868 214854545 0.5
2520667 214829878 1
2520667 214831948 1
2520667 214826955 0.5
2520667 214831965 0.5
2618982 214829878 1
2618982 214829887 1
2618982 214829880 0.5
9225847 214850942 1
9225847 214831948 1
9225847 214846012 0.5
9225847 214850315 0.5
9225847 214853420 0.5
9225847 214829878 0.5
9225847 214838102 0.5
4056698 214835109 1
4056698 214829387 1
4056698 214834880 0.5
4056698 214829762 0.5
4056698 214717286 0.5
4056698 214819374 0.5
4056698 214820400 0.5
4056698 214821015 0.5
4056698 214556025 0.5
4056698 214834877 0.5
1627773 214826610 1
1627773 214834880 1
1627773 214821412 0.5
2725504 214832126 1
2725504 214832128 1
2725504 214717742 0.5
7198342 214820231 1
7198342 214844439 1
7198342 214716971 0.5
9647752 214853420 1
9647752 214850947 1
9647752 214853338 0.5
6088336 214586443 1
6088336 214846117 1
6088336 214819586 0.5
10240964 214850771 1
10240964 214853130 1
10240964 214561475 0.5
10240964 214850743 0.5
11560606 214854060 1
11560606 214854065 1
11560606 214746380 0.5
8824479 214853177 1
8824479 214853758 1
8824479 214851579 0.5
8824479 214853135 0.5
8165027 214717007 1
8165027 214717003 1
8165027 214716977 0.5
8165027 214855183 0.5
2832041 214826833 1
2832041 214717003 1
2832041 214835132 0.5
2832041 214835137 0.5
2832041 214826947 0.5
2832041 214832657 0.5
2832041 214716935 0.5
3753646 214840556 1
3753646 214552387 1
3753646 214842557 0.5
11007673 214853100 1
11007673 214853102 1
11007673 214829880 0.5
11007673 214684734 0.5
11007673 214743495 0.5
10925758 214853100 1
10925758 214854785 1
10925758 214854722 0.5
10925758 214854819 0.5
10925758 214853079 0.5
8529604 214845583 1
8529604 214744779 1
8529604 214850619 0.5
8529604 214573350 0.5
8529604 214820394 0.5
8529604 214640012 0.5
8529604 214543922 0.5
8529604 214849102 0.5
8529604 214851122 0.5
8529604 214849395 0.5
8529604 214783350 0.5
8529604 214851099 0.5
8529604 214850940 0.5
8529604 214851133 0.5
9225926 214853891 1
9225926 214832747 1
9225926 214849312 0.5
9225926 214853730 0.5
9225926 214849061 0.5
9225926 214850630 0.5
9225926 214853420 0.5
9225926 214753515 0.5
9225926 214718220 0.5
9225926 214716110 0.5
9225926 214851313 0.5
9225926 214853077 0.5
9225926 214820345 0.5
9225926 214853702 0.5
7849671 214718372 1
7849671 214602733 1
7849671 214748336 0.5
7849671 214848176 0.5
7849671 214849738 0.5
7849671 214839973 0.5
7849671 214601233 0.5
5113574 214845590 1
5113574 214844345 1
5113574 214601233 0.5
5113574 214831974 0.5
9712753 214849157 1
9712753 214643036 1
9712753 214849080 0.5
9712753 214578577 0.5
9712753 214577443 0.5
9712753 214832619 0.5
2873086 214835503 1
2873086 214832730 1
2873086 214820263 0.5
3499781 214514274 1
3499781 214531132 1
3499781 214650641 0.5
3499781 214717515 0.5
3499781 214819395 0.5
3499781 214844439 0.5
2819847 214580377 1
2819847 214748300 1
2819847 214652707 0.5
8894217 214852980 1
8894217 214853077 1
8894217 214853094 0.5
6592274 214848847 1
6592274 214849018 1
6592274 214848845 0.5
6592274 214708037 0.5
6592274 214829765 0.5
38686 214826801 1
38686 214839313 1
38686 214839997 0.5
7841574 214832604 1
7841574 214716707 1
7841574 214552955 0.5
10477873 214854358 1
10477873 214567333 1
10477873 214853726 0.5
10477873 214854262 0.5
8787776 214848926 1
8787776 214835167 1
8787776 214850758 0.5
857927 214826619 1
857927 214821300 1
857927 214743335 0.5
7235409 214850285 1
7235409 214850304 1
7235409 214851009 0.5
1607514 214821410 1
1607514 214743493 1
1607514 214821412 0.5
1607514 214567100 0.5
1607514 214819382 0.5
1107806 214577518 1
1107806 214744775 1
1107806 214826912 0.5
1107806 214821315 0.5
1107806 214684841 0.5
1107806 214748334 0.5
1107806 214558192 0.5
1107806 214571188 0.5
1107806 214717562 0.5
1107806 214828987 0.5
1107806 214821277 0.5
2848613 214686082 1
2848613 214829880 1
2848613 214831955 0.5
2848613 214829885 0.5
4917094 214714757 1
4917094 214829792 1
4917094 214712237 0.5
9115498 214844347 1
9115498 214509401 1
9115498 214832747 0.5
9115498 214829366 0.5
5645287 214846447 1
5645287 214849001 1
5645287 214574672 0.5
5645287 214845131 0.5
5645287 214845917 0.5
5645287 214845887 0.5
829293 214821277 1
829293 214821290 1
829293 214820235 0.5
10516341 214567327 1
10516341 214567333 1
10516341 214854510 0.5
2267017 214826705 1
2267017 214826608 1
2267017 214820274 0.5
11413388 214854774 1
11413388 214854857 1
11413388 214849132 0.5
9041821 214852980 1
9041821 214853077 1
9041821 214853085 0.5
8873894 214573350 1
8873894 214849102 1
8873894 214851137 0.5
8873894 214848997 0.5
8873894 214853094 0.5
8873894 214852978 0.5
8873894 214851581 0.5
8873894 214851013 0.5
1611688 214834880 1
1611688 214821332 1
1611688 214826563 0.5
11556779 214854853 1
11556779 214854782 1
11556779 214854785 0.5
1464246 214834880 1
1464246 214834877 1
1464246 214826610 0.5
4947617 214819468 1
4947617 214826833 1
4947617 214845577 0.5
4741064 214845581 1
4741064 214845579 1
4741064 214845806 0.5
7346148 214849329 1
7346148 214849337 1
7346148 214848658 0.5
10106862 214853713 1
10106862 214853698 1
10106862 214853707 0.5
5740533 214821024 1
5740533 214821022 1
5740533 214839932 0.5
5740533 214829775 0.5
5110783 214692581 1
5110783 214691735 1
5110783 214725506 0.5
11544574 214835000 1
11544574 214857204 1
11544574 214578011 0.5
11544574 214510445 0.5
9316357 214716714 1
9316357 214851165 1
9316357 214851163 0.5
9316357 214851748 0.5
9316357 214850405 0.5
9316357 214853227 0.5
9316357 214684942 0.5
9316357 214853135 0.5
9316357 214851317 0.5
9316357 214851579 0.5
9316357 214716671 0.5
2713611 214821277 1
2713611 214820263 1
2713611 214829707 0.5
9657346 214829878 1
9657346 214829882 1
9657346 214831946 0.5
9657346 214819627 0.5
9657346 214853420 0.5
9657346 214673295 0.5
9657346 214848980 0.5
9657346 214853342 0.5
9657346 214846014 0.5
10902913 214854722 1
10902913 214854720 1
10902913 214854718 0.5
10902913 214690839 0.5
7890961 214850936 1
7890961 214850771 1
7890961 214849389 0.5
5359278 214829878 1
5359278 214540125 1
5359278 214829882 0.5
10831894 214853100 1
10831894 214854782 1
10831894 214853102 0.5
10831894 214764598 0.5
1431576 214706216 1
1431576 214819490 1
1431576 214829752 0.5
1431576 214834873 0.5
6129701 214840584 1
6129701 214842555 1
6129701 214632967 0.5
2345007 214829878 1
2345007 214829887 1
2345007 214716984 0.5
2345007 214680705 0.5
2345007 214829882 0.5
2345007 214831965 0.5
9955406 214853730 1
9955406 214853698 1
9955406 214854152 0.5
9955406 214853353 0.5
9955406 214853707 0.5
9955406 214853700 0.5
9955406 214853702 0.5
3872847 214714717 1
3872847 214712278 1
3872847 214580291 0.5
7862362 214850310 1
7862362 214845943 1
7862362 214850304 0.5
7862362 214831946 0.5
7862362 214717511 0.5
6641771 214712126 1
6641771 214848692 1
6641771 214711348 0.5
10061938 214853096 1
10061938 214853105 1
10061938 214853085 0.5
2816119 214609325 1
2816119 214834867 1
2816119 214832792 0.5
8763516 214853094 1
8763516 214851326 1
8763516 214853096 0.5
8763516 214851581 0.5
3803266 214835167 1
3803266 214836885 1
3803266 214829368 0.5
3803266 214829769 0.5
3803266 214829765 0.5
1075336 214821305 1
1075336 214821339 1
1075336 214556840 0.5
1075336 214827009 0.5
1075336 214551626 0.5
1075336 214837485 0.5
8394902 214836517 1
8394902 214853437 1
8394902 214849408 0.5
8394902 214849393 0.5
8394902 214676306 0.5
8394902 214850938 0.5
8394902 214849361 0.5
22683 214748300 1
22683 214753513 1
22683 214748338 0.5
6248617 214684108 1
6248617 214848746 1
6248617 214848324 0.5
3741876 214530789 1
3741876 214839592 1
3741876 214838105 0.5
3741876 214829797 0.5
3741876 214530791 0.5
952502 214843905 1
952502 214842577 1
952502 214835743 0.5
3453983 214829878 1
3453983 214829887 1
3453983 214831946 0.5
2496702 214829878 1
2496702 214831946 1
2496702 214819760 0.5
2496702 214829887 0.5
11155831 214858680 1
11155831 214853100 1
11155831 214854785 0.5
11155831 214853767 0.5
11155831 214848977 0.5
11155831 214848658 0.5
11155831 214704182 0.5
11155831 214854840 0.5
11155831 214851581 0.5
5814477 214846460 1
5814477 214845422 1
5814477 214846035 0.5
5814477 214586668 0.5
8628453 214853094 1
8628453 214853195 1
8628453 214851326 0.5
7145702 214850285 1
7145702 214850295 1
7145702 214850282 0.5
10217703 214853698 1
10217703 214853702 1
10217703 214853713 0.5
8288508 214844456 1
8288508 214551626 1
8288508 214844441 0.5
5777664 214848298 1
5777664 214846033 1
5777664 214844400 0.5
5777664 214845887 0.5
11225346 214853340 1
11225346 214854800 1
11225346 214848969 0.5
11225346 214829878 0.5
11225346 214853102 0.5
11225346 214848975 0.5
7366916 214850743 1
7366916 214850936 1
7366916 214821024 0.5
6736133 214821277 1
6736133 214748342 1
6736133 214584939 0.5
6736133 214820231 0.5
11229456 214853340 1
11229456 214853100 1
11229456 214556212 0.5
11229456 214684717 0.5
11229456 214854791 0.5
7072028 214849764 1
7072028 214844355 1
7072028 214844372 0.5
11360554 214854860 1
11360554 214857167 1
11360554 214855016 0.5
11360554 214854785 0.5
6424884 214839564 1
6424884 214846327 1
6424884 214541357 0.5
6424884 214550621 0.5
3156279 214748336 1
3156279 214836851 1
3156279 214820402 0.5
3156279 214837882 0.5
3156279 214717562 0.5
3156279 214706102 0.5
3156279 214820807 0.5
7078964 214820233 1
7078964 214820231 1
7078964 214820227 0.5
3905852 214831955 1
3905852 214717003 1
3905852 214832143 0.5
6408509 214826610 1
6408509 214835745 1
6408509 214849344 0.5
6408509 214600492 0.5
6408509 214845806 0.5
6408509 214846447 0.5
6408509 214835473 0.5
6408509 214820402 0.5
6408509 214835124 0.5
6408509 214846007 0.5
6408509 214584092 0.5
4352324 214685786 1
4352324 214839596 1
4352324 214838107 0.5
5724486 214846033 1
5724486 214846029 1
5724486 214845986 0.5
5724486 214846007 0.5
5724486 214839973 0.5
5724486 214846061 0.5
4569423 214839382 1
4569423 214836512 1
4569423 214677984 0.5
4569423 214612901 0.5
4569423 214827015 0.5
4569423 214829100 0.5
4569423 214820402 0.5
4569423 214838105 0.5
4569423 214826747 0.5
7956819 214829878 1
7956819 214850304 1
7956819 214846033 0.5
9283928 214850743 1
9283928 214851101 1
9283928 214718160 0.5
9283928 214850938 0.5
9402713 214853420 1
9402713 214853422 1
9402713 214845984 0.5
9402713 214850945 0.5
309594 214828987 1
309594 214838831 1
309594 214642560 0.5
309594 214558192 0.5
309594 214837485 0.5
309594 214837487 0.5
1948838 214834880 1
1948838 214826610 1
1948838 214712126 0.5
1948838 214826615 0.5
5619432 214829880 1
5619432 214838102 1
5619432 214838107 0.5
1137012 214820392 1
1137012 214820396 1
1137012 214828985 0.5
1137012 214743495 0.5
1546618 214826835 1
1546618 214826627 1
1546618 214690779 0.5
1546618 214725549 0.5
7215488 214844396 1
7215488 214849734 1
7215488 214826610 0.5
7215488 214838227 0.5
7215488 214665277 0.5
8497538 214716930 1
8497538 214855185 1
8497538 214716935 0.5
9022529 214853173 1
9022529 214853758 1
9022529 214853177 0.5
8640237 214853096 1
8640237 214853105 1
8640237 214853085 0.5
6224272 214716710 1
6224272 214716707 1
6224272 214848832 0.5
6224272 214832604 0.5
6224272 214716671 0.5
6302108 214846530 1
6302108 214848656 1
6302108 214848682 0.5
6302108 214845131 0.5
6302108 214848950 0.5
6302108 214848695 0.5
7313824 214849738 1
7313824 214849764 1
7313824 214849745 0.5
7313824 214844355 0.5
7313824 214849757 0.5
2480546 214844439 1
2480546 214844462 1
2480546 214612738 0.5
2480546 214844456 0.5
2480546 214844458 0.5
2480546 214586711 0.5
2480546 214551607 0.5
2480546 214844441 0.5
2480546 214533022 0.5
6453669 214848808 1
6453669 214714794 1
6453669 214848832 0.5
6453669 214571188 0.5
10484138 214855183 1
10484138 214716984 1
10484138 214832657 0.5
10484138 214716986 0.5
10090923 214853992 1
10090923 214853865 1
10090923 214854146 0.5
10090923 214853722 0.5
7023021 214849050 1
7023021 214844402 1
7023021 214849762 0.5
7023021 214838227 0.5
7023021 214844398 0.5
7023021 214849734 0.5
563631 214718398 1
563631 214819400 1
563631 214718255 0.5
6154679 214845420 1
6154679 214848392 1
6154679 214509845 0.5
5241276 214844345 1
5241276 214835473 1
5241276 214834877 0.5
7797181 214850743 1
7797181 214850771 1
7797181 214844400 0.5
7797181 214849738 0.5
5581253 214846033 1
5581253 214846029 1
5581253 214579875 0.5
6476193 214846415 1
6476193 214846466 1
6476193 214846127 0.5
7076329 214850282 1
7076329 214849775 1
7076329 214718252 0.5
9683369 214853420 1
9683369 214850947 1
9683369 214763542 0.5
9390599 214717063 1
9390599 214829822 1
9390599 214717061 0.5
6396434 214849070 1
6396434 214845352 1
6396434 214849076 0.5
7805466 214840378 1
7805466 214835126 1
7805466 214829792 0.5
7805466 214850282 0.5
7805466 214743515 0.5
8350237 214851101 1
8350237 214850936 1
8350237 214851290 0.5
8350237 214850938 0.5
8350237 214851133 0.5
8350237 214850743 0.5
1337093 214828989 1
1337093 214535653 1
1337093 214828991 0.5
9275944 214853420 1
9275944 214853422 1
9275944 214829882 0.5
9275944 214853428 0.5
9275944 214829878 0.5
55861 214748338 1
55861 214748295 1
55861 214748300 0.5
9935421 214537931 1
9935421 214537856 1
9935421 214511696 0.5
5859902 214835428 1
5859902 214829032 1
5859902 214846035 0.5
10693186 214853090 1
10693186 214851326 1
10693186 214853085 0.5
6793797 214832604 1
6793797 214716707 1
6793797 214848851 0.5
6830682 214849097 1
6830682 214849132 1
6830682 214510445 0.5
9103969 214851326 1
9103969 214853090 1
9103969 214853096 0.5
9103969 214853077 0.5
7043683 214846119 1
7043683 214561775 1
7043683 214842365 0.5
9415278 214854146 1
9415278 214850760 1
9415278 214853715 0.5
9415278 214853846 0.5
9415278 214850855 0.5
2393192 214826803 1
2393192 214844439 1
2393192 214586711 0.5
7199348 214849809 1
7199348 214836517 1
7199348 214848849 0.5
7199348 214848954 0.5
7199348 214849127 0.5
2304638 214829878 1
2304638 214829887 1
2304638 214829880 0.5
2304638 214716937 0.5
2304638 214684730 0.5
2304638 214819468 0.5
47764 214821290 1
47764 214821292 1
47764 214536440 0.5
47764 214576520 0.5
11496087 214854785 1
11496087 214854782 1
11496087 214829887 0.5
10910362 214853100 1
10910362 214854782 1
10910362 214714755 0.5
10910362 214854733 0.5
5757596 214716928 1
5757596 214846012 1
5757596 214716982 0.5
4263024 214748310 1
4263024 214821339 1
4263024 214839592 0.5
7608994 214850771 1
7608994 214850936 1
7608994 214850938 0.5
9241713 214820402 1
9241713 214853722 1
9241713 214851013 0.5
2382528 214829878 1
2382528 214829882 1
2382528 214831948 0.5
8985284 214827020 1
8985284 214850932 1
8985284 214700876 0.5
2972364 214821339 1
2972364 214836827 1
2972364 214580293 0.5
2972364 214821302 0.5
10021594 214846119 1
10021594 214678376 1
10021594 214846312 0.5
10021594 214849010 0.5
10021594 214845962 0.5
7997222 214748300 1
7997222 214748291 1
7997222 214748304 0.5
1903336 214844441 1
1903336 214844394 1
1903336 214821305 0.5
1903336 214652882 0.5
9980678 214853698 1
9980678 214853767 1
9980678 214853707 0.5
9980678 214853430 0.5
5606152 214835747 1
5606152 214848185 1
5606152 214835745 0.5
5606152 214587697 0.5
9272098 214853726 1
9272098 214567333 1
9272098 214853715 0.5
9272098 214579875 0.5
9272098 214853413 0.5
1302086 214829327 1
1302086 214828995 1
1302086 214829360 0.5
9644862 214839913 1
9644862 214853396 1
9644862 214826968 0.5
9644862 214842733 0.5
9644862 214678526 0.5
4668223 214832156 1
4668223 214838109 1
4668223 214839587 0.5
5865602 214848185 1
5865602 214848298 1
5865602 214845984 0.5
5865602 214829666 0.5
5865602 214836519 0.5
5865602 214846447 0.5
5865602 214748336 0.5
5865602 214846031 0.5
2603854 214829878 1
2603854 214829887 1
2603854 214829880 0.5
1743707 214826610 1
1743707 214834880 1
1743707 214829387 0.5
1743707 214834877 0.5
1743707 214826589 0.5
9325408 214853085 1
9325408 214853094 1
9325408 214835561 0.5
9325408 214853263 0.5
60273 214820394 1
60273 214744779 1
60273 214819721 0.5
60273 214820458 0.5
60273 214820812 0.5
10304374 214567327 1
10304374 214567333 1
10304374 214854262 0.5
989673 214829321 1
989673 214748336 1
989673 214800272 0.5
5614456 214685788 1
5614456 214842555 1
5614456 214842482 0.5
2648953 214831948 1
2648953 214829878 1
2648953 214829880 0.5
10029952 214853735 1
10029952 214853732 1
10029952 214853724 0.5
10029952 214854174 0.5
10992521 214854785 1
10992521 214853100 1
10992521 214853102 0.5
5172464 214837280 1
5172464 214838092 1
5172464 214602598 0.5
465806 214748338 1
465806 214753513 1
465806 214748293 0.5
8764309 214853077 1
8764309 214852980 1
8764309 214853085 0.5
8764309 214853094 0.5
1416094 214834873 1
1416094 214829752 1
1416094 214821317 0.5
228262 214587384 1
228262 214513284 1
228262 214711408 0.5
228262 214513170 0.5
228262 214717003 0.5
228262 214718396 0.5
10640296 214854358 1
10640296 214854722 1
10640296 214854720 0.5
10640296 214854857 0.5
10640296 214854731 0.5
10640296 214854860 0.5
10640296 214854716 0.5
10640296 214848658 0.5
10640296 214853079 0.5
10640296 214853081 0.5
10640296 214853724 0.5
11316161 214829090 1
11316161 214567333 1
11316161 214853154 0.5
11316161 214819410 0.5
9874371 214854165 1
9874371 214853865 1
9874371 214854148 0.5
5831624 214845971 1
5831624 214849010 1
5831624 214811739 0.5
5831624 214811758 0.5
10820554 214854800 1
10820554 214854853 1
10820554 214854125 0.5
7203804 214850366 1
7203804 214684717 1
7203804 214849809 0.5
7203804 214684715 0.5
10095584 214853730 1
10095584 214853698 1
10095584 214853996 0.5
10095584 214853765 0.5
2571248 214831946 1
2571248 214829878 1
2571248 214829885 0.5
2571248 214829887 0.5
1997813 214826662 1
1997813 214826668 1
1997813 214582952 0.5
9252009 214853420 1
9252009 214850945 1
9252009 214853460 0.5
5045244 214826949 1
5045244 214844413 1
5045244 214844400 0.5
5045244 214835473 0.5
5045244 214838092 0.5
9952266 214854159 1
9952266 214854264 1
9952266 214854176 0.5
9952266 214567329 0.5
9952266 214853732 0.5
9952266 214854268 0.5
9952266 214853994 0.5
9952266 214845583 0.5
9952266 214684785 0.5
9952266 214854358 0.5
9952266 214567215 0.5
9952266 214853724 0.5
9952266 214853726 0.5
9952266 214853855 0.5
3103763 214612704 1
3103763 214844439 1
3103763 214612738 0.5
3103763 214533022 0.5
7433242 214849764 1
7433242 214850295 1
7433242 214846072 0.5
1956704 214829861 1
1956704 214829865 1
1956704 214829846 0.5
7474209 214850790 1
7474209 214850855 1
7474209 214849363 0.5
6007843 214848377 1
6007843 214848337 1
6007843 214846417 0.5
11156521 214850304 1
11156521 214829887 1
11156521 214762952 0.5
11193403 214851748 1
11193403 214853992 1
11193403 214850405 0.5
9710653 214853698 1
9710653 214853767 1
9710653 214853707 0.5
9710653 214851581 0.5
9710653 214853702 0.5
4181056 214835167 1
4181056 214717498 1
4181056 214642097 0.5
4670647 214832143 1
4670647 214826942 1
4670647 214826945 0.5
4670647 214838105 0.5
7982158 214850936 1
7982158 214850743 1
7982158 214850720 0.5
7982158 214850870 0.5
5053541 214691735 1
5053541 214725506 1
5053541 214692581 0.5
9968766 214854262 1
9968766 214854358 1
9968766 214567333 0.5
10718337 214854517 1
10718337 214854532 1
10718337 214854527 0.5
203909 214748304 1
203909 214753507 1
203909 214753505 0.5
203909 214748291 0.5
4239896 214844439 1
4239896 214839592 1
4239896 214821305 0.5
4239896 214612738 0.5
4239896 214821339 0.5
1449106 214826610 1
1449106 214829387 1
1449106 214834880 0.5
1449106 214833755 0.5
1449106 214834877 0.5
1576126 214535653 1
1576126 214828989 1
1576126 214820844 0.5
7441613 214851279 1
7441613 214587328 1
7441613 214712237 0.5
7441613 214835126 0.5
9592022 214853162 1
9592022 214850621 1
9592022 214849363 0.5
9592022 214849365 0.5
9592022 214850411 0.5
7417048 214853758 1
7417048 214853173 1
7417048 214853323 0.5
9784537 214853698 1
9784537 214853730 1
9784537 214853707 0.5
10882266 214851757 1
10882266 214854767 1
10882266 214854718 0.5
10882266 214853079 0.5
6499549 214844441 1
6499549 214844458 1
6499549 214551617 0.5
6499549 214821309 0.5
3009758 214829878 1
3009758 214829887 1
3009758 214826565 0.5
3009758 214831946 0.5
3009758 214831959 0.5
3009758 214829880 0.5
3009758 214829882 0.5
3009758 214831965 0.5
7249119 214557268 1
7249119 214551913 1
7249119 214573168 0.5
7249119 214583617 0.5
7249119 214551928 0.5
7249119 214551917 0.5
1285349 214829321 1
1285349 214828991 1
1285349 214800272 0.5
5766374 214836932 1
5766374 214551607 1
5766374 214676019 0.5
5766374 214612751 0.5
8932588 214852980 1
8932588 214853077 1
8932588 214851326 0.5
859376 214821302 1
859376 214821315 1
859376 214821305 0.5
859376 214821309 0.5
6610168 214851009 1
6610168 214848945 1
6610168 214849046 0.5
7527679 214850792 1
7527679 214850790 1
7527679 214851317 0.5
9694466 214850949 1
9694466 214853422 1
9694466 214711307 0.5
2129162 214834997 1
2129162 214835754 1
2129162 214826805 0.5
2129162 214829390 0.5
3865871 214836932 1
3865871 214829765 1
3865871 214600492 0.5
3865871 214819382 0.5
3865871 214826927 0.5
8838471 214853094 1
8838471 214853105 1
8838471 214853085 0.5
6126874 214850872 1
6126874 214684108 1
6126874 214848315 0.5
8215837 214835000 1
8215837 214839594 1
8215837 214600468 0.5
2256173 214686082 1
2256173 214600509 1
2256173 214827032 0.5
2256173 214543922 0.5
2256173 214744779 0.5
2256173 214826670 0.5
9108783 214853090 1
9108783 214853085 1
9108783 214853094 0.5
4681012 214716660 1
4681012 214553735 1
4681012 214664773 0.5
10566974 214577387 1
10566974 214844400 1
10566974 214853730 0.5
10566974 214845412 0.5
10566974 214835111 0.5
10566974 214849738 0.5
10566974 214849136 0.5
10566974 214820345 0.5
4648256 214836512 1
4648256 214835130 1
4648256 214835968 0.5
4648256 214840235 0.5
48463 214716982 1
48463 214716935 1
48463 214716937 0.5
3632213 214844394 1
3632213 214844439 1
3632213 214612751 0.5
10587498 214567215 1
10587498 214567329 1
10587498 214684785 0.5
10587498 214853855 0.5
9002349 214853105 1
9002349 214852980 1
9002349 214851326 0.5
9002349 214851011 0.5
9002349 214555492 0.5
9002349 214557701 0.5
9002349 214853094 0.5
9002349 214853227 0.5
9002349 214821397 0.5
9002349 214829366 0.5
9002349 214559960 0.5
9002349 214832747 0.5
9816638 214711537 1
9816638 214848326 1
9816638 214853420 0.5
9816638 214686911 0.5
9842581 214853700 1
9842581 214853698 1
9842581 214717888 0.5
10882433 214861498 1
10882433 214840001 1
10882433 214839999 0.5
9059727 214853094 1
9059727 214748297 1
9059727 214853096 0.5
9059727 214853085 0.5
4554133 214845131 1
4554133 214844413 1
4554133 214845435 0.5
8211862 214854632 1
8211862 214717003 1
8211862 214716928 0.5
8211862 214717007 0.5
6036037 214846415 1
6036037 214846479 1
6036037 214848992 0.5
7282092 214850315 1
7282092 214667857 1
7282092 214846012 0.5
10516381 214851125 1
10516381 214556212 1
10516381 214556216 0.5
9823697 214537490 1
9823697 214828989 1
9823697 214534693 0.5
9823697 214854159 0.5
8248757 214853094 1
8248757 214853096 1
8248757 214853105 0.5
8248757 214853090 0.5
8248757 214852978 0.5
8248757 214844158 0.5
8248757 214853085 0.5
6864313 214684757 1
6864313 214716707 1
6864313 214684708 0.5
6864313 214834974 0.5
10993089 214859246 1
10993089 214854842 1
10993089 214854782 0.5
4402632 214839587 1
4402632 214832145 1
4402632 214748336 0.5
4402632 214819721 0.5
4402632 214839932 0.5
4402632 214826998 0.5
4402632 214706102 0.5
6594003 214849031 1
6594003 214849136 1
6594003 214835137 0.5
6594003 214849250 0.5
6594003 214677508 0.5
6594003 214850332 0.5
6594003 214820345 0.5
4276816 214838107 1
4276816 214838102 1
4276816 214819760 0.5
4276816 214820259 0.5
4276816 214594678 0.5
4276816 214835111 0.5
10919396 214853707 1
10919396 214852978 1
10919396 214849468 0.5
441832 214832552 1
441832 214837485 1
441832 214579875 0.5
441832 214743497 0.5
441832 214601229 0.5
441832 214698446 0.5
441832 214821397 0.5
441832 214668185 0.5
8564203 214846061 1
8564203 214848658 1
8564203 214748336 0.5
8564203 214846067 0.5
8564203 214849252 0.5
8564203 214851581 0.5
5111284 214725506 1
5111284 214844407 1
5111284 214692581 0.5
9485822 214853420 1
9485822 214850945 1
9485822 214850949 0.5
2289151 214844357 1
2289151 214844394 1
2289151 214821305 0.5
10923526 214854787 1
10923526 214854853 1
10923526 214864880 0.5
10923526 214859246 0.5
10366473 214854358 1
10366473 214854495 1
10366473 214837442 0.5
10366473 214854819 0.5
10366473 214853735 0.5
10366473 214853865 0.5
10366473 214850762 0.5
10366473 214861455 0.5
10366473 214854545 0.5
10366473 214850741 0.5
10366473 214850870 0.5
10366473 214850936 0.5
10366473 214854585 0.5
10366473 214854549 0.5
4339629 214716926 1
4339629 214717005 1
4339629 214717003 0.5
4455968 214845577 1
4455968 214845354 1
4455968 214845579 0.5
6069802 214839973 1
6069802 214849010 1
6069802 214848992 0.5
8375868 214844439 1
8375868 214844394 1
8375868 214844441 0.5
8375868 214844458 0.5
7745069 214850938 1
7745069 214850700 1
7745069 214850940 0.5
663092 214821277 1
663092 214821285 1
663092 214826801 0.5
8740408 214853173 1
8740408 214853758 1
8740408 214853177 0.5
4046396 214537490 1
4046396 214646745 1
4046396 214836881 0.5
36422 214716928 1
36422 214717005 1
36422 214716926 0.5
36422 214717007 0.5
2485834 214831948 1
2485834 214835747 1
2485834 214821407 0.5
2485834 214835017 0.5
2485834 214826947 0.5
2485834 214601233 0.5
5516878 214844355 1
5516878 214845131 1
5516878 214829280 0.5
5516878 214821032 0.5
5516878 214829737 0.5
5516878 214577450 0.5
5516878 214844396 0.5
5516878 214826670 0.5
5516878 214845583 0.5
5516878 214837873 0.5
5516878 214705747 0.5
5516878 214573305 0.5
5516878 214839962 0.5
5516878 214705757 0.5
4742739 214832717 1
4742739 214821294 1
4742739 214820807 0.5
5430872 214829885 1
5430872 214632146 1
5430872 214668667 0.5
3120741 214835747 1
3120741 214826565 1
3120741 214587712 0.5
3120741 214835017 0.5
7945833 214840091 1
7945833 214849342 1
7945833 214850936 0.5
7945833 214668219 0.5
110187 214826893 1
110187 214826955 1
110187 214826889 0.5
110187 214826715 0.5
110187 214826627 0.5
110187 214530701 0.5
110187 214712235 0.5
11027677 214854853 1
11027677 214864880 1
11027677 214853325 0.5
11027677 214853102 0.5
10665586 214854352 1
10665586 214850739 1
10665586 214854358 0.5
10452604 214853735 1
10452604 214853732 1
10452604 214854495 0.5
6266493 214820261 1
6266493 214820383 1
6266493 214820233 0.5
6266493 214640475 0.5
6266493 214602830 0.5
5927142 214846460 1
5927142 214846470 1
5927142 214846472 0.5
5927142 214667912 0.5
5927142 214613741 0.5
10620551 214853732 1
10620551 214849807 1
10620551 214854536 0.5
10620551 214854227 0.5
4751004 214833802 1
4751004 214820231 1
4751004 214835724 0.5
4751004 214820383 0.5
4460196 214716986 1
4460196 214716982 1
4460196 214716984 0.5
4460196 214716943 0.5
6409893 214848967 1
6409893 214848795 1
6409893 214514274 0.5
6409893 214849070 0.5
2947697 214834997 1
2947697 214826705 1
2947697 214743341 0.5
10597584 214567329 1
10597584 214854264 1
10597584 214567333 0.5
10597584 214854262 0.5
11207122 214854853 1
11207122 214864880 1
11207122 214835000 0.5
4569716 214845131 1
4569716 214839973 1
4569716 214839971 0.5
4569716 214837494 0.5
954043 214821309 1
954043 214821302 1
954043 214821305 0.5
8745533 214852980 1
8745533 214839611 1
8745533 214852978 0.5
5529291 214845577 1
5529291 214845354 1
5529291 214845581 0.5
5529291 214692581 0.5
7179989 214850285 1
7179989 214845352 1
7179989 214845579 0.5
7179989 214849076 0.5
7179989 214848605 0.5
8621782 214853085 1
8621782 214853096 1
8621782 214853248 0.5
8621782 214853077 0.5
11347236 214854795 1
11347236 214854853 1
11347236 214853100 0.5
2880301 214826565 1
2880301 214835019 1
2880301 214835137 0.5
2880301 214609325 0.5
2880301 214587697 0.5
2880301 214834867 0.5
2880301 214832792 0.5
2880301 214677757 0.5
9527034 214853242 1
9527034 214851317 1
9527034 214850726 0.5
9527034 214851750 0.5
9527034 214552142 0.5
9527034 214853237 0.5
9527034 214851575 0.5
9527034 214685049 0.5
7335681 214850291 1
7335681 214632146 1
7335681 214668667 0.5
7335681 214829885 0.5
10897367 214853102 1
10897367 214854840 1
10897367 214854785 0.5
3059472 214738460 1
3059472 214718248 1
3059472 214819721 0.5
3059472 214712130 0.5
3059472 214716671 0.5
9309973 214850947 1
9309973 214853379 1
9309973 214853154 0.5
9309973 214853158 0.5
9624197 214853325 1
9624197 214684942 1
9624197 214851163 0.5
9624197 214853135 0.5
10399521 214853767 1
10399521 214854230 1
10399521 214712675 0.5
10399521 214854517 0.5
10383169 214854300 1
10383169 214854547 1
10383169 214567333 0.5
10383169 214854262 0.5
8499021 214601040 1
8499021 214601042 1
8499021 214716932 0.5
8499021 214716973 0.5
8499021 214551493 0.5
6356829 214832604 1
6356829 214848688 1
6356829 214716707 0.5
6356829 214848701 0.5
5459813 214846061 1
5459813 214835745 1
5459813 214846007 0.5
10874742 214854802 1
10874742 214855153 1
10874742 214709685 0.5
3657596 214706452 1
3657596 214839617 1
3657596 214829792 0.5
3657596 214680369 0.5
3657596 214700002 0.5
3657596 214743515 0.5
3657596 214712237 0.5
843647 214826932 1
843647 214819691 1
843647 214821298 0.5
843647 214826927 0.5
7876481 214853122 1
7876481 214651554 1
7876481 214716935 0.5
4640642 214840091 1
4640642 214838092 1
4640642 214826818 0.5
9525912 214853420 1
9525912 214850947 1
9525912 214853454 0.5
999316 214716973 1
999316 214716971 1
999316 214716937 0.5
999316 214716930 0.5
999316 214717003 0.5
999316 214820227 0.5
999316 214829085 0.5
8122261 214819577 1
8122261 214846530 1
8122261 214849365 0.5
5742501 214845971 1
5742501 214845962 1
5742501 214582200 0.5
5742501 214849010 0.5
5742501 214819586 0.5
5742501 214645987 0.5
5742501 214710309 0.5
6729031 214848945 1
6729031 214851009 1
6729031 214848952 0.5
6729031 214848954 0.5
4390828 214831970 1
4390828 214845129 1
4390828 214557217 0.5
6348738 214849076 1
6348738 214848605 1
6348738 214844402 0.5
9080789 214852980 1
9080789 214853085 1
9080789 214853248 0.5
9080789 214853105 0.5
9080789 214853090 0.5
9080789 214851326 0.5
8241111 214716707 1
8241111 214725549 1
8241111 214832604 0.5
8241111 214851167 0.5
7245788 214850304 1
7245788 214586694 1
7245788 214579839 0.5
10444768 214854517 1
10444768 214854815 1
10444768 214854545 0.5
10444768 214854549 0.5
10444768 214854495 0.5
2559969 214829878 1
2559969 214829882 1
2559969 214829887 0.5
2785251 214829666 1
2785251 214826561 1
2785251 214829664 0.5
2785251 214821392 0.5
2785251 214829051 0.5
2785251 214837485 0.5
5898219 214581690 1
5898219 214845980 1
5898219 214848317 0.5
5385681 214602598 1
5385681 214828985 1
5385681 214839969 0.5
5385681 214850402 0.5
5385681 214849001 0.5
5385681 214845131 0.5
5385681 214829775 0.5
5385681 214835473 0.5
5385681 214826998 0.5
5385681 214838137 0.5
