2994177 214834867 1
2994177 214835747 1
2994177 214835745 0.5
5853186 214838094 1
5853186 214832156 1
5853186 214711903 0.5
4591642 214716977 1
4591642 214716945 1
4591642 214837483 0.5
4591642 214832557 0.5
11300901 214853102 1
11300901 214854782 1
11300901 214854840 0.5
10227752 214853767 1
10227752 214853698 1
10227752 214853713 0.5
10227752 214853707 0.5
720939 214821305 1
720939 214821309 1
720939 214821341 0.5
10895407 214849033 1
10895407 214849080 1
10895407 214580424 0.5
10895407 214854356 0.5
4724064 214839960 1
4724064 214839975 1
4724064 214839971 0.5
4724064 214586694 0.5
4866033 214828991 1
4866033 214839641 1
4866033 214819760 0.5
4866033 214832145 0.5
4866033 214839932 0.5
8028236 214564380 1
8028236 214851290 1
8028236 214851131 0.5
3801179 214836924 1
3801179 214836932 1
3801179 214836795 0.5
3801179 214652882 0.5
3801179 214829771 0.5
3801179 214835167 0.5
8400996 214850747 1
8400996 214850765 1
8400996 214850771 0.5
8400996 214561775 0.5
2417344 214829878 1
2417344 214831946 1
2417344 214831948 0.5
2417344 214831965 0.5
11280514 214854313 1
11280514 214854257 1
11280514 214546110 0.5
11255946 214859139 1
11255946 214854707 1
11255946 214578011 0.5
11255946 214826987 0.5
9006448 214849010 1
9006448 214846117 1
9006448 214853165 0.5
9006448 214709702 0.5
8868012 214551917 1
8868012 214551928 1
8868012 214551930 0.5
11005144 214854785 1
11005144 214853100 1
11005144 214855016 0.5
11005144 214850949 0.5
11005144 214853102 0.5
426173 214748293 1
426173 214753513 1
426173 214748300 0.5
426173 214821022 0.5
4436158 214811739 1
4436158 214587317 1
4436158 214587712 0.5
4436158 214675890 0.5
4436158 214829387 0.5
4436158 214553844 0.5
4436158 214819374 0.5
3612868 214832747 1
3612868 214839982 1
3612868 214838227 0.5
3612868 214836932 0.5
3612868 214829366 0.5
5193934 214630042 1
5193934 214716639 1
5193934 214710152 0.5
5193934 214839977 0.5
5193934 214839954 0.5
8230264 214848967 1
8230264 214850287 1
8230264 214849327 0.5
1405146 214829366 1
1405146 214826589 1
1405146 214821412 0.5
1405146 214571006 0.5
37099 214819468 1
37099 214827032 1
37099 214716971 0.5
37099 214716973 0.5
37099 214717007 0.5
10203372 214853698 1
10203372 214853713 1
10203372 214820400 0.5
7471957 214716928 1
7471957 214716926 1
7471957 214717867 0.5
7471957 214717003 0.5
7471957 214716984 0.5
7471957 214554358 0.5
7471957 214850936 0.5
7471957 214853657 0.5
7471957 214840378 0.5
10055038 214717888 1
10055038 214718169 1
10055038 214820396 0.5
10055038 214827002 0.5
10055038 214853852 0.5
3981561 214829788 1
3981561 214826990 1
3981561 214836926 0.5
9687293 214712237 1
9687293 214826987 1
9687293 214853321 0.5
9687293 214700002 0.5
9687293 214743515 0.5
9687293 214853325 0.5
6476032 214835747 1
6476032 214587712 1
6476032 214835017 0.5
2846081 214587697 1
2846081 214826818 1
2846081 214835017 0.5
10219787 214853698 1
10219787 214853454 1
10219787 214718160 0.5
10219787 214853330 0.5
10219787 214848157 0.5
6578446 214677917 1
6578446 214545821 1
6578446 214706216 0.5
5681444 214821382 1
5681444 214845135 1
5681444 214846318 0.5
3853739 214632272 1
3853739 214836947 1
3853739 214836932 0.5
3853739 214829788 0.5
3853739 214842735 0.5
901432 214826608 1
901432 214826705 1
901432 214826810 0.5
3719222 214835017 1
3719222 214835747 1
3719222 214587712 0.5
3719222 214685857 0.5
3719222 214835019 0.5
4792652 214845131 1
4792652 214839973 1
4792652 214839600 0.5
4792652 214839971 0.5
4792652 214829852 0.5
4792652 214839967 0.5
4583758 214839956 1
4583758 214839977 1
4583758 214828985 0.5
4583758 214587317 0.5
4583758 214602598 0.5
3628429 214650609 1
3628429 214836947 1
3628429 214585665 0.5
3628429 214718220 0.5
3628429 214832747 0.5
3628429 214585644 0.5
3628429 214832559 0.5
3628429 214829366 0.5
3628429 214561496 0.5
7131481 214848309 1
7131481 214643036 1
7131481 214848757 0.5
9597274 214853707 1
9597274 214853730 1
9597274 214854152 0.5
9597274 214853767 0.5
9916772 214845583 1
9916772 214744775 1
9916772 214851137 0.5
9916772 214853698 0.5
9916772 214820345 0.5
9916772 214835111 0.5
3633512 214533022 1
3633512 214844439 1
3633512 214612704 0.5
3633512 214551607 0.5
10105202 214853722 1
10105202 214853767 1
10105202 214853698 0.5
10105202 214853730 0.5
10105202 214853702 0.5
5845367 214849001 1
5845367 214845131 1
5845367 214835019 0.5
11092346 214686864 1
11092346 214686879 1
11092346 214854731 0.5
11092346 214714755 0.5
11092346 214853102 0.5
1380731 214743495 1
1380731 214834877 1
1380731 214829664 0.5
1380731 214839600 0.5
1380731 214717562 0.5
1380731 214829660 0.5
1380731 214829366 0.5
3211644 214540127 1
3211644 214743350 1
3211644 643078800 0.5
3940734 214826990 1
3940734 214835109 1
3940734 214838227 0.5
5842326 214849072 1
5842326 214829739 1
5842326 214821035 0.5
10133884 214853767 1
10133884 214853156 1
10133884 214826752 0.5
10133884 214853154 0.5
10133884 214853700 0.5
10133884 214853381 0.5
10133884 214848682 0.5
10133884 214849136 0.5
10133884 214680467 0.5
10133884 214844372 0.5
10133884 214714779 0.5
4231589 214839960 1
4231589 214820220 1
4231589 214838225 0.5
4231589 214836947 0.5
2261423 214829878 1
2261423 214831946 1
2261423 214831965 0.5
2916801 214826565 1
2916801 214835503 1
2916801 214835745 0.5
8524227 214583610 1
8524227 214851324 1
8524227 214853090 0.5
8524227 214851287 0.5
6758859 214849312 1
6758859 214849003 1
6758859 214834877 0.5
7963086 214853175 1
7963086 214853177 1
7963086 214710101 0.5
7918038 214850771 1
7918038 214561775 1
7918038 214850765 0.5
2933211 214829364 1
2933211 214835132 1
2933211 214826947 0.5
930269 214821305 1
930269 214821302 1
930269 214821341 0.5
9515487 214850949 1
9515487 214845971 1
9515487 214582200 0.5
9515487 214845962 0.5
9515487 214853420 0.5
11006432 214854853 1
11006432 214864880 1
11006432 214853105 0.5
11006432 214853094 0.5
225774 214556477 1
225774 214551913 1
225774 214551930 0.5
963062 214828995 1
963062 214820805 1
963062 214820810 0.5
7250424 214850938 1
7250424 214850743 1
7250424 214821022 0.5
9863673 214853420 1
9863673 214850945 1
9863673 214853422 0.5
11473403 214857568 1
11473403 214857268 1
11473403 214854262 0.5
11473403 214716671 0.5
4653566 214838107 1
4653566 214838102 1
4653566 214838105 0.5
9490947 214680371 1
9490947 214853338 1
9490947 214853424 0.5
10115668 214854517 1
10115668 214848658 1
10115668 214854298 0.5
8770069 214820345 1
8770069 214846333 1
8770069 214543922 0.5
8458774 214716928 1
8458774 214850767 1
8458774 214854630 0.5
4149786 214832021 1
4149786 214839617 1
4149786 214845129 0.5
10334764 214854577 1
10334764 214854352 1
10334764 214854264 0.5
10334764 214567329 0.5
10334764 214854268 0.5
10334764 214567215 0.5
11158067 214857830 1
11158067 214701787 1
11158067 214700000 0.5
11158067 214744258 0.5
11158067 214859139 0.5
11158067 214712235 0.5
11158067 214704182 0.5
11158067 214835000 0.5
4297283 214826623 1
4297283 214826945 1
4297283 214838105 0.5
4297283 214838107 0.5
6349389 214587317 1
6349389 214640017 1
6349389 214829280 0.5
6349389 214832023 0.5
11063888 214826891 1
11063888 214826893 1
11063888 214848795 0.5
11063888 214853454 0.5
6320747 214832604 1
6320747 214716707 1
6320747 214845131 0.5
6320747 214848695 0.5
844416 214716928 1
844416 214717003 1
844416 214716982 0.5
844416 214716997 0.5
844416 214554358 0.5
844416 214716965 0.5
2141632 214819577 1
2141632 214829666 1
2141632 214829664 0.5
2141632 214821397 0.5
2216586 214829880 1
2216586 214831948 1
2216586 214540125 0.5
5943406 214835473 1
5943406 214845887 1
5943406 214829280 0.5
5943406 214849001 0.5
5943406 214832023 0.5
5943406 214835017 0.5
5943406 214586743 0.5
5943406 214717850 0.5
2618007 214551626 1
2618007 214612704 1
2618007 214612706 0.5
2618007 214821315 0.5
2618007 214821341 0.5
2618007 214551607 0.5
2618007 214821309 0.5
2618007 214533022 0.5
701082 214821305 1
701082 214821309 1
701082 214821315 0.5
701082 214821307 0.5
701082 214844357 0.5
701082 214821341 0.5
4678312 214831948 1
4678312 214826715 1
4678312 214819400 0.5
4678312 214831946 0.5
4678312 214829887 0.5
7033517 214849745 1
7033517 214850351 1
7033517 214677615 0.5
5190318 214844407 1
5190318 214838094 1
5190318 214826833 0.5
3248819 214837882 1
3248819 214831959 1
3248819 214834877 0.5
9224887 214853420 1
9224887 214850315 1
9224887 214850949 0.5
11018949 214835004 1
11018949 214835000 1
11018949 214857204 0.5
4633288 214829775 1
4633288 214602598 1
4633288 214839969 0.5
2134738 214753513 1
2134738 214748338 1
2134738 214831959 0.5
11256532 214857551 1
11256532 214857204 1
11256532 214545928 0.5
11256532 214835000 0.5
11256532 214835004 0.5
3100111 214840410 1
3100111 214834867 1
3100111 214680705 0.5
3100111 214837918 0.5
3027687 214706428 1
3027687 214826715 1
3027687 214831946 0.5
3027687 214711295 0.5
3027687 214831948 0.5
3027687 214673295 0.5
10748648 214853700 1
10748648 214853767 1
10748648 214853722 0.5
1135343 214515883 1
1135343 214699044 1
1135343 214515834 0.5
1135343 214515830 0.5
1118966 214706216 1
1118966 214672963 1
1118966 214821305 0.5
1118966 214821302 0.5
4359636 214554450 1
4359636 214821399 1
4359636 214554332 0.5
4359636 214613741 0.5
4359636 214554118 0.5
4359636 214829773 0.5
6529787 214846119 1
6529787 214845962 1
6529787 214557095 0.5
6529787 214835017 0.5
6529787 214835019 0.5
6529787 214846412 0.5
6529787 214846479 0.5
6529787 214826610 0.5
10806012 214853102 1
10806012 214854840 1
10806012 214855016 0.5
10806012 214854785 0.5
4310486 214845502 1
4310486 214845508 1
4310486 214819400 0.5
6509321 214845879 1
6509321 214848626 1
6509321 214586574 0.5
6251289 214845971 1
6251289 214846117 1
6251289 214821382 0.5
6251289 214557322 0.5
6251289 214650635 0.5
6251289 214848847 0.5
6251289 214819640 0.5
6251289 214668249 0.5
2335518 214829880 1
2335518 214831948 1
2335518 214826912 0.5
2335518 214556055 0.5
9532194 214691426 1
9532194 214691420 1
9532194 214691267 0.5
9532194 214691390 0.5
8470879 214851146 1
8470879 214675890 1
8470879 214564380 0.5
11002678 214712242 1
11002678 214854720 1
11002678 214853072 0.5
11002678 214858680 0.5
11002678 214854682 0.5
11002678 214540035 0.5
11002678 214853754 0.5
4519761 214839973 1
4519761 214839971 1
4519761 214748336 0.5
4519761 214839600 0.5
4519761 214820402 0.5
4519761 214829850 0.5
4519761 214829799 0.5
9757507 214853420 1
9757507 214846033 1
9757507 214845577 0.5
9757507 214684730 0.5
9757507 214819380 0.5
9757507 214829878 0.5
9986912 214854555 1
9986912 214854345 1
9986912 214712235 0.5
5501796 214844400 1
5501796 214844396 1
5501796 214844402 0.5
7738221 214840378 1
7738221 214835126 1
7738221 214853657 0.5
10036712 214853096 1
10036712 214853094 1
10036712 214852978 0.5
6825048 214849312 1
6825048 214846112 1
6825048 214853657 0.5
6825048 214849331 0.5
6825048 214718372 0.5
6825048 214849333 0.5
6825048 214849275 0.5
2536313 214600492 1
2536313 214835745 1
2536313 214835017 0.5
2536313 214716110 0.5
10355581 214854230 1
10355581 214853724 1
10355581 214853732 0.5
5514112 214845476 1
5514112 214716707 1
5514112 214582170 0.5
5514112 214835012 0.5
5514112 214716710 0.5
5514112 214579839 0.5
3445633 214586668 1
3445633 214829379 1
3445633 214667912 0.5
361349 214716982 1
361349 214819528 1
361349 214716986 0.5
361349 214716990 0.5
4600723 214829280 1
4600723 214548744 1
4600723 214836857 0.5
4600723 214586694 0.5
4600723 214828985 0.5
11174819 214857830 1
11174819 214854707 1
11174819 214826987 0.5
11174819 214668275 0.5
11047857 214854733 1
11047857 214854842 1
11047857 214854823 0.5
10191796 214853090 1
10191796 214853096 1
10191796 214851326 0.5
3642294 214684710 1
3642294 214829880 1
3642294 214831946 0.5
3642294 214831948 0.5
3642294 214819406 0.5
3642294 214838098 0.5
3642294 214826835 0.5
3642294 214838102 0.5
3642294 214838105 0.5
3642294 214826715 0.5
10863543 214853767 1
10863543 214853698 1
10863543 214717562 0.5
10863543 214712244 0.5
2085823 214826610 1
2085823 214834880 1
2085823 214821410 0.5
2663362 214829887 1
2663362 214819468 1
2663362 214828963 0.5
8751949 214851294 1
8751949 214851150 1
8751949 214853094 0.5
11183057 214835004 1
11183057 214835000 1
11183057 214854722 0.5
9143251 214717003 1
9143251 214716982 1
9143251 214716984 0.5
693204 214535621 1
693204 214584907 1
693204 214841640 0.5
693204 214594577 0.5
693204 214820227 0.5
693204 214584939 0.5
9327576 214852980 1
9327576 214853077 1
9327576 214851748 0.5
9327576 214851326 0.5
8311772 214716714 1
8311772 214851163 1
8311772 214851131 0.5
9835502 214853454 1
9835502 214853992 1
9835502 214850947 0.5
9835502 214853996 0.5
9835502 214850942 0.5
9835502 214854118 0.5
2679791 214835017 1
2679791 214826565 1
2679791 214835019 0.5
13301 214826627 1
13301 214826955 1
13301 214565623 0.5
3076949 214716110 1
3076949 214831952 1
3076949 214829882 0.5
3076949 214829878 0.5
6505474 214849076 1
6505474 214848605 1
6505474 214844400 0.5
6505474 214850953 0.5
6775812 214848980 1
6775812 214848973 1
6775812 214846419 0.5
402438 214821285 1
402438 214821277 1
402438 214538030 0.5
6616073 214848849 1
6616073 214845585 1
6616073 214753505 0.5
5755914 214846119 1
5755914 214845962 1
5755914 214844370 0.5
5755914 214845971 0.5
5755914 214832019 0.5
10834961 214853325 1
10834961 214859139 1
10834961 214850304 0.5
10834961 214853726 0.5
10834961 214829878 0.5
10834961 214567215 0.5
7279449 214514291 1
7279449 214850291 1
7279449 214848947 0.5
4387874 214829102 1
4387874 214845129 1
4387874 214829760 0.5
4387874 214828991 0.5
9413667 214853077 1
9413667 214852980 1
9413667 214852978 0.5
4027434 214826942 1
4027434 214845129 1
4027434 214820259 0.5
2536967 214829882 1
2536967 214829880 1
2536967 214829878 0.5
10011703 214853709 1
10011703 214854527 1
10011703 214748336 0.5
10011703 214839587 0.5
10011703 214706102 0.5
10650683 214854354 1
10650683 214853735 1
10650683 214853724 0.5
3077181 214835019 1
3077181 214835017 1
3077181 214829364 0.5
11461708 214853102 1
11461708 214854785 1
11461708 214684730 0.5
11461708 214820188 0.5
6616152 214839322 1
6616152 214845984 1
6616152 214826623 0.5
8160347 214684942 1
8160347 214851163 1
8160347 214685049 0.5
1934338 214826610 1
1934338 214834877 1
1934338 214836330 0.5
9077859 214846385 1
9077859 214580293 1
9077859 214716928 0.5
2155248 214829045 1
2155248 214834873 1
2155248 214829032 0.5
2282607 214820227 1
2282607 214829085 1
2282607 214829865 0.5
2282607 214820261 0.5
2282607 214821285 0.5
6382313 214844439 1
6382313 214846029 1
6382313 214848656 0.5
6382313 214845577 0.5
6382313 214577450 0.5
6382313 214819378 0.5
6382313 214832559 0.5
11490432 214748336 1
11490432 214853767 1
11490432 214848658 0.5
11490432 214854491 0.5
11490432 214854815 0.5
3608086 214667912 1
3608086 214829852 1
3608086 214836885 0.5
1434764 214821317 1
1434764 214834880 1
1434764 214826610 0.5
4658317 214848727 1
4658317 214594678 1
4658317 214594680 0.5
10798222 214717005 1
10798222 214716926 1
10798222 214716997 0.5
11060368 214853094 1
11060368 214853248 1
11060368 214853096 0.5
11060368 214853105 0.5
11060368 214852978 0.5
11060368 214853085 0.5
6146926 214845939 1
6146926 214829739 1
6146926 214849010 0.5
6146926 214850996 0.5
2349741 214829878 1
2349741 214829882 1
2349741 214829885 0.5
11109533 214857830 1
11109533 214701787 1
11109533 214700000 0.5
11109533 214826987 0.5
11109533 214704180 0.5
9249957 214853420 1
9249957 214850942 1
9249957 214850947 0.5
9249957 214850949 0.5
9249957 214853422 0.5
11158697 214854332 1
11158697 214853735 1
11158697 214696897 0.5
11158697 214853154 0.5
11158697 214714755 0.5
11158697 214853156 0.5
11158697 214850700 0.5
11158697 214849250 0.5
11158697 214574670 0.5
11158697 214854733 0.5
11158697 214574672 0.5
11158697 214848658 0.5
11158697 214854227 0.5
11158697 214738455 0.5
11158697 214853081 0.5
10515632 214854300 1
10515632 214854579 1
10515632 214819577 0.5
10515632 214854547 0.5
8340671 214851122 1
8340671 214717247 1
8340671 214577450 0.5
8340671 214849020 0.5
328904 214820942 1
328904 214821290 1
328904 214821277 0.5
2041041 214826711 1
2041041 214667912 1
2041041 214829850 0.5
2041041 214829379 0.5
4849189 214839973 1
4849189 214845131 1
4849189 214835109 0.5
21734 214820383 1
21734 214821285 1
21734 214826803 0.5
21734 214585395 0.5
21734 214826702 0.5
3146988 214835019 1
3146988 214835017 1
3146988 214587712 0.5
3339133 214820227 1
3339133 214829079 1
3339133 214821285 0.5
3339133 214829030 0.5
9420328 214853420 1
9420328 214850947 1
9420328 214853428 0.5
3925236 214829765 1
3925236 214835167 1
3925236 214829762 0.5
3925236 214820220 0.5
2352373 214835111 1
2352373 214716110 1
2352373 214831959 0.5
7058679 214848954 1
7058679 214848947 1
7058679 214848952 0.5
7058679 214848658 0.5
7058679 214849020 0.5
7058679 214849022 0.5
2027051 214829878 1
2027051 214829887 1
2027051 214829090 0.5
2027051 214706460 0.5
2680071 214533022 1
2680071 214829090 1
2680071 214819762 0.5
10716426 214854853 1
10716426 214864880 1
10716426 214854352 0.5
10716426 214708307 0.5
10716426 214853454 0.5
10716426 214850287 0.5
9436718 214601040 1
9436718 214601042 1
9436718 214821373 0.5
5502511 214844370 1
5502511 214844345 1
5502511 214748336 0.5
5502511 214558258 0.5
5502511 214832150 0.5
1873181 214748300 1
1873181 214826670 1
1873181 214716641 0.5
1873181 214829090 0.5
1873181 214829887 0.5
1873181 214829878 0.5
1873181 214748295 0.5
4724004 214839973 1
4724004 214820394 1
4724004 214828867 0.5
4724004 214839965 0.5
2307368 214829878 1
2307368 214829887 1
2307368 214829880 0.5
1070384 214821309 1
1070384 214821305 1
1070384 214551626 0.5
1070384 214821302 0.5
1070384 214586711 0.5
2700597 214844394 1
2700597 214844456 1
2700597 214551624 0.5
6341947 214827005 1
6341947 214848607 1
6341947 214848656 0.5
6341947 214848832 0.5
8475966 214533022 1
8475966 214838128 1
8475966 214850621 0.5
8475966 214716935 0.5
9291083 214850942 1
9291083 214853454 1
9291083 214850945 0.5
9291083 214850947 0.5
9291083 214853420 0.5
9291083 214853422 0.5
9291083 214850287 0.5
9291083 214853428 0.5
9291083 214848795 0.5
9291083 214686911 0.5
333136 214717005 1
333136 214716926 1
333136 214716928 0.5
333136 214717007 0.5
1182421 214843526 1
1182421 214840899 1
1182421 214842461 0.5
9725269 214826987 1
9725269 214853420 1
9725269 214853325 0.5
9725269 214829887 0.5
9696612 214716707 1
9696612 214829042 1
9696612 214832604 0.5
1242471 214685795 1
1242471 214686086 1
1242471 214601450 0.5
1242471 214684044 0.5
11457896 214854793 1
11457896 214854787 1
11457896 214837873 0.5
11457896 214853460 0.5
9377136 214853340 1
9377136 214853338 1
9377136 214831955 0.5
2835849 214832115 1
2835849 214835122 1
2835849 214832128 0.5
2835849 214826912 0.5
2835849 214835107 0.5
2835849 214712137 0.5
2835849 214743339 0.5
2835849 214820345 0.5
2835849 214832124 0.5
2835849 214832555 0.5
2835849 214832126 0.5
2835849 214821407 0.5
2655647 214836515 1
2655647 214829885 1
2655647 214829882 0.5
5391778 214835428 1
5391778 214835426 1
5391778 214835473 0.5
8664496 214853094 1
8664496 214853105 1
8664496 214853248 0.5
8664496 214853085 0.5
5812362 214832792 1
5812362 214844370 1
5812362 214844368 0.5
5812362 214579837 0.5
296382 214821032 1
296382 214820400 1
296382 214819721 0.5
296382 214820402 0.5
296382 214819385 0.5
296382 214743495 0.5
9631179 214853460 1
9631179 214853428 1
9631179 214850947 0.5
1521102 214826610 1
1521102 214834877 1
1521102 214834880 0.5
1521102 214829366 0.5
11494863 214510445 1
11494863 214712242 1
11494863 214829880 0.5
11494863 214849132 0.5
3122646 214835747 1
3122646 214835019 1
3122646 214834867 0.5
9893338 214717867 1
9893338 214853677 1
9893338 214711524 0.5
9893338 214854125 0.5
1336798 214844439 1
1336798 214844394 1
1336798 214551630 0.5
2262504 214748336 1
2262504 214743495 1
2262504 214819721 0.5
9385452 214853325 1
9385452 214853321 1
9385452 214700002 0.5
9023058 214853094 1
9023058 214853105 1
9023058 214853096 0.5
9023058 214853085 0.5
10782192 214853102 1
10782192 214854785 1
10782192 214854840 0.5
10782192 214859139 0.5
10917392 214684785 1
10917392 214853705 1
10917392 214567329 0.5
10917392 214684762 0.5
10917392 214853726 0.5
10917392 214854358 0.5
509459 214826615 1
509459 214826617 1
509459 214826619 0.5
509459 214717877 0.5
11179543 214704180 1
11179543 214704182 1
11179543 214859242 0.5
9745949 214850366 1
9745949 214684715 1
9745949 214831946 0.5
9745949 214850310 0.5
9756933 214853342 1
9756933 214853420 1
9756933 214853227 0.5
9756933 214714794 0.5
9756933 214828963 0.5
9756933 214850700 0.5
9756933 214851131 0.5
7295757 214819378 1
7295757 214819380 1
7295757 214849466 0.5
172977 214826835 1
172977 214826608 1
172977 214826715 0.5
172977 214686902 0.5
172977 214826606 0.5
172977 214718398 0.5
4122159 214709970 1
4122159 214702933 1
4122159 214845127 0.5
1529394 214834880 1
1529394 214829387 1
1529394 214826610 0.5
2364983 214613893 1
2364983 214716671 1
2364983 214820242 0.5
79424 214826955 1
79424 214826627 1
79424 214829285 0.5
79424 214532070 0.5
9508421 214849153 1
9508421 214651517 1
9508421 214849155 0.5
9508421 214745317 0.5
9508421 214573350 0.5
9508421 214573357 0.5
9508421 214746382 0.5
9508421 214849102 0.5
9508421 214849080 0.5
9508421 214846427 0.5
2983497 214844439 1
2983497 214743350 1
2983497 214691390 0.5
10151501 214853730 1
10151501 214853722 1
10151501 214853698 0.5
9677069 214829032 1
9677069 214848315 1
9677069 214706216 0.5
5199442 214845457 1
5199442 214838225 1
5199442 214835107 0.5
5199442 214800262 0.5
5199442 214557095 0.5
5199442 214820392 0.5
5199442 214662763 0.5
5199442 214820400 0.5
8238677 214846112 1
8238677 214850291 1
8238677 214838111 0.5
8238677 214848159 0.5
8238677 214845581 0.5
8238677 214850295 0.5
2582106 214829887 1
2582106 214829878 1
2582106 214829885 0.5
2745963 214829079 1
2745963 214820227 1
2745963 214821285 0.5
10073709 214853730 1
10073709 214853767 1
10073709 214853722 0.5
10073709 214853702 0.5
2900927 214829878 1
2900927 214829887 1
2900927 214829880 0.5
2900927 214831946 0.5
1627773 214826610 1
1627773 214834880 1
1627773 214821412 0.5
9647752 214853420 1
9647752 214850947 1
9647752 214853338 0.5
10524298 214853754 1
10524298 214854517 1
10524298 214676480 0.5
10901134 214857551 1
10901134 214857204 1
10901134 214835004 0.5
9561757 214853420 1
9561757 214853422 1
9561757 214821373 0.5
2968517 214829882 1
2968517 214829878 1
2968517 214829885 0.5
2963107 214831959 1
2963107 214826977 1
2963107 214601233 0.5
11065001 214854840 1
11065001 214864880 1
11065001 214855016 0.5
538283 214821309 1
538283 214827009 1
538283 214716982 0.5
2492076 214829887 1
2492076 214748300 1
2492076 214748304 0.5
2492076 214831948 0.5
2492076 214831965 0.5
4363952 214821339 1
4363952 214612738 1
4363952 214838105 0.5
9479857 214850936 1
9479857 214853353 1
9479857 214718216 0.5
9479857 214573305 0.5
9479857 214574670 0.5
9479857 214850743 0.5
7986311 214564380 1
7986311 214851290 1
7986311 214851232 0.5
7986311 214651777 0.5
7986311 214835109 0.5
7986311 214586694 0.5
7986311 214849194 0.5
7986311 214563182 0.5
7986311 214561775 0.5
7986311 214851101 0.5
7986311 214851133 0.5
10504776 214854583 1
10504776 214687475 1
10504776 214854118 0.5
3826636 214651517 1
3826636 214829282 1
3826636 214581566 0.5
4307919 214829079 1
4307919 214846057 1
4307919 214820263 0.5
1894109 214829861 1
1894109 214829846 1
1894109 214829707 0.5
1894109 214829711 0.5
5199597 214829317 1
5199597 214829360 1
5199597 214537496 0.5
5199597 214687805 0.5
6760181 214849153 1
6760181 214826610 1
6760181 214849322 0.5
6760181 214849796 0.5
6760181 214849389 0.5
6760181 214586694 0.5
10864378 214853102 1
10864378 214854842 1
10864378 214854782 0.5
2324223 214748338 1
2324223 214748297 1
2324223 214753513 0.5
2324223 214835124 0.5
2609498 214829878 1
2609498 214831946 1
2609498 214574670 0.5
481056 214821305 1
481056 214826908 1
481056 214827002 0.5
481056 214826837 0.5
481056 214826927 0.5
10782499 214848977 1
10782499 214853340 1
10782499 214826835 0.5
10782499 214846031 0.5
10782499 214850285 0.5
10782499 214684717 0.5
7194422 214848337 1
7194422 214849312 1
7194422 214849762 0.5
7194422 214849738 0.5
7194422 214832747 0.5
7194422 214667857 0.5
7194422 214829366 0.5
7194422 214849275 0.5
3684152 214829786 1
3684152 214839982 1
3684152 214836330 0.5
9954032 214854540 1
9954032 214853728 1
9954032 214854547 0.5
9954032 214854300 0.5
6231878 214848808 1
6231878 214714794 1
6231878 214848832 0.5
6231878 214848851 0.5
6231878 214848613 0.5
1590624 214829660 1
1590624 214829366 1
1590624 214711280 0.5
1590624 214819770 0.5
1590624 214834877 0.5
10272396 214853732 1
10272396 214853705 1
10272396 214853724 0.5
10583011 214567215 1
10583011 214567329 1
10583011 214837494 0.5
10583011 214854495 0.5
10583011 214567333 0.5
10583011 214854358 0.5
10583011 214854545 0.5
10583011 214854549 0.5
10583011 214854262 0.5
10583011 214847255 0.5
10583011 214854264 0.5
10583011 214853855 0.5
10583011 214854268 0.5
10583011 214567327 0.5
3262301 214540035 1
3262301 214712242 1
3262301 214835745 0.5
3262301 214712244 0.5
10295137 214854300 1
10295137 214854517 1
10295137 214853732 0.5
1849186 214829861 1
1849186 214829865 1
1849186 214829707 0.5
1849186 214829846 0.5
10966892 214835004 1
10966892 214857204 1
10966892 214835000 0.5
6920049 214849284 1
6920049 214849312 1
6920049 214834880 0.5
6920049 214834877 0.5
6920049 214849239 0.5
6920049 214665277 0.5
6920049 214849333 0.5
6936437 214832156 1
6936437 214826947 1
6936437 214581536 0.5
6936437 214819472 0.5
6936437 214668219 0.5
9684862 214853420 1
9684862 214850945 1
9684862 214853422 0.5
1918848 214826666 1
1918848 214821277 1
1918848 214535675 0.5
6358921 214827005 1
6358921 214848808 1
6358921 214848832 0.5
11184017 214853102 1
11184017 214864880 1
11184017 214853105 0.5
11184017 214714755 0.5
11184017 214853077 0.5
11184017 214854823 0.5
5498777 214845587 1
5498777 214554450 1
5498777 214844400 0.5
5498777 214844345 0.5
8931233 214849136 1
8931233 214849194 1
8931233 214849250 0.5
8931233 214687565 0.5
2312099 214829878 1
2312099 214829887 1
2312099 214829882 0.5
2312099 214821407 0.5
10557351 214854853 1
10557351 214864880 1
10557351 214854860 0.5
9398193 214829878 1
9398193 214853422 1
9398193 214846033 0.5
9398193 214829882 0.5
3776526 214826938 1
3776526 214829773 1
3776526 214836795 0.5
3776526 214613741 0.5
3776526 214595150 0.5
1206206 214586743 1
1206206 214587317 1
1206206 214820392 0.5
1206206 214828980 0.5
1206206 214828982 0.5
1206206 214586694 0.5
4364224 214685747 1
4364224 214842480 1
4364224 214842482 0.5
4364224 214835940 0.5
5531592 214826833 1
5531592 214835167 1
5531592 214711205 0.5
2991096 214829878 1
2991096 214829885 1
2991096 214638474 0.5
2991096 214673295 0.5
2991096 214670036 0.5
2991096 214717511 0.5
5728228 214644686 1
5728228 214838227 1
5728228 214819374 0.5
3200999 214829878 1
3200999 214820214 1
3200999 214829366 0.5
4171752 214836932 1
4171752 214835109 1
4171752 214821309 0.5
6727676 214848851 1
6727676 214834867 1
6727676 214829390 0.5
4560904 214509084 1
4560904 214533020 1
4560904 214820242 0.5
4560904 214821339 0.5
4560904 214512431 0.5
9804802 214853707 1
9804802 214853713 1
9804802 214853698 0.5
9500692 214835004 1
9500692 214857204 1
9500692 214853465 0.5
9500692 214853340 0.5
9500692 214853342 0.5
7469077 214846312 1
7469077 214848926 1
7469077 214680360 0.5
7469077 214849010 0.5
7469077 214677615 0.5
7469077 214846119 0.5
3323926 214835475 1
3323926 214839617 1
3323926 214820392 0.5
3323926 214718377 0.5
3323926 214837882 0.5
3323926 214839607 0.5
1976344 214829865 1
1976344 214829861 1
1976344 214829846 0.5
1976344 214829863 0.5
6379549 214716710 1
6379549 214716707 1
6379549 214832604 0.5
7525382 214850282 1
7525382 214850304 1
7525382 214710097 0.5
7525382 214850287 0.5
10319912 214854840 1
10319912 214853100 1
10319912 214854782 0.5
10319912 214854797 0.5
10319912 214853102 0.5
10319912 214711295 0.5
3434541 214832717 1
3434541 214820261 1
3434541 214643340 0.5
3434541 214691645 0.5
11073588 214854787 1
11073588 214854793 1
11073588 214853102 0.5
291167 214586711 1
291167 214821305 1
291167 214821315 0.5
2484299 214844394 1
2484299 214844439 1
2484299 214832717 0.5
3012706 214835019 1
3012706 214835017 1
3012706 214835745 0.5
3012706 214835137 0.5
3012706 214826565 0.5
3012706 214826977 0.5
3012706 214819760 0.5
3012706 214819762 0.5
3012706 214835124 0.5
3012706 214831959 0.5
4794467 214829730 1
4794467 214839947 1
4794467 214595139 0.5
4794467 214541548 0.5
8616054 214849012 1
8616054 214851585 1
8616054 214848380 0.5
8616054 214844342 0.5
8616054 214829366 0.5
8616054 214851159 0.5
8427651 214851080 1
8427651 214851161 1
8427651 214851131 0.5
9214094 214851238 1
9214094 214828970 1
9214094 214853465 0.5
9214094 214718377 0.5
2475033 214831946 1
2475033 214748300 1
2475033 214829878 0.5
7948441 214850792 1
7948441 214850938 1
7948441 214849363 0.5
7948441 214850756 0.5
7948441 214851317 0.5
7837856 214850743 1
7837856 214850938 1
7837856 214854632 0.5
7837856 214717007 0.5
3516577 214836830 1
3516577 214774685 1
3516577 214835019 0.5
5810342 214511015 1
5810342 214684702 1
5810342 214700002 0.5
5798057 214826977 1
5798057 214838137 1
5798057 214668281 0.5
4466869 214837916 1
4466869 214587317 1
4466869 214836050 0.5
4208833 214836924 1
4208833 214836932 1
4208833 214836947 0.5
10448587 214854358 1
10448587 214684785 1
10448587 214853732 0.5
8644814 214852978 1
8644814 214853105 1
8644814 214853210 0.5
735442 214826615 1
735442 214826617 1
735442 214826612 0.5
735442 214826621 0.5
735442 214717877 0.5
3127521 214831950 1
3127521 214829885 1
3127521 214829882 0.5
6338792 214844345 1
6338792 214835473 1
6338792 214834877 0.5
6338792 214849239 0.5
7358697 214850287 1
7358697 214850368 1
7358697 214849796 0.5
4835579 214839960 1
4835579 214832145 1
4835579 214557095 0.5
10144003 214854268 1
10144003 214854264 1
10144003 214854148 0.5
3754371 214585633 1
3754371 214554967 1
3754371 214835038 0.5
3754371 214839311 0.5
10836246 214854853 1
10836246 214864880 1
10836246 214854840 0.5
10836246 214853100 0.5
10836246 214854842 0.5
10836246 214854699 0.5
10836246 214854860 0.5
9524956 214853135 1
9524956 214853195 1
9524956 214851748 0.5
4643124 214845131 1
4643124 214602598 1
4643124 214829280 0.5
4643124 214586694 0.5
4643124 214606792 0.5
4643124 214839600 0.5
4643124 214587317 0.5
4643124 214836855 0.5
4643124 214828985 0.5
8157493 214851294 1
8157493 214851150 1
8157493 214556563 0.5
2898242 214829885 1
2898242 214831959 1
2898242 214819760 0.5
2898242 214819762 0.5
2898242 214832780 0.5
2898242 214829882 0.5
2898242 214829878 0.5
7326026 214716977 1
7326026 214717007 1
7326026 214717003 0.5
7326026 214716926 0.5
5830991 214538597 1
5830991 214838109 1
5830991 214509152 0.5
5830991 214509146 0.5
5830991 214509148 0.5
4389234 214838105 1
4389234 214838098 1
4389234 214838107 0.5
4389234 214832012 0.5
5634451 214537496 1
5634451 214848746 1
5634451 214684108 0.5
5519746 214748293 1
5519746 214748338 1
5519746 214753513 0.5
8870276 214853090 1
8870276 214850370 1
8870276 214853248 0.5
8870276 214851326 0.5
8870276 214853077 0.5
8870276 214853094 0.5
8870276 214853085 0.5
6134152 214846460 1
6134152 214717087 1
6134152 214846472 0.5
6703504 214850291 1
6703504 214632146 1
6703504 214849762 0.5
6703504 214849796 0.5
6703504 214850282 0.5
6703504 214829885 0.5
2062743 214829878 1
2062743 214829887 1
2062743 214826627 0.5
5970329 214829880 1
5970329 214744258 1
5970329 214700000 0.5
5970329 214846033 0.5
5970329 214700002 0.5
5970329 214846031 0.5
2955674 214831950 1
2955674 214829885 1
2955674 214684730 0.5
10918311 214853100 1
10918311 214854782 1
10918311 214556218 0.5
10918311 214859246 0.5
10837067 214853338 1
10837067 214853100 1
10837067 214853424 0.5
1163228 214828995 1
1163228 214829085 1
1163228 214841640 0.5
1163228 214819464 0.5
1163228 214748336 0.5
3869138 214612695 1
3869138 214545879 1
3869138 214676390 0.5
9157081 214851152 1
9157081 214851238 1
9157081 214695399 0.5
9529832 214853454 1
9529832 214853381 1
9529832 214850942 0.5
9529832 214844398 0.5
9529832 214850711 0.5
3131891 214835132 1
3131891 214835747 1
3131891 214835017 0.5
2001396 214829385 1
2001396 214835002 1
2001396 214819770 0.5
7682563 214848309 1
7682563 214850310 1
7682563 214838505 0.5
10050063 214854510 1
10050063 214854262 1
10050063 214567333 0.5
10050063 214567327 0.5
10050063 214853413 0.5
10050063 214854165 0.5
3062288 214844439 1
3062288 214844394 1
3062288 214716965 0.5
3062288 214844456 0.5
3062288 214718377 0.5
3062288 214835019 0.5
3062288 214716982 0.5
3062288 214821305 0.5
3062288 214716986 0.5
3062288 214746365 0.5
10435089 214852980 1
10435089 214853077 1
10435089 214853096 0.5
10435089 214852978 0.5
11143698 214854699 1
11143698 214854707 1
11143698 214510460 0.5
11143698 214854682 0.5
11143698 214849100 0.5
11143698 214510445 0.5
6699547 214848980 1
6699547 214846033 1
6699547 214848613 0.5
6699547 214848622 0.5
5708322 214846031 1
5708322 214845980 1
5708322 214829880 0.5
11037221 214700000 1
11037221 214853100 1
11037221 214680371 0.5
11037221 214853102 0.5
9390634 214850947 1
9390634 214853420 1
9390634 214848185 0.5
9390634 214850282 0.5
9390634 214849747 0.5
10136109 214853422 1
10136109 214853428 1
10136109 214514240 0.5
10136109 214514265 0.5
10136109 214514291 0.5
10136109 214850949 0.5
5650992 214844342 1
5650992 214826949 1
5650992 214835473 0.5
756286 214827013 1
756286 214827009 1
756286 214842450 0.5
756286 214712124 0.5
4307524 214700992 1
4307524 214838124 1
4307524 214845127 0.5
8645204 214540597 1
8645204 214574777 1
8645204 214700992 0.5
7139087 214846479 1
7139087 214846427 1
7139087 214826610 0.5
7139087 214838227 0.5
7139087 214850364 0.5
5114466 214844405 1
5114466 214850402 1
5114466 214640520 0.5
5114466 214845587 0.5
5114466 214845407 0.5
3787382 214835167 1
3787382 214829765 1
3787382 214836932 0.5
3787382 214835109 0.5
10545787 214853113 1
10545787 214854300 1
10545787 214854352 0.5
11270819 214853102 1
11270819 214864880 1
11270819 214854840 0.5
3807908 214839587 1
3807908 214573350 1
3807908 214829321 0.5
3807908 214745317 0.5
3807908 214826998 0.5
3807908 214706102 0.5
7465739 214850790 1
7465739 214850771 1
7465739 214850405 0.5
11221679 214854313 1
11221679 214854551 1
11221679 214854296 0.5
11221679 214854215 0.5
3099339 214612704 1
3099339 214533022 1
3099339 214612706 0.5
3099339 214821315 0.5
7773986 214716645 1
7773986 214850743 1
7773986 214827032 0.5
7773986 214710097 0.5
7773986 214835137 0.5
7629519 214716935 1
7629519 214716932 1
7629519 214844465 0.5
7629519 214567419 0.5
7629519 214850765 0.5
7629519 214533022 0.5
1329872 214829861 1
1329872 214821339 1
1329872 214829711 0.5
1608403 214832653 1
1608403 214716984 1
1608403 214716988 0.5
1608403 214716990 0.5
1608403 214716982 0.5
1608403 214716999 0.5
10181333 214853698 1
10181333 214853767 1
10181333 214854152 0.5
10181333 214853353 0.5
10181333 214853707 0.5
3822713 214836932 1
3822713 214829825 1
3822713 214836924 0.5
10255077 214854300 1
10255077 214854547 1
10255077 214705942 0.5
308348 214821290 1
308348 214826801 1
308348 214839313 0.5
308348 214691426 0.5
308348 214826715 0.5
308348 214826702 0.5
7899883 214574777 1
7899883 214850932 1
7899883 214630042 0.5
8502008 214851236 1
8502008 214848159 1
8502008 214851122 0.5
8502008 214849020 0.5
8502008 214838111 0.5
6425339 214846460 1
6425339 214826904 1
6425339 214846472 0.5
5507836 214540127 1
5507836 214828952 1
5507836 214835473 0.5
4766462 214829775 1
4766462 214587317 1
4766462 214828985 0.5
4766462 214586694 0.5
15108 214748291 1
15108 214753507 1
15108 214748304 0.5
10296069 214651517 1
10296069 214846412 1
10296069 214573357 0.5
10296069 214849157 0.5
6286087 214832604 1
6286087 214716707 1
6286087 214849012 0.5
391947 214601040 1
391947 214820454 1
391947 214601042 0.5
391947 214709638 0.5
7109392 214850366 1
7109392 214850282 1
7109392 214850285 0.5
9255703 214850285 1
9255703 214850315 1
9255703 214831948 0.5
9255703 214850942 0.5
11410204 214858689 1
11410204 214859306 1
11410204 214859126 0.5
5294881 214844370 1
5294881 214844396 1
5294881 214748336 0.5
5294881 214846007 0.5
7265066 214849734 1
7265066 214849762 1
7265066 214844400 0.5
10832686 214854264 1
10832686 214854268 1
10832686 214567215 0.5
10578742 214829878 1
10578742 214853094 1
10578742 214850282 0.5
2644804 214829885 1
2644804 214831950 1
2644804 214829880 0.5
2644804 214829882 0.5
2644804 214831948 0.5
2644804 214829878 0.5
2644804 214829887 0.5
8698694 214851236 1
8698694 214851099 1
8698694 214819760 0.5
8698694 214836330 0.5
8698694 214820396 0.5
8698694 214819762 0.5
10742599 214854264 1
10742599 214567333 1
10742599 214854358 0.5
10742599 214567329 0.5
10742599 214854268 0.5
10742599 214854510 0.5
10742599 214854262 0.5
2460491 214829368 1
2460491 214667912 1
2460491 214826711 0.5
617319 214821339 1
617319 214821307 1
617319 214821309 0.5
6655804 214832604 1
6655804 214716707 1
6655804 214676480 0.5
6655804 214850953 0.5
6655804 214850955 0.5
6655804 214829390 0.5
1514358 214533020 1
1514358 214612751 1
1514358 214844394 0.5
1678206 214834880 1
1678206 214711280 1
1678206 214826610 0.5
3978389 214838113 1
3978389 214836947 1
3978389 214774687 0.5
158592 214716935 1
158592 214826615 1
158592 214821341 0.5
895878 214748291 1
895878 214753507 1
895878 214748295 0.5
8055276 214564380 1
8055276 214851290 1
8055276 214851101 0.5
8055276 214851159 0.5
11078542 214853102 1
11078542 214854785 1
11078542 214853100 0.5
4873104 214836855 1
4873104 214587317 1
4873104 214748336 0.5
4873104 214602598 0.5
10541971 214854268 1
10541971 214854264 1
10541971 214853707 0.5
8825753 214850947 1
8825753 214850949 1
8825753 214849070 0.5
8825753 214846031 0.5
8825753 214826835 0.5
8825753 214829880 0.5
8825753 214838107 0.5
8825753 214718398 0.5
8825753 214829887 0.5
9206689 214850949 1
9206689 214850945 1
9206689 214853454 0.5
2554791 214829878 1
2554791 214831946 1
2554791 214835124 0.5
2554791 214829882 0.5
2554791 214831948 0.5
2554791 214831965 0.5
10931114 214854785 1
10931114 214853102 1
10931114 214853100 0.5
2968491 214612704 1
2968491 214551626 1
2968491 214844462 0.5
9636791 214851155 1
9636791 214851238 1
9636791 214853096 0.5
9636791 214842345 0.5
9636791 214851152 0.5
9636791 214853105 0.5
10881524 214854300 1
10881524 214854534 1
10881524 214850720 0.5
10881524 214695553 0.5
10881524 214829666 0.5
10881524 214849365 0.5
10881524 214573305 0.5
10881524 214684762 0.5
10881524 214850621 0.5
6979403 214851120 1
6979403 214845943 1
6979403 214849757 0.5
6979403 214849102 0.5
7031749 214575193 1
7031749 214849078 1
7031749 214551626 0.5
6478799 214844398 1
6478799 214844400 1
6478799 214848656 0.5
6478799 214848695 0.5
6478799 214718220 0.5
6478799 214839975 0.5
5186864 214845577 1
5186864 214845581 1
5186864 214831944 0.5
5186864 214845352 0.5
5186864 214839971 0.5
11054044 214704182 1
11054044 214857830 1
11054044 214700000 0.5
11054044 214859139 0.5
11054044 214853317 0.5
11054044 214859242 0.5
11054044 214826987 0.5
11054044 214853325 0.5
11054044 214680371 0.5
11054044 214854782 0.5
9374687 214853420 1
9374687 214850947 1
9374687 214853428 0.5
4668388 214714757 1
4668388 214684717 1
4668388 214826945 0.5
4668388 214717515 0.5
4668388 214819395 0.5
4668388 214711438 0.5
9886694 214853364 1
9886694 214849327 1
9886694 214828963 0.5
9886694 214853366 0.5
5270522 214844370 1
5270522 214845585 1
5270522 214844345 0.5
1661948 214717005 1
1661948 214716926 1
1661948 214554358 0.5
8483502 214851099 1
8483502 214851167 1
8483502 214716984 0.5
8483502 214851137 0.5
8483502 214851322 0.5
8483502 214846067 0.5
8483502 214684942 0.5
4414464 214838111 1
4414464 214548868 1
4414464 214850775 0.5
10816514 214854789 1
10816514 214853362 1
10816514 214848185 0.5
7343109 214748338 1
7343109 214748300 1
7343109 214748293 0.5
10067801 214854510 1
10067801 214854262 1
10067801 214567333 0.5
10067801 214850760 0.5
10067801 214850953 0.5
10067801 214853992 0.5
10067801 214662742 0.5
10067801 214854268 0.5
7707691 214832657 1
7707691 214821313 1
7707691 214716984 0.5
7707691 214844454 0.5
10042413 214853930 1
10042413 214829090 1
10042413 214556212 0.5
6664029 214849344 1
6664029 214848986 1
6664029 214849314 0.5
6664029 214849003 0.5
6664029 214849230 0.5
6664029 214667857 0.5
6664029 214558258 0.5
6664029 214849342 0.5
9698354 214849286 1
9698354 214853996 1
9698354 214717867 0.5
9698354 214643036 0.5
9698354 214853413 0.5
9698354 214838094 0.5
9698354 214854159 0.5
2370618 214533020 1
2370618 214844394 1
2370618 214612704 0.5
2370618 214612753 0.5
2370618 214612738 0.5
2370618 214612708 0.5
2370618 214612751 0.5
3186527 214835109 1
3186527 214826990 1
3186527 214838227 0.5
9587777 214712237 1
9587777 214850304 1
9587777 214684736 0.5
9587777 214850945 0.5
9587777 214850947 0.5
9587777 214850949 0.5
9587777 214845352 0.5
9587777 214846029 0.5
9587777 214853454 0.5
9587777 214673295 0.5
9587777 214684730 0.5
9587777 214829887 0.5
10193986 214718220 1
10193986 214717888 1
10193986 214675888 0.5
10193986 214854118 0.5
11160646 214854527 1
11160646 214853702 1
11160646 214839600 0.5
11160646 214826623 0.5
6564938 214848605 1
6564938 214829887 1
6564938 214845352 0.5
6564938 214846029 0.5
2772044 214573612 1
2772044 214837918 1
2772044 214837916 0.5
1854552 214826610 1
1854552 214834880 1
1854552 214834877 0.5
6573246 214846427 1
6573246 214844400 1
6573246 214821410 0.5
6573246 214849275 0.5
6573246 214846535 0.5
7375991 214844439 1
7375991 214551607 1
7375991 214709345 0.5
7375991 214551626 0.5
2106559 214743495 1
2106559 214680722 1
2106559 214820400 0.5
2106559 214574672 0.5
2106559 214717562 0.5
2106559 214574670 0.5
7466108 214850771 1
7466108 214651777 1
7466108 214850713 0.5
7466108 214821020 0.5
7466108 214561475 0.5
7466108 214850711 0.5
7466108 214561775 0.5
3021956 214844439 1
3021956 214844458 1
3021956 214844441 0.5
3021956 214612706 0.5
5459082 214844370 1
5459082 214845352 1
5459082 214829765 0.5
11123854 214854787 1
11123854 214853340 1
11123854 214854840 0.5
3812516 214839982 1
3812516 214820452 1
3812516 214829769 0.5
3812516 214826938 0.5
4629227 214838105 1
4629227 214838098 1
4629227 214838096 0.5
4629227 214826945 0.5
4629227 214838107 0.5
4629227 214826942 0.5
8891567 214853128 1
8891567 214851742 1
8891567 214677830 0.5
5852338 214845887 1
5852338 214845984 1
5852338 214846007 0.5
5852338 214845131 0.5
5852338 214846127 0.5
879138 214826705 1
879138 214826608 1
879138 214826816 0.5
879138 214826801 0.5
879138 214826700 0.5
879138 214837487 0.5
8977616 214853077 1
8977616 214852980 1
8977616 214853094 0.5
8977616 214851326 0.5
7757011 214533022 1
7757011 214716980 1
7757011 214716939 0.5
7757011 214716932 0.5
7757011 214716935 0.5
1629396 214834877 1
1629396 214829387 1
1629396 214826610 0.5
1629396 214712126 0.5
7490777 214844452 1
7490777 214612738 1
7490777 214821309 0.5
5572477 214846031 1
5572477 214846417 1
5572477 214557232 0.5
5572477 214850953 0.5
5572477 214846378 0.5
5572477 214850955 0.5
5572477 214851120 0.5
5572477 214846014 0.5
8432881 214844394 1
8432881 214844439 1
8432881 214551624 0.5
8432881 214844456 0.5
8432881 214551626 0.5
8432881 214843449 0.5
9469181 214844439 1
9469181 214819772 1
9469181 214821315 0.5
9469181 214821341 0.5
9186561 214852980 1
9186561 214853077 1
9186561 214852978 0.5
9186561 214853085 0.5
3812613 214836830 1
3812613 214831967 1
3812613 214826998 0.5
9977097 214717888 1
9977097 214718220 1
9977097 214850765 0.5
9977097 214819599 0.5
9977097 214850739 0.5
9977097 214850741 0.5
9977097 214559960 0.5
9977097 214821397 0.5
6266124 214849076 1
6266124 214848615 1
6266124 214574672 0.5
6266124 214848328 0.5
6266124 214849275 0.5
5315853 214602806 1
5315853 214844370 1
5315853 214844355 0.5
5315853 214579839 0.5
4955409 214844345 1
4955409 214835473 1
4955409 214836330 0.5
4955409 214838092 0.5
4955409 214835469 0.5
5451037 214826666 1
5451037 214845405 1
5451037 214826662 0.5
5451037 214839982 0.5
5451037 214845407 0.5
6573349 214829885 1
6573349 214514291 1
6573349 214632146 0.5
6573349 214668667 0.5
8670503 214717003 1
8670503 214853214 1
8670503 214851080 0.5
5425717 214835070 1
5425717 214826949 1
5425717 214835064 0.5
5425717 214835473 0.5
5425717 214835426 0.5
9131232 214853094 1
9131232 214851326 1
9131232 214853090 0.5
9131232 214852978 0.5
7822664 214849247 1
7822664 214828997 1
7822664 214829362 0.5
7892299 214846014 1
7892299 214831946 1
7892299 214819400 0.5
7892299 214826715 0.5
7892299 214673295 0.5
7892299 214850310 0.5
7892299 214717511 0.5
11083091 214864880 1
11083091 214853102 1
11083091 214854785 0.5
4975961 214833802 1
4975961 214613915 1
4975961 214684372 0.5
5545312 214845577 1
5545312 214829878 1
5545312 214845581 0.5
9002337 214853096 1
9002337 214853085 1
9002337 214851326 0.5
8199528 214851080 1
8199528 214851161 1
8199528 214685049 0.5
8199528 214716746 0.5
8199528 214848851 0.5
8199528 214716671 0.5
1244529 214827009 1
1244529 214820392 1
1244529 214558080 0.5
1244529 214800272 0.5
1244529 214820402 0.5
1244529 214565475 0.5
7892343 214849239 1
7892343 214844345 1
7892343 214845984 0.5
7892343 214839617 0.5
7892343 214849252 0.5
7892343 214829387 0.5
7892343 214835475 0.5
7892343 214665277 0.5
1543549 214834877 1
1543549 214834880 1
1543549 214833755 0.5
1543549 214826610 0.5
1543549 214829387 0.5
1543549 214821412 0.5
118142 214716977 1
118142 214716975 1
118142 214716986 0.5
8093082 214846119 1
8093082 214851238 1
8093082 214844400 0.5
783599 214826893 1
783599 214820842 1
783599 214711307 0.5
7957919 214853323 1
7957919 214712278 1
7957919 214850625 0.5
7957919 214716930 0.5
7957919 214853122 0.5
7957919 214533022 0.5
1412523 214834877 1
1412523 214834880 1
1412523 214696897 0.5
3247534 214839617 1
3247534 214601233 1
3247534 214837882 0.5
3247534 214642805 0.5
9477551 214853340 1
9477551 214853338 1
9477551 214831955 0.5
9173576 214853143 1
9173576 214844394 1
9173576 214844441 0.5
6312521 214846406 1
6312521 214846382 1
6312521 214712544 0.5
6312521 214716114 0.5
6312521 214846410 0.5
871873 214826621 1
871873 214821309 1
871873 214826615 0.5
2397603 214829880 1
2397603 214829887 1
2397603 214826985 0.5
2397603 214829878 0.5
7441886 214665277 1
7441886 214849284 1
7441886 214834877 0.5
4578784 214831944 1
4578784 214832012 1
4578784 214838098 0.5
5336553 214716973 1
5336553 214717003 1
5336553 214716971 0.5
5336553 214748327 0.5
3341811 214748293 1
3341811 214748297 1
3341811 214835122 0.5
3341811 214832124 0.5
11111926 214853102 1
11111926 214854782 1
11111926 214714755 0.5
3051018 214844394 1
3051018 214844456 1
3051018 214844439 0.5
6594073 214826739 1
6594073 214645295 1
6594073 214826728 0.5
5463578 214540127 1
5463578 214819627 1
5463578 214845806 0.5
6098459 214846425 1
6098459 214846468 1
6098459 214846417 0.5
6098459 214846479 0.5
10956331 214855153 1
10956331 214855151 1
10956331 214709685 0.5
8613422 214853077 1
8613422 214852980 1
8613422 214853085 0.5
8613422 214851326 0.5
6397488 214848656 1
6397488 214846530 1
6397488 214848337 0.5
6397488 214849012 0.5
6397488 214848845 0.5
7540282 214850936 1
7540282 214850938 1
7540282 214850743 0.5
2190924 214829880 1
2190924 214829882 1
2190924 214826835 0.5
2190924 214711318 0.5
3956312 214842735 1
3956312 214838109 1
3956312 214711297 0.5
798313 214826955 1
798313 214826715 1
798313 214826627 0.5
2956926 214835132 1
2956926 214835745 1
2956926 214835747 0.5
2588311 214844439 1
2588311 214821309 1
2588311 214844456 0.5
2588311 214844458 0.5
2588311 214586711 0.5
3567257 214821332 1
3567257 214664777 1
3567257 214828987 0.5
1715866 214834877 1
1715866 214826921 1
1715866 214744530 0.5
5666772 214846031 1
5666772 214849001 1
5666772 214839973 0.5
6553249 214848337 1
6553249 214848328 1
6553249 214846472 0.5
10509992 214854300 1
10509992 214567215 1
10509992 214837494 0.5
10509992 214854534 0.5
10509992 214854536 0.5
10509992 214854332 0.5
10509992 214684785 0.5
10509992 214854358 0.5
10509992 214853113 0.5
10509992 214819577 0.5
10509992 214684762 0.5
10509992 214854268 0.5
10509992 214853726 0.5
245434 214826801 1
245434 214821277 1
245434 214691321 0.5
8539856 214853094 1
8539856 214852978 1
8539856 214851133 0.5
2993873 214835019 1
2993873 214834867 1
2993873 214582387 0.5
7315154 214848375 1
7315154 214834873 1
7315154 214849747 0.5
7315154 214561991 0.5
10927832 214567215 1
10927832 214831948 1
10927832 214853848 0.5
10927832 214850942 0.5
5266724 214836924 1
5266724 214844370 1
5266724 214835426 0.5
5266724 214835012 0.5
5266724 214832557 0.5
4075249 214839347 1
4075249 214839915 1
4075249 214847968 0.5
4075249 214718216 0.5
4075249 214819438 0.5
6250229 214748300 1
6250229 214748297 1
6250229 214748295 0.5
6180602 214846417 1
6180602 214846466 1
6180602 214613915 0.5
10395398 214567215 1
10395398 214567329 1
10395398 214854352 0.5
10395398 214854268 0.5
1031944 214691557 1
1031944 214691587 1
1031944 214829332 0.5
1031944 214829325 0.5
4792077 214835017 1
4792077 214836512 1
4792077 214835747 0.5
8806178 214851755 1
8806178 214852987 1
8806178 214853130 0.5
4742947 214832143 1
4742947 214839596 1
4742947 214832015 0.5
6292267 214551607 1
6292267 214821339 1
6292267 214551626 0.5
6292267 214844452 0.5
6292267 214821309 0.5
9264943 214847261 1
9264943 214854176 1
9264943 214853225 0.5
9264943 214853210 0.5
3497777 214573350 1
3497777 214820259 1
3497777 214832780 0.5
3497777 214743335 0.5
2305847 214835124 1
2305847 214835111 1
2305847 214819760 0.5
2305847 214826977 0.5
8183611 214853094 1
8183611 214853085 1
8183611 214852978 0.5
11435842 214510460 1
11435842 214510445 1
11435842 214854682 0.5
3538757 214837882 1
3538757 214835475 1
3538757 214821392 0.5
3538757 214580190 0.5
3538757 214820807 0.5
6840148 214848941 1
6840148 214848986 1
6840148 214848945 0.5
6840148 214849046 0.5
6235939 214844396 1
6235939 214846477 1
6235939 214829765 0.5
6868831 214848845 1
6868831 214829765 1
6868831 214849012 0.5
6868831 214835167 0.5
6365026 214848656 1
6365026 214687457 1
6365026 214848630 0.5
867643 214821307 1
867643 214711438 1
867643 214826829 0.5
4943718 214829887 1
4943718 214829878 1
4943718 214832156 0.5
4943718 214819395 0.5
4943718 214836956 0.5
8646513 214853420 1
8646513 214831955 1
8646513 214853340 0.5
1535879 214834880 1
1535879 214821371 1
1535879 214826610 0.5
1535879 214829366 0.5
2989961 214602600 1
2989961 214835017 1
2989961 214587712 0.5
2989961 214835747 0.5
2989961 214826565 0.5
2989961 214837918 0.5
1646487 214826818 1
1646487 214716937 1
1646487 214834880 0.5
1646487 214709638 0.5
1470362 214821309 1
1470362 214821305 1
1470362 214821302 0.5
6352798 214712126 1
6352798 214710097 1
6352798 214848328 0.5
6352798 214846530 0.5
6352798 214839975 0.5
10381979 214854300 1
10381979 214854534 1
10381979 214851553 0.5
10381979 214846391 0.5
2117546 214829878 1
2117546 214748338 1
2117546 214753513 0.5
8789938 214852978 1
8789938 214853077 1
8789938 214852980 0.5
11235263 214853735 1
11235263 214853732 1
11235263 214853724 0.5
5640322 214846119 1
5640322 214845962 1
5640322 214835012 0.5
5640322 214835167 0.5
10170321 214854510 1
10170321 214854262 1
10170321 214567329 0.5
10170321 214567333 0.5
380888 214826803 1
380888 214821285 1
380888 214841640 0.5
380888 214820383 0.5
1605596 214826610 1
1605596 214834880 1
1605596 214826835 0.5
8908777 214853077 1
8908777 214853094 1
8908777 214853096 0.5
8908777 214853090 0.5
8908777 214853355 0.5
9581223 214850949 1
9581223 214853422 1
9581223 214850945 0.5
8622073 214853105 1
8622073 214851326 1
8622073 214853096 0.5
8622073 214853085 0.5
8642557 214853248 1
8642557 214853085 1
8642557 214853096 0.5
