9789451 214853094 1
9789451 214853085 1
9789451 214853248 0.5
9789451 214853090 0.5
8437776 214853094 1
8437776 214851326 1
8437776 214853248 0.5
1712131 214826711 1
1712131 214820210 1
1712131 214826874 0.5
10579989 214853321 1
10579989 214853325 1
10579989 214700002 0.5
10579989 214712237 0.5
8572952 214851099 1
8572952 214849155 1
8572952 214851137 0.5
7917596 214850743 1
7917596 214850792 1
7917596 214850790 0.5
7917596 214850771 0.5
7917596 214853173 0.5
7917596 214850936 0.5
7917596 214850938 0.5
7917596 214851317 0.5
4403239 214839347 1
4403239 214838098 1
4403239 214838096 0.5
2940979 214835019 1
2940979 214835137 1
2940979 214835017 0.5
2940979 214835747 0.5
7884862 214849775 1
7884862 214851242 1
7884862 214718252 0.5
7884862 214848990 0.5
4122637 214743515 1
4122637 214540127 1
4122637 214829792 0.5
4122637 214700002 0.5
4122637 214839596 0.5
4122637 214712237 0.5
2261083 214835132 1
2261083 214612738 1
2261083 214829887 0.5
2768994 214835747 1
2768994 214835019 1
2768994 214835128 0.5
5774011 214829878 1
5774011 214829880 1
5774011 214684730 0.5
3379304 214821332 1
3379304 214820242 1
3379304 643078800 0.5
6852718 214839752 1
6852718 214850377 1
6852718 214829668 0.5
5791859 214846472 1
5791859 214846470 1
5791859 214846460 0.5
5791859 214846367 0.5
9474178 214850366 1
9474178 214848980 1
9474178 214819627 0.5
7344259 214572377 1
7344259 214835713 1
7344259 214584992 0.5
7344259 214840595 0.5
4395144 214613638 1
4395144 214836512 1
4395144 214826747 0.5
7635081 214564382 1
7635081 214850621 1
7635081 214850411 0.5
3022987 214716928 1
3022987 214579226 1
3022987 214716937 0.5
3022987 214716973 0.5
3772561 214819742 1
3772561 214711635 1
3772561 214587075 0.5
4354194 214831942 1
4354194 214832015 1
4354194 214832012 0.5
4593006 214836512 1
4593006 214831970 1
4593006 214838098 0.5
7897252 214850700 1
7897252 214846119 1
7897252 214651777 0.5
336039 214819376 1
336039 214820392 1
336039 214800272 0.5
336039 214800268 0.5
336039 214706102 0.5
6430888 214848656 1
6430888 214846530 1
6430888 214848682 0.5
6430888 214849076 0.5
1880239 214600464 1
1880239 214600509 1
1880239 214714757 0.5
8409279 214851748 1
8409279 214850405 1
8409279 214849363 0.5
11034824 214712237 1
11034824 214854785 1
11034824 214853321 0.5
11034824 214700002 0.5
11034824 214850947 0.5
11034824 214853420 0.5
11034824 214846029 0.5
8577229 214828970 1
8577229 214851242 1
8577229 214709807 0.5
8577229 214828963 0.5
8577229 214849327 0.5
10485979 214851326 1
10485979 214853090 1
10485979 214853105 0.5
1954021 214826666 1
1954021 214826664 1
1954021 214582952 0.5
1954021 214829385 0.5
1954021 214819770 0.5
1954021 214826662 0.5
1954021 214829657 0.5
7786732 214716930 1
7786732 214838124 1
7786732 214550627 0.5
9859323 214853992 1
9859323 214854172 1
9859323 214854165 0.5
3449086 214820231 1
3449086 214819766 1
3449086 214820938 0.5
3449086 214538027 0.5
3449086 214821277 0.5
9756933 214853342 1
9756933 214853420 1
9756933 214853227 0.5
9756933 214714794 0.5
9756933 214828963 0.5
9756933 214850700 0.5
9756933 214851131 0.5
4636934 214836512 1
4636934 214839937 1
4636934 214831970 0.5
8851722 214853094 1
8851722 214853105 1
8851722 214853096 0.5
8851722 214853077 0.5
8851722 214851326 0.5
8851722 214853085 0.5
3948814 214835109 1
3948814 214836932 1
3948814 214838227 0.5
3948814 214836924 0.5
7663889 214695480 1
7663889 214845420 1
7663889 214509845 0.5
2507033 214826983 1
2507033 214831955 1
2507033 214845065 0.5
2507033 214829887 0.5
2507033 214829878 0.5
2507033 214601233 0.5
6770976 214718212 1
6770976 214848980 1
6770976 214514272 0.5
6770976 214846033 0.5
6770976 214819627 0.5
6770976 214829878 0.5
3207899 214826623 1
3207899 214826951 1
3207899 214580291 0.5
1315112 214748336 1
1315112 214743495 1
1315112 214819721 0.5
8626477 214685049 1
8626477 214853242 1
8626477 214853096 0.5
8626477 214851125 0.5
8626477 214850743 0.5
696633 214718210 1
696633 214718207 1
696633 214826617 0.5
696633 214826619 0.5
1851707 214558331 1
1851707 214826805 1
1851707 214554296 0.5
1851707 214709970 0.5
2685664 214829878 1
2685664 214829887 1
2685664 643078800 0.5
2425164 214748291 1
2425164 214748295 1
2425164 214748304 0.5
6799697 214832604 1
6799697 214716707 1
6799697 214714794 0.5
8253788 214834873 1
8253788 214712229 1
8253788 214851152 0.5
2699616 214717007 1
2699616 214716971 1
2699616 214717005 0.5
2699616 214716926 0.5
2347373 214829878 1
2347373 214829882 1
2347373 214684093 0.5
3875183 214835167 1
3875183 214829765 1
3875183 214718199 0.5
287088 214826835 1
287088 214826627 1
287088 214826606 0.5
8153891 214826833 1
8153891 214839401 1
8153891 214835042 0.5
10837662 214859240 1
10837662 214701787 1
10837662 214851279 0.5
4247936 214838105 1
4247936 214838102 1
4247936 214839592 0.5
4247936 214821309 0.5
651651 214821305 1
651651 214586711 1
651651 214831674 0.5
651651 214828987 0.5
9814404 214853454 1
9814404 214853422 1
9814404 214846033 0.5
9814404 214848795 0.5
807306 214827007 1
807306 214827005 1
807306 214834865 0.5
7201169 214575193 1
7201169 214849747 1
7201169 214819410 0.5
3523993 214826803 1
3523993 214821285 1
3523993 214836776 0.5
3523993 214820402 0.5
3523993 214832717 0.5
3523993 214826711 0.5
6803871 214646576 1
6803871 214834948 1
6803871 214576890 0.5
5165472 214774685 1
5165472 214829670 1
5165472 214550563 0.5
5165472 214559940 0.5
5165472 214687685 0.5
5165472 214829672 0.5
5165472 214834991 0.5
5165472 214826608 0.5
5165472 214687702 0.5
7336354 214850282 1
7336354 214850291 1
7336354 214850315 0.5
4559271 214835747 1
4559271 214839975 1
4559271 214587712 0.5
4559271 214835745 0.5
4559271 214839587 0.5
4559271 214845806 0.5
4559271 214587697 0.5
10437036 214567329 1
10437036 214567215 1
10437036 214567333 0.5
3584429 214832126 1
3584429 214832128 1
3584429 214829657 0.5
3584429 214826563 0.5
7590322 214850700 1
7590322 214839617 1
7590322 214829850 0.5
7889351 214853175 1
7889351 214853758 1
7889351 214851120 0.5
7582154 214821309 1
7582154 214844394 1
7582154 214844456 0.5
7582154 214821305 0.5
7582154 214844439 0.5
1831376 214834997 1
1831376 214835754 1
1831376 214834877 0.5
365013 214826955 1
365013 214826606 1
365013 214826623 0.5
2744802 214835122 1
2744802 214832124 1
2744802 214832115 0.5
7643619 214716928 1
7643619 214716935 1
7643619 214717867 0.5
7643619 214717005 0.5
7643619 214716926 0.5
7758308 214821315 1
7758308 214612704 1
7758308 214533022 0.5
1233389 214829310 1
1233389 214840408 1
1233389 214716707 0.5
1233389 214537468 0.5
1233389 214680422 0.5
6111739 214846417 1
6111739 214846466 1
6111739 214586572 0.5
6111739 214645972 0.5
6111739 214677508 0.5
6111739 214846427 0.5
6111739 214846415 0.5
8146347 214821277 1
8146347 214853364 1
8146347 214587845 0.5
8146347 214820231 0.5
9220613 214853128 1
9220613 214849010 1
9220613 214559660 0.5
8151559 214851161 1
8151559 214851028 1
8151559 214850936 0.5
2171403 214826925 1
2171403 214827005 1
2171403 214834880 0.5
2171403 214826912 0.5
2171403 214827007 0.5
2171403 214607077 0.5
2171403 214662759 0.5
2171403 214716714 0.5
2171403 214558192 0.5
2171403 214834865 0.5
2171403 214826610 0.5
2171403 214827000 0.5
2171403 214828987 0.5
2171403 214553533 0.5
2171403 214716671 0.5
4870679 214839971 1
4870679 214587317 1
4870679 214829280 0.5
4870679 214845131 0.5
4870679 214829775 0.5
2499106 214829878 1
2499106 214829887 1
2499106 214820263 0.5
2499106 214820265 0.5
2499106 214743495 0.5
2499106 214829325 0.5
2499106 214716110 0.5
2499106 214585397 0.5
2499106 214829368 0.5
8217134 214851122 1
8217134 214851236 1
8217134 214851099 0.5
8217134 214537541 0.5
3830323 214835132 1
3830323 214712270 1
3830323 214586857 0.5
3830323 214829390 0.5
3830323 214832126 0.5
1802804 214832563 1
1802804 214706216 1
1802804 214829720 0.5
1802804 214826874 0.5
1802804 214829379 0.5
8204853 214851122 1
8204853 214851013 1
8204853 214851581 0.5
8204853 214851075 0.5
8204853 214851133 0.5
8204853 214851125 0.5
2961974 214826623 1
2961974 214835122 1
2961974 214835505 0.5
2961974 214839617 0.5
11285047 214851326 1
11285047 214853105 1
11285047 214684785 0.5
9675323 214853420 1
9675323 214850947 1
9675323 214849389 0.5
9675323 214850942 0.5
4121153 214838098 1
4121153 214839594 1
4121153 214839596 0.5
4121153 214832012 0.5
4297283 214826623 1
4297283 214826945 1
4297283 214838105 0.5
4297283 214838107 0.5
10932322 214853102 1
10932322 214854782 1
10932322 214850387 0.5
2413137 214601233 1
2413137 214540127 1
2413137 214831967 0.5
4125278 214744775 1
4125278 214839587 1
4125278 214838098 0.5
11407973 214857570 1
11407973 214857562 1
11407973 214857568 0.5
11407973 214857257 0.5
10863206 214854707 1
10863206 214853072 1
10863206 214578011 0.5
4911723 214542759 1
4911723 214640015 1
4911723 214839943 0.5
9814652 214853700 1
9814652 214853702 1
9814652 214853698 0.5
3695244 214820261 1
3695244 214820233 1
3695244 214820259 0.5
5681821 214826668 1
5681821 214826664 1
5681821 214554510 0.5
10887848 214852980 1
10887848 214853077 1
10887848 214851326 0.5
2835118 214832717 1
2835118 214829672 1
2835118 214820259 0.5
2835118 214829668 0.5
4727474 214845131 1
4727474 214839971 1
4727474 214839600 0.5
4727474 214839975 0.5
5694137 214846033 1
5694137 214846029 1
5694137 214829887 0.5
4444876 214848176 1
4444876 214845131 1
4444876 214839600 0.5
4444876 214829850 0.5
4444876 214839975 0.5
2867927 214581446 1
2867927 214581444 1
2867927 214711280 0.5
10464036 214819577 1
10464036 214854300 1
10464036 214573305 0.5
10464036 214854547 0.5
6456029 214848337 1
6456029 214848380 1
6456029 214553257 0.5
9871342 214718220 1
9871342 214850743 1
9871342 214718169 0.5
1454838 214826610 1
1454838 214834877 1
1454838 214834880 0.5
1454838 214833755 0.5
8835843 214853094 1
8835843 214853105 1
8835843 214853248 0.5
1544967 214748300 1
1544967 214748297 1
1544967 214753507 0.5
1544967 214748293 0.5
1495816 214834880 1
1495816 214826610 1
1495816 214828976 0.5
1495816 214826994 0.5
1495816 214833755 0.5
5591821 214684108 1
5591821 214820938 1
5591821 214829102 0.5
3670829 214748297 1
3670829 214753513 1
3670829 214748338 0.5
3670829 214748302 0.5
2118416 214718207 1
2118416 214834877 1
2118416 214834880 0.5
2118416 214515845 0.5
7664402 214850938 1
7664402 214850940 1
7664402 214564387 0.5
7664402 214819599 0.5
2220823 214829887 1
2220823 214829878 1
2220823 214829882 0.5
2974488 214835017 1
2974488 214835747 1
2974488 214587712 0.5
2974488 214835019 0.5
5296921 214845587 1
5296921 214850402 1
5296921 214844400 0.5
5296921 214826610 0.5
5296921 214829850 0.5
5296921 214832150 0.5
5296921 214835167 0.5
8680223 214853094 1
8680223 214853105 1
8680223 214853128 0.5
8680223 214835561 0.5
8680223 214852978 0.5
8680223 214853096 0.5
8680223 214844402 0.5
8680223 214844372 0.5
8680223 214848185 0.5
10773293 214853767 1
10773293 214853730 1
10773293 214853700 0.5
192648 214714927 1
192648 214517450 1
192648 214523606 0.5
3404594 214709645 1
3404594 214832126 1
3404594 214832128 0.5
1999673 214820233 1
1999673 214826670 1
1999673 214832730 0.5
1999673 214556861 0.5
2704189 214835017 1
2704189 214834867 1
2704189 214602600 0.5
6697794 214848380 1
6697794 214848596 1
6697794 214848410 0.5
6697794 214835109 0.5
6697794 214829765 0.5
6697794 214835167 0.5
6596553 214849022 1
6596553 214849020 1
6596553 214849331 0.5
6596553 214849046 0.5
6898506 214828961 1
6898506 214836527 1
6898506 214850953 0.5
8650371 214832604 1
8650371 214716707 1
8650371 214832567 0.5
10666842 214567327 1
10666842 214567333 1
10666842 214854510 0.5
10666842 214854358 0.5
7239823 214849337 1
7239823 214845133 1
7239823 214553653 0.5
2515806 214829880 1
2515806 214829887 1
2515806 214829878 0.5
4423142 214839943 1
4423142 214811739 1
4423142 214709702 0.5
4060009 214826945 1
4060009 214829790 1
4060009 214632272 0.5
10593138 214567327 1
10593138 214687845 1
10593138 214854262 0.5
10593138 214854510 0.5
11252604 214857830 1
11252604 214859139 1
11252604 214859242 0.5
10871681 214857830 1
10871681 214835117 1
10871681 214826987 0.5
2601861 214829887 1
2601861 214829878 1
2601861 214831946 0.5
10445634 214853430 1
10445634 214853698 1
10445634 214853713 0.5
10445634 214854060 0.5
2569112 214832717 1
2569112 214829846 1
2569112 214832720 0.5
2569112 214829865 0.5
2569112 214829711 0.5
2057126 214829861 1
2057126 214829846 1
2057126 214820263 0.5
2057126 214820261 0.5
2057126 214844415 0.5
9962417 214853992 1
9962417 214862492 1
9962417 214842437 0.5
9962417 214662742 0.5
9962417 214862495 0.5
3802034 214844394 1
3802034 214844456 1
3802034 214844439 0.5
5227444 214844400 1
5227444 214844372 1
5227444 214835473 0.5
5227444 214835426 0.5
5227444 214835019 0.5
5227444 214844396 0.5
5227444 214838225 0.5
10679222 214853767 1
10679222 214854819 1
10679222 214748336 0.5
10679222 214646617 0.5
10679222 214848658 0.5
2364348 214829878 1
2364348 214829882 1
2364348 214832780 0.5
2364348 214835111 0.5
230338 214832559 1
230338 214821020 1
230338 214821017 0.5
230338 214819550 0.5
9380002 214839347 1
9380002 214853417 1
9380002 214851322 0.5
9581523 214853420 1
9581523 214850945 1
9581523 214850947 0.5
3757563 214839341 1
3757563 214702933 1
3757563 214774676 0.5
3757563 214532107 0.5
3757563 214706452 0.5
3757563 214845127 0.5
164849 214826715 1
164849 214826835 1
164849 214826891 0.5
164849 214826955 0.5
8618999 214852978 1
8618999 214851326 1
8618999 214853077 0.5
2606079 214686082 1
2606079 214836519 1
2606079 214538572 0.5
2606079 214831965 0.5
2606079 214829878 0.5
1094667 214839313 1
1094667 214827020 1
1094667 214677885 0.5
4629519 214829280 1
4629519 214640017 1
4629519 214586694 0.5
4629519 214602598 0.5
4629519 214845131 0.5
4629519 214677615 0.5
4629519 214587317 0.5
4629519 214828985 0.5
4629519 214834877 0.5
10445841 214853338 1
10445841 214853340 1
10445841 214854800 0.5
10445841 214853424 0.5
10445841 214853342 0.5
10445841 214854789 0.5
10445841 214853422 0.5
8508311 214845885 1
8508311 214851152 1
8508311 214574672 0.5
8508311 214851122 0.5
8508311 214851236 0.5
2782237 214831946 1
2782237 214829878 1
2782237 214711408 0.5
2782237 214829880 0.5
2782237 214718398 0.5
2782237 214717511 0.5
9393184 214853420 1
9393184 214831946 1
9393184 214850942 0.5
11539504 214567329 1
11539504 214851161 1
11539504 214567333 0.5
11539504 214854262 0.5
11482161 214567327 1
11482161 214853135 1
11482161 214684942 0.5
11482161 214854262 0.5
11482161 214854510 0.5
10593333 214854358 1
10593333 214718220 1
10593333 214851313 0.5
6079542 214828974 1
6079542 214848990 1
6079542 214717097 0.5
4367426 214838102 1
4367426 214838105 1
4367426 214819760 0.5
4367426 214838107 0.5
10575951 214544327 1
10575951 214853760 1
10575951 214853762 0.5
1999949 214587317 1
1999949 214829379 1
1999949 214819777 0.5
1999949 214554118 0.5
1999949 214819430 0.5
1999949 214667912 0.5
1999949 214561775 0.5
1999949 214640017 0.5
1999949 214826711 0.5
1999949 214554332 0.5
701518 214826908 1
701518 214821401 1
701518 214826872 0.5
7930962 214850792 1
7930962 214851317 1
7930962 214849363 0.5
7930962 214850405 0.5
2262101 214831948 1
2262101 214829880 1
2262101 214685857 0.5
2262101 214557223 0.5
2262101 214743497 0.5
2262101 214819562 0.5
2262101 214821017 0.5
2262101 214561402 0.5
2262101 214826619 0.5
2262101 214821407 0.5
8029277 214851317 1
8029277 214851099 1
8029277 214849252 0.5
8029277 214851122 0.5
8029277 214851236 0.5
8029277 214851013 0.5
11523172 214857204 1
11523172 214835000 1
11523172 214854789 0.5
7054441 214716926 1
7054441 214717005 1
7054441 214854630 0.5
7054441 214717007 0.5
7881841 214707877 1
7881841 214850771 1
7881841 214564380 0.5
7881841 214835109 0.5
6517609 214849239 1
6517609 214834877 1
6517609 214844400 0.5
6517609 214846530 0.5
6517609 214839971 0.5
6517609 214839975 0.5
6517609 214848656 0.5
6517609 214848688 0.5
6517609 214844402 0.5
6517609 214849076 0.5
6517609 214848695 0.5
6517609 214665277 0.5
5235837 214826987 1
5235837 214743515 1
5235837 214712237 0.5
4347008 214512431 1
4347008 214829672 1
4347008 214509084 0.5
4347008 214560013 0.5
1102977 214696897 1
1102977 214829332 1
1102977 214586825 0.5
1102977 214829330 0.5
10007682 214853702 1
10007682 214853707 1
10007682 214853713 0.5
10007682 214853996 0.5
10007682 214853413 0.5
1725578 214716973 1
1725578 214716928 1
1725578 214716984 0.5
1725578 214716937 0.5
1725578 214716986 0.5
1725578 214717007 0.5
439439 214821279 1
439439 214559726 1
439439 214819376 0.5
439439 214820392 0.5
4081859 214684513 1
4081859 214585676 1
4081859 214839369 0.5
4081859 214573612 0.5
6337684 214600492 1
6337684 214836330 1
6337684 214829666 0.5
6337684 214612730 0.5
6337684 214846007 0.5
2249883 214753513 1
2249883 214748300 1
2249883 214748291 0.5
1594524 214835021 1
1594524 214829396 1
1594524 214834880 0.5
5612706 214711312 1
5612706 214684715 1
5612706 214819627 0.5
10971538 214853102 1
10971538 214854785 1
10971538 214854782 0.5
7525552 214849247 1
7525552 214850621 1
7525552 214850754 0.5
7525552 214851011 0.5
7525552 214850756 0.5
7525552 214850405 0.5
7525552 214850743 0.5
7644338 214832655 1
7644338 214853758 1
7644338 214854626 0.5
7644338 214716997 0.5
7644338 214854570 0.5
7644338 214717007 0.5
7644338 214716982 0.5
7644338 214854620 0.5
7644338 214716965 0.5
3855542 214835109 1
3855542 214826990 1
3855542 214838227 0.5
9200844 214853077 1
9200844 214852980 1
9200844 214853096 0.5
4211917 214836887 1
4211917 214839356 1
4211917 214838105 0.5
4211917 214820402 0.5
4211917 214839596 0.5
4211917 214839973 0.5
6834381 214848849 1
6834381 214849312 1
6834381 214849344 0.5
2356451 214829846 1
2356451 214829887 1
2356451 214829878 0.5
10888427 214853930 1
10888427 214854827 1
10888427 214859246 0.5
11126004 214853102 1
11126004 214853100 1
11126004 214864880 0.5
11126004 214714755 0.5
5911803 214845917 1
5911803 214849001 1
5911803 214846029 0.5
5911803 214846447 0.5
9278723 214851150 1
9278723 214849010 1
9278723 214836827 0.5
9278723 214533022 0.5
9278723 214851294 0.5
9278723 214846391 0.5
9651466 214851097 1
9651466 214819412 1
9651466 214688115 0.5
9651466 214854172 0.5
9651466 214854165 0.5
5326108 214648256 1
5326108 214829887 1
5326108 214838096 0.5
5326108 214846029 0.5
9608944 214853212 1
9608944 214509401 1
9608944 214820844 0.5
9608944 214844158 0.5
1591866 214834877 1
1591866 214834880 1
1591866 214826610 0.5
1591866 214833755 0.5
1591866 214826996 0.5
3941673 214827022 1
3941673 214545879 1
3941673 214774682 0.5
3941673 214645618 0.5
3941673 214700990 0.5
617352 214826829 1
617352 214826893 1
617352 214553604 0.5
6411576 214848605 1
6411576 214846477 1
6411576 214849076 0.5
7562561 214853758 1
7562561 214853177 1
7562561 214850936 0.5
1089762 214828991 1
1089762 214829100 1
1089762 214829745 0.5
11490638 214714755 1
11490638 214853113 1
11490638 214853362 0.5
11490638 214850940 0.5
10474381 214854577 1
10474381 214854536 1
10474381 214853113 0.5
5342548 214844370 1
5342548 214640520 1
5342548 214845407 0.5
8880357 214853105 1
8880357 214853085 1
8880357 214853096 0.5
3003744 214837916 1
3003744 214835132 1
3003744 214835122 0.5
525666 214642625 1
525666 214642672 1
525666 214644146 0.5
525666 214643893 0.5
7672038 214850743 1
7672038 214676306 1
7672038 214850936 0.5
7672038 214850756 0.5
3134822 214829878 1
3134822 214829887 1
3134822 214829880 0.5
1495273 214829042 1
1495273 214829032 1
1495273 214829327 0.5
5107946 214826623 1
5107946 214848176 1
5107946 214839943 0.5
5107946 214717247 0.5
5973387 214846425 1
5973387 214846312 1
5973387 214848377 0.5
5973387 214819427 0.5
5973387 214848596 0.5
5973387 214835167 0.5
9835929 214853342 1
9835929 214850315 1
9835929 214850942 0.5
3937693 214836795 1
3937693 214829769 1
3937693 214668281 0.5
10384804 214853730 1
10384804 214853762 1
10384804 214853700 0.5
10968633 214676480 1
10968633 214705757 1
10968633 214850315 0.5
10968633 214850310 0.5
10968633 214690839 0.5
11167142 214853102 1
11167142 214714755 1
11167142 214854785 0.5
11167142 214712675 0.5
11167142 214861895 0.5
3990956 214838227 1
3990956 214835109 1
3990956 214829762 0.5
3990956 214836932 0.5
3990956 214561402 0.5
3990956 214718199 0.5
4191673 214820383 1
4191673 214821285 1
4191673 214826803 0.5
4191673 214820259 0.5
4007363 214706216 1
4007363 214836877 1
4007363 214840410 0.5
4007363 214835469 0.5
4007363 214551926 0.5
4785623 214700002 1
4785623 214838102 1
4785623 214712237 0.5
4785623 214832015 0.5
4476138 214839969 1
4476138 214602733 1
4476138 214828985 0.5
4476138 214587317 0.5
4476138 214829775 0.5
1488347 214834880 1
1488347 214834877 1
1488347 214833755 0.5
1488347 214826610 0.5
1488347 214829387 0.5
1488347 214829366 0.5
3868141 214836932 1
3868141 214826990 1
3868141 214561402 0.5
3868141 214838227 0.5
9340398 214820233 1
9340398 214853115 1
9340398 214850945 0.5
4030036 214717539 1
4030036 214845131 1
4030036 214577057 0.5
4030036 214594678 0.5
3511826 214748297 1
3511826 214753513 1
3511826 643078800 0.5
3511826 214832672 0.5
7181854 214551607 1
7181854 214612751 1
7181854 214612738 0.5
2229799 214829878 1
2229799 214829882 1
2229799 214829885 0.5
2229799 214829887 0.5
11105838 214859240 1
11105838 214853325 1
11105838 214853102 0.5
3085872 214748304 1
3085872 214753505 1
3085872 214601233 0.5
3085872 214748291 0.5
2483763 214831946 1
2483763 214829878 1
2483763 214835019 0.5
2483763 214831967 0.5
9479734 214853420 1
9479734 214850947 1
9479734 214684730 0.5
923191 214684702 1
923191 214711312 1
923191 214684717 0.5
4798011 214748293 1
4798011 214748295 1
4798011 214753513 0.5
1978634 214829861 1
1978634 214829865 1
1978634 214829846 0.5
4346806 214826942 1
4346806 214547668 1
4346806 214839939 0.5
3601992 214835167 1
3601992 214829762 1
3601992 214829765 0.5
5097043 214714721 1
5097043 214850402 1
5097043 214845131 0.5
5461598 214848997 1
5461598 214845917 1
5461598 214846061 0.5
7353954 214848377 1
7353954 214848337 1
7353954 214848410 0.5
7038563 214826990 1
7038563 214511047 1
7038563 214667857 0.5
7038563 214849331 0.5
6830529 214848952 1
6830529 214848941 1
6830529 214848945 0.5
6830529 214848954 0.5
6830529 214849020 0.5
6830529 214849046 0.5
7231103 214853758 1
7231103 214853173 1
7231103 214853177 0.5
7231103 214819378 0.5
7231103 214828882 0.5
7231103 214544357 0.5
5768844 214845986 1
5768844 214523679 1
5768844 214678455 0.5
6726594 214832604 1
6726594 214716707 1
6726594 214848808 0.5
1959569 214826801 1
1959569 214537967 1
1959569 214828995 0.5
1959569 214829390 0.5
10782358 214687845 1
10782358 214854583 1
10782358 214556212 0.5
10782358 214687475 0.5
10782358 214718252 0.5
10782358 214686879 0.5
10450583 214687475 1
10450583 214854583 1
10450583 214846391 0.5
280227 214581761 1
280227 214840762 1
280227 214586983 0.5
7386793 214849775 1
7386793 214846530 1
7386793 214844345 0.5
7386793 214849747 0.5
7386793 214718252 0.5
7386793 214848695 0.5
8771248 214853077 1
8771248 214852980 1
8771248 214853105 0.5
6174391 214846530 1
6174391 214710097 1
6174391 214835137 0.5
11007673 214853100 1
11007673 214853102 1
11007673 214829880 0.5
11007673 214684734 0.5
11007673 214743495 0.5
6735548 214849082 1
6735548 214848180 1
6735548 214849301 0.5
1992401 214829865 1
1992401 214829861 1
1992401 214829707 0.5
1992401 214832717 0.5
7358174 214834995 1
7358174 214846447 1
7358174 214849762 0.5
7358174 214849740 0.5
7358174 214849466 0.5
9393897 214854311 1
9393897 214685797 1
9393897 214569729 0.5
9393897 214854313 0.5
5580522 214846472 1
5580522 214846460 1
5580522 214838137 0.5
5580522 214839932 0.5
2348782 214829878 1
2348782 214831948 1
2348782 214718396 0.5
1334921 214840483 1
1334921 214837485 1
1334921 214837490 0.5
935696 214821305 1
935696 214821339 1
935696 214551624 0.5
935696 214533020 0.5
935696 214612708 0.5
935696 214821302 0.5
6380507 214684734 1
6380507 214836506 1
6380507 214846031 0.5
5846823 214821296 1
5846823 214845422 1
5846823 214820377 0.5
4486958 214586694 1
4486958 214587317 1
4486958 214829280 0.5
4486958 214839960 0.5
4486958 214845131 0.5
4486958 214839973 0.5
4486958 214836857 0.5
10884912 214848658 1
10884912 214853102 1
10884912 214854731 0.5
10884912 214686879 0.5
6631049 214845590 1
6631049 214835064 1
6631049 214846464 0.5
10784382 214854795 1
10784382 214854853 1
10784382 214852978 0.5
8210742 214748295 1
8210742 214851242 1
8210742 214748304 0.5
8210742 214851097 0.5
8210742 214850938 0.5
6395724 214845131 1
6395724 214838137 1
6395724 214602733 0.5
7657322 214849742 1
7657322 214849734 1
7657322 214849762 0.5
7657322 214849736 0.5
7657322 214567404 0.5
7657322 214844402 0.5
7657322 214844372 0.5
7657322 214850743 0.5
9299822 214854118 1
9299822 214853385 1
9299822 214849284 0.5
9299822 214665277 0.5
1103729 214587317 1
1103729 214554371 1
1103729 214828980 0.5
1095539 214829006 1
1095539 214821317 1
1095539 214819502 0.5
8826518 214678387 1
8826518 214677830 1
8826518 214853130 0.5
8826518 214709702 0.5
5289863 214844370 1
5289863 214820210 1
5289863 214819777 0.5
5289863 214717410 0.5
5289863 214835428 0.5
5289863 214829765 0.5
5289863 214708044 0.5
5289863 214836885 0.5
5289863 214835012 0.5
5289863 214835167 0.5
5289863 214717087 0.5
8517518 214851099 1
8517518 214851122 1
8517518 214851133 0.5
8517518 214717247 0.5
8517518 214848997 0.5
8517518 214716110 0.5
8517518 214851581 0.5
3622799 214836932 1
3622799 214820220 1
3622799 214826990 0.5
11454367 214854795 1
11454367 214854853 1
11454367 214854782 0.5
7916623 214850852 1
7916623 214850625 1
7916623 214652207 0.5
9854334 214651517 1
9854334 214853094 1
9854334 214853248 0.5
9854334 214852978 0.5
9854334 214573357 0.5
10995638 214853102 1
10995638 214854785 1
10995638 214853100 0.5
6551487 214848808 1
6551487 214848982 1
6551487 214848832 0.5
6551487 214558192 0.5
6551487 214684942 0.5
7500107 214850936 1
7500107 214850621 1
7500107 214850720 0.5
7470754 214850938 1
7470754 214850756 1
7470754 214850792 0.5
7354318 214821309 1
7354318 214844439 1
7354318 214844394 0.5
10696657 214854155 1
10696657 214567329 1
10696657 214567215 0.5
10794964 214854300 1
10794964 214850947 1
10794964 214854536 0.5
10794964 214854354 0.5
10794964 214854819 0.5
10794964 214854579 0.5
6223831 214820383 1
6223831 214716707 1
6223831 214826990 0.5
10266591 214854495 1
10266591 214684785 1
10266591 214854549 0.5
3009531 214553762 1
3009531 214701212 1
3009531 214677928 0.5
3009531 214552449 0.5
8853478 214853077 1
8853478 214851737 1
8853478 214853096 0.5
820597 214691563 1
820597 214829321 1
820597 214714880 0.5
820597 214829334 0.5
8493032 214601040 1
8493032 214601042 1
8493032 214851075 0.5
55276 214594680 1
55276 214820231 1
55276 214552378 0.5
9684981 214850949 1
9684981 214853422 1
9684981 214850945 0.5
4048906 214826942 1
4048906 214839594 1
4048906 214838105 0.5
4048906 214559940 0.5
8882189 214853105 1
8882189 214853094 1
8882189 214853096 0.5
8882189 214853085 0.5
358418 214716982 1
358418 214716932 1
358418 214716930 0.5
4593684 214839956 1
4593684 214839977 1
4593684 214630042 0.5
4593684 214839980 0.5
4593684 214716639 0.5
7940117 214844439 1
7940117 214748327 1
7940117 214717867 0.5
11151392 214853732 1
11151392 214853735 1
11151392 214853724 0.5
3201062 214718199 1
3201062 214826668 1
3201062 214829788 0.5
3201062 214826662 0.5
3287084 214832128 1
3287084 214832126 1
3287084 214829657 0.5
3287084 214826563 0.5
3287084 214819382 0.5
3287084 214826927 0.5
9308206 214850942 1
9308206 214853454 1
9308206 214711307 0.5
6518846 214848851 1
6518846 214848613 1
6518846 214829852 0.5
6518846 214821407 0.5
7100486 214849766 1
7100486 214850295 1
7100486 214850291 0.5
6973512 214848337 1
6973512 214848410 1
6973512 214848377 0.5
1787984 214828970 1
1787984 214834880 1
1787984 214828963 0.5
1787984 214826670 0.5
10795093 214853102 1
10795093 214854782 1
10795093 214849076 0.5
10795093 214829878 0.5
8300639 214839999 1
8300639 214839995 1
8300639 214839997 0.5
4925539 214826833 1
4925539 214836536 1
4925539 214819468 0.5
8636517 214853758 1
8636517 214853177 1
8636517 214551776 0.5
8636517 214853173 0.5
9226363 214716660 1
9226363 214846391 1
9226363 214851135 0.5
11128917 214859242 1
11128917 214859240 1
11128917 214586805 0.5
11128917 214861895 0.5
6121607 214846417 1
6121607 214846425 1
6121607 214848656 0.5
6121607 214846127 0.5
8722568 214853077 1
8722568 214852980 1
8722568 214853085 0.5
727182 214714880 1
727182 214829317 1
727182 214702826 0.5
727182 214587028 0.5
2349423 214829887 1
2349423 214829878 1
2349423 214684736 0.5
2349423 214829880 0.5
7592099 214851122 1
7592099 214717007 1
7592099 214849344 0.5
7592099 214851013 0.5
7592099 214854630 0.5
7592099 214851159 0.5
7592099 214850700 0.5
7592099 214717005 0.5
7592099 214851315 0.5
7592099 214850743 0.5
7592099 214561496 0.5
7592099 214851290 0.5
7592099 214836924 0.5
7592099 214827005 0.5
6297772 214836932 1
6297772 214844347 1
6297772 214849312 0.5
510127 214826608 1
510127 214826816 1
510127 214826705 0.5
510127 214553730 0.5
510127 214685422 0.5
1169594 214821305 1
1169594 214821309 1
1169594 214821315 0.5
39107 214826801 1
39107 214821277 1
39107 214826702 0.5
39107 214820231 0.5
3086537 214835017 1
3086537 214835019 1
3086537 214835745 0.5
3086537 214706465 0.5
3086537 214753515 0.5
3086537 214600492 0.5
3086537 214831959 0.5
3086537 214829850 0.5
3086537 214837882 0.5
10447053 214853102 1
10447053 214850947 1
10447053 214717571 0.5
10447053 214846029 0.5
10447053 214829887 0.5
4475941 214839965 1
4475941 214832147 1
4475941 214839973 0.5
4475941 214602598 0.5
4475941 214839975 0.5
4475941 214836881 0.5
4475941 214587317 0.5
4475941 214836855 0.5
4475941 214839962 0.5
4475941 214838107 0.5
334057 214717007 1
334057 214717005 1
334057 214716928 0.5
334057 214717003 0.5
2984171 214834867 1
2984171 214826565 1
2984171 214835017 0.5
2984171 214835019 0.5
2984171 214835107 0.5
2984171 214837485 0.5
2984171 214836249 0.5
6875382 214838107 1
6875382 214684734 1
6875382 214829880 0.5
6875382 214846031 0.5
4499711 214695480 1
4499711 214839971 1
4499711 214845131 0.5
11495687 214712235 1
11495687 214514321 1
11495687 214680371 0.5
3795231 214826990 1
3795231 214595150 1
3795231 214826938 0.5
8653088 214853105 1
8653088 214853248 1
8653088 214853096 0.5
8653088 214853090 0.5
8653088 214853085 0.5
8653088 214853094 0.5
7989562 214851242 1
7989562 214850415 1
7989562 214819412 0.5
7989562 214711267 0.5
7989562 214853092 0.5
7989562 214832158 0.5
10647264 214567329 1
10647264 214567215 1
10647264 214829737 0.5
10647264 214849468 0.5
10647264 214678633 0.5
170306 214819762 1
170306 214748336 1
170306 214712137 0.5
170306 214820402 0.5
170306 214563337 0.5
8767812 214853246 1
8767812 214850372 1
8767812 214850370 0.5
2607457 214829887 1
2607457 214829882 1
2607457 214601233 0.5
2607457 214831946 0.5
2607457 214829885 0.5
5286289 214844400 1
5286289 214844396 1
5286289 214844398 0.5
72082 214827024 1
72082 214717331 1
72082 214691484 0.5
9374062 214853132 1
9374062 214851750 1
9374062 214853225 0.5
9374062 214853242 0.5
9374062 214853237 0.5
9374062 214853222 0.5
9565246 214853454 1
9565246 214711307 1
9565246 214853420 0.5
9565246 214853422 0.5
507 214717498 1
507 214567005 1
507 214821024 0.5
10672511 214853113 1
10672511 214854536 1
10672511 214854354 0.5
10672511 214684762 0.5
10672511 214854358 0.5
3787137 214836932 1
3787137 214836924 1
3787137 214829788 0.5
10178006 214853762 1
10178006 214643036 1
10178006 214836515 0.5
10178006 214828963 0.5
10178006 214850949 0.5
10178006 214853381 0.5
6703504 214850291 1
6703504 214632146 1
6703504 214849762 0.5
6703504 214849796 0.5
6703504 214850282 0.5
6703504 214829885 0.5
2484626 214829878 1
2484626 214600509 1
2484626 214748336 0.5
2484626 214835124 0.5
5822872 214846033 1
5822872 214846029 1
5822872 214829878 0.5
6764953 214846067 1
6764953 214710097 1
6764953 214848641 0.5
6764953 214846530 0.5
1563717 214588802 1
1563717 214712126 1
1563717 214588805 0.5
809376 214839386 1
809376 214821313 1
809376 214718216 0.5
809376 214827026 0.5
809376 214551607 0.5
809376 214837490 0.5
809376 214837487 0.5
5241264 214820274 1
5241264 214551776 1
5241264 214539050 0.5
616894 214826837 1
616894 214820392 1
616894 214826876 0.5
3146144 214832115 1
3146144 214832124 1
3146144 214557223 0.5
9636299 214835747 1
9636299 214835017 1
9636299 214587712 0.5
9636299 214851585 0.5
9636299 214657318 0.5
9636299 214753515 0.5
9636299 214716110 0.5
9636299 214556025 0.5
498124 214748304 1
498124 214753507 1
498124 214748295 0.5
2316689 214821285 1
2316689 214820383 1
2316689 214841640 0.5
2316689 214826803 0.5
11237841 214853102 1
11237841 214855016 1
11237841 214854840 0.5
11237841 214712242 0.5
11237841 214854787 0.5
8756948 214852978 1
8756948 214852980 1
8756948 214853105 0.5
8756948 214851326 0.5
2603493 214826589 1
2603493 214833755 1
2603493 214834880 0.5
2603493 214685857 0.5
2603493 214829387 0.5
2603493 214748336 0.5
2603493 214835124 0.5
2603493 214558807 0.5
2603493 214821300 0.5
2603493 214826908 0.5
2603493 214831967 0.5
1653222 214829865 1
1653222 214832717 1
1653222 214832720 0.5
10004971 214854065 1
10004971 214846470 1
10004971 214846065 0.5
10004971 214849745 0.5
3972178 214836924 1
3972178 214836795 1
3972178 214836932 0.5
7629303 214850621 1
7629303 214851120 1
7629303 214716645 0.5
2989422 214829887 1
2989422 214829878 1
2989422 214829882 0.5
3017217 214835017 1
3017217 214835019 1
3017217 214835745 0.5
3017217 214553561 0.5
3017217 214835124 0.5
3017217 214559317 0.5
3017217 214544327 0.5
9800199 214853698 1
9800199 214853730 1
9800199 214853702 0.5
9919002 214850304 1
9919002 214712237 1
9919002 214853698 0.5
9919002 214829887 0.5
9919002 214846029 0.5
9919002 214853702 0.5
9919002 214853767 0.5
7428638 214849766 1
7428638 214575193 1
7428638 214849768 0.5
3205681 214829762 1
3205681 214829765 1
3205681 214829769 0.5
3205681 214838227 0.5
3205681 214835167 0.5
4536884 214839975 1
4536884 214829760 1
4536884 214836512 0.5
4536884 214583610 0.5
4536884 214836926 0.5
4536884 214539039 0.5
7359036 214851120 1
7359036 214853173 1
7359036 214828882 0.5
9423421 214853420 1
9423421 214850947 1
9423421 214829878 0.5
4979282 214839971 1
4979282 214691246 1
4979282 214839977 0.5
4979282 214839956 0.5
7207507 214632146 1
7207507 214850291 1
7207507 214849391 0.5
4024919 214835505 1
4024919 214709970 1
4024919 214674647 0.5
9341529 214853420 1
9341529 214850945 1
9341529 214850700 0.5
9349742 214853420 1
9349742 214850947 1
9349742 214853707 0.5
9349742 214642100 0.5
9349742 214829878 0.5
9349742 214850743 0.5
9349742 214717498 0.5
9349742 214821022 0.5
8841839 214710101 1
8841839 214712278 1
8841839 214821410 0.5
8841839 214853385 0.5
8841839 214848330 0.5
8841839 214826610 0.5
8841839 214838227 0.5
8841839 214851157 0.5
8841839 214696830 0.5
518776 214821302 1
518776 214821305 1
518776 214821307 0.5
10939001 214853102 1
10939001 214854785 1
10939001 214855016 0.5
10939001 214853100 0.5
10939001 214854853 0.5
7645819 214850743 1
7645819 214850771 1
7645819 214850792 0.5
5851772 214844370 1
5851772 214848315 1
5851772 214844402 0.5
5298813 214844347 1
5298813 214836932 1
5298813 214684513 0.5
5298813 214645005 0.5
5298813 214685747 0.5
5298813 214844340 0.5
5298813 214832150 0.5
5298813 214848727 0.5
7875202 214712235 1
7875202 214717003 1
7875202 214587028 0.5
7875202 214712237 0.5
6810247 214849076 1
6810247 214848605 1
6810247 214561402 0.5
6044298 214846378 1
6044298 214845420 1
6044298 214839354 0.5
6044298 214509399 0.5
9321603 214853420 1
9321603 214853417 1
9321603 214850949 0.5
3836563 214835745 1
3836563 214835469 1
3836563 214839617 0.5
3836563 214839587 0.5
3836563 214743335 0.5
3836563 214829321 0.5
3836563 214600492 0.5
3836563 214601229 0.5
3836563 214587697 0.5
3836563 214706102 0.5
3836563 214838137 0.5
8788651 214853417 1
8788651 214853156 1
8788651 214853154 0.5
8788651 214853147 0.5
7764652 214844394 1
7764652 214844439 1
7764652 214821305 0.5
9247411 214853677 1
9247411 214853420 1
9247411 214850947 0.5
9247411 214851090 0.5
9247411 214853366 0.5
9247411 214853465 0.5
9247411 214853402 0.5
9247411 214850942 0.5
3480244 214557223 1
3480244 214832124 1
3480244 214832115 0.5
3480244 214821407 0.5
11008709 214854352 1
11008709 214853244 1
11008709 214819577 0.5
11008709 214820394 0.5
11008709 214854579 0.5
11008709 214853113 0.5
9583306 214850945 1
9583306 214853420 1
9583306 214850947 0.5
5696221 214834867 1
5696221 214835745 1
5696221 214587712 0.5
5696221 214609325 0.5
5696221 214657318 0.5
9951969 214853702 1
9951969 214853730 1
9951969 214854152 0.5
9951969 214853713 0.5
9951969 214853767 0.5
5479139 214744258 1
5479139 214541582 1
5479139 214700000 0.5
5479139 214845577 0.5
5479139 214831946 0.5
5479139 214712235 0.5
5479139 214845581 0.5
5479139 214829878 0.5
5479139 214829882 0.5
3885796 214839341 1
3885796 214845127 1
3885796 214630042 0.5
3885796 214774678 0.5
10959593 214684785 1
10959593 214853992 1
10959593 214684762 0.5
10959593 214851748 0.5
10959593 214850405 0.5
10959593 214853135 0.5
305934 214716937 1
305934 214514287 1
305934 214819530 0.5
4676381 214602598 1
4676381 214587317 1
4676381 214845131 0.5
4676381 214839975 0.5
11103011 214835117 1
11103011 214853102 1
11103011 214854840 0.5
11103011 214854785 0.5
11103011 214854782 0.5
2374436 214829846 1
2374436 214829711 1
2374436 214829861 0.5
5524279 214845585 1
5524279 214845583 1
5524279 214667912 0.5
5524279 214836330 0.5
10812217 214854731 1
10812217 214850420 1
10812217 214855153 0.5
10812217 214821371 0.5
11197242 214848795 1
11197242 214853072 1
11197242 214853454 0.5
11197242 214850287 0.5
9845563 214849357 1
9845563 214574672 1
9845563 214696897 0.5
9845563 214696899 0.5
9845563 214574670 0.5
8633152 214850370 1
8633152 214853265 1
8633152 214851135 0.5
43841 214716982 1
43841 214716984 1
43841 214832657 0.5
43841 214716986 0.5
2460491 214829368 1
2460491 214667912 1
2460491 214826711 0.5
1614307 214704180 1
1614307 214581489 1
1614307 214700002 0.5
1614307 214512611 0.5
1614307 214602605 0.5
1614307 214835120 0.5
1614307 214743515 0.5
1614307 214600989 0.5
2986468 214533020 1
2986468 214835132 1
2986468 214835017 0.5
5970779 214848656 1
5970779 214846067 1
5970779 214839587 0.5
5970779 214836926 0.5
1403742 214684108 1
1403742 214826610 1
1403742 214834880 0.5
1403742 214829752 0.5
1403742 214826818 0.5
1403742 214829366 0.5
1403742 214709638 0.5
4414318 214584962 1
4414318 214584999 1
4414318 214840595 0.5
4414318 214848382 0.5
3795826 214835109 1
3795826 214838227 1
3795826 214839600 0.5
3795826 214836941 0.5
2587507 214753515 1
2587507 214743495 1
2587507 214829850 0.5
2587507 214746427 0.5
2587507 214836330 0.5
5720948 214820242 1
5720948 214687565 1
5720948 214636505 0.5
11135866 214854542 1
11135866 214714755 1
11135866 214854733 0.5
11135866 214854855 0.5
7658371 214832657 1
7658371 214717005 1
7658371 214820231 0.5
7658371 214584939 0.5
7658371 214819468 0.5
7658371 214832653 0.5
7658371 214832655 0.5
7658371 214554358 0.5
7658371 214716984 0.5
7658371 214716941 0.5
8731528 214852980 1
8731528 214853077 1
8731528 214853085 0.5
8731528 214851326 0.5
5827468 214832143 1
5827468 214829790 1
5827468 214829880 0.5
588694 214821305 1
588694 214821315 1
588694 214586711 0.5
1042928 214587317 1
1042928 214828980 1
1042928 214839600 0.5
1042928 214748336 0.5
3296177 214829657 1
3296177 214832124 1
3296177 214829660 0.5
4004806 214839341 1
4004806 214845127 1
4004806 214645618 0.5
7506894 214612895 1
7506894 214820272 1
7506894 214844932 0.5
10701778 214853105 1
10701778 214853094 1
10701778 214853096 0.5
10701778 214852978 0.5
10701778 214853085 0.5
5590011 214846127 1
5590011 214832145 1
5590011 214819760 0.5
5590011 214850402 0.5
5590011 214845131 0.5
5590011 214557095 0.5
5590011 214849001 0.5
5590011 214835019 0.5
5590011 214602802 0.5
5590011 214839600 0.5
5590011 214838225 0.5
5590011 214826610 0.5
5590011 214845587 0.5
5590011 214821300 0.5
5590011 214558807 0.5
5590011 214829720 0.5
5590011 214553844 0.5
5590011 214829387 0.5
5590011 214836050 0.5
5590011 214844413 0.5
5590011 214580190 0.5
9924929 214563262 1
9924929 214834871 1
9924929 214839347 0.5
9924929 214849327 0.5
3968008 214717003 1
3968008 214716928 1
3968008 214717005 0.5
3968008 214717007 0.5
9454766 214853420 1
9454766 214850947 1
9454766 214850949 0.5
9454766 214853454 0.5
3962713 214845127 1
3962713 214839341 1
3962713 214645618 0.5
3962713 214640019 0.5
732187 214821313 1
732187 214820844 1
732187 214555033 0.5
2898982 214835019 1
2898982 214834867 1
2898982 214832792 0.5
2898982 214835017 0.5
2898982 214609325 0.5
8580137 214846391 1
8580137 214851133 1
8580137 214850402 0.5
8580137 214845587 0.5
8580137 214846007 0.5
8580137 214820345 0.5
8580137 214848954 0.5
8580137 214849020 0.5
7765038 214850411 1
7765038 214753505 1
7765038 214716645 0.5
3931183 214838124 1
3931183 214839341 1
3931183 214645618 0.5
3931183 214541355 0.5
3931183 214630042 0.5
3931183 214700990 0.5
3931183 214583610 0.5
5613968 214819528 1
5613968 214821384 1
5613968 214595139 0.5
5613968 214821382 0.5
7150647 214851120 1
7150647 214853173 1
7150647 214710152 0.5
7150647 214828882 0.5
7150647 214837914 0.5
7150647 214853758 0.5
10812477 214854787 1
10812477 214853460 1
10812477 214853428 0.5
9731136 214853460 1
9731136 214850949 1
9731136 214850945 0.5
9731136 214853428 0.5
9731136 214850942 0.5
9731136 214853454 0.5
1182792 214829085 1
1182792 214820227 1
1182792 214821285 0.5
10570827 214854300 1
10570827 214854579 1
10570827 214819577 0.5
10570827 214829825 0.5
7507022 214509401 1
7507022 214820233 1
7507022 214849466 0.5
4588728 214839980 1
4588728 214839954 1
4588728 214706216 0.5
3157074 214826623 1
3157074 214831965 1
3157074 214687565 0.5
3157074 214738455 0.5
11117391 214857830 1
11117391 214712235 1
11117391 214700000 0.5
10947668 214853154 1
10947668 214853102 1
10947668 214854840 0.5
355413 214826889 1
355413 214711312 1
355413 214826891 0.5
10706006 214853102 1
10706006 214854785 1
10706006 214684736 0.5
10706006 214853100 0.5
3370071 214832126 1
3370071 214832128 1
3370071 214835107 0.5
3370071 214832124 0.5
7834712 214838505 1
7834712 214716645 1
7834712 214710097 0.5
8836622 214853242 1
8836622 214851326 1
8836622 214846067 0.5
8836622 214706102 0.5
8836622 214853094 0.5
8836622 214853085 0.5
6470747 214848337 1
6470747 214850357 1
6470747 214848377 0.5
6470747 214573277 0.5
6470747 214838227 0.5
6470747 214835109 0.5
6470747 214826617 0.5
6304954 214848626 1
6304954 214848328 1
6304954 214848950 0.5
9313374 214700992 1
9313374 214717061 1
9313374 214717320 0.5
9313374 214850370 0.5
5373028 214820938 1
5373028 214829102 1
5373028 214836881 0.5
5373028 214578350 0.5
5373028 214561991 0.5
396392 214819627 1
396392 214819530 1
396392 214718396 0.5
6872171 214849022 1
6872171 214849331 1
6872171 214849046 0.5
5942389 214849252 1
5942389 214846415 1
5942389 214839975 0.5
1895542 214829670 1
1895542 214826666 1
1895542 214826662 0.5
6433931 214845984 1
6433931 214835032 1
6433931 214832145 0.5
7949453 214850938 1
7949453 214850936 1
7949453 214832657 0.5
7949453 214851011 0.5
3853471 214645618 1
3853471 214836795 1
3853471 214630042 0.5
3853471 214541355 0.5
3853471 214613741 0.5
5029033 214835070 1
5029033 214835064 1
5029033 214844368 0.5
7396547 214844396 1
7396547 214849738 1
7396547 214850938 0.5
10534084 214854536 1
10534084 214834871 1
10534084 214573305 0.5
10534084 214839347 0.5
6945997 214849179 1
6945997 214849342 1
6945997 214829387 0.5
6945997 214848757 0.5
6945997 214849333 0.5
9579726 214850949 1
9579726 214850945 1
9579726 214850947 0.5
9995469 214845495 1
9995469 214716982 1
9995469 214512611 0.5
9995469 214511015 0.5
9995469 214849747 0.5
9995469 214561991 0.5
9995469 214853321 0.5
9995469 214854570 0.5
9995469 214717867 0.5
9995469 214853996 0.5
9995469 214712237 0.5
9995469 214829102 0.5
9995469 214748327 0.5
9995469 214820938 0.5
9995469 214853994 0.5
9995469 214836956 0.5
9995469 214849245 0.5
8977616 214853077 1
8977616 214852980 1
8977616 214853094 0.5
8977616 214851326 0.5
2378973 214829887 1
2378973 214829878 1
2378973 214831946 0.5
4529374 214612708 1
4529374 214819468 1
4529374 214602598 0.5
4529374 214551626 0.5
4529374 214829775 0.5
4529374 214840082 0.5
4529374 214712051 0.5
4529374 214836855 0.5
4529374 214821339 0.5
2882769 214829887 1
2882769 214829878 1
2882769 214829882 0.5
2538624 214835111 1
2538624 214829878 1
2538624 214832780 0.5
2538624 214829887 0.5
4934902 214840091 1
4934902 214826825 1
4934902 214832154 0.5
912647 214821305 1
912647 214821309 1
912647 214837487 0.5
810254 214645618 1
810254 214546102 1
810254 214630042 0.5
810254 214685795 0.5
2699139 643078800 1
2699139 214836506 1
2699139 214829882 0.5
4095258 214835167 1
4095258 214829765 1
4095258 214829762 0.5
961842 214717562 1
961842 214821395 1
961842 214829334 0.5
961842 214829327 0.5
4685022 214837494 1
4685022 214847255 1
4685022 214847261 0.5
4685022 214602598 0.5
417083 214821277 1
417083 214821285 1
417083 214821290 0.5
6077756 214846119 1
6077756 214845954 1
6077756 214849010 0.5
6077756 214845965 0.5
1547581 214820844 1
1547581 214829336 1
1547581 214834880 0.5
1547581 214834877 0.5
9682253 214853420 1
9682253 214850942 1
9682253 214850949 0.5
6958431 214848952 1
6958431 214848947 1
6958431 214849022 0.5
6958431 214848954 0.5
6958431 214848941 0.5
6958431 214706214 0.5
7683426 214850932 1
7683426 214712235 1
7683426 214853145 0.5
7683426 214851279 0.5
6991214 214849318 1
6991214 214849320 1
6991214 214665277 0.5
5459324 214684715 1
5459324 214836525 1
5459324 214819627 0.5
7110014 214849132 1
7110014 214510460 1
7110014 214743821 0.5
2846081 214587697 1
2846081 214826818 1
2846081 214835017 0.5
6786442 214702895 1
6786442 214849185 1
6786442 214850304 0.5
6786442 214849286 0.5
6786442 214846031 0.5
6786442 214846033 0.5
6786442 214829878 0.5
6786442 214849179 0.5
3935639 214835109 1
3935639 214838227 1
3935639 214826990 0.5
9694618 214850310 1
9694618 214850282 1
9694618 214850291 0.5
8637851 214853094 1
8637851 214852978 1
8637851 214853248 0.5
8637851 214853105 0.5
4521373 214836855 1
4521373 214602598 1
4521373 214836853 0.5
4521373 214839967 0.5
3378592 214743495 1
3378592 214829878 1
3378592 214831948 0.5
28069 214826608 1
28069 214826801 1
28069 214826705 0.5
28069 214708370 0.5
28069 214826810 0.5
28069 214698577 0.5
5070262 214712051 1
5070262 214844332 1
5070262 214819468 0.5
7335846 214713950 1
7335846 214828882 1
7335846 214853758 0.5
3304938 214706180 1
3304938 214832126 1
3304938 214832128 0.5
69101 214826715 1
69101 214826955 1
69101 214826835 0.5
4410862 214829672 1
4410862 214835940 1
4410862 214587560 0.5
3329526 214829666 1
3329526 214826994 1
3329526 214832128 0.5
3329526 214826563 0.5
3329526 214837483 0.5
3329526 214832115 0.5
3329526 214832555 0.5
3329526 214832126 0.5
10979924 214744258 1
10979924 214857830 1
10979924 214700000 0.5
10979924 214712235 0.5
10979924 214680371 0.5
10979924 214857204 0.5
10979924 214704182 0.5
10979924 214835000 0.5
10979924 214701787 0.5
1248771 214821309 1
1248771 214821302 1
1248771 214821305 0.5
1248771 214586711 0.5
2145803 214586610 1
2145803 214821277 1
2145803 214743339 0.5
2145803 214684502 0.5
5566001 214845407 1
5566001 214845405 1
5566001 214640520 0.5
5566001 214826662 0.5
3345976 214826715 1
3345976 214718255 1
3345976 214819400 0.5
3345976 214706428 0.5
3345976 214684710 0.5
3345976 214673295 0.5
6381114 214848969 1
6381114 214846530 1
6381114 214848656 0.5
2190908 214836067 1
2190908 214820274 1
2190908 214820272 0.5
2190908 214836069 0.5
7821237 214850767 1
7821237 214533022 1
7821237 214612704 0.5
7821237 214551626 0.5
7821237 214844454 0.5
7821237 214844439 0.5
5811783 214846031 1
5811783 214846014 1
5811783 214845579 0.5
8453708 214851317 1
8453708 214853242 1
8453708 214821032 0.5
8453708 214850936 0.5
8453708 214849363 0.5
8453708 214850405 0.5
8453708 214849365 0.5
495904 214820227 1
495904 214535621 1
495904 214820233 0.5
3440216 214836795 1
3440216 214829773 1
3440216 214613741 0.5
3440216 214595150 0.5
6480071 214829392 1
6480071 214848337 1
6480071 214846427 0.5
6480071 214826990 0.5
6868578 214845407 1
6868578 214839982 1
6868578 214640520 0.5
6868578 214826662 0.5
9674343 214850754 1
9674343 214853420 1
9674343 214846033 0.5
9674343 214718220 0.5
9674343 214561494 0.5
2682478 214829887 1
2682478 214829882 1
2682478 214829878 0.5
396919 214819721 1
396919 214744535 1
396919 214748336 0.5
5246586 214536195 1
5246586 214536189 1
5246586 214811739 0.5
8773246 214853090 1
8773246 214851285 1
8773246 214853085 0.5
3563138 214835747 1
3563138 214835745 1
3563138 214587712 0.5
3563138 214835017 0.5
3563138 214600492 0.5
5546603 214846447 1
5546603 214839587 1
5546603 214839600 0.5
5546603 214829321 0.5
5546603 214820402 0.5
5546603 214687852 0.5
5546603 214706102 0.5
32393 214829285 1
32393 214820396 1
32393 214821380 0.5
4109591 214832143 1
4109591 214839892 1
4109591 214836932 0.5
4109591 214820938 0.5
4109591 214832780 0.5
4109591 214836881 0.5
4109591 214829850 0.5
4109591 214829852 0.5
2477708 214829878 1
2477708 214829882 1
2477708 214829885 0.5
1531542 214826664 1
1531542 214834877 1
1531542 214834880 0.5
1531542 214835002 0.5
1531542 214753515 0.5
1531542 214829852 0.5
9711261 214827022 1
9711261 214748282 1
9711261 214851120 0.5
9711261 214853758 0.5
667294 214821307 1
667294 214826912 1
667294 214844357 0.5
650912 214716984 1
650912 214716988 1
650912 214832655 0.5
6876841 214684702 1
6876841 214712237 1
6876841 214835120 0.5
6876841 214700002 0.5
6876841 214743515 0.5
7966384 214835126 1
7966384 214851279 1
7966384 214712235 0.5
6721222 214667857 1
6721222 214849020 1
6721222 214849762 0.5
6721222 214844398 0.5
5717703 214642779 1
5717703 214509135 1
5717703 214846462 0.5
6524616 214846535 1
6524616 214835109 1
6524616 214848950 0.5
6524616 214848328 0.5
6524616 214848682 0.5
6524616 214846127 0.5
6524616 214848656 0.5
6524616 214848630 0.5
6524616 214848377 0.5
7273079 214844396 1
7273079 214844372 1
7273079 214844400 0.5
7273079 214846112 0.5
7273079 214820231 0.5
7651812 214509401 1
7651812 214844454 1
7651812 214716977 0.5
3956432 214829887 1
3956432 214829878 1
3956432 214718252 0.5
8228573 214846389 1
8228573 214846391 1
8228573 214829379 0.5
8228573 214687685 0.5
8228573 214586668 0.5
8228573 214846035 0.5
8228573 214836830 0.5
8228573 214851135 0.5
9105607 214853094 1
9105607 214853105 1
9105607 214853090 0.5
9105607 214851326 0.5
7380703 214829362 1
7380703 214842733 1
7380703 214718400 0.5
7380703 214821377 0.5
7380703 214718405 0.5
7380703 214829672 0.5
5041893 214820261 1
5041893 214833802 1
5041893 214821277 0.5
2494191 214829880 1
2494191 214831948 1
2494191 214829878 0.5
4147838 214839960 1
4147838 214845131 1
4147838 214839973 0.5
4394757 214842553 1
4394757 214685747 1
4394757 214835109 0.5
4394757 214826990 0.5
6137189 214840584 1
6137189 214842555 1
6137189 214685782 0.5
1040138 214828995 1
1040138 214537967 1
1040138 214512425 0.5
7098123 214848337 1
7098123 214848410 1
7098123 214848328 0.5
7098123 214848377 0.5
7098123 214838227 0.5
7098123 214848380 0.5
7098123 214826990 0.5
9383699 214853420 1
9383699 214684730 1
9383699 214829880 0.5
9383699 214846033 0.5
9383699 214829878 0.5
2752276 214835747 1
2752276 214835475 1
2752276 214835017 0.5
2752276 214748334 0.5
1851353 214829861 1
1851353 214829865 1
1851353 214841640 0.5
1851353 214832717 0.5
6524696 214826904 1
6524696 214557232 1
6524696 214848313 0.5
6524696 214846127 0.5
9424666 214850310 1
9424666 214850285 1
9424666 214680371 0.5
9424666 214678644 0.5
9424666 214851279 0.5
9944862 214848658 1
9944862 214819378 1
9944862 214853130 0.5
9944862 214853767 0.5
5455649 214612901 1
5455649 214645385 1
5455649 214826722 0.5
5455649 214826747 0.5
4801841 214839973 1
4801841 214635493 1
4801841 214839600 0.5
4801841 214760897 0.5
4801841 214577450 0.5
2608937 214828963 1
2608937 214844439 1
2608937 214821302 0.5
7196458 214708044 1
7196458 214826833 1
7196458 214847968 0.5
7196458 214849389 0.5
1498924 214834877 1
1498924 214826610 1
1498924 214834880 0.5
1498924 214833755 0.5
1498924 214829387 0.5
1498924 214829366 0.5
7470902 214854632 1
7470902 214717007 1
7470902 214716928 0.5
7470902 214717005 0.5
7470902 214854630 0.5
4122829 214744235 1
4122829 214839639 1
4122829 214839962 0.5
4122829 214839971 0.5
4122829 214839965 0.5
1384276 214821339 1
1384276 214829019 1
1384276 214533020 0.5
1384276 214821309 0.5
1384276 214835743 0.5
10654061 214854354 1
10654061 214854352 1
10654061 214854536 0.5
10654061 214854577 0.5
10654061 214854510 0.5
6971227 214839973 1
6971227 214839971 1
6971227 214846530 0.5
6971227 214819490 0.5
7663452 214850938 1
7663452 214850743 1
7663452 214601233 0.5
7663452 214850771 0.5
1310563 214844439 1
1310563 214844394 1
1310563 214821305 0.5
1310563 214821302 0.5
8662884 214849102 1
8662884 214716977 1
8662884 214716984 0.5
9899894 214853698 1
9899894 214853730 1
9899894 214853707 0.5
9899894 214853702 0.5
11439996 214850387 1
11439996 214850743 1
11439996 214849468 0.5
11439996 214712244 0.5
8236928 214851152 1
8236928 214851097 1
8236928 214850790 0.5
10256259 214850949 1
10256259 214853422 1
10256259 214846031 0.5
10256259 214850947 0.5
10256259 214838107 0.5
10256259 214850942 0.5
10256259 214850287 0.5
3833737 214835745 1
3833737 214600492 1
3833737 214744265 0.5
9838443 214854547 1
9838443 214854534 1
9838443 214819577 0.5
9838443 214854300 0.5
9838443 214854579 0.5
9838443 214696676 0.5
1707331 214834875 1
1707331 214587069 1
1707331 214826805 0.5
6180763 214849010 1
6180763 214845879 1
6180763 214564320 0.5
6180763 214553257 0.5
9420702 214851082 1
9420702 214853398 1
9420702 214834871 0.5
4866033 214828991 1
4866033 214839641 1
4866033 214819760 0.5
4866033 214832145 0.5
4866033 214839932 0.5
8921002 214851326 1
8921002 214853105 1
8921002 214853090 0.5
9883578 214853730 1
9883578 214853767 1
9883578 214853702 0.5
2793413 214836875 1
2793413 214835475 1
2793413 214836847 0.5
9408457 214718216 1
9408457 214717061 1
9408457 214828952 0.5
5345229 214826987 1
5345229 214725506 1
5345229 214835548 0.5
5345229 214836879 0.5
4216141 214612738 1
4216141 214821339 1
4216141 214839592 0.5
8744927 214851326 1
8744927 214853090 1
8744927 214853096 0.5
8744927 214851581 0.5
8744927 214853094 0.5
7376869 214849031 1
7376869 214849250 1
7376869 214829775 0.5
9125864 214853094 1
9125864 214853248 1
9125864 214852978 0.5
5656556 214846031 1
5656556 214848298 1
5656556 214829880 0.5
5656556 214845917 0.5
5656556 214835019 0.5
5656556 214839973 0.5
5656556 214846007 0.5
1288872 214821302 1
1288872 214821305 1
1288872 214533026 0.5
1288872 214844394 0.5
1288872 214586711 0.5
6467572 214848656 1
6467572 214846530 1
6467572 214710097 0.5
4935678 214839956 1
4935678 214716639 1
4935678 214839977 0.5
