8314886 214850771 1
8314886 214850743 1
8314886 214561485 0.5
4841482 214836857 1
4841482 214845131 1
4841482 214839600 0.5
4841482 214602598 0.5
4841482 214586694 0.5
4186132 214839596 1
4186132 214831942 1
4186132 214838096 0.5
4186132 214839587 0.5
4186132 214831944 0.5
4186132 214842735 0.5
4186132 214819760 0.5
4186132 214540127 0.5
2277397 214844439 1
2277397 214844394 1
2277397 214821305 0.5
2277397 214821302 0.5
6479897 214848977 1
6479897 214848975 1
6479897 214849070 0.5
4560904 214509084 1
4560904 214533020 1
4560904 214820242 0.5
4560904 214821339 0.5
4560904 214512431 0.5
2498611 214748295 1
2498611 214748300 1
2498611 214753513 0.5
4321366 214834880 1
4321366 214834877 1
4321366 214829387 0.5
4321366 214820807 0.5
9265247 214853077 1
9265247 214852980 1
9265247 214851326 0.5
4690016 214839969 1
4690016 214839967 1
4690016 214836857 0.5
4690016 214826927 0.5
1630308 214582942 1
1630308 214829396 1
1630308 214821032 0.5
1630308 214826561 0.5
9066203 214849809 1
9066203 214848980 1
9066203 214711307 0.5
9066203 214567404 0.5
7639154 214853173 1
7639154 214851120 1
7639154 214676375 0.5
7639154 214675895 0.5
1323129 214844394 1
1323129 214844462 1
1323129 214821309 0.5
5595266 214846119 1
5595266 214845954 1
5595266 214555378 0.5
5595266 214845135 0.5
7716997 214853177 1
7716997 214853175 1
7716997 214853758 0.5
9375878 214850949 1
9375878 214684734 1
9375878 214684730 0.5
11518093 214857568 1
11518093 214853154 1
11518093 214837873 0.5
11518093 214853381 0.5
10319213 214567215 1
10319213 214567327 1
10319213 214854268 0.5
10319213 214854510 0.5
2760851 214837916 1
2760851 214837918 1
2760851 214835137 0.5
2297198 214831948 1
2297198 214829878 1
2297198 214829880 0.5
2297198 214829887 0.5
5484697 214844398 1
5484697 214844345 1
5484697 214579837 0.5
10379432 214854510 1
10379432 214854262 1
10379432 214567333 0.5
10379432 214567327 0.5
8652146 214853085 1
8652146 214853094 1
8652146 214851077 0.5
8652146 214853096 0.5
8652146 214716110 0.5
8652146 214851581 0.5
8652146 214853105 0.5
8652146 214851133 0.5
4268213 214826610 1
4268213 214834877 1
4268213 214836050 0.5
4268213 214829797 0.5
4436158 214811739 1
4436158 214587317 1
4436158 214587712 0.5
4436158 214675890 0.5
4436158 214829387 0.5
4436158 214553844 0.5
4436158 214819374 0.5
7483587 214575193 1
7483587 214836517 1
7483587 214840775 0.5
7483587 214850285 0.5
7483587 214849807 0.5
9408709 214850949 1
9408709 214850947 1
9408709 214853330 0.5
528582 214820227 1
528582 214535621 1
528582 214820231 0.5
11079884 214853102 1
11079884 214854782 1
11079884 214854787 0.5
9085136 214853105 1
9085136 214853085 1
9085136 214853096 0.5
4128981 214836577 1
4128981 214835107 1
4128981 214819760 0.5
4128981 214838105 0.5
8756603 214846119 1
8756603 214853165 1
8756603 214849010 0.5
1356004 214821350 1
1356004 214834880 1
1356004 214833755 0.5
8372456 214712237 1
8372456 214826987 1
8372456 214835126 0.5
10739946 214853077 1
10739946 214852980 1
10739946 214853105 0.5
1622254 214834877 1
1622254 214834880 1
1622254 214826610 0.5
10240241 214854060 1
10240241 214854065 1
10240241 214859062 0.5
2396402 214826803 1
2396402 214821285 1
2396402 214820383 0.5
6770932 214849031 1
6770932 214849157 1
6770932 214849757 0.5
10330369 214854517 1
10330369 214854536 1
10330369 214853767 0.5
8196362 214820443 1
8196362 214853115 1
8196362 214853128 0.5
8196362 214828952 0.5
8196362 214851737 0.5
8196362 214844158 0.5
8196362 214845879 0.5
11501838 214582942 1
11501838 214586923 1
11501838 214687753 0.5
8601893 214849807 1
8601893 214716971 1
8601893 214716937 0.5
8601893 214717003 0.5
8601893 214853094 0.5
8601893 214716977 0.5
4735277 214838105 1
4735277 214838098 1
4735277 214838096 0.5
4776239 214587317 1
4776239 214829775 1
4776239 214602598 0.5
10277176 214853094 1
10277176 214853248 1
10277176 214851326 0.5
2220347 214834877 1
2220347 214587697 1
2220347 214835017 0.5
2220347 214826563 0.5
2220347 214835747 0.5
2220347 214718379 0.5
2220347 214833755 0.5
10953024 214854815 1
10953024 214854819 1
10953024 214853730 0.5
8163654 214716982 1
8163654 214851167 1
8163654 214716928 0.5
8163654 214716984 0.5
8163654 214717867 0.5
8163654 214748327 0.5
9342676 214853420 1
9342676 214850945 1
9342676 214851122 0.5
9342676 214851075 0.5
9342676 214853342 0.5
10346839 214853677 1
10346839 214643036 1
10346839 214717867 0.5
10346839 214854159 0.5
8753501 214851326 1
8753501 214853105 1
8753501 214853096 0.5
4378444 214845129 1
4378444 214835017 1
4378444 214587712 0.5
1884523 214826709 1
1884523 214829855 1
1884523 214831946 0.5
1884523 214559317 0.5
8779696 214712237 1
8779696 214853145 1
8779696 214828963 0.5
8779696 214847942 0.5
8779696 214846475 0.5
8779696 214761838 0.5
8779696 214835120 0.5
8779696 214846391 0.5
8779696 214583610 0.5
8779696 214851583 0.5
4464098 214826565 1
4464098 214587317 1
4464098 214820402 0.5
4464098 214602733 0.5
4464098 214602598 0.5
6766963 214826990 1
6766963 214835167 1
6766963 214846432 0.5
9748852 214850949 1
9748852 214850945 1
9748852 214829880 0.5
9748852 214853428 0.5
2310518 214829878 1
2310518 214829887 1
2310518 214829880 0.5
2310518 214829379 0.5
8028536 214853227 1
8028536 214851748 1
8028536 214850405 0.5
9436566 214853420 1
9436566 214850945 1
9436566 214853422 0.5
6193552 214846378 1
6193552 214846385 1
6193552 214706445 0.5
4592026 214584815 1
4592026 214835167 1
4592026 214839962 0.5
4592026 214612901 0.5
3146144 214832115 1
3146144 214832124 1
3146144 214557223 0.5
7930279 214853122 1
7930279 214651554 1
7930279 214651562 0.5
4350706 214821285 1
4350706 214845129 1
4350706 214836881 0.5
4350706 214829102 0.5
7999921 214853177 1
7999921 214853175 1
7999921 214853758 0.5
9110942 214851326 1
9110942 214851581 1
9110942 214853090 0.5
9110942 214853094 0.5
7508626 214850743 1
7508626 214675895 1
7508626 214850771 0.5
7508626 214821022 0.5
1905081 214748338 1
1905081 214753513 1
1905081 214829657 0.5
1905081 214829366 0.5
1020353 214821401 1
1020353 214826908 1
1020353 214826872 0.5
1020353 214826876 0.5
2597316 214829878 1
2597316 214831948 1
2597316 214706452 0.5
2597316 214829885 0.5
11153867 214678376 1
11153867 214846119 1
11153867 214849010 0.5
4911564 214820383 1
4911564 214584907 1
4911564 214820227 0.5
9859533 214578011 1
9859533 214675888 1
9859533 214510460 0.5
8999379 214851326 1
8999379 214852978 1
8999379 214853248 0.5
8999379 214853090 0.5
5546456 214829878 1
5546456 214829882 1
5546456 214844400 0.5
5546456 214836932 0.5
5546456 214748336 0.5
5546456 214838225 0.5
5546456 214718162 0.5
5546456 214711348 0.5
5546456 214844342 0.5
5546456 214725508 0.5
5546456 214844347 0.5
3719641 214820231 1
3719641 214820263 1
3719641 214820265 0.5
852448 214826705 1
852448 214819490 1
852448 214826608 0.5
852448 214821290 0.5
852448 214584939 0.5
852448 214748340 0.5
4741201 214839956 1
4741201 214829760 1
4741201 214839977 0.5
1974762 214829887 1
1974762 214826955 1
1974762 214826627 0.5
9155076 214852980 1
9155076 214852978 1
9155076 214853077 0.5
3720621 214836924 1
3720621 214836932 1
3720621 214514640 0.5
2146833 214826662 1
2146833 214826668 1
2146833 214826664 0.5
2146833 214554510 0.5
3142162 214835747 1
3142162 214587712 1
3142162 214835017 0.5
291353 214716973 1
291353 214716939 1
291353 214716937 0.5
291353 214716980 0.5
11162139 214829042 1
11162139 214850947 1
11162139 214846029 0.5
11162139 214829887 0.5
9626142 214680371 1
9626142 214857830 1
9626142 214826987 0.5
11125282 214853102 1
11125282 214854782 1
11125282 214700000 0.5
11125282 214853100 0.5
11125282 214854853 0.5
3732013 214836932 1
3732013 214835109 1
3732013 214838227 0.5
4940337 214831948 1
4940337 214837288 1
4940337 214845352 0.5
4940337 214838092 0.5
10957362 214854793 1
10957362 214854787 1
10957362 214853460 0.5
7533121 214717320 1
7533121 214844439 1
7533121 214821305 0.5
414284 214716973 1
414284 214716971 1
414284 214716937 0.5
414284 214819468 0.5
8636517 214853758 1
8636517 214853177 1
8636517 214551776 0.5
8636517 214853173 0.5
11448942 214567215 1
11448942 214675888 1
11448942 214853135 0.5
4751988 214839960 1
4751988 214836857 1
4751988 214748336 0.5
4751988 214839600 0.5
4751988 214836330 0.5
4751988 214839967 0.5
2354622 214829846 1
2354622 214829863 1
2354622 214829711 0.5
5206651 214836868 1
5206651 214838092 1
5206651 214837280 0.5
9474688 214853077 1
9474688 214852980 1
9474688 214852978 0.5
6709891 214835473 1
6709891 214848688 1
6709891 214832792 0.5
6709891 214835017 0.5
6709891 214835019 0.5
6709891 214844396 0.5
2163332 214829861 1
2163332 214587388 1
2163332 214829863 0.5
9196167 214850949 1
9196167 214850947 1
9196167 214850945 0.5
1610396 214834877 1
1610396 214834880 1
1610396 214826837 0.5
1610396 214826998 0.5
1610396 214826615 0.5
3349957 214832126 1
3349957 214832128 1
3349957 214826563 0.5
3349957 214832124 0.5
11092652 214710152 1
11092652 214849247 1
11092652 214748336 0.5
11092652 214839587 0.5
11092652 214687845 0.5
11092652 214640017 0.5
11092652 214743495 0.5
11092652 214835473 0.5
11092652 214556334 0.5
11092652 214848656 0.5
11092652 214845457 0.5
11092652 214848658 0.5
11092652 214680725 0.5
11092652 214574672 0.5
11092652 214553561 0.5
11092652 214717562 0.5
11092652 214837882 0.5
11092652 214854174 0.5
11092652 214587317 0.5
9540272 214850771 1
9540272 214717888 1
9540272 214567408 0.5
9540272 214821024 0.5
9540272 214853105 0.5
7258808 214836879 1
7258808 214849745 1
7258808 214848305 0.5
1692353 214829390 1
1692353 214821350 1
1692353 214826610 0.5
6030018 214846067 1
6030018 214748336 1
6030018 214743495 0.5
2487002 214831946 1
2487002 214829878 1
2487002 214829882 0.5
191951 214717007 1
191951 214716926 1
191951 214716928 0.5
191951 214717003 0.5
191951 214717005 0.5
2872033 214844394 1
2872033 214844439 1
2872033 214844454 0.5
11114003 214717562 1
11114003 214854804 1
11114003 214574672 0.5
11114003 214851122 0.5
11114003 214854860 0.5
11114003 214848658 0.5
11114003 214743495 0.5
9405169 214836827 1
9405169 214595139 1
9405169 214774685 0.5
9790194 214820233 1
9790194 214820231 1
9790194 214829707 0.5
9790194 214820227 0.5
9790194 214821277 0.5
11055859 214854733 1
11055859 214853102 1
11055859 214714755 0.5
4743931 214836512 1
4743931 214839356 1
4743931 214839960 0.5
4743931 214601407 0.5
4743931 214838102 0.5
4743931 214839975 0.5
3771179 214836932 1
3771179 214836924 1
3771179 214835109 0.5
9401133 214839973 1
9401133 214851099 1
9401133 214834877 0.5
9401133 214835747 0.5
9401133 214601233 0.5
9401133 214835017 0.5
9401133 214835019 0.5
9401133 214835469 0.5
9401133 214845806 0.5
9401133 214845917 0.5
9401133 214848656 0.5
9401133 214838225 0.5
9401133 214684498 0.5
9401133 214851101 0.5
9401133 214844413 0.5
9401133 214836926 0.5
9401133 214827007 0.5
4518678 214748300 1
4518678 214748295 1
4518678 214748304 0.5
4518678 214753513 0.5
6247194 214849134 1
6247194 214849327 1
6247194 214848950 0.5
2622236 214826621 1
2622236 214826612 1
2622236 214826615 0.5
8089392 214851077 1
8089392 214851099 1
8089392 214851133 0.5
5239586 214837286 1
5239586 214837288 1
5239586 214560585 0.5
5239586 214746380 0.5
4789036 214687685 1
4789036 214836830 1
4789036 214836827 0.5
4657969 214839977 1
4657969 214839956 1
4657969 214829042 0.5
3126067 214835132 1
3126067 214836532 1
3126067 214835017 0.5
3904321 214821277 1
3904321 214835747 1
3904321 214821290 0.5
3904321 214840597 0.5
8983362 214853094 1
8983362 214853248 1
8983362 214853085 0.5
553808 214828987 1
553808 214571188 1
553808 214826912 0.5
553808 214558192 0.5
553808 214827000 0.5
10613609 214846391 1
10613609 214687475 1
10613609 214575193 0.5
10613609 214687685 0.5
10613609 214851135 0.5
9765744 214854264 1
9765744 214854268 1
9765744 214567329 0.5
9765744 214567215 0.5
2118522 214571010 1
2118522 214712124 1
2118522 214718210 0.5
1893253 214826662 1
1893253 214554510 1
1893253 214826666 0.5
1893253 214835574 0.5
9847687 214853432 1
9847687 214853720 1
9847687 214709595 0.5
2879639 214829880 1
2879639 214831948 1
2879639 214829878 0.5
4703121 214839956 1
4703121 214839977 1
4703121 214829102 0.5
615321 214819586 1
615321 214748297 1
615321 214821365 0.5
9352093 214853165 1
9352093 214678376 1
9352093 214853075 0.5
1532841 214844439 1
1532841 214835021 1
1532841 214551913 0.5
1532841 214839371 0.5
1532841 214677821 0.5
3077037 214835017 1
3077037 214835019 1
3077037 214587712 0.5
7689134 214835126 1
7689134 214677615 1
7689134 214587328 0.5
7689134 214850743 0.5
4539312 214845131 1
4539312 214839973 1
4539312 214829280 0.5
4539312 214602598 0.5
9900979 214850758 1
9900979 214718220 1
9900979 214853698 0.5
9900979 214677615 0.5
5141428 214845352 1
5141428 214837288 1
5141428 214714757 0.5
5141428 214845577 0.5
5141428 214845579 0.5
5141428 214838092 0.5
5141428 214829878 0.5
5141428 214832156 0.5
5202878 214835473 1
5202878 214845435 1
5202878 214839932 0.5
10010101 214849344 1
10010101 214854545 1
10010101 214848808 0.5
10010101 214845986 0.5
8823751 214853094 1
8823751 214852978 1
8823751 214853248 0.5
10126308 214710097 1
10126308 214826670 1
10126308 214678629 0.5
10126308 214716645 0.5
10421221 214853996 1
10421221 214854549 1
10421221 214854176 0.5
10421221 214854545 0.5
10421221 214854148 0.5
10421221 214684502 0.5
3294189 214829769 1
3294189 214829773 1
3294189 214836926 0.5
2352129 214829878 1
2352129 214600509 1
2352129 214829880 0.5
8516614 214850405 1
8516614 214819779 1
8516614 214856604 0.5
1422344 214821341 1
1422344 214821309 1
1422344 214835743 0.5
1422344 214821302 0.5
1422344 214586711 0.5
3826697 214645967 1
3826697 214612706 1
3826697 214612704 0.5
3826697 214840483 0.5
3826697 214533022 0.5
3826697 214820263 0.5
4846609 214839969 1
4846609 214845131 1
4846609 214838225 0.5
4846609 214657322 0.5
4846609 214829850 0.5
4846609 214836926 0.5
4846609 214838137 0.5
62488 214698581 1
62488 214698577 1
62488 214698465 0.5
9417754 214853420 1
9417754 214850942 1
9417754 214850947 0.5
9417754 214853422 0.5
312348 214826623 1
312348 214826627 1
312348 214708370 0.5
312348 214826799 0.5
5862436 214846256 1
5862436 214839607 1
5862436 214829385 0.5
5862436 214845587 0.5
5862436 214846333 0.5
5862436 214846462 0.5
1057829 214827011 1
1057829 214827009 1
1057829 214826747 0.5
1057829 214821388 0.5
9544743 214853342 1
9544743 214700002 1
9544743 214846344 0.5
9544743 214850945 0.5
9544743 214848185 0.5
10814509 214854782 1
10814509 214854785 1
10814509 214855016 0.5
10814509 214853113 0.5
10814509 214854298 0.5
5567534 214575667 1
5567534 214684498 1
5567534 214575665 0.5
5567534 214684502 0.5
2323509 214829846 1
2323509 214832717 1
2323509 214829711 0.5
1090616 214844634 1
1090616 214829745 1
1090616 214828995 0.5
8026976 214851585 1
8026976 214678387 1
8026976 214853169 0.5
8021069 214587028 1
8021069 214850625 1
8021069 214676306 0.5
8021069 214850743 0.5
11199578 214510447 1
11199578 214861532 1
11199578 214853072 0.5
11199578 214854707 0.5
11199578 214849132 0.5
11199578 214510445 0.5
2229339 214540127 1
2229339 214826983 1
2229339 214714757 0.5
2229339 214829878 0.5
2229339 214600509 0.5
10232924 214854583 1
10232924 214687475 1
10232924 214854352 0.5
3524796 214836847 1
3524796 214832128 1
3524796 214836851 0.5
5660178 214848997 1
5660178 214845917 1
5660178 214846007 0.5
5660178 214846447 0.5
119929 214800268 1
119929 214820402 1
119929 214709666 0.5
119929 214826715 0.5
119929 214744775 0.5
119929 214826606 0.5
119929 214581551 0.5
119929 214819762 0.5
119929 214714779 0.5
11522508 214854782 1
11522508 214853102 1
11522508 214845986 0.5
11522508 214711556 0.5
11522508 214854855 0.5
11522508 214855016 0.5
11522508 214853707 0.5
11522508 214853362 0.5
11522508 214848658 0.5
11522508 214854356 0.5
11522508 214854298 0.5
11522508 214851133 0.5
11522508 214854815 0.5
8889471 214853248 1
8889471 214853094 1
8889471 214853184 0.5
8889471 214851579 0.5
8889471 214716671 0.5
8471681 214821313 1
8471681 214716982 1
8471681 214844454 0.5
754831 214826904 1
754831 214760897 1
754831 214826912 0.5
754831 214800272 0.5
754831 214828987 0.5
754831 214837485 0.5
9077914 214853096 1
9077914 214853105 1
9077914 214695234 0.5
9077914 214850932 0.5
9077914 214851150 0.5
9053342 214853321 1
9053342 214853325 1
9053342 214853096 0.5
460997 214698446 1
460997 214837485 1
460997 214837490 0.5
460997 214837487 0.5
8004772 214853233 1
8004772 214851167 1
8004772 214849363 0.5
8004772 214850405 0.5
8914096 214853248 1
8914096 214852978 1
8914096 214853085 0.5
8914096 214851326 0.5
8158067 214844458 1
8158067 214844394 1
8158067 214844456 0.5
11443063 214567329 1
11443063 214684785 1
11443063 214853735 0.5
11443063 214743339 0.5
11443063 214854358 0.5
11443063 214854264 0.5
11443063 214684762 0.5
11443063 214677821 0.5
11443063 214853726 0.5
223437 214826803 1
223437 214821285 1
223437 214508563 0.5
87253 214821277 1
87253 214821292 1
87253 214826702 0.5
6124767 214848337 1
6124767 214848377 1
6124767 214573277 0.5
8905957 214853096 1
8905957 214853105 1
8905957 214853248 0.5
8905957 214851131 0.5
8905957 214853085 0.5
8905957 214853094 0.5
6268138 214848380 1
6268138 214848337 1
6268138 214835109 0.5
6223094 214845958 1
6223094 214848165 1
6223094 214845982 0.5
9303296 214854172 1
9303296 214850790 1
9303296 214853698 0.5
9303296 214850743 0.5
7886092 214850936 1
7886092 214850720 1
7886092 214850756 0.5
7886092 214850700 0.5
7886092 214850621 0.5
1297533 214829327 1
1297533 214820807 1
1297533 214586694 0.5
3265818 214829880 1
3265818 214826844 1
3265818 214829878 0.5
10667304 214853762 1
10667304 214849245 1
10667304 214554950 0.5
10114346 214850949 1
10114346 214850945 1
10114346 214853422 0.5
6059311 214835167 1
6059311 214826833 1
6059311 214712132 0.5
6059311 214848997 0.5
6059311 214838225 0.5
6059311 214848596 0.5
6059311 214835109 0.5
6059311 214848159 0.5
4621618 214821285 1
4621618 214821277 1
4621618 214584939 0.5
2770239 214829085 1
2770239 214820227 1
2770239 214584907 0.5
2925889 214832115 1
2925889 214832124 1
2925889 214835122 0.5
2925889 214839607 0.5
9639241 214853700 1
9639241 214848688 1
9639241 214601233 0.5
9639241 214849194 0.5
9639241 214849757 0.5
9639241 214846007 0.5
5805396 214844439 1
5805396 214844394 1
5805396 214821315 0.5
5805396 214844452 0.5
5805396 214821309 0.5
5805396 214844465 0.5
5805396 214821305 0.5
5805396 214821341 0.5
11277657 214864880 1
11277657 214853102 1
11277657 214857568 0.5
3024222 214829885 1
3024222 214829880 1
3024222 214829878 0.5
11179361 214567215 1
11179361 214853996 1
11179361 214845986 0.5
11179361 214854545 0.5
11179361 214845521 0.5
11179361 214854549 0.5
11179361 214854264 0.5
11179361 214851133 0.5
11179361 214854495 0.5
3859821 214839937 1
3859821 214828991 1
3859821 214829765 0.5
4858088 214839965 1
4858088 214836879 1
4858088 214838105 0.5
4858088 214684730 0.5
4858088 214584092 0.5
4858088 214829878 0.5
4858088 214829887 0.5
3274098 214839982 1
3274098 214820220 1
3274098 214829852 0.5
3274098 214743335 0.5
6411637 214845131 1
6411637 214845583 1
6411637 214845435 0.5
406902 214827020 1
406902 214821272 1
406902 214826705 0.5
10700159 214853325 1
10700159 214853321 1
10700159 214826987 0.5
3958151 214829878 1
3958151 214829880 1
3958151 214838105 0.5
3958151 214838098 0.5
3958151 214826955 0.5
9700756 214850743 1
9700756 214850771 1
9700756 214850872 0.5
9700756 214853865 0.5
9700756 214850938 0.5
9700756 214854148 0.5
9700756 214853342 0.5
2182444 214602605 1
2182444 214629264 1
2182444 214705993 0.5
2182444 214718255 0.5
2182444 214695412 0.5
2182444 214717511 0.5
198069 214833800 1
198069 214821277 1
198069 214820231 0.5
8795721 214706216 1
8795721 214534655 1
8795721 214857039 0.5
3741258 214847649 1
3741258 214580293 1
3741258 214829368 0.5
4933057 214845579 1
4933057 214845354 1
4933057 214845352 0.5
378307 214821285 1
378307 214821277 1
378307 214820231 0.5
10733007 214853724 1
10733007 214854495 1
10733007 214853728 0.5
10733007 214853732 0.5
10733007 214853735 0.5
42456 214821380 1
42456 214820261 1
42456 214833800 0.5
42456 214833802 0.5
9778654 214853730 1
9778654 214853702 1
9778654 214853767 0.5
1521144 214826563 1
1521144 214711280 1
1521144 214662759 0.5
6362617 214846415 1
6362617 214844402 1
6362617 214848688 0.5
8906237 214853090 1
8906237 214851326 1
8906237 214853085 0.5
8906237 214853094 0.5
10782209 214712242 1
10782209 214853102 1
10782209 214854682 0.5
7538186 214821313 1
7538186 214850771 1
7538186 214850747 0.5
7538186 214844454 0.5
6895117 214835017 1
6895117 214832604 1
6895117 214848808 0.5
4298254 214587712 1
4298254 214835017 1
4298254 214600492 0.5
4875182 214632146 1
4875182 214829885 1
4875182 214831950 0.5
10999323 214854174 1
10999323 214853724 1
10999323 214567329 0.5
10999323 214853732 0.5
10999323 214567215 0.5
3905058 214836947 1
3905058 214820452 1
3905058 214829788 0.5
1628973 214829366 1
1628973 214826589 1
1628973 214829387 0.5
1628973 214834877 0.5
5695029 214835126 1
5695029 214695540 1
5695029 214587328 0.5
5695029 214684702 0.5
2573878 214836515 1
2573878 214831948 1
2573878 214829887 0.5
3761731 214820220 1
3761731 214718169 1
3761731 214676962 0.5
3761731 214821022 0.5
6100551 214846029 1
6100551 214829885 1
6100551 214846031 0.5
517249 214837483 1
517249 214544357 1
517249 214837490 0.5
517249 214837487 0.5
6235589 214849076 1
6235589 214848692 1
6235589 214848328 0.5
6235589 214849275 0.5
6235589 214846535 0.5
7353954 214848377 1
7353954 214848337 1
7353954 214848410 0.5
857698 214748295 1
857698 214840483 1
857698 214753505 0.5
9262691 214849012 1
9262691 214851313 1
9262691 214850754 0.5
9262691 214853128 0.5
9262691 214585547 0.5
9262691 214718220 0.5
9262691 214850743 0.5
9262691 214821022 0.5
3683942 214835167 1
3683942 214832557 1
3683942 214836924 0.5
3683942 214835012 0.5
9011016 214850765 1
9011016 214848845 1
9011016 214651777 0.5
9011016 214836932 0.5
9011016 214851313 0.5
9011016 214850771 0.5
9011016 214851315 0.5
9011016 214836924 0.5
1736979 214844394 1
1736979 214821302 1
1736979 214821305 0.5
1736979 214844450 0.5
1736979 214844439 0.5
1615477 214829379 1
1615477 214826711 1
1615477 214829850 0.5
1615477 214753515 0.5
1615477 214800262 0.5
8829204 214826670 1
8829204 214849057 1
8829204 214716930 0.5
8829204 214840483 0.5
8829204 214677830 0.5
6600314 214849020 1
6600314 214848945 1
6600314 214848954 0.5
6600314 214553653 0.5
8492679 214828882 1
8492679 214853758 1
8492679 214853173 0.5
8492679 214853175 0.5
6895248 214849292 1
6895248 214829317 1
6895248 214839311 0.5
10929809 214853102 1
10929809 214854782 1
10929809 214864880 0.5
3950227 214838227 1
3950227 214826615 1
3950227 214829387 0.5
9901742 214844396 1
9901742 214849734 1
9901742 214849760 0.5
9901742 214849320 0.5
9901742 214846415 0.5
9901742 214556212 0.5
9901742 214859062 0.5
9901742 214678104 0.5
9901742 214853147 0.5
5109423 214839977 1
5109423 214845131 1
5109423 214839956 0.5
4888246 214836924 1
4888246 214845587 1
4888246 214837280 0.5
4888246 214850402 0.5
4888246 214800262 0.5
4888246 214835111 0.5
4888246 214832780 0.5
4888246 214748334 0.5
3868343 214829788 1
3868343 214829771 1
3868343 214829762 0.5
3868343 214576899 0.5
3868343 214835012 0.5
3868343 214650609 0.5
3868343 214832747 0.5
3868343 214561453 0.5
3868343 214578577 0.5
3868343 214829366 0.5
3868343 214836932 0.5
3868343 214836924 0.5
4781752 214838105 1
4781752 214838098 1
4781752 214712120 0.5
4781752 214845577 0.5
4781752 214684730 0.5
3782331 214836932 1
3782331 214838227 1
3782331 214819374 0.5
3782331 214839395 0.5
3782331 214835109 0.5
3782331 214832747 0.5
10291456 214716928 1
10291456 214717005 1
10291456 214716947 0.5
10291456 214717007 0.5
3794637 214706428 1
3794637 214718255 1
3794637 214584092 0.5
9615054 214850949 1
9615054 214850945 1
9615054 214853422 0.5
4056698 214835109 1
4056698 214829387 1
4056698 214834880 0.5
4056698 214829762 0.5
4056698 214717286 0.5
4056698 214819374 0.5
4056698 214820400 0.5
4056698 214821015 0.5
4056698 214556025 0.5
4056698 214834877 0.5
1808101 214826666 1
1808101 214826664 1
1808101 214844497 0.5
1808101 214826662 0.5
7857912 214851120 1
7857912 214853173 1
7857912 214853177 0.5
7857912 214828882 0.5
9193214 214696824 1
9193214 214699025 1
9193214 214853105 0.5
9193214 214819412 0.5
9193214 214826833 0.5
9193214 214697079 0.5
271317 214826816 1
271317 214829312 1
271317 214685795 0.5
271317 214553604 0.5
5584648 214839973 1
5584648 214848997 1
5584648 214581489 0.5
2373389 214829880 1
2373389 214836515 1
2373389 214829882 0.5
6141714 214845879 1
6141714 214821384 1
6141714 214829739 0.5
6141714 214844252 0.5
6141714 214846119 0.5
4466464 214836512 1
4466464 214831970 1
4466464 214838105 0.5
9942818 214854159 1
9942818 214853865 1
9942818 214854125 0.5
2139949 214829321 1
2139949 214835124 1
2139949 214834880 0.5
2139949 214819721 0.5
2139949 214711556 0.5
2139949 214819430 0.5
2139949 214584047 0.5
10147642 214854060 1
10147642 214853713 1
10147642 214853698 0.5
10147642 214854118 0.5
10147642 214853702 0.5
3000131 214826705 1
3000131 214573123 1
3000131 214826816 0.5
3000131 214831937 0.5
3000131 214835132 0.5
3000131 214829668 0.5
3000131 214829390 0.5
5543753 214835428 1
5543753 214835426 1
5543753 214826949 0.5
2787149 214831940 1
2787149 214826947 1
2787149 214835503 0.5
6947128 214821309 1
6947128 214844439 1
6947128 214844458 0.5
6947128 214844447 0.5
1881947 214829861 1
1881947 214832717 1
1881947 214835582 0.5
1881947 214820263 0.5
7001948 214832015 1
7001948 214849070 1
7001948 214820186 0.5
7001948 214850285 0.5
7001948 214846031 0.5
6653789 214848596 1
6653789 214835167 1
6653789 214845954 0.5
6649703 214849318 1
6649703 214849322 1
6649703 214849179 0.5
5789557 214845917 1
5789557 214846001 1
5789557 214845984 0.5
5789557 214846033 0.5
5789557 214829878 0.5
5789557 214838105 0.5
5789557 214845980 0.5
5789557 214846014 0.5
1353594 214826589 1
1353594 214833755 1
1353594 214821412 0.5
1103743 214827011 1
1103743 214640893 1
1103743 214571904 0.5
1103743 214744530 0.5
1103743 214820844 0.5
587656 214821302 1
587656 214821305 1
587656 214821300 0.5
587656 214829310 0.5
2983837 214837918 1
2983837 214837916 1
2983837 214748336 0.5
2983837 214579288 0.5
2983837 214835124 0.5
1418224 214709638 1
1418224 214829390 1
1418224 214826818 0.5
7710633 214849760 1
7710633 214844396 1
7710633 214819691 0.5
7710633 214651517 0.5
3413933 214829880 1
3413933 214829887 1
3413933 214712120 0.5
3413933 214826835 0.5
3413933 214826955 0.5
3413933 214829878 0.5
3413933 214673295 0.5
8677296 214851101 1
8677296 214851135 1
8677296 214846391 0.5
7591859 214850852 1
7591859 214850413 1
7591859 214595139 0.5
5893108 214821382 1
5893108 214846010 1
5893108 214846312 0.5
9157621 214852978 1
9157621 214853094 1
9157621 214853248 0.5
9157621 214853090 0.5
9157621 214853077 0.5
8120256 214853242 1
8120256 214844345 1
8120256 214850700 0.5
8120256 214665277 0.5
8120256 214826623 0.5
5396428 214844345 1
5396428 214819468 1
5396428 214826990 0.5
8824791 214851581 1
8824791 214846067 1
8824791 214820345 0.5
8824791 214706102 0.5
4577244 214839971 1
4577244 214838227 1
4577244 214836847 0.5
8898529 214853135 1
8898529 214851748 1
8898529 214853233 0.5
3109883 214835017 1
3109883 214587712 1
3109883 214835747 0.5
10913141 214569729 1
10913141 214854313 1
10913141 214691621 0.5
9279467 214835004 1
9279467 214850947 1
9279467 214849764 0.5
9279467 214853340 0.5
9279467 214853417 0.5
10287084 214831946 1
10287084 214850945 1
10287084 214717511 0.5
6043631 214846067 1
6043631 214846127 1
6043631 214748336 0.5
8038388 214844345 1
8038388 214846447 1
8038388 214849250 0.5
8038388 214828982 0.5
8038388 214820807 0.5
8038388 214851581 0.5
8038388 214850700 0.5
8038388 214844398 0.5
8038388 214846479 0.5
8038388 214848656 0.5
8038388 214710097 0.5
8038388 214844342 0.5
8038388 214834877 0.5
9778639 214849764 1
9778639 214853426 1
9778639 214821371 0.5
9778639 214705734 0.5
9778639 214853454 0.5
8624119 214853090 1
8624119 214851326 1
8624119 214853248 0.5
8624119 214852978 0.5
8624119 214853085 0.5
8624119 214853094 0.5
10405883 214854345 1
10405883 214853730 1
10405883 214854555 0.5
4569089 214845129 1
4569089 214829850 1
4569089 214838105 0.5
7122604 214846472 1
7122604 214845962 1
7122604 214667912 0.5
7122604 214849745 0.5
7122604 214835428 0.5
4974608 214546123 1
4974608 214829730 1
4974608 214829312 0.5
182293 214826833 1
182293 214826606 1
182293 214826715 0.5
1115142 214829310 1
1115142 214821339 1
1115142 214844458 0.5
1115142 214612708 0.5
1115142 214551626 0.5
11556904 214686879 1
11556904 214848986 1
11556904 214686864 0.5
5195819 214837494 1
5195819 214842735 1
5195819 214821032 0.5
5195819 214535985 0.5
5195819 214717742 0.5
7567404 214717007 1
7567404 214716926 1
7567404 214716945 0.5
7567404 214554358 0.5
9217033 214853342 1
9217033 214826987 1
9217033 214857830 0.5
6518846 214848851 1
6518846 214848613 1
6518846 214829852 0.5
6518846 214821407 0.5
575558 214826837 1
575558 214826908 1
575558 214577450 0.5
575558 214549277 0.5
575558 214717562 0.5
575558 214716902 0.5
575558 214743495 0.5
3110984 214837916 1
3110984 214837918 1
3110984 643078800 0.5
8734796 214851077 1
8734796 214851122 1
8734796 214821022 0.5
8734796 214716110 0.5
8734796 214851581 0.5
4388947 214838105 1
4388947 214838096 1
4388947 214836881 0.5
1972308 214748295 1
1972308 214753505 1
1972308 214753513 0.5
6490213 214845971 1
6490213 214845962 1
6490213 214532107 0.5
6490213 214565557 0.5
7059558 214849740 1
7059558 214651777 1
7059558 214849745 0.5
7059558 214844355 0.5
7059558 214849742 0.5
11077738 214854860 1
11077738 214854733 1
11077738 214854836 0.5
3438703 214826610 1
3438703 214834880 1
3438703 214573288 0.5
3438703 214835019 0.5
3438703 214573277 0.5
3410038 214826893 1
3410038 214826829 1
3410038 214711408 0.5
3410038 214718396 0.5
3410038 214829882 0.5
3410038 214711307 0.5
3410038 214831948 0.5
4446338 214835747 1
4446338 214826565 1
4446338 214839960 0.5
4446338 214835017 0.5
4446338 214839587 0.5
4446338 214839973 0.5
4446338 214601233 0.5
8628359 214851131 1
8628359 214851163 1
8628359 214716746 0.5
628873 214840378 1
628873 214820844 1
628873 214821307 0.5
2676874 214835747 1
2676874 214826565 1
2676874 214835017 0.5
2676874 214648363 0.5
2676874 214587697 0.5
7870618 214849250 1
7870618 214848337 1
7870618 214834877 0.5
719003 214821277 1
719003 214821285 1
719003 214841640 0.5
7776412 214850938 1
7776412 214850743 1
7776412 214850402 0.5
7776412 214845585 0.5
7776412 214557095 0.5
7776412 214600492 0.5
7776412 214845583 0.5
7776412 214601233 0.5
7776412 214845885 0.5
9681056 214853420 1
9681056 214853422 1
9681056 214853330 0.5
9689258 214850947 1
9689258 214853420 1
9689258 214850949 0.5
563371 214821341 1
563371 214821309 1
563371 214821305 0.5
563371 214586711 0.5
563371 214551617 0.5
7841976 214849132 1
7841976 214712242 1
7841976 214510445 0.5
4733116 214839356 1
4733116 214831970 1
4733116 214538820 0.5
4733116 214839382 0.5
10893502 214835000 1
10893502 214854722 1
10893502 214710013 0.5
8833221 214716984 1
8833221 214716982 1
8833221 214716965 0.5
8833221 214832655 0.5
5814477 214846460 1
5814477 214845422 1
5814477 214846035 0.5
5814477 214586668 0.5
10135763 214853730 1
10135763 214853767 1
10135763 214853713 0.5
10135763 214853698 0.5
9271509 214853420 1
9271509 214835004 1
9271509 214853330 0.5
9271509 214831955 0.5
6916312 214828989 1
6916312 214848986 1
6916312 214851009 0.5
6916312 214696899 0.5
6916312 214712709 0.5
6916312 214821367 0.5
11012313 214567327 1
11012313 214686864 1
11012313 214837873 0.5
11012313 214854549 0.5
7840124 214717003 1
7840124 214716977 1
7840124 214717867 0.5
2627833 214829878 1
2627833 214831946 1
2627833 214831965 0.5
2627833 214829887 0.5
8149248 214716714 1
8149248 214851028 1
8149248 214684734 0.5
3885313 214836512 1
3885313 214838109 1
3885313 214711297 0.5
3885313 214509155 0.5
3885313 214509148 0.5
3885313 214539238 0.5
5835011 214846031 1
5835011 214845917 1
5835011 214846033 0.5
5835011 214712235 0.5
6494468 214849070 1
6494468 214826715 1
6494468 214673295 0.5
9073709 214853105 1
9073709 214853096 1
9073709 214853085 0.5
11229456 214853340 1
11229456 214853100 1
11229456 214556212 0.5
11229456 214684717 0.5
11229456 214854791 0.5
10836246 214854853 1
10836246 214864880 1
10836246 214854840 0.5
10836246 214853100 0.5
10836246 214854842 0.5
10836246 214854699 0.5
10836246 214854860 0.5
8877787 214853132 1
8877787 214853210 1
8877787 214853237 0.5
8877787 214853222 0.5
1889506 214600468 1
1889506 214602605 1
1889506 214581489 0.5
1889506 214712235 0.5
1889506 214559317 0.5
1889506 214680371 0.5
1889506 214548103 0.5
7342383 214819378 1
7342383 214819380 1
7342383 214835137 0.5
6138166 214845489 1
6138166 214848305 1
6138166 214541582 0.5
9906492 214853713 1
9906492 214675888 1
9906492 214853698 0.5
7515919 214846389 1
7515919 214716971 1
7515919 214706216 0.5
7515919 214819772 0.5
7515919 214774685 0.5
7515919 214716926 0.5
7891278 214545879 1
7891278 214845422 1
7891278 214849048 0.5
7891278 214651777 0.5
7891278 214849762 0.5
7891278 214850771 0.5
7891278 214851032 0.5
2399972 214827013 1
2399972 214551695 1
2399972 214829878 0.5
6274789 214835745 1
6274789 214820400 1
6274789 214848695 0.5
3841083 214836924 1
3841083 214836932 1
3841083 214829765 0.5
9656692 214853420 1
9656692 214853422 1
9656692 214848185 0.5
9656692 214853147 0.5
9656692 214844396 0.5
11024758 214853102 1
11024758 214701787 1
11024758 214854860 0.5
3629043 214835167 1
3629043 214829765 1
3629043 214559672 0.5
11499911 214561434 1
11499911 214853992 1
11499911 214684942 0.5
4741513 214534220 1
4741513 214839583 1
4741513 214839973 0.5
11196814 214854515 1
11196814 214854517 1
11196814 214854538 0.5
8829337 214849322 1
8829337 214851080 1
8829337 214848851 0.5
8829337 214851575 0.5
8829337 214716671 0.5
5970329 214829880 1
5970329 214744258 1
5970329 214700000 0.5
5970329 214846033 0.5
5970329 214700002 0.5
5970329 214846031 0.5
9759148 214853730 1
9759148 214853724 1
9759148 214854527 0.5
9759148 214838111 0.5
9759148 214708307 0.5
9759148 214846007 0.5
9563208 214711307 1
9563208 214848980 1
9563208 214853426 0.5
1378741 214748300 1
1378741 214753513 1
1378741 214753505 0.5
10119609 214853096 1
10119609 214853094 1
10119609 214853077 0.5
1993151 214829846 1
1993151 214829711 1
1993151 214829865 0.5
7955531 214853175 1
7955531 214853177 1
7955531 214828882 0.5
7955531 214853173 0.5
10582481 214853325 1
10582481 214854549 1
10582481 214854545 0.5
10582481 214854495 0.5
8993234 214851326 1
8993234 214853090 1
8993234 214853094 0.5
8411603 214851122 1
8411603 214851099 1
8411603 214851013 0.5
8411603 214851069 0.5
8411603 214851133 0.5
4495829 214845131 1
4495829 214587317 1
4495829 214839960 0.5
4495829 214839973 0.5
4471271 214839596 1
4471271 214712237 1
4471271 214700002 0.5
9468392 214850709 1
9468392 214853154 1
9468392 214853347 0.5
9468392 214853381 0.5
10152426 214853992 1
10152426 214853846 1
10152426 214853865 0.5
10152426 214853994 0.5
2273021 214829885 1
2273021 214831950 1
2273021 214829880 0.5
2885578 214829887 1
2885578 214836129 1
2885578 214832730 0.5
2885578 214834867 0.5
2083356 214829385 1
2083356 214835002 1
2083356 214835750 0.5
5884451 214844402 1
5884451 214849275 1
5884451 214848328 0.5
5884451 214848377 0.5
5884451 214848330 0.5
5884451 214567875 0.5
11082278 214567215 1
11082278 214853100 1
11082278 214684785 0.5
11082278 214684762 0.5
11082278 214820186 0.5
11082278 214854577 0.5
6314553 214848926 1
6314553 214848845 1
6314553 214848982 0.5
11172411 214854853 1
11172411 214854782 1
11172411 214714755 0.5
11172411 214850310 0.5
9538118 214853212 1
9538118 214595139 1
9538118 214717331 0.5
7465544 214850790 1
7465544 214850405 1
7465544 214849363 0.5
5270097 214844407 1
5270097 214835137 1
5270097 214640353 0.5
5270097 214712132 0.5
5270097 214848159 0.5
2443863 214835747 1
2443863 214587712 1
2443863 214835017 0.5
6830682 214849097 1
6830682 214849132 1
6830682 214510445 0.5
10320477 214853677 1
10320477 214854159 1
10320477 214851714 0.5
8346206 214851290 1
8346206 214851232 1
8346206 214564380 0.5
8346206 214554982 0.5
9869921 214853726 1
9869921 214684762 1
9869921 214850936 0.5
9869921 214854510 0.5
9157241 214853077 1
9157241 214852980 1
9157241 214829672 0.5
9157241 214829668 0.5
6941306 214850362 1
6941306 214848337 1
6941306 214844396 0.5
838268 214821309 1
838268 214821307 1
838268 214553604 0.5
3697282 214839341 1
3697282 214845127 1
3697282 214645618 0.5
5110409 214560534 1
5110409 214845356 1
5110409 214845577 0.5
5622416 214846033 1
5622416 214846029 1
5622416 214848997 0.5
3496598 214844462 1
3496598 214844439 1
3496598 214551626 0.5
3496598 214612708 0.5
8854169 214850285 1
8854169 214846014 1
8854169 214829880 0.5
8854169 214850945 0.5
8854169 214846031 0.5
2341531 214602605 1
2341531 214717511 1
2341531 214581489 0.5
2341531 214512611 0.5
2341531 214695412 0.5
2341531 214712237 0.5
2341531 214680371 0.5
1387167 214826610 1
1387167 214821412 1
1387167 214821410 0.5
7371444 214819410 1
7371444 214828963 1
7371444 214828970 0.5
11045563 214853102 1
11045563 214854785 1
11045563 214853100 0.5
1272516 214748293 1
1272516 214714721 1
1272516 214748338 0.5
10132168 214854262 1
10132168 214567333 1
10132168 214684785 0.5
10132168 214853726 0.5
8491469 214844439 1
8491469 214844458 1
8491469 214551626 0.5
4213882 214829327 1
4213882 214748310 1
4213882 214829325 0.5
4213882 214602598 0.5
4213882 214587317 0.5
7686879 214845962 1
7686879 214846119 1
7686879 214582200 0.5
7686879 214845971 0.5
1022688 214840483 1
1022688 214821395 1
1022688 214821392 0.5
1022688 214716707 0.5
2890467 214832717 1
2890467 214829705 1
2890467 214532107 0.5
6965992 214848952 1
6965992 214848941 1
6965992 214848945 0.5
6965992 214848954 0.5
6965992 214849020 0.5
6965992 214849022 0.5
7017596 214716982 1
7017596 214849747 1
7017596 214716984 0.5
7017596 214832657 0.5
7017596 214717007 0.5
7017596 214832655 0.5
4573946 214710152 1
4573946 214709970 1
4573946 214847000 0.5
4573946 214819772 0.5
4573946 214828963 0.5
4573946 214534220 0.5
9345787 214853657 1
9345787 214853325 1
9345787 214743515 0.5
9345787 214853094 0.5
838399 214821277 1
838399 214821285 1
838399 214826801 0.5
6187777 214846061 1
6187777 214748336 1
6187777 214839587 0.5
6187777 214743495 0.5
6187777 214819721 0.5
6187777 214846127 0.5
6187777 214846067 0.5
6187777 214706102 0.5
6187777 214829852 0.5
3066627 214587712 1
3066627 214587697 1
3066627 214835747 0.5
8387334 214651777 1
8387334 214677615 1
8387334 214854630 0.5
10640141 214854583 1
10640141 214846391 1
10640141 214687475 0.5
10640141 214687685 0.5
6458126 214584939 1
6458126 214820233 1
6458126 214829707 0.5
6458126 214820231 0.5
3754773 214832124 1
3754773 214836830 1
3754773 214835109 0.5
3754773 214829771 0.5
3754773 214613741 0.5
3754773 214595150 0.5
3754773 214835122 0.5
3754773 214838227 0.5
3754773 214838137 0.5
3754773 214836795 0.5
3754773 214684093 0.5
8420134 214851011 1
8420134 214850741 1
8420134 214850720 0.5
8420134 214851313 0.5
4885291 214836924 1
4885291 214829765 1
4885291 214837280 0.5
10185517 214853730 1
10185517 214853698 1
10185517 214853728 0.5
10185517 214819760 0.5
10185517 214836330 0.5
10185517 214851099 0.5
10185517 214853700 0.5
7611528 214850760 1
7611528 214845521 1
7611528 214846404 0.5
1350463 214826610 1
1350463 214826589 1
1350463 214834880 0.5
1350463 214833755 0.5
1350463 214821412 0.5
1350463 214834877 0.5
11086661 214854774 1
11086661 214853072 1
11086661 214853754 0.5
3078982 214828997 1
3078982 214829317 1
3078982 643078800 0.5
3078982 214584992 0.5
3078982 214746388 0.5
6273863 214848845 1
6273863 214848926 1
6273863 214836924 0.5
6273863 214714794 0.5
6273863 214849012 0.5
6273863 214829765 0.5
4365129 214748310 1
4365129 214839915 1
4365129 214587712 0.5
4365129 214835747 0.5
4365129 214743369 0.5
4365129 214819760 0.5
4365129 214837882 0.5
4365129 214836926 0.5
7596876 214853177 1
7596876 214853175 1
7596876 214853758 0.5
8702798 214853077 1
8702798 214852980 1
8702798 214853096 0.5
8702798 214853105 0.5
789329 214827005 1
789329 214577518 1
789329 214834865 0.5
5520213 214835109 1
5520213 214838227 1
5520213 214829387 0.5
5520213 214844342 0.5
5520213 214819374 0.5
5520213 214821015 0.5
1383254 214819528 1
1383254 214826589 1
1383254 214821412 0.5
4668247 214845131 1
4668247 214839975 1
4668247 214839600 0.5
4668247 214600492 0.5
4668247 214839967 0.5
7469912 214850936 1
7469912 214850758 1
7469912 214850743 0.5
9685856 214853702 1
9685856 214853707 1
9685856 214853698 0.5
2476901 214844458 1
2476901 214844394 1
2476901 214612708 0.5
2476901 214844456 0.5
2476901 214844462 0.5
2476901 214821302 0.5
2476901 214844439 0.5
2476901 214844441 0.5
2476901 214821309 0.5
11414387 214853077 1
11414387 214852980 1
11414387 214852978 0.5
11414387 214853094 0.5
4000639 214832747 1
4000639 214838111 1
4000639 214836932 0.5
4000639 214836924 0.5
834432 214748336 1
834432 214556334 1
834432 214819721 0.5
6323084 214848975 1
6323084 214848982 1
6323084 214835473 0.5
4153461 214706205 1
4153461 214826662 1
4153461 214826666 0.5
1416094 214834873 1
1416094 214829752 1
1416094 214821317 0.5
11049887 214854797 1
11049887 214854793 1
11049887 214854840 0.5
11049887 214853102 0.5
9489316 214710101 1
9489316 214835235 1
9489316 214688291 0.5
2137008 214829332 1
2137008 214829325 1
2137008 214829330 0.5
2137008 214829334 0.5
8580936 214832657 1
8580936 214853122 1
8580936 214716982 0.5
8580936 214832655 0.5
4451256 214839641 1
4451256 214845129 1
4451256 214674684 0.5
4451256 214550621 0.5
4451256 214539039 0.5
8321988 214850700 1
8321988 214850711 1
8321988 214587028 0.5
5807053 214820261 1
5807053 214820233 1
5807053 214829672 0.5
5807053 214820441 0.5
5807053 214820259 0.5
5807053 214820263 0.5
5807053 214820231 0.5
2264019 214829878 1
2264019 214748293 1
2264019 214831965 0.5
7470038 214850756 1
7470038 214850936 1
7470038 214839962 0.5
1420249 214833755 1
1420249 214834880 1
1420249 214826610 0.5
1420249 214829387 0.5
1420249 214834877 0.5
1420249 214829366 0.5
2501594 214831948 1
2501594 214829878 1
2501594 214829887 0.5
9829339 214854300 1
9829339 214854579 1
9829339 214854352 0.5
9829339 214854577 0.5
7846896 214850743 1
7846896 214850936 1
7846896 214850938 0.5
6974452 214556942 1
6974452 214844370 1
6974452 214846419 0.5
6974452 214849742 0.5
6974452 214848622 0.5
6974452 214848950 0.5
76789 214832657 1
76789 214832653 1
76789 214717007 0.5
3431414 214829878 1
3431414 214831948 1
3431414 214829882 0.5
3431414 214826893 0.5
3431414 214831950 0.5
3431414 214829885 0.5
8256508 214851290 1
8256508 214851232 1
8256508 214835019 0.5
8256508 214600492 0.5
8256508 214848630 0.5
5884021 214846393 1
5884021 214846057 1
5884021 214717307 0.5
9657346 214829878 1
9657346 214829882 1
9657346 214831946 0.5
9657346 214819627 0.5
9657346 214853420 0.5
9657346 214673295 0.5
9657346 214848980 0.5
9657346 214853342 0.5
9657346 214846014 0.5
6052871 214846460 1
6052871 214834867 1
6052871 214846472 0.5
6052871 214835428 0.5
6052871 214595150 0.5
8489993 214851101 1
8489993 214714665 1
8489993 214571904 0.5
8489993 214851242 0.5
8489993 214844347 0.5
8489993 214571893 0.5
8489993 214844342 0.5
2874386 214834867 1
2874386 214831940 1
2874386 214533020 0.5
2874386 214844458 0.5
2874386 214821339 0.5
2874386 214612708 0.5
2874386 214821309 0.5
8051732 214846067 1
8051732 214851581 1
8051732 214748336 0.5
3211097 214844439 1
3211097 214551607 1
3211097 214821305 0.5
3211097 214612706 0.5
3211097 214821315 0.5
3211097 214834867 0.5
3211097 214586711 0.5
3211097 214832792 0.5
3211097 214844441 0.5
6965059 214832604 1
6965059 214716707 1
6965059 214848808 0.5
6965059 214829390 0.5
6965059 214556055 0.5
7052317 214828882 1
7052317 214713950 1
7052317 214853177 0.5
7052317 214853173 0.5
7052317 214853758 0.5
6954021 214849284 1
6954021 214851009 1
6954021 214849046 0.5
3488813 214820452 1
3488813 214835109 1
3488813 214835475 0.5
3488813 214838227 0.5
1055792 214826927 1
1055792 214826934 1
1055792 214820810 0.5
3845174 214848729 1
3845174 214820377 1
3845174 214846057 0.5
3845174 214602225 0.5
11287607 214853102 1
11287607 214864880 1
11287607 214854782 0.5
10087494 214853707 1
10087494 214853767 1
10087494 214853702 0.5
1182792 214829085 1
1182792 214820227 1
1182792 214821285 0.5
1535049 214829392 1
1535049 214826563 1
1535049 214826561 0.5
9260108 214853340 1
9260108 214850700 1
9260108 214853342 0.5
4598869 214714586 1
4598869 214641967 1
4598869 214820342 0.5
8703063 214852978 1
8703063 214853094 1
8703063 214853096 0.5
2600028 214826608 1
2600028 214826705 1
2600028 214826816 0.5
2600028 214829672 0.5
2600028 214829850 0.5
2600028 214587527 0.5
2359947 214828970 1
2359947 214836517 1
2359947 214831959 0.5
2359947 214831967 0.5
2468976 214748338 1
2468976 214748297 1
2468976 214753513 0.5
10161276 214853707 1
10161276 214853702 1
10161276 214854152 0.5
9780353 214853992 1
9780353 214850790 1
9780353 214850792 0.5
9780353 214850619 0.5
9780353 214981102 0.5
9780353 214853222 0.5
9780353 214854165 0.5
3587203 214836830 1
3587203 214833309 1
3587203 214836875 0.5
3587203 214840412 0.5
9718918 214850947 1
9718918 214853420 1
9718918 214850949 0.5
10382483 214854583 1
10382483 214849297 1
10382483 214550621 0.5
10382483 214554234 0.5
10382483 214541357 0.5
10382483 214725542 0.5
10382483 214846327 0.5
3595419 214718255 1
3595419 214826623 1
3595419 214832128 0.5
3595419 214832555 0.5
2711408 214828995 1
2711408 214583190 1
2711408 214829878 0.5
9907376 214849157 1
9907376 214853713 1
9907376 214851122 0.5
9907376 214853702 0.5
1690822 214834880 1
1690822 214826610 1
1690822 214834877 0.5
3652807 214839341 1
3652807 214845127 1
3652807 214645618 0.5
3652807 214837877 0.5
11037901 214854823 1
11037901 214714755 1
11037901 214716909 0.5
11037901 214835117 0.5
3099864 214827011 1
3099864 214539050 1
3099864 214612895 0.5
2231522 214826589 1
2231522 214834880 1
2231522 214826612 0.5
2231522 214717877 0.5
2231522 214821022 0.5
2231522 214826621 0.5
1559078 214829385 1
1559078 214826705 1
1559078 214821410 0.5
1559078 214743495 0.5
1559078 214820394 0.5
1559078 214686860 0.5
1559078 214819770 0.5
1559078 214833755 0.5
4996327 214840082 1
4996327 214840091 1
4996327 214837280 0.5
4996327 214838092 0.5
10116329 214851152 1
10116329 214540127 1
10116329 214853152 0.5
10116329 214854118 0.5
10116329 214853865 0.5
10116329 214834922 0.5
10116329 214851155 0.5
10116329 214852980 0.5
8879341 214820190 1
8879341 214820186 1
8879341 214820184 0.5
8879341 214684730 0.5
8879341 214820188 0.5
3878099 214612901 1
3878099 214538951 1
3878099 214826741 0.5
3113787 214835019 1
3113787 214834867 1
3113787 214835017 0.5
3113787 214835747 0.5
388373 214826816 1
388373 214826801 1
388373 214820345 0.5
388373 214684843 0.5
388373 214706462 0.5
6978839 214849331 1
6978839 214849284 1
6978839 214834880 0.5
6978839 214850953 0.5
6978839 214667859 0.5
2325784 214748338 1
2325784 214748302 1
2325784 214748293 0.5
10624291 214567329 1
10624291 214567215 1
10624291 214854264 0.5
10624291 214567333 0.5
10624291 214854262 0.5
10624291 214567327 0.5
1396006 214680369 1
1396006 214717867 1
1396006 214612704 0.5
1396006 214601407 0.5
1396006 214725549 0.5
1396006 214554358 0.5
1396006 214717007 0.5
3427623 214832124 1
3427623 214832128 1
3427623 214835107 0.5
146733 214821277 1
146733 214587611 1
146733 214835480 0.5
5576584 214835745 1
5576584 214849001 1
5576584 214844372 0.5
5576584 214600492 0.5
6292114 214848410 1
6292114 214849337 1
6292114 214838225 0.5
1989946 214826610 1
1989946 214712132 1
1989946 214834880 0.5
1989946 214836328 0.5
1989946 214829379 0.5
8895809 214852978 1
8895809 214853094 1
8895809 214853090 0.5
8895809 214853085 0.5
9715017 214853128 1
9715017 214853130 1
9715017 214853165 0.5
9715017 214846119 0.5
3890402 214826705 1
3890402 214709735 1
3890402 214587167 0.5
9063763 214853135 1
9063763 214853227 1
9063763 214716746 0.5
6835551 214849239 1
6835551 214848320 1
6835551 214846530 0.5
2567531 214829878 1
2567531 214829887 1
2567531 214831946 0.5
3765191 214834880 1
3765191 214834877 1
3765191 214826977 0.5
3765191 214833755 0.5
3765191 214831959 0.5
10403194 214854345 1
10403194 214849807 1
10403194 214854555 0.5
2420094 214831946 1
2420094 214829878 1
2420094 214829880 0.5
2420094 214831965 0.5
6655367 214846344 1
6655367 214839617 1
6655367 214845984 0.5
6655367 214844396 0.5
6655367 214601229 0.5
6655367 214848622 0.5
6655367 214725549 0.5
6655367 214848337 0.5
6655367 214848950 0.5
6655367 214849466 0.5
6655367 214826623 0.5
5447056 214561496 1
5447056 214839641 1
5447056 214847968 0.5
8256913 214840091 1
8256913 214748310 1
8256913 214849057 0.5
8256913 214717738 0.5
8256913 214705659 0.5
10923419 214854257 1
10923419 214849003 1
10923419 214642625 0.5
3853739 214632272 1
3853739 214836947 1
3853739 214836932 0.5
3853739 214829788 0.5
3853739 214842735 0.5
2592174 214829878 1
2592174 214829882 1
2592174 214829880 0.5
2592174 214826979 0.5
2592174 214831948 0.5
2592174 214831965 0.5
2592174 214829887 0.5
10169176 214853730 1
10169176 214853420 1
10169176 214850945 0.5
10169176 214853698 0.5
10169176 214853707 0.5
6263476 214848950 1
6263476 214845806 1
6263476 214829102 0.5
9932218 214717005 1
9932218 214717007 1
9932218 214854632 0.5
4242887 214839965 1
4242887 214838105 1
4242887 214829878 0.5
4095433 214553700 1
4095433 214839590 1
4095433 214710152 0.5
4095433 214836887 0.5
3837396 214820220 1
3837396 214686082 1
3837396 214832143 0.5
3292634 214821292 1
3292634 214821277 1
3292634 214832722 0.5
5217757 214832156 1
5217757 214838094 1
5217757 214839973 0.5
5217757 214837286 0.5
5217757 214819468 0.5
5217757 214838092 0.5
5217757 214829880 0.5
5217757 214836956 0.5
2133471 214829878 1
2133471 214829887 1
2133471 214831965 0.5
1719778 214829085 1
1719778 214829083 1
1719778 214829079 0.5
5190907 214839969 1
5190907 214820402 1
5190907 214800272 0.5
5190907 214834880 0.5
5190907 214845131 0.5
2936302 214554662 1
2936302 214587712 1
2936302 214835017 0.5
2936302 214600492 0.5
9825781 214859062 1
9825781 214853730 1
9825781 214853760 0.5
9825781 214696897 0.5
9825781 214717867 0.5
9825781 214854118 0.5
9825781 214854155 0.5
9825781 214709625 0.5
3010038 214835137 1
3010038 214835019 1
3010038 214835017 0.5
3010038 214835747 0.5
8306168 214851152 1
8306168 214851135 1
8306168 214846391 0.5
7474687 214716937 1
7474687 214716973 1
7474687 214716980 0.5
10657284 214853147 1
10657284 214853154 1
10657284 214853381 0.5
5754376 214839973 1
5754376 214844370 1
5754376 214848185 0.5
5754376 214848997 0.5
5754376 214845917 0.5
3051018 214844394 1
3051018 214844456 1
3051018 214844439 0.5
11415058 214853156 1
11415058 214854733 1
11415058 214853154 0.5
11415058 214714755 0.5
11415058 214854838 0.5
10571309 214853090 1
10571309 214851326 1
10571309 214852978 0.5
10571309 214853077 0.5
10571309 214853094 0.5
9858608 214851281 1
9858608 214677615 1
9858608 214561775 0.5
237109 214832657 1
237109 214716939 1
237109 214716928 0.5
237109 214717007 0.5
237109 214716982 0.5
237109 214832655 0.5
9977097 214717888 1
9977097 214718220 1
9977097 214850765 0.5
9977097 214819599 0.5
9977097 214850739 0.5
9977097 214850741 0.5
9977097 214559960 0.5
9977097 214821397 0.5
3472954 214835012 1
3472954 214743495 1
3472954 214836795 0.5
3472954 214718379 0.5
3472954 214714757 0.5
3472954 214595150 0.5
7179837 214743515 1
7179837 214850282 1
7179837 214845577 0.5
7179837 214700002 0.5
7179837 214849076 0.5
7179837 214712237 0.5
8531534 214832792 1
8531534 214587712 1
8531534 214846035 0.5
8531534 214716935 0.5
4431443 214716965 1
4431443 214716982 1
4431443 214717867 0.5
4431443 214748327 0.5
4365582 214820261 1
4365582 214820233 1
4365582 214836881 0.5
4365582 214820263 0.5
9099876 214853077 1
9099876 214852978 1
9099876 214853094 0.5
10986767 214854840 1
10986767 214853102 1
10986767 214864880 0.5
10986767 214714755 0.5
10986767 214853100 0.5
10986767 214854733 0.5
11087453 214857568 1
11087453 214857260 1
11087453 214854894 0.5
3931743 214632272 1
3931743 214826990 1
3931743 214836512 0.5
3931743 214831970 0.5
3931743 214836932 0.5
3931743 214835109 0.5
3931743 214838227 0.5
3931743 214820220 0.5
1900129 214820261 1
1900129 214820233 1
1900129 214821277 0.5
8643373 214853165 1
8643373 214851742 1
8643373 214846119 0.5
585319 214554765 1
585319 214829317 1
585319 214587317 0.5
585319 214820261 0.5
3067512 214844439 1
3067512 214844394 1
3067512 214844456 0.5
3067512 214844454 0.5
9445311 214850947 1
9445311 214853420 1
9445311 214850945 0.5
9445311 214850949 0.5
9445311 214853422 0.5
4894332 214544357 1
4894332 214820272 1
4894332 214840584 0.5
4894332 214556216 0.5
4894332 214833802 0.5
4894332 214691306 0.5
4894332 214820377 0.5
89728 214821305 1
89728 214684160 1
89728 214821309 0.5
10444424 214853762 1
10444424 214846391 1
10444424 214848315 0.5
10444424 214854583 0.5
3771671 214743495 1
3771671 214835109 1
3771671 214839587 0.5
3771671 214819721 0.5
3771671 214835019 0.5
3771671 214748336 0.5
3771671 214826711 0.5
3771671 214828985 0.5
7839372 214850940 1
7839372 214564387 1
7839372 214850619 0.5
4125278 214744775 1
4125278 214839587 1
4125278 214838098 0.5
8834718 214853094 1
8834718 214851326 1
8834718 214853248 0.5
8834718 214853090 0.5
8298146 214711267 1
8298146 214844454 1
8298146 214821313 0.5
8298146 214853092 0.5
8298146 214563182 0.5
8298146 214714665 0.5
10759852 214854345 1
10759852 214853428 1
10759852 214696897 0.5
10759852 214853422 0.5
4443833 214820259 1
4443833 214821285 1
4443833 214832717 0.5
872757 214821309 1
872757 214821307 1
872757 214821305 0.5
872757 214821302 0.5
872757 214821313 0.5
7663302 214853177 1
7663302 214853175 1
7663302 214850936 0.5
7663302 214850938 0.5
7663302 214612895 0.5
7737042 214850936 1
7737042 214850938 1
7737042 214576545 0.5
7737042 214850743 0.5
7737042 214690796 0.5
7737042 214850621 0.5
7737042 214846033 0.5
2531042 214829850 1
2531042 214829852 1
2531042 214820392 0.5
2531042 214743495 0.5
11176571 214829878 1
11176571 214850310 1
11176571 214853102 0.5
8711909 214852978 1
8711909 214853085 1
8711909 214853248 0.5
9334881 214850949 1
9334881 214850942 1
9334881 214850304 0.5
9334881 214831948 0.5
9334881 214853422 0.5
7737064 214835126 1
7737064 214829792 1
7737064 214587328 0.5
6745842 214849018 1
6745842 214691522 1
6745842 214849185 0.5
6926073 214849327 1
6926073 214849050 1
6926073 214849185 0.5
6926073 214849179 0.5
6926073 214676957 0.5
6926073 214849134 0.5
6926073 214711247 0.5
2671916 214829880 1
2671916 214829887 1
2671916 214829878 0.5
5033739 214838094 1
5033739 214832156 1
5033739 214829880 0.5
5033739 214829882 0.5
5033739 214845579 0.5
5033739 214829878 0.5
4656911 214821313 1
4656911 214551632 1
4656911 214844441 0.5
4656911 214844454 0.5
4656911 214551617 0.5
7175957 214849093 1
7175957 214849100 1
7175957 214849132 0.5
2658667 214829880 1
2658667 214829887 1
2658667 214829882 0.5
10571553 214567327 1
10571553 214567329 1
10571553 214567333 0.5
10571553 214684785 0.5
10571553 214854545 0.5
10571553 214854549 0.5
10571553 214854262 0.5
10571553 214573305 0.5
10571553 214854268 0.5
10571553 214854527 0.5
3676123 214829771 1
3676123 214826711 1
3676123 214582348 0.5
2250994 214832717 1
2250994 214829846 1
2250994 214829865 0.5
9838378 214690796 1
9838378 214644347 1
9838378 214853698 0.5
8998704 214851737 1
8998704 214853212 1
8998704 214840235 0.5
8998704 214845422 0.5
9875249 214854065 1
9875249 214854060 1
9875249 214853707 0.5
9875249 214853996 0.5
10997554 214861455 1
10997554 214705757 1
10997554 214854802 0.5
9047866 214852978 1
9047866 214851290 1
9047866 214853385 0.5
6057791 214837916 1
6057791 214837918 1
6057791 214838225 0.5
6057791 214848980 0.5
6057791 214848997 0.5
2686787 214680705 1
2686787 214680710 1
2686787 214835017 0.5
3137352 214836830 1
3137352 214836875 1
3137352 214832128 0.5
3137352 214835122 0.5
3137352 214837882 0.5
3137352 214584047 0.5
5259096 214829887 1
5259096 214835167 1
5259096 214846029 0.5
7483228 214850285 1
7483228 214849031 1
7483228 214849033 0.5
7483228 214846447 0.5
6410078 214848380 1
6410078 214848337 1
6410078 214835745 0.5
6410078 214848328 0.5
6410078 214848695 0.5
6410078 214600492 0.5
6410078 214553844 0.5
6410078 214821015 0.5
314006 214553700 1
314006 214706150 1
314006 214710152 0.5
10661778 214853720 1
10661778 214854298 1
10661778 214709595 0.5
10661778 214586694 0.5
10661778 214853094 0.5
10661778 214577387 0.5
10661778 214853709 0.5
10661778 214854581 0.5
10661778 214706102 0.5
10661778 214821371 0.5
7860129 214684715 1
7860129 214849809 1
7860129 214700000 0.5
7860129 214835126 0.5
7860129 214851279 0.5
958371 214829085 1
958371 214584907 1
958371 214748340 0.5
958371 214821285 0.5
1531813 214834877 1
1531813 214828976 1
1531813 214826610 0.5
1531813 214833755 0.5
2449323 214836517 1
2449323 214829878 1
2449323 214831965 0.5
9070578 214851163 1
9070578 214716714 1
9070578 214851028 0.5
9551792 214853420 1
9551792 214850945 1
9551792 214853152 0.5
9551792 214846344 0.5
9551792 214853147 0.5
9551792 214853233 0.5
5324723 214664831 1
5324723 214844347 1
5324723 214829366 0.5
2736059 214844454 1
2736059 214612738 1
2736059 214820231 0.5
2736059 214551624 0.5
2736059 214584939 0.5
2736059 214538030 0.5
2736059 214551632 0.5
2736059 214821277 0.5
4829127 214838102 1
4829127 214684702 1
4829127 214839960 0.5
4829127 214821315 0.5
4829127 214839973 0.5
4829127 214844454 0.5
10969043 214853072 1
10969043 214853083 1
10969043 214854699 0.5
1380316 214828989 1
1380316 214535653 1
1380316 214587028 0.5
1380316 214819357 0.5
221162 214829282 1
221162 214821015 1
221162 214821022 0.5
1286127 214820392 1
1286127 214586743 1
1286127 214574672 0.5
1286127 214826906 0.5
1286127 214586694 0.5
1286127 214557279 0.5
1814512 214829887 1
1814512 214829878 1
1814512 214829880 0.5
761171 214716937 1
761171 214716939 1
761171 214840597 0.5
3706868 214835167 1
3706868 214829765 1
3706868 214838227 0.5
5337083 214845131 1
5337083 214827005 1
5337083 214838225 0.5
5337083 214849001 0.5
1679357 214834880 1
1679357 214834877 1
1679357 214826610 0.5
1679357 214833755 0.5
1679357 214829387 0.5
