10278036 214556218 1
10278036 214857167 1
10278036 214573305 0.5
10278036 214854579 0.5
9125898 214684942 1
9125898 214853184 1
9125898 214579875 0.5
9125898 214851748 0.5
9125898 214853190 0.5
9125898 214851080 0.5
9125898 214853135 0.5
9125898 214711952 0.5
9789451 214853094 1
9789451 214853085 1
9789451 214853248 0.5
9789451 214853090 0.5
4120589 214836512 1
4120589 214831970 1
4120589 214839937 0.5
4120589 214532107 0.5
4120589 214589702 0.5
4120589 214836881 0.5
9580563 214831946 1
9580563 214850291 1
9580563 214831948 0.5
8884244 214852980 1
8884244 214853077 1
8884244 214851326 0.5
1921073 214829660 1
1921073 214829657 1
1921073 214835002 0.5
1921073 214744779 0.5
1921073 214819770 0.5
7884861 214560013 1
7884861 214844456 1
7884861 214820242 0.5
8683583 214678387 1
8683583 214677830 1
8683583 214849010 0.5
8683583 214848302 0.5
8683583 214709702 0.5
2990147 214835745 1
2990147 214834877 1
2990147 214826617 0.5
2990147 214829387 0.5
2990147 214829878 0.5
2990147 214829366 0.5
2990147 214821015 0.5
9523269 214850743 1
9523269 214850771 1
9523269 214717888 0.5
2490444 214821320 1
2490444 214829846 1
2490444 214829880 0.5
2490444 214829882 0.5
2490444 214835111 0.5
8781901 214851326 1
8781901 214853248 1
8781901 214853090 0.5
8781901 214853085 0.5
10328081 214854300 1
10328081 214854585 1
10328081 214854577 0.5
10328081 214854579 0.5
10285169 214853732 1
10285169 214853735 1
10285169 214853724 0.5
6943689 214849408 1
6943689 214849766 1
6943689 214567419 0.5
6467332 214849012 1
6467332 214829825 1
6467332 214835137 0.5
6467332 214849018 0.5
6467332 214826670 0.5
6467332 214710097 0.5
6221947 214846477 1
6221947 214846530 1
6221947 214848695 0.5
2003068 214694139 1
2003068 214551913 1
2003068 214551862 0.5
11227266 214864880 1
11227266 214853100 1
11227266 214853102 0.5
2695308 214829885 1
2695308 214831950 1
2695308 214717265 0.5
2695308 214829882 0.5
2695308 214553702 0.5
6463632 214845962 1
6463632 214846119 1
6463632 214845971 0.5
6463632 214840483 0.5
6463632 214821382 0.5
4427931 214820231 1
4427931 214820227 1
4427931 214821290 0.5
509978 214584939 1
509978 214584907 1
509978 214684513 0.5
509978 214716986 0.5
9646107 214853321 1
9646107 214853325 1
9646107 214853657 0.5
9646107 214700002 0.5
2572466 214748300 1
2572466 214753513 1
2572466 214748302 0.5
6227998 214848980 1
6227998 214848975 1
6227998 214829882 0.5
6227998 214556212 0.5
2859199 643078800 1
2859199 214573612 1
2859199 214826985 0.5
2859199 214831946 0.5
2859199 214831948 0.5
2859199 214829878 0.5
2859199 214829880 0.5
2859199 214829882 0.5
2859199 214844252 0.5
2859199 214829885 0.5
2859199 214829887 0.5
6590659 214665277 1
6590659 214849314 1
6590659 214849333 0.5
2905462 214831940 1
2905462 214829882 1
2905462 214829880 0.5
7151817 214850282 1
7151817 214850295 1
7151817 214833802 0.5
11190479 214853732 1
11190479 214853156 1
11190479 214853724 0.5
11088091 214853754 1
11088091 214582942 1
11088091 214853081 0.5
11088091 214717802 0.5
11088091 214710013 0.5
5578973 214844398 1
5578973 214846001 1
5578973 214845984 0.5
3956964 214836932 1
3956964 214835469 1
3956964 214832128 0.5
10944747 214578011 1
10944747 214684010 1
10944747 214854313 0.5
9007343 214717003 1
9007343 214537365 1
9007343 214716928 0.5
10797309 214854785 1
10797309 214854782 1
10797309 214853321 0.5
10797309 214854830 0.5
2325889 214829878 1
2325889 214831948 1
2325889 214829880 0.5
4391178 214748310 1
4391178 214839960 1
4391178 214819760 0.5
4391178 214832145 0.5
4391178 214587712 0.5
2138381 214829846 1
2138381 214829861 1
2138381 214829865 0.5
2138381 214832717 0.5
10322193 214567333 1
10322193 214567215 1
10322193 214854264 0.5
10322193 214567329 0.5
10322193 214854549 0.5
10322193 214854262 0.5
8081683 214851135 1
8081683 214851071 1
8081683 214846391 0.5
11133657 214848658 1
11133657 214854819 1
11133657 214853713 0.5
11133657 214854815 0.5
307299 214820261 1
307299 214820233 1
307299 214820227 0.5
2326827 214829878 1
2326827 214829882 1
2326827 214829885 0.5
799022 214821399 1
799022 214826874 1
799022 214791635 0.5
799022 214717085 0.5
7520559 214835021 1
7520559 214850938 1
7520559 214850936 0.5
5316914 214850402 1
5316914 214845587 1
5316914 214684843 0.5
5316914 214832780 0.5
5316914 214819760 0.5
5316914 214819762 0.5
5316914 214832023 0.5
5316914 214844413 0.5
1711863 214834880 1
1711863 214834877 1
1711863 214826610 0.5
1711863 214821412 0.5
9560378 214853420 1
9560378 214850942 1
9560378 214850949 0.5
2957639 214835132 1
2957639 214833755 1
2957639 214572234 0.5
2957639 214829390 0.5
2957639 214572182 0.5
8282444 214826666 1
8282444 214851097 1
8282444 214851122 0.5
8282444 214851236 0.5
8282444 214851133 0.5
8282444 214826662 0.5
8466786 214716714 1
8466786 214851080 1
8466786 214851287 0.5
672102 214839313 1
672102 214839997 1
672102 214840001 0.5
672102 214839866 0.5
672102 214844087 0.5
6762867 214832604 1
6762867 214716707 1
6762867 214691233 0.5
6762867 214849012 0.5
6762867 214848845 0.5
6762867 214691486 0.5
8835451 214853105 1
8835451 214853085 1
8835451 214853096 0.5
8835451 214852980 0.5
6438976 214848656 1
6438976 214848622 1
6438976 214835137 0.5
6438976 214710097 0.5
7668098 214712235 1
7668098 214849796 1
7668098 214744258 0.5
6394249 214848605 1
6394249 214849076 1
6394249 214826833 0.5
6394249 214846415 0.5
3862923 214831944 1
3862923 214838105 1
3862923 214838096 0.5
3862923 214548103 0.5
3862923 214832780 0.5
3862923 214711408 0.5
3862923 214829878 0.5
3862923 214832023 0.5
3862923 214838137 0.5
3862923 214838107 0.5
3862923 214718396 0.5
3862923 214836926 0.5
3862923 214829887 0.5
401806 214826955 1
401806 214826608 1
401806 214559259 0.5
401806 214613865 0.5
401806 214819402 0.5
401806 214826627 0.5
9972461 214854262 1
9972461 214854510 1
9972461 214684785 0.5
9972461 214567333 0.5
9972461 214567327 0.5
7885201 214853177 1
7885201 214853175 1
7885201 214853758 0.5
7476633 214850285 1
7476633 214850295 1
7476633 214850282 0.5
1040792 214748293 1
1040792 214753513 1
1040792 214753505 0.5
1040792 214748338 0.5
1040792 214748300 0.5
2335129 214748291 1
2335129 214835111 1
2335129 214748304 0.5
2335129 214753513 0.5
2335129 214753507 0.5
2605474 214829882 1
2605474 214829878 1
2605474 214829885 0.5
2605474 214829887 0.5
11418353 214853102 1
11418353 214854782 1
11418353 214854840 0.5
11418353 214855016 0.5
11418353 214859246 0.5
2376108 214831946 1
2376108 214829880 1
2376108 214826835 0.5
1567474 214829664 1
1567474 214829317 1
1567474 214557223 0.5
10576312 214567215 1
10576312 214567329 1
10576312 214854264 0.5
10576312 214854268 0.5
6807993 214849312 1
6807993 214844347 1
6807993 214836932 0.5
6807993 214557701 0.5
6807993 214832747 0.5
6807993 214848845 0.5
6807993 214561457 0.5
6807993 214676019 0.5
6807993 214849012 0.5
6807993 214829366 0.5
6807993 214836924 0.5
1302988 214840412 1
1302988 214821309 1
1302988 214687685 0.5
11506129 214837873 1
11506129 214857570 1
11506129 214855016 0.5
11506129 214836947 0.5
11506129 214665277 0.5
9372122 214509084 1
9372122 214845962 1
9372122 214853096 0.5
9372122 214853090 0.5
9372122 214853420 0.5
9372122 214853094 0.5
6926812 214848337 1
6926812 214848410 1
6926812 214848328 0.5
6926812 214711348 0.5
4162013 214839594 1
4162013 214836879 1
4162013 214574672 0.5
4162013 214836855 0.5
4162013 214574670 0.5
4162013 214836887 0.5
3121636 214835747 1
3121636 214835745 1
3121636 214587712 0.5
3121636 214835017 0.5
11071928 214849132 1
11071928 214743821 1
11071928 214744050 0.5
10666479 214864880 1
10666479 214853102 1
10666479 214854840 0.5
10666479 214854785 0.5
5576373 214846318 1
5576373 214845502 1
5576373 214826835 0.5
5934021 214717005 1
5934021 214717003 1
5934021 214716928 0.5
9216522 214595139 1
9216522 214854311 1
9216522 214556563 0.5
4174356 214612738 1
4174356 214743369 1
4174356 214718385 0.5
1953881 214718387 1
1953881 214819526 1
1953881 214791635 0.5
11092504 214854785 1
11092504 214853102 1
11092504 214854733 0.5
4178459 214845508 1
4178459 214839596 1
4178459 214829792 0.5
4178459 214700002 0.5
4178459 214714757 0.5
4178459 214835497 0.5
4178459 214553621 0.5
4178459 214743515 0.5
3572258 214832124 1
3572258 214832115 1
3572258 214826912 0.5
3572258 214743497 0.5
3572258 214716746 0.5
3572258 214826908 0.5
3572258 214821407 0.5
8483366 214848337 1
8483366 214834880 1
8483366 214851290 0.5
8483366 214826610 0.5
8483366 214851159 0.5
10056239 214853156 1
10056239 214844439 1
10056239 214853147 0.5
6509117 214844394 1
6509117 214844439 1
6509117 214821305 0.5
5517892 214835167 1
5517892 214836924 1
5517892 214811739 0.5
2490953 214829878 1
2490953 214829887 1
2490953 214829880 0.5
2490953 214829882 0.5
2490953 214829885 0.5
2490953 214835165 0.5
3981908 214836932 1
3981908 214829786 1
3981908 214836924 0.5
6079067 214840483 1
6079067 214700002 1
6079067 214850330 0.5
2584089 214829878 1
2584089 214829882 1
2584089 214829885 0.5
10256997 214567327 1
10256997 214567333 1
10256997 214854345 0.5
10256997 214854262 0.5
2232942 214829878 1
2232942 214829887 1
2232942 214831965 0.5
9429624 214853722 1
9429624 214852987 1
9429624 214553257 0.5
9429624 214850947 0.5
9429624 214850743 0.5
9429624 214853702 0.5
9429624 214853767 0.5
4014714 214640015 1
4014714 214829786 1
4014714 214710159 0.5
4014714 214833701 0.5
4014714 214832023 0.5
1831553 214829861 1
1831553 214829865 1
1831553 214829707 0.5
10957442 214854313 1
10957442 214854819 1
10957442 214556212 0.5
7225989 214849775 1
7225989 214642918 1
7225989 214695210 0.5
7225989 214845587 0.5
7225989 214556218 0.5
11084438 214857830 1
11084438 214701787 1
11084438 214859139 0.5
8622747 214853105 1
8622747 214852978 1
8622747 214853096 0.5
8622747 214853094 0.5
11137137 214853077 1
11137137 214852980 1
11137137 214853096 0.5
11137137 214853105 0.5
11137137 214852978 0.5
11137137 214853094 0.5
11109043 214853735 1
11109043 214853767 1
11109043 214848658 0.5
11109043 214851581 0.5
11109043 214854517 0.5
4240061 214826947 1
4240061 214826713 1
4240061 214819410 0.5
4240061 214820938 0.5
7623369 214850368 1
7623369 214850315 1
7623369 214850287 0.5
1827533 214748336 1
1827533 214819430 1
1827533 214826874 0.5
1827533 214835124 0.5
9466576 214850947 1
9466576 214850945 1
9466576 214680371 0.5
6456038 214836506 1
6456038 214612708 1
6456038 214848832 0.5
6456038 214533020 0.5
6456038 214848613 0.5
6456038 214821309 0.5
2183922 214832717 1
2183922 214829705 1
2183922 214835002 0.5
6914803 214711205 1
6914803 214848596 1
6914803 214553735 0.5
4342519 214835120 1
4342519 214838096 1
4342519 214821315 0.5
4342519 214530789 0.5
4342519 214716710 0.5
4342519 214831944 0.5
4342519 214712237 0.5
4342519 214574670 0.5
4342519 214584047 0.5
4342519 214574672 0.5
4342519 214836881 0.5
4342519 214743515 0.5
4342519 214629007 0.5
5149434 214845131 1
5149434 214845435 1
5149434 214819760 0.5
5149434 214839973 0.5
5149434 214845806 0.5
2212837 214835745 1
2212837 214835132 1
2212837 214587712 0.5
2212837 214835017 0.5
2212837 214600492 0.5
7709439 214632146 1
7709439 214850291 1
7709439 214668667 0.5
7709439 214829885 0.5
4231937 214685747 1
4231937 214530789 1
4231937 214594678 0.5
11096853 214853102 1
11096853 214854785 1
11096853 214854720 0.5
2007838 214821292 1
2007838 214834880 1
2007838 214826610 0.5
2007838 214587028 0.5
2007838 214834877 0.5
529191 214821305 1
529191 214821302 1
529191 214821341 0.5
9447739 214850949 1
9447739 214850947 1
9447739 214853420 0.5
5862188 214685788 1
5862188 214585676 1
5862188 214820261 0.5
7230254 214849408 1
7230254 214850304 1
7230254 214846112 0.5
7230254 214606785 0.5
7230254 214849764 0.5
7230254 214848997 0.5
7230254 214849736 0.5
7230254 214981102 0.5
7230254 214575665 0.5
7230254 214684498 0.5
7230254 214821407 0.5
7885616 214846385 1
7885616 214580304 1
7885616 214642057 0.5
2343729 214829878 1
2343729 214829882 1
2343729 214717742 0.5
9196346 214853420 1
9196346 214853428 1
9196346 214684730 0.5
9196346 214850949 0.5
7667167 214850743 1
7667167 214850758 1
7667167 214847649 0.5
10634044 214567329 1
10634044 214684762 1
10634044 214567333 0.5
10634044 214854547 0.5
10634044 214821397 0.5
10634044 214854262 0.5
10634044 214854300 0.5
10634044 214853726 0.5
1356606 214821315 1
1356606 214551607 1
1356606 214533022 0.5
2917173 214829878 1
2917173 214831946 1
2917173 214831948 0.5
8221507 214840378 1
8221507 214853145 1
8221507 214835126 0.5
8221507 214853143 0.5
11400008 214854804 1
11400008 214854780 1
11400008 214714715 0.5
4203337 214838105 1
4203337 214838102 1
4203337 214826932 0.5
4203337 214832015 0.5
3359564 214829878 1
3359564 214829882 1
3359564 214829887 0.5
9502179 214853420 1
9502179 214846378 1
9502179 214850947 0.5
8684378 214853096 1
8684378 214853085 1
8684378 214702905 0.5
8684378 214853105 0.5
2610026 214821305 1
2610026 214844439 1
2610026 214844394 0.5
2610026 214821302 0.5
6946279 214836330 1
6946279 214846112 1
6946279 214838225 0.5
6946279 214602731 0.5
6946279 214800262 0.5
7979884 214774661 1
7979884 214847649 1
7979884 214838122 0.5
4768623 214845131 1
4768623 214838227 1
4768623 214832147 0.5
4768623 214839973 0.5
9016182 214852978 1
9016182 214852980 1
9016182 214853094 0.5
7240512 214837288 1
7240512 214644525 1
7240512 214839947 0.5
7240512 214819775 0.5
5964677 214846415 1
5964677 214846425 1
5964677 214846427 0.5
4207497 214832015 1
4207497 214831942 1
4207497 214831944 0.5
4207497 214838102 0.5
58252 214717003 1
58252 214716971 1
58252 214716937 0.5
58252 214717007 0.5
58252 214717005 0.5
58252 214716977 0.5
58252 214716973 0.5
5645123 214845585 1
5645123 214844347 1
5645123 214845984 0.5
5645123 214844370 0.5
5645123 214836932 0.5
5645123 214846061 0.5
5645123 214845583 0.5
2999191 214834867 1
2999191 214835122 1
2999191 214835137 0.5
2999191 214705787 0.5
2999191 214821332 0.5
5186463 214835426 1
5186463 214835473 1
5186463 214835064 0.5
5186463 214835070 0.5
4580263 214821309 1
4580263 214844447 1
4580263 214844458 0.5
3568554 214832115 1
3568554 214832124 1
3568554 214835122 0.5
3568554 214709735 0.5
6214578 214848952 1
6214578 214848947 1
6214578 214848954 0.5
4654008 214836512 1
4654008 214835130 1
4654008 214829310 0.5
316352 214826702 1
316352 214709702 1
316352 214650626 0.5
316352 214811739 0.5
4116593 214573123 1
4116593 214712126 1
4116593 214836512 0.5
4116593 214840235 0.5
4116593 214539039 0.5
6730704 214826878 1
6730704 214846385 1
6730704 214848746 0.5
635864 214716626 1
635864 214717087 1
635864 214696826 0.5
635864 214674427 0.5
635864 214575084 0.5
635864 214558254 0.5
7902169 214850726 1
7902169 214845958 1
7902169 214850938 0.5
7902169 214744779 0.5
5489626 214835473 1
5489626 214844368 1
5489626 214844370 0.5
2597857 214829887 1
2597857 214829878 1
2597857 214829882 0.5
7144421 214656382 1
7144421 214849327 1
7144421 214828970 0.5
570349 214690110 1
570349 214826912 1
570349 214558192 0.5
570349 214828987 0.5
3966461 214829786 1
3966461 214820452 1
3966461 214835167 0.5
218098 214718160 1
218098 214718169 1
218098 214821022 0.5
3576819 214844439 1
3576819 214844456 1
3576819 214844441 0.5
7562232 214850771 1
7562232 214850938 1
7562232 214850743 0.5
9475071 214853420 1
9475071 214850942 1
9475071 214850949 0.5
4736003 214839965 1
4736003 214832147 1
4736003 214832126 0.5
6775812 214848980 1
6775812 214848973 1
6775812 214846419 0.5
3904518 214842735 1
3904518 214831970 1
3904518 214711297 0.5
3904518 214551748 0.5
3904518 214839937 0.5
3904518 214557774 0.5
3904518 214692849 0.5
3904518 214586574 0.5
3904518 214838109 0.5
3904518 214826750 0.5
4334602 214839347 1
4334602 214710152 1
4334602 214831944 0.5
11138063 214853248 1
11138063 214851326 1
11138063 214836330 0.5
8326659 214853096 1
8326659 214853085 1
8326659 214853094 0.5
9831258 214853722 1
9831258 214853994 1
9831258 214853435 0.5
9831258 214853852 0.5
7286279 214849747 1
7286279 214820231 1
7286279 214583947 0.5
7286279 214548103 0.5
3023916 214844460 1
3023916 214612738 1
3023916 214829880 0.5
3023916 214836517 0.5
8580137 214846391 1
8580137 214851133 1
8580137 214850402 0.5
8580137 214845587 0.5
8580137 214846007 0.5
8580137 214820345 0.5
8580137 214848954 0.5
8580137 214849020 0.5
8614976 214820345 1
8614976 214850936 1
8614976 214851122 0.5
8614976 214850743 0.5
8614976 214744775 0.5
11228226 214853460 1
11228226 214854787 1
11228226 214854536 0.5
7009366 214848313 1
7009366 214601197 1
7009366 214712272 0.5
8725601 214853325 1
8725601 214853321 1
8725601 214700002 0.5
8725601 214712237 0.5
9577571 214853454 1
9577571 214853424 1
9577571 214849322 0.5
3535978 214835167 1
3535978 214847649 1
3535978 214587712 0.5
3535978 214835017 0.5
361587 214826835 1
361587 214821307 1
361587 214826955 0.5
9536649 214853422 1
9536649 214711307 1
9536649 214849809 0.5
9536649 214575763 0.5
9536649 214826893 0.5
9536649 214829790 0.5
10744974 214854262 1
10744974 214854510 1
10744974 214854300 0.5
10520088 214854300 1
10520088 214854585 1
10520088 214850621 0.5
11158681 214853102 1
11158681 214864880 1
11158681 214714755 0.5
5751976 214846312 1
5751976 214821382 1
5751976 214680360 0.5
9876654 214853454 1
9876654 214850947 1
9876654 214579220 0.5
4457647 214820392 1
4457647 214845131 1
4457647 214586694 0.5
8844466 214684942 1
8844466 214716714 1
8844466 214848613 0.5
8844466 214687847 0.5
8844466 214848808 0.5
8844466 214561674 0.5
8844466 214684845 0.5
8844466 214848851 0.5
8844466 214556057 0.5
8844466 214851163 0.5
8844466 214849020 0.5
8844466 214716746 0.5
8844466 214662750 0.5
8844466 214716671 0.5
2950326 214829100 1
2950326 214831940 1
2950326 214835503 0.5
2950326 214718220 0.5
2950326 214832559 0.5
8910009 214853105 1
8910009 214853094 1
8910009 214853096 0.5
8910009 214853090 0.5
8910009 214852980 0.5
8910009 214852978 0.5
8910009 214853085 0.5
7752273 214850938 1
7752273 214850792 1
7752273 214850936 0.5
7752273 214748321 0.5
7752273 214851097 0.5
7752273 214849455 0.5
856951 214534704 1
856951 214826801 1
856951 214584962 0.5
856951 214826810 0.5
87253 214821277 1
87253 214821292 1
87253 214826702 0.5
4494884 214842480 1
4494884 214829668 1
4494884 214829670 0.5
5534947 214844402 1
5534947 214844400 1
5534947 214844355 0.5
7419113 214848315 1
7419113 214651777 1
7419113 214849344 0.5
3966201 214674707 1
3966201 214706205 1
3966201 214674568 0.5
3056891 214706452 1
3056891 214819468 1
3056891 214700002 0.5
3056891 214716973 0.5
3056891 214684702 0.5
4625662 214829730 1
4625662 214640015 1
4625662 214831944 0.5
4625662 214838096 0.5
4625662 214838102 0.5
4625662 214829887 0.5
1156361 214821305 1
1156361 214821302 1
1156361 214821341 0.5
1156361 214586711 0.5
6980891 214743367 1
6980891 214829767 1
6980891 214853657 0.5
6980891 214840378 0.5
6980891 214639916 0.5
6980891 214838094 0.5
6980891 214578350 0.5
1434914 214834877 1
1434914 214834880 1
1434914 214826610 0.5
1434914 214829387 0.5
1848629 214829657 1
1848629 214829385 1
1848629 214829666 0.5
1848629 214829660 0.5
6604087 214848954 1
6604087 214848945 1
6604087 214849022 0.5
1561939 214834877 1
1561939 214829387 1
1561939 214826615 0.5
1942894 214829310 1
1942894 214708044 1
1942894 214664728 0.5
1942894 214644317 0.5
701818 214717867 1
701818 214826912 1
701818 214820255 0.5
9160059 214853105 1
9160059 214853096 1
9160059 214853085 0.5
8717711 214852980 1
8717711 214853077 1
8717711 214853248 0.5
8717711 214848997 0.5
8717711 214716714 0.5
8717711 214853105 0.5
8717711 214851326 0.5
8717711 214716671 0.5
890273 214826615 1
890273 214826621 1
890273 214826619 0.5
890273 214826612 0.5
6607087 214850786 1
6607087 214848641 1
6607087 214849344 0.5
6607087 214849312 0.5
6607087 214848954 0.5
5002652 214594678 1
5002652 214613915 1
5002652 214684372 0.5
2712989 214580293 1
2712989 214829398 1
2712989 214674682 0.5
1678206 214834880 1
1678206 214711280 1
1678206 214826610 0.5
8160678 214851122 1
8160678 214851131 1
8160678 214716746 0.5
8160678 214851163 0.5
8160678 214851236 0.5
10433969 214854060 1
10433969 214850758 1
10433969 214853700 0.5
10433969 214853702 0.5
9635252 214848795 1
9635252 214850287 1
9635252 214853454 0.5
2983497 214844439 1
2983497 214743350 1
2983497 214691390 0.5
10147257 214853105 1
10147257 214853096 1
10147257 214853077 0.5
10147257 214853085 0.5
7742911 214563182 1
7742911 214717003 1
7742911 214717005 0.5
7742911 214844454 0.5
4015567 214540127 1
4015567 214831948 1
4015567 214838102 0.5
4015567 214832015 0.5
11294164 214714755 1
11294164 214854823 1
11294164 214854733 0.5
7583192 214639500 1
7583192 214648256 1
7583192 214835004 0.5
7583192 214639462 0.5
1738203 214821410 1
1738203 214834880 1
1738203 214826610 0.5
170234 214717005 1
170234 214716926 1
170234 214716928 0.5
8127969 214851161 1
8127969 214851080 1
8127969 214851234 0.5
1127914 214829747 1
1127914 214828995 1
1127914 214829745 0.5
2393581 214829878 1
2393581 214831948 1
2393581 214829887 0.5
9070063 214829850 1
9070063 214820345 1
9070063 214716110 0.5
6739441 214849020 1
6739441 214851009 1
6739441 214848952 0.5
6739441 214848945 0.5
6739441 214848954 0.5
6739441 214849022 0.5
4429309 214848746 1
4429309 214717867 1
4429309 214826818 0.5
4429309 214848324 0.5
9119233 214853077 1
9119233 214852980 1
9119233 214852978 0.5
9119233 214853094 0.5
9143812 214851750 1
9143812 214851748 1
9143812 214853242 0.5
9143812 214853182 0.5
7917826 214551695 1
7917826 214684715 1
7917826 214702905 0.5
6911504 214848973 1
6911504 214848980 1
6911504 214831955 0.5
6911504 214848982 0.5
304682 214718398 1
304682 214718390 1
304682 214819402 0.5
304682 214826627 0.5
304682 214711318 0.5
10933803 214854313 1
10933803 214855151 1
10933803 214853113 0.5
3683893 214836947 1
3683893 214838111 1
3683893 214748336 0.5
3683893 214838225 0.5
2082358 214829861 1
2082358 214561674 1
2082358 214829865 0.5
2082358 214832722 0.5
2082358 214829707 0.5
2082358 214571188 0.5
2889271 214832717 1
2889271 214829672 1
2889271 214826818 0.5
2889271 214842508 0.5
6813257 214849312 1
6813257 214849344 1
6813257 214849284 0.5
6813257 214834877 0.5
6813257 214849239 0.5
8156746 214851581 1
8156746 214851152 1
8156746 214850630 0.5
10634829 214849807 1
10634829 214854536 1
10634829 214854352 0.5
10634829 214854354 0.5
10634829 214850739 0.5
10634829 214854262 0.5
10634829 214853113 0.5
10634829 214854335 0.5
10634829 214853244 0.5
10634829 214567327 0.5
10995278 214864880 1
10995278 214853102 1
10995278 214854840 0.5
10995278 214854797 0.5
3815693 214847649 1
3815693 214836932 1
3815693 214560587 0.5
8525392 214850619 1
8525392 214851748 1
8525392 214850870 0.5
8525392 214853135 0.5
10962518 214853102 1
10962518 214854785 1
10962518 214854767 0.5
9624507 214851232 1
9624507 214848380 1
9624507 214848337 0.5
9624507 214835109 0.5
9624507 214853383 0.5
7928342 214717003 1
7928342 214717007 1
7928342 214716928 0.5
7928342 214832655 0.5
7738988 214850700 1
7738988 214850850 1
7738988 214819766 0.5
10529042 214853762 1
10529042 214853760 1
10529042 214709625 0.5
9741953 214854022 1
9741953 214853420 1
9741953 214845420 0.5
8666053 214853090 1
8666053 214852978 1
8666053 214852980 0.5
8666053 214853085 0.5
8666053 214851326 0.5
7726753 214819412 1
7726753 214846385 1
7726753 214716928 0.5
7726753 214567410 0.5
7726753 214851150 0.5
7423657 214575193 1
7423657 214849747 1
7423657 214849753 0.5
4282026 214848382 1
4282026 214836855 1
4282026 214746380 0.5
8823751 214853094 1
8823751 214852978 1
8823751 214853248 0.5
6059692 214846417 1
6059692 214839971 1
6059692 214846427 0.5
6059692 214836519 0.5
9345586 214853420 1
9345586 214850947 1
9345586 214716975 0.5
8192398 214851131 1
8192398 214851165 1
8192398 214851163 0.5
4683453 214836512 1
4683453 214542761 1
4683453 214839960 0.5
6834464 214848941 1
6834464 214848947 1
6834464 214848945 0.5
6834464 214849046 0.5
616131 214827009 1
616131 214827013 1
616131 214826619 0.5
8259271 214851133 1
8259271 214850792 1
8259271 214850402 0.5
8259271 214849762 0.5
8259271 214849734 0.5
5461713 214821277 1
5461713 214844355 1
5461713 214836932 0.5
5461713 214821020 0.5
5461713 214835167 0.5
10803494 214854268 1
10803494 214853994 1
10803494 214854264 0.5
10803494 214567329 0.5
10803494 214684762 0.5
10803494 214686547 0.5
10803494 214853726 0.5
1742574 214834880 1
1742574 214826610 1
1742574 214829387 0.5
1742574 214833755 0.5
1591024 214829396 1
1591024 214821350 1
1591024 214833755 0.5
10131196 214854125 1
10131196 214849796 1
10131196 214853248 0.5
2324223 214748338 1
2324223 214748297 1
2324223 214753513 0.5
2324223 214835124 0.5
4065033 214844394 1
4065033 214844456 1
4065033 214551617 0.5
4065033 214844458 0.5
4065033 214821341 0.5
4065033 214551626 0.5
4065033 214844439 0.5
4065033 214821305 0.5
4065033 214821309 0.5
5911803 214845917 1
5911803 214849001 1
5911803 214846029 0.5
5911803 214846447 0.5
6883103 214848596 1
6883103 214848847 1
6883103 214835167 0.5
3077934 214836553 1
3077934 214832017 1
3077934 214844439 0.5
7668701 214846389 1
7668701 214700000 1
7668701 214712235 0.5
1861424 214826670 1
1861424 214835750 1
1861424 214559960 0.5
6080309 214848375 1
6080309 214848982 1
6080309 214848808 0.5
6080309 214827005 0.5
5756728 214714586 1
5756728 214846447 1
5756728 214835019 0.5
5756728 214845887 0.5
5756728 214846031 0.5
4745017 214836512 1
4745017 214839598 1
4745017 214839382 0.5
4745017 214539039 0.5
10938173 214854785 1
10938173 214854840 1
10938173 214854787 0.5
10938173 214854733 0.5
10938173 214854534 0.5
6231878 214848808 1
6231878 214714794 1
6231878 214848832 0.5
6231878 214848851 0.5
6231878 214848613 0.5
3995463 214835167 1
3995463 214835109 1
3995463 214836932 0.5
3995463 214836947 0.5
3995463 214836924 0.5
75599 214819760 1
75599 214819376 1
75599 214819762 0.5
75599 214684843 0.5
3331922 214835505 1
3331922 214832021 1
3331922 214838126 0.5
4617871 214640019 1
4617871 214839956 1
4617871 214602598 0.5
4617871 214839954 0.5
4617871 214695476 0.5
4617871 214587317 0.5
4617871 214695478 0.5
4617871 214695480 0.5
4617871 214630042 0.5
4791269 214845133 1
4791269 214845131 1
4791269 214839969 0.5
4791269 214839975 0.5
4791269 214836330 0.5
4791269 214748336 0.5
4791269 214839600 0.5
4791269 214587317 0.5
4791269 214828985 0.5
4791269 214839960 0.5
4791269 214836857 0.5
4791269 214829852 0.5
5064571 214678987 1
5064571 214829390 1
5064571 214835120 0.5
5064571 214845577 0.5
5064571 214845508 0.5
2381692 214743350 1
2381692 214826608 1
2381692 214842553 0.5
6141821 214845980 1
6141821 214846029 1
6141821 214838096 0.5
6141821 214839965 0.5
6141821 214829887 0.5
5576584 214835745 1
5576584 214849001 1
5576584 214844372 0.5
5576584 214600492 0.5
2520973 214832730 1
2520973 214846057 1
2520973 214844420 0.5
11278237 214854707 1
11278237 214712242 1
11278237 214744050 0.5
11278237 214744091 0.5
11278237 214743821 0.5
6657953 214849327 1
6657953 214849127 1
6657953 214828970 0.5
10917794 214835004 1
10917794 214857551 1
10917794 214835000 0.5
10917794 214857204 0.5
10917794 214829878 0.5
5097392 214839956 1
5097392 214829042 1
5097392 214569729 0.5
9748242 214854148 1
9748242 214853132 1
9748242 214853227 0.5
9748242 214853237 0.5
650912 214716984 1
650912 214716988 1
650912 214832655 0.5
2929654 214612751 1
2929654 214716939 1
2929654 214716977 0.5
2929654 214716937 0.5
3839943 214712235 1
3839943 214514270 1
3839943 214514295 0.5
3839943 214511015 0.5
3839943 214676535 0.5
1984456 214829861 1
1984456 214821277 1
1984456 214584992 0.5
1984456 214551776 0.5
10995658 214853102 1
10995658 214854785 1
10995658 214714755 0.5
10995658 214854733 0.5
2475979 214819406 1
2475979 214826835 1
2475979 214826955 0.5
8689617 214853077 1
8689617 214852980 1
8689617 214853096 0.5
8834723 214853128 1
8834723 214853165 1
8834723 214853107 0.5
9385941 214853325 1
9385941 214819410 1
9385941 214540070 0.5
1406934 214826610 1
1406934 214834880 1
1406934 214718210 0.5
9078269 214853094 1
9078269 214853105 1
9078269 214853248 0.5
9078269 214853090 0.5
10025296 214849327 1
10025296 214690747 1
10025296 214717757 0.5
11081701 214853102 1
11081701 214864880 1
11081701 214714755 0.5
11081701 214854853 0.5
11081701 214678633 0.5
11081701 214853100 0.5
11081701 214695695 0.5
11081701 214854840 0.5
11081701 214684730 0.5
11454442 214854542 1
11454442 214686879 1
11454442 214837873 0.5
11454442 214850310 0.5
11454442 214854782 0.5
4353703 214820259 1
4353703 214820261 1
4353703 214820233 0.5
5277686 214832567 1
5277686 214838109 1
5277686 214835426 0.5
5277686 214835428 0.5
10410002 214854146 1
10410002 214567327 1
10410002 214567329 0.5
10410002 214567333 0.5
10410002 214854510 0.5
10410002 214981102 0.5
10410002 214854358 0.5
10410002 214853726 0.5
10410002 214716671 0.5
2160302 214829390 1
2160302 214821294 1
2160302 214821317 0.5
1849373 214835752 1
1849373 214826670 1
1849373 214709792 0.5
1849373 214829657 0.5
1849373 214835754 0.5
1849373 214835002 0.5
8951844 214853077 1
8951844 214853135 1
8951844 214853248 0.5
8951844 214853233 0.5
8951844 214853195 0.5
8951844 214853227 0.5
4511784 214839965 1
4511784 214838102 1
4511784 214831944 0.5
4511784 214838098 0.5
8706091 214850630 1
8706091 214695399 1
8706091 214712132 0.5
6616073 214848849 1
6616073 214845585 1
6616073 214753505 0.5
2431039 214831948 1
2431039 214829878 1
2431039 214829880 0.5
2431039 214829887 0.5
6170693 214748338 1
6170693 214846425 1
6170693 214850297 0.5
6170693 214846427 0.5
6170693 214845980 0.5
6170693 214748293 0.5
6170693 214846415 0.5
3110984 214837916 1
3110984 214837918 1
3110984 643078800 0.5
8722507 214832567 1
8722507 214716581 1
8722507 214851234 0.5
8722507 214851165 0.5
10803279 214854823 1
10803279 214853100 1
10803279 214850304 0.5
10803279 214853154 0.5
10803279 214854860 0.5
10803279 214859246 0.5
10803279 214686879 0.5
9824336 214829878 1
9824336 214831948 1
9824336 214850315 0.5
9824336 214853420 0.5
2535096 214829878 1
2535096 214831948 1
2535096 214829887 0.5
9586776 214853077 1
9586776 214852980 1
9586776 214853096 0.5
8047378 214850287 1
8047378 214848795 1
8047378 214711438 0.5
7958886 214850287 1
7958886 214632146 1
7958886 214668667 0.5
2914407 214820392 1
2914407 214748336 1
2914407 214834880 0.5
2914407 214718117 0.5
2914407 214743495 0.5
2914407 214819562 0.5
2914407 214826955 0.5
2914407 214831948 0.5
2914407 214716110 0.5
2914407 214677615 0.5
2914407 214698418 0.5
3868777 214826938 1
3868777 214836870 1
3868777 214829769 0.5
3868777 214829771 0.5
3868777 214829773 0.5
4315242 214832717 1
4315242 214821285 1
4315242 214820227 0.5
4450412 214612901 1
4450412 214718216 1
4450412 214554131 0.5
5810294 214846447 1
5810294 214676377 1
5810294 214581761 0.5
5810294 214845986 0.5
5810294 214820396 0.5
5810294 214839600 0.5
5810294 214844340 0.5
5810294 214826621 0.5
9009287 214853248 1
9009287 214716982 1
9009287 214716984 0.5
9009287 214853085 0.5
9009287 214716965 0.5
7559304 214846385 1
7559304 214580304 1
7559304 214849055 0.5
4597899 214836512 1
4597899 214831970 1
4597899 214632272 0.5
2427021 214748336 1
2427021 214835087 1
2427021 214601233 0.5
2427021 214835124 0.5
2427021 214832780 0.5
2427021 214835111 0.5
2746518 214684702 1
2746518 214714757 1
2746518 214540125 0.5
2746518 214540070 0.5
4851863 214839973 1
4851863 214839969 1
4851863 214839975 0.5
5212322 214709595 1
5212322 214850402 1
5212322 214819760 0.5
5212322 214819762 0.5
5212322 214684843 0.5
5212322 214586694 0.5
6633639 214632146 1
6633639 214829885 1
6633639 214834880 0.5
6633639 214849284 0.5
6633639 214665277 0.5
2189486 214831946 1
2189486 214748336 1
2189486 214839279 0.5
5855407 214509401 1
5855407 214845420 1
5855407 214691465 0.5
9390258 214853162 1
9390258 214852987 1
9390258 214853090 0.5
9390258 214853420 0.5
9390258 214853094 0.5
4098238 214844439 1
4098238 214844456 1
4098238 214844458 0.5
4098238 214821309 0.5
383181 214820402 1
383181 214819376 1
383181 214800272 0.5
383181 214839752 0.5
383181 214748336 0.5
383181 214706102 0.5
6465751 214846468 1
6465751 214848851 1
6465751 214848832 0.5
6465751 214844257 0.5
6465751 214848613 0.5
6465751 214846464 0.5
6465751 214848808 0.5
6465751 214684942 0.5
6465751 214848656 0.5
6465751 214848950 0.5
6465751 214846425 0.5
6465751 214844255 0.5
8243431 214850285 1
8243431 214850295 1
8243431 214684734 0.5
10119403 214854172 1
10119403 214853992 1
10119403 214853413 0.5
4991212 214826825 1
4991212 214835552 1
4991212 214837280 0.5
4991212 214838092 0.5
4991212 214845583 0.5
11156521 214850304 1
11156521 214829887 1
11156521 214762952 0.5
35066 214832557 1
35066 214718160 1
35066 214821024 0.5
35066 214832559 0.5
4684051 214831970 1
4684051 214538951 1
4684051 214839937 0.5
11495702 214853102 1
11495702 214854782 1
11495702 214864880 0.5
6908292 214848658 1
6908292 214848986 1
6908292 214849046 0.5
4106528 214832143 1
4106528 214839596 1
4106528 214839594 0.5
4106528 214714757 0.5
5490977 214716710 1
5490977 214716707 1
5490977 214849198 0.5
8530214 214851161 1
8530214 214714794 1
8530214 214851080 0.5
3639591 214832143 1
3639591 214831942 1
3639591 214826945 0.5
3639591 214826942 0.5
3103039 214835745 1
3103039 214835019 1
3103039 214826565 0.5
5724486 214846033 1
5724486 214846029 1
5724486 214845986 0.5
5724486 214846007 0.5
5724486 214839973 0.5
5724486 214846061 0.5
9140203 214849057 1
9140203 214819779 1
9140203 214851581 0.5
9140203 214851133 0.5
7416144 214587328 1
7416144 214700002 1
7416144 214743515 0.5
8837457 214853130 1
8837457 214677830 1
8837457 214853109 0.5
9402713 214853420 1
9402713 214853422 1
9402713 214845984 0.5
9402713 214850945 0.5
7818299 214853177 1
7818299 214853175 1
7818299 214853758 0.5
9738603 214852980 1
9738603 214853077 1
9738603 214853094 0.5
9738603 214851326 0.5
2005394 214834880 1
2005394 214826610 1
2005394 214834877 0.5
2005394 214829366 0.5
4274543 214836932 1
4274543 214838124 1
4274543 214748336 0.5
4274543 214820392 0.5
4874643 214838109 1
4874643 214710101 1
4874643 214606747 0.5
1943933 214832595 1
1943933 214826610 1
1943933 214821410 0.5
1943933 214554285 0.5
7068031 214533020 1
7068031 214612751 1
7068031 214612738 0.5
7756172 214850936 1
7756172 214833326 1
7756172 214850771 0.5
7756172 214836830 0.5
231834 214826955 1
231834 214826627 1
231834 214826835 0.5
10447261 214854358 1
10447261 214853735 1
10447261 214684785 0.5
10447261 214684762 0.5
10447261 214853726 0.5
10447261 214567333 0.5
10447261 214854262 0.5
7051682 214700002 1
7051682 214850304 1
7051682 214845960 0.5
7051682 214698446 0.5
7051682 214846033 0.5
7051682 214848982 0.5
7051682 214706428 0.5
7051682 214829887 0.5
6834597 214848658 1
6834597 214848849 1
6834597 214849022 0.5
6834597 214849046 0.5
10836392 214854853 1
10836392 214864880 1
10836392 214851032 0.5
10836392 214859242 0.5
10398127 214854358 1
10398127 214853735 1
10398127 214854300 0.5
10398127 214854510 0.5
10398127 214854262 0.5
9563208 214711307 1
9563208 214848980 1
9563208 214853426 0.5
39351 214819468 1
39351 214716986 1
39351 214716930 0.5
39351 214716971 0.5
7887298 214853758 1
7887298 214717003 1
7887298 214716928 0.5
7887298 214717007 0.5
6040004 214848375 1
6040004 214848613 1
6040004 214743497 0.5
3615189 214829747 1
3615189 214842735 1
3615189 214828995 0.5
3316186 214835137 1
3316186 214587712 1
3316186 214835017 0.5
3316186 214835019 0.5
3316186 214835747 0.5
3316186 214587697 0.5
5331429 214844370 1
5331429 214850996 1
5331429 214846007 0.5
5331429 214850402 0.5
5331429 214846447 0.5
5331429 214845587 0.5
5331429 214829799 0.5
7727602 214846033 1
7727602 214850304 1
7727602 214831946 0.5
5598291 214514295 1
5598291 214551695 1
5598291 214826743 0.5
5598291 214509150 0.5
5598291 214846029 0.5
5598291 214838109 0.5
5598291 214842735 0.5
6529449 214712235 1
6529449 214846014 1
6529449 214835120 0.5
6529449 214838098 0.5
6529449 214826715 0.5
6529449 214684710 0.5
5515768 214844400 1
5515768 214844402 1
5515768 214743495 0.5
5515768 214819721 0.5
5515768 214846061 0.5
5515768 214846447 0.5
5515768 214820400 0.5
5515768 214820402 0.5
5515768 214832150 0.5
8063486 214677830 1
8063486 214853169 1
8063486 214819393 0.5
8063486 214853130 0.5
8063486 214581611 0.5
8063486 214676306 0.5
8063486 214846117 0.5
238678 214706205 1
238678 214753513 1
238678 214753507 0.5
3361297 214835126 1
3361297 214826818 1
3361297 214718396 0.5
8284691 214717003 1
8284691 214716926 1
8284691 214716984 0.5
7064089 214850282 1
7064089 214849753 1
7064089 214850304 0.5
7064089 214820938 0.5
7064089 214846477 0.5
7064089 214837286 0.5
6994461 214849322 1
6994461 214849318 1
6994461 214850304 0.5
6994461 214846112 0.5
6994461 214846530 0.5
6994461 214844355 0.5
6994461 214849734 0.5
6994461 214849031 0.5
6994461 214849762 0.5
6994461 214844402 0.5
6261279 214849076 1
6261279 214848615 1
6261279 214838225 0.5
6261279 214844402 0.5
6261279 214839973 0.5
6261279 214848982 0.5
11229728 214854782 1
11229728 214854332 1
11229728 214575665 0.5
9046567 214820383 1
9046567 214820227 1
9046567 214821285 0.5
4504108 214835109 1
4504108 214838227 1
4504108 214834877 0.5
1468978 214834880 1
1468978 214826610 1
1468978 214829387 0.5
1468978 214833755 0.5
8243778 214853094 1
8243778 214851326 1
8243778 214853090 0.5
4407736 214842480 1
4407736 214845502 1
4407736 214585676 0.5
4407736 214583190 0.5
4407736 214573607 0.5
8497758 214844439 1
8497758 214844456 1
8497758 214844441 0.5
2271844 214829878 1
2271844 214831948 1
2271844 214829880 0.5
7322213 214850295 1
7322213 214849796 1
7322213 214849807 0.5
6543974 214850396 1
6543974 214848613 1
6543974 214848808 0.5
8047214 214832604 1
8047214 214832567 1
8047214 214716714 0.5
8047214 214851131 0.5
8047214 214716671 0.5
9869936 214853698 1
9869936 214853700 1
9869936 214853767 0.5
4848252 214839977 1
4848252 214706216 1
4848252 214836785 0.5
5229187 214677615 1
5229187 214826990 1
5229187 214845457 0.5
5229187 214561402 0.5
10934919 214714755 1
10934919 214853362 1
10934919 214553544 0.5
10934919 214855016 0.5
10934919 214848185 0.5
10934919 214854733 0.5
10934919 214743335 0.5
5831317 214846029 1
5831317 214602598 1
5831317 214846001 0.5
5831317 214819430 0.5
5831317 214553561 0.5
6967774 214849318 1
6967774 214849320 1
6967774 214631002 0.5
6967774 214849179 0.5
6967774 214837286 0.5
11553437 214853728 1
11553437 214853735 1
11553437 214684762 0.5
7371444 214819410 1
7371444 214828963 1
7371444 214828970 0.5
1461364 214685784 1
1461364 214835021 1
1461364 214829396 0.5
391866 214826623 1
391866 214826955 1
391866 214826627 0.5
2258038 214829880 1
2258038 214831948 1
2258038 214829885 0.5
10476242 214567333 1
10476242 214684785 1
10476242 214572448 0.5
10476242 214695553 0.5
10476242 214572452 0.5
10476242 214686547 0.5
10476242 214854358 0.5
10476242 214684762 0.5
2972701 214581489 1
2972701 214514295 1
2972701 214602605 0.5
10755194 214567329 1
10755194 214567215 1
10755194 214837280 0.5
10755194 214854577 0.5
10755194 214684762 0.5
10755194 214853726 0.5
10755194 214567327 0.5
4274916 214551626 1
4274916 214844394 1
4274916 214612708 0.5
4274916 214612751 0.5
5257957 214844347 1
5257957 214836932 1
5257957 214829850 0.5
5257957 214850402 0.5
8444651 214716932 1
8444651 214716973 1
8444651 214819468 0.5
9915116 214853698 1
9915116 214853707 1
9915116 214853992 0.5
9915116 214853700 0.5
9915116 214853413 0.5
5700338 214845917 1
5700338 214848997 1
5700338 214839969 0.5
5700338 214835019 0.5
5700338 214848159 0.5
5700338 214846447 0.5
2779892 214718398 1
2779892 214831948 1
2779892 214829880 0.5
2779892 214826835 0.5
2779892 214684734 0.5
9087734 214853077 1
9087734 214852980 1
9087734 214853248 0.5
9087734 214853096 0.5
9087734 214853090 0.5
9087734 214853085 0.5
9673468 214829878 1
9673468 214831946 1
9673468 214850310 0.5
6449918 214850357 1
6449918 214849076 1
6449918 214829887 0.5
7940863 214700000 1
7940863 214832143 1
7940863 214848973 0.5
7940863 214846031 0.5
7940863 214846033 0.5
7940863 214849076 0.5
7940863 214600470 0.5
7940863 214850366 0.5
3619588 214829887 1
3619588 214838096 1
3619588 214717742 0.5
576274 214827009 1
576274 214821339 1
576274 214826617 0.5
576274 214826876 0.5
5286677 214844396 1
5286677 214844398 1
5286677 214844345 0.5
9128728 214853077 1
9128728 214852980 1
9128728 214853184 0.5
9644834 214853454 1
9644834 214853428 1
9644834 214678526 0.5
10341163 214567327 1
10341163 214567333 1
10341163 214684785 0.5
10341163 214684762 0.5
10341163 214853726 0.5
10341163 214854358 0.5
10341163 214854262 0.5
10767157 214851137 1
10767157 214854527 1
10767157 214853713 0.5
10767157 214851122 0.5
10767157 214854540 0.5
10767157 214850743 0.5
9087816 214852978 1
9087816 214853077 1
9087816 214853225 0.5
9087816 214853094 0.5
3541838 214716928 1
3541838 214717005 1
3541838 214716971 0.5
3541838 214717003 0.5
3541838 214554358 0.5
9369874 214853325 1
9369874 214712237 1
9369874 214853321 0.5
9369874 214700002 0.5
5921618 214692821 1
5921618 214516723 1
5921618 214829756 0.5
8096604 214851122 1
8096604 214851236 1
8096604 214851581 0.5
4221791 214820227 1
4221791 214820233 1
4221791 214584907 0.5
4221791 214584939 0.5
4221791 214821285 0.5
5371321 214656380 1
5371321 214717284 1
5371321 214553702 0.5
5966691 214846412 1
5966691 214580293 1
5966691 214834862 0.5
10550118 214853735 1
10550118 214848658 1
10550118 214854352 0.5
10550118 214853724 0.5
10550118 214850739 0.5
10550118 214853732 0.5
1669997 214748338 1
1669997 214753513 1
1669997 214748293 0.5
1669997 214609325 0.5
10347668 214854358 1
10347668 214695525 1
10347668 214572448 0.5
10347668 214695553 0.5
10347668 214686547 0.5
10677119 214567327 1
10677119 214567333 1
10677119 214854146 0.5
10677119 214854174 0.5
10677119 214854262 0.5
6187904 214846385 1
6187904 214580293 1
6187904 214850953 0.5
6187904 214846477 0.5
6187904 214846327 0.5
4176771 214744258 1
4176771 214838098 1
4176771 214680371 0.5
4176771 214512611 0.5
4176771 214712235 0.5
4176771 214602605 0.5
5499783 214845587 1
5499783 214844396 1
5499783 214829850 0.5
5499783 214829387 0.5
5499783 214835109 0.5
5499783 214586743 0.5
5827468 214832143 1
5827468 214829790 1
5827468 214829880 0.5
2874259 214835503 1
2874259 214831940 1
2874259 214602600 0.5
2874259 214835137 0.5
2874259 214832792 0.5
2874259 214834867 0.5
2874259 214580190 0.5
10038166 214853325 1
10038166 214743515 1
10038166 214853321 0.5
10038166 214700002 0.5
10038166 214826987 0.5
10038166 214712237 0.5
10120091 214850739 1
10120091 214854352 1
10120091 214854577 0.5
5262264 214837288 1
5262264 214837286 1
5262264 214836956 0.5
6642617 214820261 1
6642617 214820233 1
6642617 214516140 0.5
2239431 214829878 1
2239431 214831948 1
2239431 214829887 0.5
10582971 214854264 1
10582971 214854268 1
10582971 214684762 0.5
10582971 214853855 0.5
10582971 214853700 0.5
10582971 214853767 0.5
7871452 214851120 1
7871452 214849736 1
7871452 214853122 0.5
8834018 214853210 1
8834018 214853242 1
8834018 214853225 0.5
1688742 214834880 1
1688742 214834877 1
1688742 214826610 0.5
1688742 214829387 0.5
6859883 214829765 1
6859883 214848596 1
6859883 214835167 0.5
4332534 214845129 1
4332534 214838105 1
4332534 214838096 0.5
4332534 214838107 0.5
6454264 214846385 1
6454264 214580293 1
6454264 214846425 0.5
3649366 214836830 1
3649366 214687685 1
3649366 214840412 0.5
5323789 214835167 1
5323789 214842735 1
5323789 214844257 0.5
5323789 214829765 0.5
2874386 214834867 1
2874386 214831940 1
2874386 214533020 0.5
2874386 214844458 0.5
2874386 214821339 0.5
2874386 214612708 0.5
2874386 214821309 0.5
3091477 214835017 1
3091477 214835747 1
3091477 214587712 0.5
3091477 214826977 0.5
3091477 214718117 0.5
3091477 214835019 0.5
3091477 214716110 0.5
3091477 214835087 0.5
3091477 214835124 0.5
3091477 214706102 0.5
3091477 214829850 0.5
6220829 214848337 1
6220829 214845971 1
6220829 214846530 0.5
6220829 214709702 0.5
6220829 214848656 0.5
6220829 214582200 0.5
6220829 214844345 0.5
6220829 214834877 0.5
9067013 214850949 1
9067013 214853152 1
9067013 214838107 0.5
9067013 214850947 0.5
9067013 214853420 0.5
9067013 214705734 0.5
3828777 214820263 1
3828777 214820265 1
3828777 214636507 0.5
10832942 214853754 1
10832942 214687753 1
10832942 214582942 0.5
4959291 214828989 1
4959291 214827022 1
4959291 214538820 0.5
7359556 214850936 1
7359556 214850938 1
7359556 214753505 0.5
7359556 214850743 0.5
11046071 214854823 1
11046071 214714755 1
11046071 214854733 0.5
11046071 214560622 0.5
9260108 214853340 1
9260108 214850700 1
9260108 214853342 0.5
6671438 214710088 1
6671438 214849312 1
6671438 214579220 0.5
3229539 214836830 1
3229539 214834880 1
3229539 214832128 0.5
3229539 214835109 0.5
3229539 214832555 0.5
3229539 214826610 0.5
3229539 214832126 0.5
3229539 214821407 0.5
40021 214821307 1
40021 214821339 1
40021 214716930 0.5
40021 214612708 0.5
40021 214716935 0.5
40021 214567095 0.5
40021 214711642 0.5
40021 214533020 0.5
40021 214694111 0.5
5483612 214826990 1
5483612 214712126 1
5483612 214844345 0.5
5483612 214844340 0.5
5909601 214846415 1
5909601 214846479 1
5909601 214846427 0.5
363624 214821277 1
363624 214821285 1
363624 214826816 0.5
1817707 214826977 1
1817707 214819577 1
1817707 214716120 0.5
1817707 214819762 0.5
9890924 214853353 1
9890924 214853767 1
9890924 214854152 0.5
9890924 214853709 0.5
9890924 214854118 0.5
2997357 214821302 1
2997357 214821315 1
2997357 214821305 0.5
2997357 214533022 0.5
2997357 214844439 0.5
4729982 214836519 1
4729982 214602598 1
4729982 214829280 0.5
4729982 214838107 0.5
4729982 214587317 0.5
9213109 214850790 1
9213109 214854172 1
9213109 214854146 0.5
1739926 214829321 1
1739926 214748336 1
1739926 214800272 0.5
11422883 214857551 1
11422883 214829878 1
11422883 214850282 0.5
11422883 214853102 0.5
11254954 214850287 1
11254954 214850368 1
11254954 214854795 0.5
953522 214840899 1
953522 214691563 1
953522 214684513 0.5
953522 214843526 0.5
7703734 214827022 1
7703734 214829822 1
7703734 214595137 0.5
11046072 214853072 1
11046072 214587317 1
11046072 214828985 0.5
5020857 214847255 1
5020857 214837494 1
5020857 214826818 0.5
5020857 214847261 0.5
5491231 214831955 1
5491231 214845352 1
5491231 214836956 0.5
5491231 214844407 0.5
8420547 214836827 1
8420547 214748336 1
8420547 214743339 0.5
8420547 214829852 0.5
9350352 214853454 1
9350352 214853420 1
9350352 214848185 0.5
9350352 214850947 0.5
9350352 214850949 0.5
9350352 214850942 0.5
1871068 214748336 1
1871068 214829852 1
1871068 214829321 0.5
1871068 214687852 0.5
1871068 214587317 0.5
1871068 214743495 0.5
4963551 214838094 1
4963551 214836956 1
4963551 214837280 0.5
4963551 214826818 0.5
8891632 214832604 1
8891632 214640012 1
8891632 214853657 0.5
8891632 214837170 0.5
8891632 214828963 0.5
8891632 214849391 0.5
1107157 214716977 1
1107157 214716971 1
1107157 214716939 0.5
1107157 214716941 0.5
1107157 214716943 0.5
10579209 214567215 1
10579209 214567329 1
10579209 214854819 0.5
10579209 214850739 0.5
10579209 214854358 0.5
10579209 214854264 0.5
10579209 214684762 0.5
10579209 214854268 0.5
10579209 214853726 0.5
10579209 214853855 0.5
8618402 214676306 1
8618402 214567408 1
8618402 214821024 0.5
8618402 214847968 0.5
8618402 214853130 0.5
8618402 214853128 0.5
8618402 214849753 0.5
1580304 214821341 1
1580304 214684736 1
1580304 214826627 0.5
7970067 214835126 1
7970067 214712235 1
7970067 214587328 0.5
7970067 214700000 0.5
7970067 214744258 0.5
9108763 214853094 1
9108763 214853105 1
9108763 214853090 0.5
9108763 214853096 0.5
9108763 214698420 0.5
9108763 214853077 0.5
9108763 214853085 0.5
9108763 214851326 0.5
10874144 214854352 1
10874144 214684762 1
10874144 214853855 0.5
4175594 214685747 1
4175594 214826608 1
4175594 214842553 0.5
10911022 214854795 1
10911022 214854853 1
10911022 214853102 0.5
388404 214748293 1
388404 214748302 1
388404 214753513 0.5
10358072 214853846 1
10358072 214854060 1
10358072 214854146 0.5
10358072 214853715 0.5
10358072 214853996 0.5
7638329 214853177 1
7638329 214853758 1
7638329 214851135 0.5
7638329 214840412 0.5
7638329 214687685 0.5
7638329 214846391 0.5
6982974 214848849 1
6982974 214849020 1
6982974 214849022 0.5
7892299 214846014 1
7892299 214831946 1
7892299 214819400 0.5
7892299 214826715 0.5
7892299 214673295 0.5
7892299 214850310 0.5
7892299 214717511 0.5
11062611 214853102 1
11062611 214864880 1
11062611 214829878 0.5
11062611 214567327 0.5
9149799 214853233 1
9149799 214851748 1
9149799 214716746 0.5
9149799 214853227 0.5
9149799 214850700 0.5
9149799 214851163 0.5
3509613 214829042 1
3509613 214706216 1
3509613 214839984 0.5
3509613 214550248 0.5
3509613 214774667 0.5
3509613 214570963 0.5
3509613 214845127 0.5
4709761 214844439 1
4709761 214702895 1
4709761 214533026 0.5
4709761 214836519 0.5
3886471 214829765 1
3886471 214835167 1
3886471 214836924 0.5
56713 214716977 1
56713 214716937 1
56713 214716975 0.5
8387982 214849734 1
8387982 214848808 1
8387982 214844402 0.5
8387982 214849762 0.5
8387982 214716714 0.5
8387982 214716671 0.5
2915728 214835017 1
2915728 214835019 1
2915728 214587712 0.5
2915728 214835747 0.5
4224251 214836875 1
4224251 214836830 1
4224251 214839975 0.5
9248152 214853420 1
9248152 214850947 1
9248152 214850949 0.5
9248152 214705734 0.5
10763673 214854262 1
10763673 214854510 1
10763673 214567333 0.5
10763673 214567327 0.5
10661281 214684785 1
10661281 214684762 1
10661281 214853848 0.5
10661281 214853726 0.5
10861986 214859242 1
10861986 214510445 1
10861986 214849132 0.5
10968488 214854174 1
10968488 214848315 1
10968488 214853724 0.5
10968488 214853732 0.5
5513117 214844368 1
5513117 214844400 1
5513117 214844402 0.5
2764209 214826715 1
2764209 214748336 1
2764209 214717511 0.5
2764209 214819400 0.5
2764209 214831946 0.5
2764209 214832115 0.5
2764209 214695412 0.5
2764209 214829887 0.5
7544249 214846119 1
7544249 214845962 1
7544249 214559660 0.5
10132934 214853722 1
10132934 214853700 1
10132934 214853996 0.5
10132934 214853702 0.5
1711563 214821320 1
1711563 214834873 1
1711563 214710971 0.5
10825166 214854853 1
10825166 214854840 1
10825166 214853102 0.5
6368504 214844372 1
6368504 214710062 1
6368504 214839973 0.5
6368504 214839975 0.5
6368504 214574670 0.5
6368504 214848622 0.5
6368504 214708374 0.5
6368504 214848695 0.5
4332113 214838102 1
4332113 214838107 1
4332113 214838096 0.5
4332113 214840235 0.5
4332113 214832015 0.5
2936302 214554662 1
2936302 214587712 1
2936302 214835017 0.5
2936302 214600492 0.5
2121208 214835111 1
2121208 214748336 1
2121208 214839600 0.5
2121208 214826977 0.5
2121208 214819762 0.5
2121208 214829852 0.5
2121208 214829385 0.5
10079748 214555237 1
10079748 214854551 1
10079748 214680356 0.5
867847 214821302 1
867847 214821305 1
867847 214821309 0.5
3083784 214835017 1
3083784 214835019 1
3083784 214835747 0.5
10645017 214567215 1
10645017 214567329 1
10645017 214684785 0.5
9412134 214853424 1
9412134 214853454 1
9412134 214850945 0.5
4361773 214831944 1
4361773 214838105 1
4361773 214838107 0.5
4361773 214725551 0.5
4133469 214831970 1
4133469 214840235 1
4133469 214539039 0.5
1449528 214667912 1
1449528 214826711 1
1449528 214829379 0.5
1551948 214567048 1
1551948 214717805 1
1551948 214567050 0.5
8138322 214853657 1
8138322 214849807 1
8138322 214845583 0.5
9997914 214583610 1
9997914 214851324 1
9997914 214706216 0.5
9997914 214709634 0.5
6602338 214848967 1
6602338 214848795 1
6602338 214848977 0.5
6602338 214849076 0.5
9449074 214853325 1
9449074 214712237 1
9449074 214700002 0.5
9449074 214831955 0.5
9449074 214743515 0.5
9449074 214853366 0.5
8728179 214853077 1
8728179 214852980 1
8728179 214819393 0.5
8728179 214853094 0.5
8728179 214678376 0.5
8728179 214853165 0.5
8728179 214849010 0.5
8728179 214678387 0.5
8728179 214851326 0.5
10078142 214853992 1
10078142 214567333 1
10078142 214853865 0.5
10078142 214839962 0.5
10078142 214853996 0.5
10078142 214854165 0.5
10078142 214819577 0.5
646787 214837487 1
646787 214837442 1
646787 214837485 0.5
10620551 214853732 1
10620551 214849807 1
10620551 214854536 0.5
10620551 214854227 0.5
9498252 214832653 1
9498252 214716982 1
9498252 214854572 0.5
3907214 214540125 1
3907214 214836527 1
3907214 214601186 0.5
9359981 214570547 1
9359981 214846391 1
9359981 214851146 0.5
9359981 214840412 0.5
9359981 214687685 0.5
9359981 214851135 0.5
6595867 214716930 1
6595867 214652207 1
6595867 214716932 0.5
8251114 214851028 1
8251114 214716654 1
8251114 214851163 0.5
446123 214826623 1
446123 214826627 1
446123 214838960 0.5
446123 214826799 0.5
9080496 214852978 1
9080496 214852980 1
9080496 214853105 0.5
9080496 214851742 0.5
5725878 214846065 1
5725878 214845418 1
5725878 214839958 0.5
123508 214826803 1
123508 214821285 1
123508 214701242 0.5
6774471 214849134 1
6774471 214849331 1
6774471 214714721 0.5
6774471 214643681 0.5
3256268 214826803 1
3256268 214821285 1
3256268 214842555 0.5
4562639 214845806 1
4562639 214845131 1
4562639 214839973 0.5
4562639 214586469 0.5
9555918 214853135 1
9555918 214849807 1
9555918 214853233 0.5
9555918 214851748 0.5
3804887 214836795 1
3804887 214826938 1
3804887 214829769 0.5
3804887 214595150 0.5
5451501 214826942 1
5451501 214712235 1
5451501 214512611 0.5
5451501 214511015 0.5
5451501 214711438 0.5
5451501 214601203 0.5
5451501 214601207 0.5
5451501 214601210 0.5
5451501 214846014 0.5
11394812 214852980 1
11394812 214853094 1
11394812 214853105 0.5
11394812 214852978 0.5
11394812 214853077 0.5
11394812 214851326 0.5
11124482 214849464 1
11124482 214854579 1
11124482 214854585 0.5
11124482 214853227 0.5
11124482 214851748 0.5
8617732 214853420 1
8617732 214853422 1
8617732 214763542 0.5
5295883 214567408 1
5295883 214718160 1
5295883 214819427 0.5
7502467 214850936 1
7502467 214717003 1
7502467 214850720 0.5
7502467 214854632 0.5
7502467 214851011 0.5
7502467 214564382 0.5
5177114 214850332 1
5177114 214753513 1
5177114 214677508 0.5
2287547 214821305 1
2287547 214684942 1
2287547 214662759 0.5
2287547 214844394 0.5
2287547 214558192 0.5
2287547 214844439 0.5
2287547 214556057 0.5
2287547 214716714 0.5
2451421 214829880 1
2451421 214831946 1
2451421 214829878 0.5
2451421 214829887 0.5
3993393 214835722 1
3993393 214836530 1
3993393 214613649 0.5
3993393 214613645 0.5
6498094 214714717 1
6498094 214836326 1
6498094 214712278 0.5
2555708 214829887 1
2555708 214717511 1
2555708 214684736 0.5
2555708 214717265 0.5
2555708 214826947 0.5
2555708 214695412 0.5
2555708 214718390 0.5
2903878 214844454 1
2903878 214821315 1
2903878 214612704 0.5
2903878 214551624 0.5
2903878 214533022 0.5
2903878 214820270 0.5
2903878 214820263 0.5
6365014 214846117 1
6365014 214712124 1
6365014 214711205 0.5
6365014 214846119 0.5
6365014 214553257 0.5
6365014 214559660 0.5
6365014 214845965 0.5
6365014 214832019 0.5
6365014 214819640 0.5
7896922 214717003 1
7896922 214840483 1
7896922 214716928 0.5
11272029 214864880 1
11272029 214644641 1
11272029 214714755 0.5
11272029 214854823 0.5
5459813 214846061 1
5459813 214835745 1
5459813 214846007 0.5
2223978 214829878 1
2223978 214829887 1
2223978 214829880 0.5
2223978 214831946 0.5
2223978 214826623 0.5
2223978 214829882 0.5
2223978 214831965 0.5
4648811 214695478 1
4648811 214695480 1
4648811 214839943 0.5
3800948 214573350 1
3800948 214651517 1
3800948 214748336 0.5
3800948 214819721 0.5
3800948 214839587 0.5
3800948 214745317 0.5
6606713 214849239 1
6606713 214667857 1
6606713 214849046 0.5
6606713 214834877 0.5
6606713 214849022 0.5
11063168 214567408 1
11063168 214676306 1
11063168 214718169 0.5
11063168 214854174 0.5
11063168 214853497 0.5
5279617 214691563 1
5279617 214691587 1
5279617 214836536 0.5
6483843 214848808 1
6483843 214848851 1
6483843 214848832 0.5
6483843 214848613 0.5
6483843 214827005 0.5
3317646 214832124 1
3317646 214832115 1
3317646 214839617 0.5
3317646 214557223 0.5
3317646 214836847 0.5
3317646 214835475 0.5
3317646 214837882 0.5
3317646 214821407 0.5
3317646 214826623 0.5
10731407 214853085 1
10731407 214853090 1
10731407 214853077 0.5
10731407 214851326 0.5
9322386 214853195 1
9322386 214853135 1
9322386 214853227 0.5
9322386 214851748 0.5
488771 214748293 1
488771 214753507 1
488771 214826705 0.5
488771 214748300 0.5
11123354 214853072 1
11123354 214855151 1
11123354 214848757 0.5
2752419 214612738 1
2752419 214844439 1
2752419 214844447 0.5
7037819 214509401 1
7037819 214551913 1
7037819 214846112 0.5
7037819 214849466 0.5
8200109 214850619 1
8200109 214564387 1
8200109 214850940 0.5
4202894 214839590 1
4202894 214839587 1
4202894 214820402 0.5
4202894 214826623 0.5
4202894 214829797 0.5
4202894 214829799 0.5
107883 214718160 1
107883 214832557 1
107883 214821024 0.5
4161469 214848326 1
4161469 214832015 1
4161469 214838096 0.5
4161469 214836932 0.5
4161469 214839592 0.5
4161469 214819760 0.5
4161469 214819762 0.5
4161469 214838102 0.5
5214152 214832156 1
5214152 214829887 1
5214152 214837280 0.5
5214152 214838092 0.5
6455242 214846460 1
6455242 214846367 1
6455242 214846419 0.5
2674636 214829887 1
2674636 214829878 1
2674636 214826670 0.5
7725006 214563182 1
7725006 214717005 1
7725006 214687946 0.5
7725006 214717003 0.5
7725006 214849127 0.5
2723803 214748295 1
2723803 214748291 1
2723803 214748304 0.5
8387922 214851290 1
8387922 214716982 1
8387922 214844439 0.5
2969583 214829878 1
2969583 214829882 1
2969583 214829887 0.5
9571938 214827022 1
9571938 214846378 1
9571938 214716660 0.5
