40962 214717005 1
40962 214828987 1
40962 214744528 0.5
40962 214568124 0.5
5177349 214699025 1
5177349 214842735 1
5177349 214845579 0.5
5177349 214832156 0.5
5177349 214826750 0.5
946192 214744775 1
946192 214820392 1
946192 214587712 0.5
4273497 214839341 1
4273497 214845127 1
4273497 214630042 0.5
4273497 214540691 0.5
5144608 214836956 1
5144608 214837286 1
5144608 214837280 0.5
5144608 214838092 0.5
364578 214821290 1
364578 214664919 1
364578 214826955 0.5
9371688 214850942 1
9371688 214831948 1
9371688 214851326 0.5
1703989 214743495 1
1703989 214829385 1
1703989 214559960 0.5
1703989 214829657 0.5
1703989 214820394 0.5
1703989 214835750 0.5
2572363 214831948 1
2572363 214716932 1
2572363 214829327 0.5
6266961 214849076 1
6266961 214848982 1
6266961 214514293 0.5
6266961 214849070 0.5
1970283 214712130 1
1970283 214829321 1
1970283 214748336 0.5
1970283 214819721 0.5
1970283 214743495 0.5
9379951 214850947 1
9379951 214853420 1
9379951 214842474 0.5
9379951 214691420 0.5
4153459 214831942 1
4153459 214839587 1
4153459 214845131 0.5
4153459 214839932 0.5
10125441 214846119 1
10125441 214845962 1
10125441 214819427 0.5
9474178 214850366 1
9474178 214848980 1
9474178 214819627 0.5
7643273 214850771 1
7643273 214850743 1
7643273 214556840 0.5
7643273 214821022 0.5
5836938 214829317 1
5836938 214845420 1
5836938 214849001 0.5
5836938 214845917 0.5
5836938 214846061 0.5
651403 214826705 1
651403 214836915 1
651403 214685760 0.5
651403 214835940 0.5
651403 214821292 0.5
9142417 214853169 1
9142417 214853130 1
9142417 214819393 0.5
9142417 214678387 0.5
9142417 214853109 0.5
9142417 214677830 0.5
528532 214826747 1
528532 214538951 1
528532 214539084 0.5
528532 214551748 0.5
528532 214827013 0.5
5634073 214828989 1
5634073 214534693 1
5634073 214537490 0.5
1036442 214668677 1
1036442 214826715 1
1036442 214705993 0.5
1036442 214571010 0.5
3416222 214832124 1
3416222 214832115 1
3416222 214826623 0.5
3416222 214836330 0.5
3416222 214744779 0.5
3416222 214820396 0.5
3416222 214744775 0.5
3437936 214826803 1
3437936 214821285 1
3437936 214820227 0.5
3437936 214535685 0.5
1835173 214829887 1
1835173 214712237 1
1835173 214829090 0.5
1835173 214743515 0.5
1835173 214700002 0.5
8794278 214678387 1
8794278 214678376 1
8794278 214853169 0.5
10379432 214854510 1
10379432 214854262 1
10379432 214567333 0.5
10379432 214567327 0.5
3580077 214836845 1
3580077 214836527 1
3580077 214601186 0.5
6594734 214849020 1
6594734 214848945 1
6594734 214849022 0.5
1323187 214652462 1
1323187 214551930 1
1323187 214557268 0.5
5067896 214746365 1
5067896 214845131 1
5067896 214714712 0.5
5067896 214826623 0.5
7217347 214849775 1
7217347 214718372 1
7217347 214849807 0.5
8233156 214853135 1
8233156 214851748 1
8233156 214853248 0.5
8233156 214853188 0.5
8233156 214850405 0.5
8233156 214850790 0.5
8233156 214850936 0.5
8233156 214851161 0.5
8233156 214849080 0.5
8233156 214851097 0.5
8233156 214850938 0.5
2506951 214820394 1
2506951 214835750 1
2506951 214744779 0.5
6446456 214744768 1
6446456 214644650 1
6446456 214836517 0.5
7885013 214821315 1
7885013 214716982 1
7885013 214533022 0.5
689529 214821285 1
689529 214821277 1
689529 214821290 0.5
2748634 214716928 1
2748634 214831948 1
2748634 214716984 0.5
2748634 214716982 0.5
2748634 214829878 0.5
11370718 214857204 1
11370718 214835000 1
11370718 214858680 0.5
11370718 214835004 0.5
8421599 214850630 1
8421599 214718160 1
8421599 214567408 0.5
8421599 214851075 0.5
10962182 214556728 1
10962182 214829730 1
10962182 214829312 0.5
10962182 214849295 0.5
8069353 214850730 1
8069353 214836830 1
8069353 214850747 0.5
8069353 214846389 0.5
5587184 214829885 1
5587184 214668667 1
5587184 214829880 0.5
5587184 214829878 0.5
10223858 214853992 1
10223858 214854300 1
10223858 214851748 0.5
10223858 214850405 0.5
2830584 214819762 1
2830584 214836517 1
2830584 214819760 0.5
4918658 214832015 1
4918658 214820188 1
4918658 214711408 0.5
4918658 214845579 0.5
5361953 214835473 1
5361953 214835428 1
5361953 214835426 0.5
5361953 214832150 0.5
9756966 214853454 1
9756966 214853424 1
9756966 214850945 0.5
9756966 214853338 0.5
9756966 214850942 0.5
9134376 214853077 1
9134376 214853233 1
9134376 214853195 0.5
9134376 214851748 0.5
2978117 214551776 1
2978117 214612760 1
2978117 214551780 0.5
10899788 214854853 1
10899788 214854840 1
10899788 214684730 0.5
10899788 214846012 0.5
10899788 214838102 0.5
11088236 214854780 1
11088236 214582942 1
11088236 214712242 0.5
11088236 214854682 0.5
2171247 214826666 1
2171247 214554510 1
2171247 214692849 0.5
4800884 214640015 1
4800884 214821339 1
4800884 214710099 0.5
11145591 214853698 1
11145591 214712242 1
11145591 214850949 0.5
4141439 214826942 1
4141439 214832143 1
4141439 214838105 0.5
9245061 214846391 1
9245061 214716660 1
9245061 214850282 0.5
9245061 214827022 0.5
9245061 214844398 0.5
7913872 214846367 1
7913872 214554510 1
7913872 214826666 0.5
6046101 214677615 1
6046101 214718169 1
6046101 214821017 0.5
8818073 214853105 1
8818073 214852980 1
8818073 214853248 0.5
8818073 214853184 0.5
8818073 214851748 0.5
8818073 214853195 0.5
8818073 214601040 0.5
8818073 214853233 0.5
8818073 214851326 0.5
763434 214821305 1
763434 214551607 1
763434 214716945 0.5
763434 214612706 0.5
763434 214821315 0.5
763434 214716973 0.5
763434 214832653 0.5
4686249 214836050 1
4686249 214835968 1
4686249 214836146 0.5
8724918 214851326 1
8724918 214853090 1
8724918 214853248 0.5
8724918 214853077 0.5
10576312 214567215 1
10576312 214567329 1
10576312 214854264 0.5
10576312 214854268 0.5
1020353 214821401 1
1020353 214826908 1
1020353 214826872 0.5
1020353 214826876 0.5
8888772 214853128 1
8888772 214853130 1
8888772 214581761 0.5
6860768 214835109 1
6860768 214849312 1
6860768 214829387 0.5
1782222 214580304 1
1782222 214714880 1
1782222 214545932 0.5
11207122 214854853 1
11207122 214864880 1
11207122 214835000 0.5
7086554 214821022 1
7086554 214675895 1
7086554 214849736 0.5
7086554 214819378 0.5
7086554 214849807 0.5
7086554 214844400 0.5
7086554 214819464 0.5
7086554 214676306 0.5
7086554 214586743 0.5
5292508 214844342 1
5292508 214835109 1
5292508 214832150 0.5
10547681 214854547 1
10547681 214684762 1
10547681 214854358 0.5
524777 214826900 1
524777 214826803 1
524777 214820383 0.5
524777 214557223 0.5
3834347 214836924 1
3834347 214835167 1
3834347 214829765 0.5
11137532 214854782 1
11137532 214853100 1
11137532 214855016 0.5
2482698 214842555 1
2482698 214840584 1
2482698 214685788 0.5
2482698 214685782 0.5
6128142 214846479 1
6128142 214846466 1
6128142 214846472 0.5
6128142 214846417 0.5
6128142 214846460 0.5
6128142 214846470 0.5
5980688 214846033 1
5980688 214846029 1
5980688 214846031 0.5
3686931 214828997 1
3686931 214829317 1
3686931 214584815 0.5
8344087 214850792 1
8344087 214850786 1
8344087 214845577 0.5
8344087 214850411 0.5
8344087 214845581 0.5
8344087 214835750 0.5
8344087 214850743 0.5
4239896 214844439 1
4239896 214839592 1
4239896 214821305 0.5
4239896 214612738 0.5
4239896 214821339 0.5
1401392 214827030 1
1401392 214774680 1
1401392 214748285 0.5
10916407 214857830 1
10916407 214859139 1
10916407 214826987 0.5
10916407 214650508 0.5
6509117 214844394 1
6509117 214844439 1
6509117 214821305 0.5
9564737 214850366 1
9564737 214684715 1
9564737 214849809 0.5
201291 214753507 1
201291 214748300 1
201291 214748291 0.5
3297884 214551626 1
3297884 214533022 1
3297884 643078800 0.5
3297884 214844456 0.5
3297884 214551607 0.5
5067362 214585633 1
5067362 214839971 1
5067362 214574672 0.5
2683496 214831946 1
2683496 214829880 1
2683496 214828970 0.5
8180338 214851317 1
8180338 214851581 1
8180338 214851234 0.5
2552439 214826711 1
2552439 214667912 1
2552439 214819762 0.5
2552439 214831965 0.5
6414969 214826942 1
6414969 214744530 1
6414969 214706147 0.5
6414969 214848980 0.5
6414969 214848701 0.5
11077738 214854860 1
11077738 214854733 1
11077738 214854836 0.5
7783872 214710152 1
7783872 214850938 1
7783872 214651777 0.5
7783872 214850762 0.5
7783872 214850765 0.5
7783872 214850758 0.5
7783872 214561775 0.5
10554817 214864880 1
10554817 214853100 1
10554817 214556218 0.5
7729262 214849153 1
7729262 214849102 1
7729262 214835137 0.5
7729262 214819378 0.5
7729262 214849194 0.5
9224869 214853282 1
9224869 214853420 1
9224869 214828989 0.5
8692391 214853105 1
8692391 214853248 1
8692391 214852978 0.5
8692391 214851326 0.5
8692391 214853094 0.5
5190318 214844407 1
5190318 214838094 1
5190318 214826833 0.5
9468701 214850949 1
9468701 214853422 1
9468701 214850947 0.5
9248883 214853709 1
9248883 214826610 1
9248883 214839587 0.5
9248883 214706102 0.5
7357119 214710150 1
7357119 214564451 1
7357119 214582940 0.5
7357119 214820938 0.5
7357119 214680699 0.5
7357119 214556212 0.5
2732738 214835747 1
2732738 214826565 1
2732738 214587712 0.5
2732738 214835017 0.5
2732738 214650626 0.5
1547724 214829366 1
1547724 214587266 1
1547724 214800272 0.5
8954576 214853105 1
8954576 214852980 1
8954576 214853227 0.5
8954576 214851748 0.5
8954576 214853135 0.5
11109078 214854853 1
11109078 214854787 1
11109078 214854840 0.5
11109078 214864880 0.5
11109078 214854534 0.5
3637984 214829799 1
3637984 214829280 1
3637984 214800272 0.5
3637984 214829321 0.5
3637984 214820402 0.5
3637984 214612730 0.5
3637984 214586743 0.5
8200939 214851122 1
8200939 214851077 1
8200939 214716935 0.5
8532729 214821309 1
8532729 214844394 1
8532729 214821305 0.5
8532729 214821341 0.5
7615229 214853145 1
7615229 214835126 1
7615229 214853143 0.5
9347839 214831955 1
9347839 214684715 1
9347839 214819627 0.5
9347839 214711438 0.5
9347839 214853342 0.5
8891181 214850949 1
8891181 214850947 1
8891181 214846072 0.5
8891181 214853402 0.5
5649198 214846061 1
5649198 214846447 1
5649198 214748336 0.5
1521113 214834877 1
1521113 214834880 1
1521113 214826610 0.5
9519906 214846385 1
9519906 214580291 1
9519906 214580304 0.5
6759214 214848658 1
6759214 214848849 1
6759214 214848945 0.5
6759214 214849020 0.5
6759214 214849022 0.5
6759214 214849046 0.5
5526328 214844370 1
5526328 214844355 1
5526328 214828952 0.5
908768 214827011 1
908768 214827013 1
908768 214613743 0.5
11440969 214567215 1
11440969 214567329 1
11440969 214854264 0.5
11440969 214684785 0.5
11440969 214854268 0.5
11440969 214854358 0.5
11440969 214567327 0.5
2773834 214840584 1
2773834 214842555 1
2773834 214685784 0.5
2773834 214826752 0.5
6914901 214849284 1
6914901 214849331 1
6914901 214667857 0.5
6914901 214667859 0.5
6914901 214849239 0.5
9069399 214844439 1
9069399 214844394 1
9069399 214612738 0.5
9069399 214844447 0.5
3953506 214829765 1
3953506 214835167 1
3953506 214836924 0.5
3425131 214709634 1
3425131 214820392 1
3425131 214836133 0.5
3425131 214564710 0.5
3425131 214829850 0.5
3425131 214832124 0.5
3425131 214832126 0.5
3425131 214826623 0.5
6914944 214849762 1
6914944 214849738 1
6914944 214849736 0.5
9737097 214848315 1
9737097 214851326 1
9737097 214853105 0.5
2749336 214835750 1
2749336 214844492 1
2749336 214559960 0.5
2749336 214748321 0.5
2749336 214829366 0.5
1708967 214602605 1
1708967 214514295 1
1708967 214600989 0.5
8872878 214851748 1
8872878 214850621 1
8872878 214850405 0.5
1385393 214826610 1
1385393 214834880 1
1385393 214834877 0.5
9671604 214853420 1
9671604 214850947 1
9671604 214850949 0.5
7422918 214849762 1
7422918 214849738 1
7422918 214844355 0.5
7422918 214849757 0.5
7676879 214848746 1
7676879 214835126 1
7676879 214645970 0.5
7676879 214848324 0.5
1393617 214551911 1
1393617 214551926 1
1393617 214551920 0.5
1393617 214839600 0.5
1393617 214564659 0.5
1393617 214834877 0.5
9556961 214774676 1
9556961 214684115 1
9556961 214700990 0.5
492521 214820192 1
492521 214826801 1
492521 214642560 0.5
492521 214704180 0.5
492521 214820237 0.5
492521 214709685 0.5
8724647 214853248 1
8724647 214853094 1
8724647 214852978 0.5
8724647 214851326 0.5
2913261 214829878 1
2913261 214835132 1
2913261 214829390 0.5
4477942 214553700 1
4477942 214748310 1
4477942 214710152 0.5
5444604 214835428 1
5444604 214835064 1
5444604 214835473 0.5
5444604 214835426 0.5
5444604 214835070 0.5
5538821 214836536 1
5538821 214846012 1
5538821 214831948 0.5
5538821 214838102 0.5
1094667 214839313 1
1094667 214827020 1
1094667 214677885 0.5
7922704 214853173 1
7922704 214851120 1
7922704 214853758 0.5
6394902 214716710 1
6394902 214716707 1
6394902 214832604 0.5
5837861 214829878 1
5837861 214831948 1
5837861 214829882 0.5
10912812 214857204 1
10912812 214835004 1
10912812 214835000 0.5
6554672 214848847 1
6554672 214849010 1
6554672 214553257 0.5
6554672 214535010 0.5
11337226 214854510 1
11337226 214567333 1
11337226 214854262 0.5
9335872 214853077 1
9335872 214852980 1
9335872 214853096 0.5
963649 214826722 1
963649 214783350 1
963649 214826747 0.5
10957897 214854080 1
10957897 214685797 1
10957897 214854221 0.5
10957897 214854519 0.5
8901718 214851155 1
8901718 214851125 1
8901718 214851152 0.5
8901718 214851097 0.5
8901718 214716746 0.5
8901718 214851131 0.5
8901718 214716714 0.5
9319511 214851238 1
9319511 214829034 1
9319511 214711029 0.5
8545373 214839587 1
8545373 214848658 1
8545373 214846067 0.5
8545373 214829852 0.5
8545373 214851581 0.5
9442422 214850949 1
9442422 214853428 1
9442422 214829880 0.5
9442422 214678644 0.5
9442422 214850947 0.5
9442422 214853420 0.5
9442422 214853422 0.5
9028741 214829765 1
9028741 214851315 1
9028741 214836924 0.5
4208833 214836924 1
4208833 214836932 1
4208833 214836947 0.5
1725578 214716973 1
1725578 214716928 1
1725578 214716984 0.5
1725578 214716937 0.5
1725578 214716986 0.5
1725578 214717007 0.5
2767042 214612738 1
2767042 214533020 1
2767042 214612751 0.5
10323091 214854300 1
10323091 214718158 1
10323091 214540706 0.5
10323091 214717412 0.5
10323091 214706102 0.5
10323091 214850420 0.5
10323091 214546102 0.5
10323091 214702905 0.5
10323091 214850940 0.5
10323091 214701309 0.5
10323091 214835070 0.5
10645017 214567215 1
10645017 214567329 1
10645017 214684785 0.5
3282074 214820263 1
3282074 214820231 1
3282074 214820377 0.5
4318364 214651777 1
4318364 214836924 1
4318364 214835012 0.5
4318364 214820263 0.5
4318364 214832557 0.5
4318364 214707950 0.5
4318364 214677615 0.5
4318364 214718160 0.5
4318364 214836932 0.5
4318364 214821017 0.5
4318364 214821020 0.5
8746146 214716714 1
8746146 214846391 1
8746146 214716746 0.5
8746146 214716671 0.5
8746146 214851028 0.5
8746146 214851575 0.5
4694897 214738453 1
4694897 214845354 1
4694897 214842735 0.5
4694897 214826623 0.5
8520884 214851122 1
8520884 214851290 1
8520884 214844345 0.5
1854552 214826610 1
1854552 214834880 1
1854552 214834877 0.5
8874869 214846312 1
8874869 214846012 1
8874869 214850942 0.5
8874869 214831946 0.5
8874869 214513170 0.5
8874869 214838102 0.5
5776581 214839354 1
5776581 214826833 1
5776581 214743347 0.5
5776581 214839958 0.5
11314383 214567333 1
11314383 214853726 1
11314383 214684762 0.5
11314383 214567327 0.5
7410896 214826990 1
7410896 214834897 1
7410896 214826610 0.5
7410896 214838227 0.5
7410896 214829387 0.5
9065682 214845954 1
9065682 214851577 1
9065682 214853096 0.5
9065682 214850315 0.5
4089048 214831942 1
4089048 214836887 1
4089048 214838096 0.5
4089048 214839401 0.5
4089048 214826951 0.5
9626844 214850949 1
9626844 214853338 1
9626844 214831955 0.5
9626844 214853340 0.5
9626844 214853342 0.5
9118944 214853214 1
9118944 214819766 1
9118944 214712242 0.5
6849403 214848845 1
6849403 214848384 1
6849403 214848656 0.5
6849403 214849076 0.5
2319598 214716710 1
2319598 214716707 1
2319598 643078800 0.5
11560177 214853102 1
11560177 214854787 1
11560177 214854840 0.5
11560177 214845581 0.5
4621562 214835711 1
4621562 214836362 1
4621562 214561477 0.5
4621562 214564710 0.5
4621562 214707945 0.5
4621562 214836568 0.5
4621562 214836924 0.5
4621562 214835167 0.5
11314428 214510445 1
11314428 214510460 1
11314428 214849132 0.5
11314428 214712244 0.5
1225986 214821339 1
1225986 214551630 1
1225986 214821305 0.5
7755022 214850936 1
7755022 214850621 1
7755022 214849738 0.5
7755022 214564382 0.5
3925266 214836932 1
3925266 214838227 1
3925266 214829762 0.5
3925266 214836851 0.5
3925266 214836924 0.5
3925266 214595150 0.5
3925266 214829799 0.5
4707634 214828985 1
4707634 214829280 1
4707634 214839600 0.5
4707634 214587317 0.5
4707634 214586694 0.5
86238 214820400 1
86238 214819376 1
86238 214800272 0.5
9934134 214743515 1
9934134 214853767 1
9934134 214835117 0.5
4580472 214826610 1
4580472 214844413 1
4580472 214829387 0.5
4580472 214839971 0.5
4580472 214845806 0.5
4605246 214832557 1
4605246 214651777 1
4605246 214821020 0.5
9282879 214853342 1
9282879 214711307 1
9282879 214853420 0.5
6792514 214848596 1
6792514 214835167 1
6792514 214829765 0.5
10896708 214854774 1
10896708 214850310 1
10896708 214850945 0.5
1996102 214829707 1
1996102 214829711 1
1996102 214832717 0.5
6669651 214848701 1
6669651 214832619 1
6669651 214554950 0.5
9266517 214701787 1
9266517 214826987 1
9266517 214700002 0.5
4494678 214829797 1
4494678 214600492 1
4494678 214839969 0.5
4494678 214839973 0.5
4494678 214845131 0.5
4494678 214602733 0.5
4494678 214574672 0.5
4494678 214821015 0.5
10941789 214864880 1
10941789 214853102 1
10941789 214643938 0.5
10667362 214853420 1
10667362 214853102 1
10667362 214855016 0.5
10667362 214854785 0.5
10667362 214850947 0.5
10667362 214846029 0.5
10667362 214829887 0.5
3339619 214600492 1
3339619 214838126 1
3339619 214587712 0.5
3339619 214687685 0.5
3339619 214836830 0.5
4679021 214838107 1
4679021 214828991 1
4679021 214839587 0.5
4679021 214600492 0.5
9958768 214567333 1
9958768 214684762 1
9958768 214854262 0.5
9958768 214853726 0.5
1881459 214686082 1
1881459 214836519 1
1881459 214829878 0.5
1369461 214826666 1
1369461 214826664 1
1369461 214826668 0.5
1369461 214554510 0.5
2905462 214831940 1
2905462 214829882 1
2905462 214829880 0.5
914809 214827009 1
914809 214827011 1
914809 214827015 0.5
914809 214826612 0.5
914809 214717877 0.5
914809 214826998 0.5
914809 214826615 0.5
914809 214826621 0.5
1455483 214826610 1
1455483 214829366 1
1455483 214695399 0.5
3003788 214844441 1
3003788 214844456 1
3003788 214844458 0.5
3085709 214831965 1
3085709 214831948 1
3085709 214829880 0.5
3085709 214829878 0.5
9110946 214853265 1
9110946 214819412 1
9110946 214853090 0.5
9110946 214828970 0.5
9110946 214717003 0.5
9110946 214851313 0.5
9110946 214852982 0.5
9110946 214845885 0.5
9110946 214851326 0.5
3384742 214826610 1
3384742 214829390 1
3384742 214833755 0.5
10433969 214854060 1
10433969 214850758 1
10433969 214853700 0.5
10433969 214853702 0.5
5708703 214846007 1
5708703 214846001 1
5708703 214839973 0.5
5708703 214844398 0.5
5708703 214845887 0.5
5211586 214836956 1
5211586 214838094 1
5211586 214845581 0.5
5211586 214848174 0.5
2713027 214664831 1
2713027 214836517 1
2713027 214532107 0.5
7108042 214848337 1
7108042 214826990 1
7108042 214826610 0.5
7108042 214849020 0.5
7108042 214849239 0.5
943574 214748336 1
943574 214744775 1
943574 214819430 0.5
943574 214586694 0.5
943574 214743335 0.5
943574 214819721 0.5
943574 214753515 0.5
943574 214832780 0.5
943574 214839600 0.5
943574 214821300 0.5
943574 214826998 0.5
1025497 214821277 1
1025497 214821292 1
1025497 214743335 0.5
6133211 214846479 1
6133211 214846417 1
6133211 214846067 0.5
11023846 214853102 1
11023846 214836819 1
11023846 214580424 0.5
11023846 214854860 0.5
11023846 214595855 0.5
9209319 214853342 1
9209319 214853340 1
9209319 214853465 0.5
9209319 214846258 0.5
3634666 214842735 1
3634666 214838225 1
3634666 214821032 0.5
3634666 214837487 0.5
9557483 214853077 1
9557483 214852980 1
9557483 214852978 0.5
9729518 214850945 1
9729518 214853454 1
9729518 214853420 0.5
9729518 214850949 0.5
1172976 214760897 1
1172976 214577518 1
1172976 214532801 0.5
1172976 214714794 0.5
3270131 214748338 1
3270131 214545879 1
3270131 214819721 0.5
3270131 214827005 0.5
3270131 214748293 0.5
3270131 214826837 0.5
3270131 214826621 0.5
8148468 214853094 1
8148468 214852978 1
8148468 214853248 0.5
8148468 214853210 0.5
8148468 214851326 0.5
10552821 214854300 1
10552821 214850400 1
10552821 214575665 0.5
8906237 214853090 1
8906237 214851326 1
8906237 214853085 0.5
8906237 214853094 0.5
9029118 214852980 1
9029118 214853077 1
9029118 214852978 0.5
9029118 214853242 0.5
7554652 214851279 1
7554652 214835126 1
7554652 214845506 0.5
3843628 214828982 1
3843628 214838137 1
3843628 214839600 0.5
3843628 214836885 0.5
3843628 214687565 0.5
5545312 214845577 1
5545312 214829878 1
5545312 214845581 0.5
5690954 214820402 1
5690954 214846447 1
5690954 214800272 0.5
5690954 214850782 0.5
5690954 214829799 0.5
9524819 214853342 1
9524819 214853340 1
9524819 214600485 0.5
362076 214716937 1
362076 214716971 1
362076 214716986 0.5
362076 214832653 0.5
362076 214716973 0.5
5834337 214848305 1
5834337 214844368 1
5834337 214835064 0.5
5834337 214844370 0.5
6680089 214849247 1
6680089 214587317 1
6680089 214743495 0.5
6680089 214819721 0.5
6680089 214640017 0.5
6680089 214848658 0.5
6680089 214717562 0.5
6680089 214829852 0.5
1762918 214834877 1
1762918 214829392 1
1762918 214826936 0.5
1762918 214826992 0.5
1762918 214826996 0.5
2160231 214829045 1
2160231 214556728 1
2160231 214701212 0.5
7242684 214853122 1
7242684 214748289 1
7242684 214844396 0.5
6018682 214846417 1
6018682 214846415 1
6018682 214846007 0.5
6104706 214846010 1
6104706 214845879 1
6104706 214582200 0.5
6104706 214564320 0.5
6104706 214845971 0.5
10475142 214850947 1
10475142 214853420 1
10475142 214585667 0.5
8995777 214852980 1
8995777 214853077 1
8995777 214853085 0.5
8995777 214853094 0.5
4638351 214839965 1
4638351 214839962 1
4638351 214838105 0.5
4638351 214832126 0.5
4638351 214829878 0.5
8513183 214820396 1
8513183 214602733 1
8513183 214850402 0.5
8513183 214819430 0.5
8165027 214717007 1
8165027 214717003 1
8165027 214716977 0.5
8165027 214855183 0.5
6039204 214845962 1
6039204 214846119 1
6039204 214582200 0.5
6039204 214811739 0.5
6039204 214559660 0.5
6039204 214709702 0.5
6039204 214835167 0.5
11048619 214854733 1
11048619 214714755 1
11048619 214853100 0.5
11048619 214854860 0.5
7710382 214853173 1
7710382 214853758 1
7710382 214828882 0.5
976559 214828989 1
976559 214833755 1
976559 214748336 0.5
976559 214717562 0.5
976559 214829387 0.5
976559 214574670 0.5
1758904 214828995 1
1758904 214826610 1
1758904 214748336 0.5
1758904 214601233 0.5
1758904 214832780 0.5
2401986 214844439 1
2401986 214834867 1
2401986 214612704 0.5
3356373 214832124 1
3356373 214832115 1
3356373 214832722 0.5
3356373 214717877 0.5
3356373 214826615 0.5
6596312 214665277 1
6596312 214846085 1
6596312 214839384 0.5
10421199 214835117 1
10421199 214606408 1
10421199 214835713 0.5
10421199 214700002 0.5
10421199 214676535 0.5
10421199 214853321 0.5
11044579 214854300 1
11044579 214850621 1
11044579 214857257 0.5
11044579 214853855 0.5
4175588 214826619 1
4175588 214748336 1
4175588 214826621 0.5
2746097 214835017 1
2746097 214835019 1
2746097 214835747 0.5
9324277 214853683 1
9324277 214853850 1
9324277 214854163 0.5
481056 214821305 1
481056 214826908 1
481056 214827002 0.5
481056 214826837 0.5
481056 214826927 0.5
7141162 214848688 1
7141162 214844396 1
7141162 214846415 0.5
7194422 214848337 1
7194422 214849312 1
7194422 214849762 0.5
7194422 214849738 0.5
7194422 214832747 0.5
7194422 214667857 0.5
7194422 214829366 0.5
7194422 214849275 0.5
5883703 214821339 1
5883703 214821309 1
5883703 214545932 0.5
2983751 214743495 1
2983751 214832115 1
2983751 214748336 0.5
2983751 214826992 0.5
2983751 214829852 0.5
5543753 214835428 1
5543753 214835426 1
5543753 214826949 0.5
8177483 214855185 1
8177483 214839971 1
8177483 214835019 0.5
8177483 214557095 0.5
10504019 214861498 1
10504019 214839999 1
10504019 214839995 0.5
5527389 214835426 1
5527389 214835473 1
5527389 214826949 0.5
9971556 214718220 1
9971556 214853735 1
9971556 214851714 0.5
9971556 214686857 0.5
9971556 214853707 0.5
9971556 214854547 0.5
9971556 214573305 0.5
9971556 214573310 0.5
903016 214753507 1
903016 214748304 1
903016 214819586 0.5
903016 214748291 0.5
903016 214826810 0.5
223081 214748336 1
223081 214820231 1
223081 214718203 0.5
587634 214844439 1
587634 214827013 1
587634 214579464 0.5
587634 214533026 0.5
587634 214826739 0.5
587634 214832780 0.5
3274617 214836830 1
3274617 214820383 1
3274617 214826803 0.5
3274617 214832717 0.5
10742764 214853767 1
10742764 214857830 1
10742764 214580424 0.5
10742764 214826987 0.5
10742764 214835126 0.5
10113577 214853460 1
10113577 214850291 1
10113577 214829885 0.5
2545557 214844394 1
2545557 214821339 1
2545557 214829878 0.5
2545557 214844439 0.5
11339677 214854782 1
11339677 214853102 1
11339677 214829878 0.5
8200517 214848298 1
8200517 214848305 1
8200517 214850720 0.5
8200517 214850619 0.5
8200517 214851011 0.5
8200517 214850940 0.5
3491753 214835745 1
3491753 214832124 1
3491753 214820392 0.5
3491753 214829368 0.5
3491753 214837882 0.5
3491753 214600492 0.5
9439151 214853420 1
9439151 214850942 1
9439151 214844400 0.5
9439151 214851585 0.5
9439151 214848688 0.5
9439151 214844398 0.5
9439151 214674767 0.5
10950588 214854774 1
10950588 214854720 1
10950588 214853081 0.5
10975166 214861895 1
10975166 214854332 1
10975166 214550820 0.5
5248961 214845457 1
5248961 214845380 1
5248961 214845435 0.5
5248961 214845806 0.5
1791943 214594577 1
1791943 214584907 1
1791943 214820227 0.5
1791943 214821285 0.5
5961687 214845420 1
5961687 214845422 1
5961687 214846470 0.5
2267096 214829878 1
2267096 214829887 1
2267096 214711408 0.5
2267096 214532859 0.5
718813 214716928 1
718813 214717003 1
718813 214717007 0.5
4380639 214717003 1
4380639 214835747 1
4380639 214716928 0.5
4380639 214554358 0.5
4380639 214748327 0.5
10192881 214717888 1
10192881 214554714 1
10192881 214714760 0.5
10192881 214718220 0.5
10192881 214534340 0.5
10192881 214850775 0.5
11429882 214701787 1
11429882 214826987 1
11429882 214853325 0.5
2308097 214831946 1
2308097 214829878 1
2308097 214829880 0.5
10450974 214854358 1
10450974 214567329 1
10450974 214854268 0.5
7944228 214540597 1
7944228 214820844 1
7944228 214849408 0.5
7944228 214851290 0.5
7944228 214819412 0.5
7944228 214578350 0.5
4618277 214839973 1
4618277 214839975 1
4618277 214839960 0.5
4618277 214829287 0.5
1480747 214826805 1
1480747 214834875 1
1480747 214826994 0.5
1480747 214829852 0.5
5224499 214709630 1
5224499 214537147 1
5224499 214838094 0.5
8988728 214853233 1
8988728 214853135 1
8988728 214851748 0.5
280633 214716937 1
280633 214716973 1
280633 214716984 0.5
280633 214716977 0.5
280633 214716941 0.5
5913612 214846117 1
5913612 214564320 1
5913612 214553257 0.5
5913612 214819586 0.5
7671479 214850936 1
7671479 214850758 1
7671479 214573305 0.5
7671479 214850756 0.5
7671479 214850621 0.5
7671479 214564382 0.5
7671479 214677615 0.5
2615387 214836517 1
2615387 643078800 1
2615387 214831957 0.5
1935457 214831948 1
1935457 214684710 1
1935457 214584092 0.5
1935457 214718396 0.5
1935457 214640094 0.5
4335716 214826942 1
4335716 214587317 1
4335716 214845131 0.5
4335716 214829797 0.5
919664 214829282 1
919664 214718210 1
919664 214575065 0.5
6113394 214850565 1
6113394 214846408 1
6113394 214532107 0.5
1088531 214586711 1
1088531 214821305 1
1088531 214821341 0.5
1088531 214821302 0.5
7194747 214531074 1
7194747 214510445 1
7194747 214849132 0.5
2746496 214835747 1
2746496 214587697 1
2746496 214835019 0.5
7604359 214535006 1
7604359 214840483 1
7604359 214844257 0.5
7604359 214826722 0.5
7604359 214844255 0.5
7604359 214831937 0.5
7739528 214850936 1
7739528 214848302 1
7739528 214692849 0.5
7739528 214850762 0.5
7739528 214836947 0.5
6031497 214821309 1
6031497 214844439 1
6031497 214532801 0.5
6031497 214612706 0.5
6031497 214821315 0.5
6031497 214533022 0.5
6031497 214551607 0.5
7374989 214850285 1
7374989 214850315 1
7374989 214850282 0.5
2451602 214612706 1
2451602 214844458 1
2451602 214844456 0.5
2451602 214821315 0.5
2451602 214551607 0.5
10537123 214854534 1
10537123 214854579 1
10537123 214853497 0.5
10537123 214854545 0.5
10537123 214854549 0.5
10537123 214837494 0.5
10537123 214819577 0.5
10537123 214573305 0.5
2500788 214800262 1
2500788 214743495 1
2500788 214716641 0.5
2500788 214826711 0.5
5302454 214579288 1
5302454 214677941 1
5302454 214844400 0.5
5302454 214826668 0.5
5302454 214844372 0.5
2463927 214829878 1
2463927 214831948 1
2463927 214829882 0.5
9423038 214716928 1
9423038 214716965 1
9423038 214717003 0.5
301252 214561775 1
301252 214560615 1
301252 214717410 0.5
301252 214577387 0.5
7600354 214716984 1
7600354 214853177 1
7600354 214716986 0.5
7600354 214717867 0.5
7600354 214853758 0.5
7600354 214716982 0.5
3692773 214836932 1
3692773 214838227 1
3692773 214832128 0.5
11131112 214556212 1
11131112 214854585 1
11131112 214556216 0.5
854249 214821309 1
854249 214821302 1
854249 214586711 0.5
7231726 214510445 1
7231726 214712242 1
7231726 214849132 0.5
125167 214826835 1
125167 214826627 1
125167 214826955 0.5
125167 214826715 0.5
231666 214821300 1
231666 214826998 1
231666 214826908 0.5
231666 214826927 0.5
5605619 214774676 1
5605619 214706216 1
5605619 214839973 0.5
9734393 214853460 1
9734393 214853428 1
9734393 214850945 0.5
9734393 214850947 0.5
9734393 214850942 0.5
4233476 214839973 1
4233476 214848178 1
4233476 214845131 0.5
4368647 214839356 1
4368647 214748310 1
4368647 214839592 0.5
4368647 214839600 0.5
4368647 214821309 0.5
4368647 214838137 0.5
3881227 214835109 1
3881227 214838227 1
3881227 214826990 0.5
5200141 214836868 1
5200141 214820377 1
5200141 214839971 0.5
5757212 214846119 1
5757212 214845962 1
5757212 214845965 0.5
5519652 214839973 1
5519652 214846001 1
5519652 214708370 0.5
5519652 214839975 0.5
9283878 214853077 1
9283878 214852980 1
9283878 214853248 0.5
9283878 214853090 0.5
9283878 214853094 0.5
4032812 214839932 1
4032812 214820452 1
4032812 214838225 0.5
4032812 214826977 0.5
9496878 214711307 1
9496878 214800264 1
9496878 214850942 0.5
5720367 214846061 1
5720367 214839973 1
5720367 214748336 0.5
11548976 214854731 1
11548976 214854857 1
11548976 214854819 0.5
10952706 214853754 1
10952706 214510445 1
10952706 214849100 0.5
2939213 214820394 1
2939213 214744779 1
2939213 214829385 0.5
2939213 214584047 0.5
2939213 214718160 0.5
2939213 214711537 0.5
2939213 214829657 0.5
2939213 214718169 0.5
2939213 214819770 0.5
9566579 214850949 1
9566579 214853428 1
9566579 214853152 0.5
9566579 214850942 0.5
3832186 214844439 1
3832186 214844394 1
3832186 214700992 0.5
3832186 214844456 0.5
3832186 214551607 0.5
3832186 214533022 0.5
3832186 214612751 0.5
9132412 214853094 1
9132412 214853096 1
9132412 214853085 0.5
10131838 214853700 1
10131838 214853767 1
10131838 214853765 0.5
8614976 214820345 1
8614976 214850936 1
8614976 214851122 0.5
8614976 214850743 0.5
8614976 214744775 0.5
1993092 214667912 1
1993092 214829379 1
1993092 214716909 0.5
9595271 214851120 1
9595271 214853177 1
9595271 214828882 0.5
9595271 214853173 0.5
9595271 214853758 0.5
3738002 214538597 1
3738002 214711297 1
3738002 214838109 0.5
5519777 214832154 1
5519777 214829882 1
5519777 214831955 0.5
5519777 214831948 0.5
7149988 214853173 1
7149988 214853175 1
7149988 214853177 0.5
7149988 214854630 0.5
7272177 214837288 1
7272177 214837286 1
7272177 214849320 0.5
7272177 214849132 0.5
4479407 214835111 1
4479407 214829385 1
4479407 214602802 0.5
4479407 214601407 0.5
6142392 214840091 1
6142392 214748310 1
6142392 214839583 0.5
831477 214748297 1
831477 214748293 1
831477 214748338 0.5
1993151 214829846 1
1993151 214829711 1
1993151 214829865 0.5
4495818 214832143 1
4495818 214829790 1
4495818 214714757 0.5
4495818 214684702 0.5
9157081 214851152 1
9157081 214851238 1
9157081 214695399 0.5
2443742 214829882 1
2443742 214829878 1
2443742 214829887 0.5
2443742 214831957 0.5
2443742 214829885 0.5
6183394 214845422 1
6183394 214842553 1
6183394 214850377 0.5
6183394 214839371 0.5
1907171 214819550 1
1907171 214821015 1
1907171 214826617 0.5
1907171 214675890 0.5
1907171 214819374 0.5
1907171 214556025 0.5
3959268 214836932 1
3959268 214832021 1
3959268 214821315 0.5
8731731 214684942 1
8731731 214851131 1
8731731 214851080 0.5
10881532 214850754 1
10881532 214850743 1
10881532 214854491 0.5
10881532 214718220 0.5
10881532 214826621 0.5
6720014 214853175 1
6720014 214853177 1
6720014 214849807 0.5
543252 214712126 1
543252 214827011 1
543252 214826747 0.5
5409301 214836932 1
5409301 214832557 1
5409301 214834877 0.5
5409301 214819562 0.5
5409301 214835109 0.5
5409301 214819374 0.5
5409301 214844342 0.5
3787293 214836932 1
3787293 214836924 1
3787293 214838227 0.5
3787293 214836947 0.5
10332706 214853102 1
10332706 214854785 1
10332706 214684736 0.5
1059367 214711297 1
1059367 214613743 1
1059367 214539110 0.5
3918382 214835167 1
3918382 214829765 1
3918382 214838227 0.5
3918382 214835109 0.5
9393249 214853338 1
9393249 214853220 1
9393249 214849250 0.5
9393249 214850700 0.5
9393249 214687565 0.5
9393249 214738455 0.5
1243729 214680718 1
1243729 214712544 1
1243729 214574672 0.5
1243729 214601233 0.5
1243729 214574670 0.5
4401753 214839973 1
4401753 214845131 1
4401753 214839600 0.5
4827739 214701787 1
4827739 214835126 1
4827739 214706452 0.5
8051537 214844439 1
8051537 214844462 1
8051537 214821309 0.5
8051537 214716982 0.5
8051537 214748327 0.5
3036944 214509148 1
3036944 214612895 1
3036944 214551793 0.5
3036944 214539050 0.5
3036944 214827011 0.5
3036944 214551780 0.5
3036944 214539110 0.5
3312228 214829880 1
3312228 214831948 1
3312228 214829878 0.5
445036 214826835 1
445036 214826715 1
445036 214826623 0.5
3684977 214831967 1
3684977 214819721 1
3684977 214835109 0.5
3684977 214579839 0.5
7229203 214514233 1
7229203 214514285 1
7229203 214514259 0.5
8832788 214853077 1
8832788 214852980 1
8832788 214853248 0.5
5229187 214677615 1
5229187 214826990 1
5229187 214845457 0.5
5229187 214561402 0.5
8501898 214706150 1
8501898 214851159 1
8501898 214851290 0.5
8501898 214826990 0.5
9382544 214850743 1
9382544 214850938 1
9382544 214850936 0.5
1985169 214821320 1
1985169 214645595 1
1985169 214826728 0.5
8129172 214850852 1
8129172 214851135 1
8129172 214687685 0.5
8129172 214561485 0.5
8129172 214850743 0.5
8129172 214850938 0.5
8129172 214840412 0.5
8129172 214836830 0.5
8129172 214716639 0.5
1637016 214833755 1
1637016 214834877 1
1637016 214834880 0.5
1637016 214577450 0.5
1637016 214800268 0.5
1637016 214586743 0.5
9067162 214853077 1
9067162 214852980 1
9067162 214853248 0.5
9067162 214852978 0.5
9067162 214677830 0.5
9067162 214853094 0.5
7301787 214820345 1
7301787 214849136 1
7301787 214849745 0.5
7301787 214849031 0.5
9181861 214851326 1
9181861 214853094 1
9181861 214853248 0.5
2546379 214829885 1
2546379 214829878 1
2546379 214829882 0.5
2546379 214725549 0.5
8313511 214851152 1
8313511 214691420 1
8313511 214691267 0.5
8313511 214851133 0.5
8002217 214832655 1
8002217 214716984 1
8002217 214716982 0.5
8002217 214748327 0.5
5331637 214831946 1
5331637 214514233 1
5331637 214700000 0.5
5331637 214845579 0.5
5331637 214845577 0.5
5331637 214712235 0.5
5331637 214845356 0.5
5331637 214826893 0.5
5331637 214514259 0.5
5331637 214680371 0.5
5331637 214575763 0.5
5331637 214829878 0.5
5331637 214832154 0.5
5331637 214829882 0.5
5331637 214829790 0.5
2566601 214829878 1
2566601 214829887 1
2566601 214829880 0.5
7582154 214821309 1
7582154 214844394 1
7582154 214844456 0.5
7582154 214821305 0.5
7582154 214844439 0.5
793279 214833800 1
793279 214820261 1
793279 214841640 0.5
793279 214833802 0.5
793279 214535621 0.5
793279 214840597 0.5
7641803 214850938 1
7641803 214849740 1
7641803 214845585 0.5
7641803 214829850 0.5
3447506 214829850 1
3447506 214839600 1
3447506 214821401 0.5
3447506 214716667 0.5
9525974 214853282 1
9525974 214850947 1
9525974 214853420 0.5
1403622 214821017 1
1403622 214834877 1
1403622 214553561 0.5
9710329 214829032 1
9710329 214827020 1
9710329 214829312 0.5
9710329 214677885 0.5
9673468 214829878 1
9673468 214831946 1
9673468 214850310 0.5
9416493 214853767 1
9416493 214854152 1
9416493 214849318 0.5
5286683 214835473 1
5286683 214844402 1
5286683 214844370 0.5
6097693 214835934 1
6097693 214835932 1
6097693 214840082 0.5
6806313 214839596 1
6806313 214716581 1
6806313 214643681 0.5
6806313 214826827 0.5
6806313 214849134 0.5
9685802 214850949 1
9685802 214850945 1
9685802 214853420 0.5
6642477 214846061 1
6642477 214846007 1
6642477 214826949 0.5
6642477 214848380 0.5
6642477 214836330 0.5
6642477 214835019 0.5
6642477 214667857 0.5
6642477 214848658 0.5
6642477 214849331 0.5
6642477 214848377 0.5
6642477 214848410 0.5
6642477 214845435 0.5
6642477 214829852 0.5
9087816 214852978 1
9087816 214853077 1
9087816 214853225 0.5
9087816 214853094 0.5
2528396 214826927 1
2528396 214748293 1
2528396 214826977 0.5
2528396 214650626 0.5
2528396 214835019 0.5
2528396 214819430 0.5
2528396 214657318 0.5
2528396 214835745 0.5
2528396 214753515 0.5
2528396 214561485 0.5
2528396 214601233 0.5
2528396 214558807 0.5
2528396 214718169 0.5
2528396 214829850 0.5
2528396 214826908 0.5
2528396 214821022 0.5
4602714 214839965 1
4602714 214839962 1
4602714 214836956 0.5
4602714 214821407 0.5
7191387 214846029 1
7191387 214849809 1
7191387 214850304 0.5
7191387 214848688 0.5
7191387 214829887 0.5
1219423 214714880 1
1219423 214580293 1
1219423 214580304 0.5
4135777 214835019 1
4135777 214835017 1
4135777 214531314 0.5
4135777 214836519 0.5
4939643 214838094 1
4939643 214837286 1
4939643 214837280 0.5
2579314 214829880 1
2579314 214829887 1
2579314 214829882 0.5
9489269 214852980 1
9489269 214853132 1
9489269 214853237 0.5
9489269 214853222 0.5
9698171 214850949 1
9698171 214849809 1
9698171 214854065 0.5
9698171 214850947 0.5
9698171 214820188 0.5
9698171 214853422 0.5
4000639 214832747 1
4000639 214838111 1
4000639 214836932 0.5
4000639 214836924 0.5
408451 214821277 1
408451 214821292 1
408451 214820842 0.5
408451 214826955 0.5
3505029 214533022 1
3505029 214844439 1
3505029 214821315 0.5
2583704 214831967 1
2583704 214820392 1
2583704 214826977 0.5
2583704 214826908 0.5
2583704 214829852 0.5
7879571 214684715 1
7879571 214744258 1
7879571 214700000 0.5
7879571 214712235 0.5
7879571 214829668 0.5
6641262 214848980 1
6641262 214848975 1
6641262 214848982 0.5
4885416 214833802 1
4885416 214821277 1
4885416 214839973 0.5
10329001 214854300 1
10329001 214854579 1
10329001 214854352 0.5
4714994 214838098 1
4714994 214832012 1
4714994 214831946 0.5
4714994 214706428 0.5
4714994 214684710 0.5
10648052 214854579 1
10648052 214819577 1
10648052 214853722 0.5
10648052 214850739 0.5
10648052 214850741 0.5
6171578 214829887 1
6171578 214844396 1
6171578 214640353 0.5
6171578 214819410 0.5
2958498 214835017 1
2958498 214835019 1
2958498 214587712 0.5
2958498 214835747 0.5
2501584 214819640 1
2501584 214709702 1
2501584 214582200 0.5
2501584 214650626 0.5
2501584 214811739 0.5
2501584 214557322 0.5
2501584 214811758 0.5
11156438 214854583 1
11156438 214687845 1
11156438 214857257 0.5
4504058 214710152 1
4504058 214748310 1
4504058 214839913 0.5
4504058 214553700 0.5
2882526 214829878 1
2882526 214829885 1
2882526 214819400 0.5
2882526 214831946 0.5
2882526 214831948 0.5
5790693 214846119 1
5790693 214845962 1
5790693 214845965 0.5
11176936 214854352 1
11176936 214854536 1
11176936 214857570 0.5
11176936 214854855 0.5
11176936 214853244 0.5
11176936 214848682 0.5
11176936 214851122 0.5
11176936 214854354 0.5
11176936 214854547 0.5
11176936 214854581 0.5
11176936 214559960 0.5
11176936 214853113 0.5
11176936 214854300 0.5
11176936 214854538 0.5
6130671 214846318 1
6130671 214846312 1
6130671 214849001 0.5
11251539 214714755 1
11251539 214853102 1
11251539 214684762 0.5
11251539 214853726 0.5
11251539 214854733 0.5
11251539 214854174 0.5
10931188 214853102 1
10931188 214854785 1
10931188 214859246 0.5
2497527 214829878 1
2497527 214829887 1
2497527 214717265 0.5
2497527 214831965 0.5
7064746 214849247 1
7064746 214849136 1
7064746 214835137 0.5
7064746 214849250 0.5
7064746 214586694 0.5
7064746 214849031 0.5
7064746 214850285 0.5
7064746 214849389 0.5
7064746 214819378 0.5
7064746 214845986 0.5
7064746 214587317 0.5
7064746 214586743 0.5
7064746 214820345 0.5
2544811 214829822 1
2544811 214712132 1
2544811 214829728 0.5
4757293 214838094 1
4757293 214847255 1
4757293 214844413 0.5
4757293 214845806 0.5
4757293 214527519 0.5
2389848 214829878 1
2389848 214829882 1
2389848 214829880 0.5
6208531 214835747 1
6208531 214587712 1
6208531 214834880 0.5
6208531 214587697 0.5
6208531 214832023 0.5
4856852 214632967 1
4856852 214836915 1
4856852 214685747 0.5
4856852 214821309 0.5
4856852 214821339 0.5
6179863 214712237 1
6179863 214684702 1
6179863 214836506 0.5
6179863 214743515 0.5
8379422 214832657 1
8379422 214716982 1
8379422 214855183 0.5
9010211 214853077 1
9010211 214852980 1
9010211 214853085 0.5
2989111 214832792 1
2989111 214834867 1
2989111 214587712 0.5
2989111 214609325 0.5
2120763 214826563 1
2120763 214835021 1
2120763 214829657 0.5
2120763 214829396 0.5
2120763 214826589 0.5
2120763 214821407 0.5
2133067 214826662 1
2133067 214826668 1
2133067 214826664 0.5
2133067 214554510 0.5
5823571 214846119 1
5823571 214845962 1
5823571 214846312 0.5
5823571 214846033 0.5
5823571 214845971 0.5
5823571 214845965 0.5
4275288 214826942 1
4275288 214839401 1
4275288 214831944 0.5
4275288 214838105 0.5
4275288 214831942 0.5
10735052 214853413 1
10735052 214854358 1
10735052 214684785 0.5
10735052 214854268 0.5
10735052 214567329 0.5
5041259 214844349 1
5041259 214848174 1
5041259 214826833 0.5
5041259 214712051 0.5
5041259 214838094 0.5
2468976 214748338 1
2468976 214748297 1
2468976 214753513 0.5
10083444 214854264 1
10083444 214567215 1
10083444 214567329 0.5
10083444 214854268 0.5
10083444 214743367 0.5
5725303 214714757 1
5725303 214712237 1
5725303 214648256 0.5
5725303 214700002 0.5
5725303 214743515 0.5
2792577 214835019 1
2792577 214835017 1
2792577 214834867 0.5
8748176 214857204 1
8748176 214835004 1
8748176 214853248 0.5
8748176 214575763 0.5
4688408 214842735 1
4688408 214840310 1
4688408 214835130 0.5
2248517 214826803 1
2248517 214821285 1
2248517 214841640 0.5
2964632 214829887 1
2964632 214829878 1
2964632 214829882 0.5
5491873 214828952 1
5491873 214839943 1
5491873 214536302 0.5
10595496 214718372 1
10595496 214861895 1
10595496 214684762 0.5
10595496 214712675 0.5
10251441 214854352 1
10251441 214853113 1
10251441 214854354 0.5
7441613 214851279 1
7441613 214587328 1
7441613 214712237 0.5
7441613 214835126 0.5
10597584 214567329 1
10597584 214854264 1
10597584 214567333 0.5
10597584 214854262 0.5
4996327 214840082 1
4996327 214840091 1
4996327 214837280 0.5
4996327 214838092 0.5
5057769 214838094 1
5057769 214837288 1
5057769 214837280 0.5
297511 214748297 1
297511 214684513 1
297511 214748302 0.5
6286596 214848622 1
6286596 214849318 1
6286596 214700002 0.5
6286596 214846535 0.5
6286596 214848328 0.5
6286596 214846530 0.5
6286596 214711348 0.5
6286596 214642805 0.5
8703241 214716671 1
8703241 214716654 1
8703241 214851028 0.5
4955409 214844345 1
4955409 214835473 1
4955409 214836330 0.5
4955409 214838092 0.5
4955409 214835469 0.5
3359278 214834867 1
3359278 214821339 1
3359278 214835017 0.5
3359278 214835019 0.5
3359278 214609325 0.5
3359278 214557279 0.5
6761752 214849239 1
6761752 214844347 1
6761752 214850953 0.5
6761752 214701212 0.5
6761752 214832747 0.5
6761752 214836932 0.5
6761752 214716667 0.5
6204703 214846067 1
6204703 214849252 1
6204703 214846127 0.5
1183008 214821305 1
1183008 214821302 1
1183008 214586711 0.5
6208821 214849076 1
6208821 214848980 1
6208821 214686900 0.5
6208821 214849070 0.5
1989946 214826610 1
1989946 214712132 1
1989946 214834880 0.5
1989946 214836328 0.5
1989946 214829379 0.5
408893 214826955 1
408893 214826627 1
408893 214684730 0.5
7048517 214848980 1
7048517 214850304 1
7048517 214845506 0.5
7048517 214848967 0.5
7494986 214850743 1
7494986 214821020 1
7494986 214561775 0.5
7594552 214850762 1
7594552 214845958 1
7594552 214850792 0.5
7594552 214850936 0.5
7594552 214850938 0.5
7990624 214696824 1
7990624 214828970 1
7990624 214696826 0.5
11238753 214853102 1
11238753 214854785 1
11238753 214684730 0.5
3419498 214717515 1
3419498 214829885 1
3419498 214743335 0.5
7675248 214850938 1
7675248 214850936 1
7675248 214850756 0.5
7675248 214850758 0.5
7675248 214850762 0.5
7675248 214677615 0.5
7675248 214850743 0.5
7675248 214850619 0.5
7675248 214850621 0.5
9067903 214678387 1
9067903 214853128 1
9067903 214845962 0.5
9067903 214677830 0.5
9067903 214851742 0.5
3960193 214844439 1
3960193 214844394 1
3960193 214612704 0.5
3960193 214844441 0.5
3960193 214844458 0.5
3960193 214844460 0.5
3960193 214821305 0.5
7888258 214850792 1
7888258 214850855 1
7888258 214845958 0.5
3497353 214836847 1
3497353 214832115 1
3497353 214832128 0.5
4242828 214829765 1
4242828 214835167 1
4242828 214826668 0.5
7462286 214849734 1
7462286 214587028 1
7462286 214849389 0.5
429474 214748304 1
429474 214601233 1
429474 214748291 0.5
429474 214748302 0.5
6366449 214509401 1
6366449 214848980 1
6366449 214846530 0.5
4795818 214839973 1
4795818 214845131 1
4795818 214748336 0.5
4795818 214835469 0.5
81338 214716943 1
81338 214716928 1
81338 214716971 0.5
81338 214716939 0.5
81338 214717005 0.5
81338 214832655 0.5
4562366 214836956 1
4562366 214838094 1
4562366 214575103 0.5
8200779 214696824 1
8200779 214850730 1
8200779 214696826 0.5
5901764 214551920 1
5901764 214551864 1
5901764 214848992 0.5
10161399 214854358 1
10161399 214684785 1
10161399 214684762 0.5
10161399 214853413 0.5
10161399 214853726 0.5
10161399 214846391 0.5
2252236 214826818 1
2252236 214684108 1
2252236 214643036 0.5
2252236 214709638 0.5
1072592 214821277 1
1072592 214821285 1
1072592 214552370 0.5
1072592 214664919 0.5
1072592 214716909 0.5
1072592 214557223 0.5
9981176 214832143 1
9981176 214850315 1
9981176 214846012 0.5
9981176 214850942 0.5
9981176 214831948 0.5
9981176 214838102 0.5
9981176 214850366 0.5
2567648 214844456 1
2567648 214821305 1
2567648 214844394 0.5
2567648 214844458 0.5
2567648 214827011 0.5
2567648 214612901 0.5
810474 214827026 1
810474 214827005 1
810474 214827007 0.5
6278642 214716986 1
6278642 214716967 1
6278642 214832657 0.5
2170356 214692849 1
2170356 214744779 1
2170356 214829657 0.5
2170356 214826668 0.5
11275768 214854795 1
11275768 214854853 1
11275768 214853100 0.5
10833411 214854819 1
10833411 214854815 1
10833411 214854600 0.5
10833411 214850402 0.5
10833411 214854298 0.5
2698758 214587712 1
2698758 214837918 1
2698758 214835017 0.5
2698758 214835747 0.5
2338316 214829880 1
2338316 214829887 1
2338316 214829878 0.5
4124177 214706452 1
4124177 214829102 1
4124177 214829792 0.5
8900118 214846385 1
8900118 214580293 1
8900118 214850932 0.5
8900118 214717003 0.5
8900118 214716973 0.5
8900118 214711247 0.5
8900118 214587028 0.5
8900118 214716980 0.5
8900118 214851322 0.5
8900118 214716975 0.5
10042912 214850942 1
10042912 214853420 1
10042912 214848298 0.5
10042912 214850947 0.5
10042912 214556212 0.5
4533801 214530457 1
4533801 214580291 1
4533801 214847000 0.5
5475883 214748336 1
5475883 214820392 1
5475883 214839587 0.5
5475883 214845380 0.5
5475883 214743495 0.5
5475883 214819721 0.5
5475883 214835111 0.5
5475883 214839600 0.5
5475883 214845587 0.5
5475883 214849001 0.5
5475883 214845412 0.5
5475883 214612730 0.5
5475883 214829852 0.5
3968556 214826990 1
3968556 214838227 1
3968556 214829852 0.5
3968556 214836926 0.5
3968556 214829799 0.5
9112843 214853246 1
9112843 214853105 1
9112843 214853184 0.5
9112843 214853096 0.5
9112843 214853227 0.5
9112843 214853085 0.5
5783108 214706216 1
5783108 214829045 1
5783108 214678880 0.5
5783108 214701212 0.5
5783108 214569716 0.5
5783108 214821277 0.5
9000308 214851080 1
9000308 214685049 1
9000308 214716671 0.5
9000308 214716714 0.5
9000308 214848851 0.5
9000308 214851028 0.5
9000308 214851575 0.5
4979221 214839962 1
4979221 214832147 1
4979221 214837286 0.5
6196813 214834873 1
6196813 214838109 1
6196813 214844353 0.5
6196813 214644731 0.5
4898392 214551894 1
4898392 214551892 1
4898392 214553561 0.5
9072221 214853094 1
9072221 214852978 1
9072221 214853096 0.5
9072221 214851326 0.5
4582673 214839399 1
4582673 214832012 1
4582673 214828985 0.5
4582673 214845131 0.5
4582673 214587317 0.5
4582673 214821401 0.5
2166389 214829861 1
2166389 214829865 1
2166389 214832717 0.5
2166389 214829846 0.5
9974377 214853090 1
9974377 214852978 1
9974377 214853085 0.5
2182778 214820392 1
2182778 214820396 1
2182778 214821300 0.5
9956994 214853767 1
9956994 214853698 1
9956994 214748336 0.5
9956994 214706102 0.5
9956994 214854527 0.5
3219084 214831948 1
3219084 214831946 1
3219084 214717511 0.5
3219084 214826715 0.5
3219084 214673295 0.5
8388551 214851122 1
8388551 214851236 1
8388551 214851581 0.5
9957036 214844372 1
9957036 214850765 1
9957036 214717888 0.5
11329207 214864880 1
11329207 214853100 1
11329207 214714755 0.5
11329207 214854733 0.5
10995658 214853102 1
10995658 214854785 1
10995658 214714755 0.5
10995658 214854733 0.5
7315158 214848692 1
7315158 214819400 1
7315158 214718255 0.5
2985252 214835017 1
2985252 214837918 1
2985252 214587712 0.5
11114448 214835000 1
11114448 214857551 1
11114448 214857204 0.5
11114448 214650508 0.5
11114448 214586805 0.5
11114448 214848967 0.5
7645819 214850743 1
7645819 214850771 1
7645819 214850792 0.5
5988068 214845982 1
5988068 214848165 1
5988068 214848992 0.5
9309939 214853420 1
9309939 214853422 1
9309939 214853152 0.5
9309939 214850947 0.5
9309939 214853707 0.5
9309939 214853428 0.5
9309939 214853430 0.5
9309939 214846072 0.5
9309939 214835004 0.5
10927863 214857204 1
10927863 214857551 1
10927863 214835000 0.5
10927863 214835004 0.5
3220778 214836932 1
3220778 214835109 1
3220778 214839600 0.5
3220778 214836947 0.5
3220778 214838227 0.5
3220778 214839982 0.5
3220778 214574670 0.5
8072963 214853145 1
8072963 214712237 1
8072963 214743515 0.5
8072963 214853143 0.5
2010887 214748295 1
2010887 214753513 1
2010887 214819760 0.5
2010887 214748304 0.5
2010887 214819762 0.5
2010887 214835111 0.5
7841751 214849136 1
7841751 214849194 1
7841751 214849466 0.5
10084108 214850949 1
10084108 214835117 1
10084108 214853420 0.5
10084108 214853422 0.5
10084108 214850287 0.5
10084108 214846033 0.5
10084108 214853428 0.5
10084108 214829878 0.5
10084108 214829882 0.5
4980496 214829765 1
4980496 214835167 1
4980496 214819547 0.5
9629457 214853420 1
9629457 214850947 1
9629457 214853321 0.5
9629457 214700002 0.5
9629457 214826987 0.5
9629457 214712237 0.5
5429901 214826610 1
5429901 214835019 1
5429901 214844347 0.5
5429901 214835109 0.5
4640596 214535042 1
4640596 214848326 1
4640596 214676019 0.5
4640596 214836924 0.5
2617184 214829878 1
2617184 214831948 1
2617184 214829051 0.5
9105249 214853355 1
9105249 214553810 1
9105249 214839611 0.5
5558129 214826990 1
5558129 214711348 1
5558129 214826833 0.5
4022136 214826990 1
4022136 214835109 1
4022136 214836932 0.5
4022136 214838227 0.5
4022136 214836924 0.5
343929 214744775 1
343929 214827000 1
343929 214714794 0.5
343929 214827007 0.5
343929 214827026 0.5
343929 214827005 0.5
7933833 214850790 1
7933833 214846404 1
7933833 214851097 0.5
7933833 214851146 0.5
7933833 214850405 0.5
2035601 214829880 1
2035601 214831948 1
2035601 214829090 0.5
10981276 214853100 1
10981276 214854840 1
10981276 214829880 0.5
10981276 214684734 0.5
8161946 214849404 1
8161946 214849406 1
8161946 214851122 0.5
989852 214837442 1
989852 214838831 1
989852 214837483 0.5
989852 214837487 0.5
2318257 214844250 1
2318257 214829885 1
2318257 214829878 0.5
2281396 214829880 1
2281396 214829887 1
2281396 214829878 0.5
2281396 214718398 0.5
9392054 214853077 1
9392054 214852980 1
9392054 214853094 0.5
9336252 214853420 1
9336252 214850945 1
9336252 214850947 0.5
9336252 214853422 0.5
9445311 214850947 1
9445311 214853420 1
9445311 214850945 0.5
9445311 214850949 0.5
9445311 214853422 0.5
10932161 214853100 1
10932161 214853102 1
10932161 214854840 0.5
5582791 214846065 1
5582791 214848185 1
5582791 214844250 0.5
9342922 214716937 1
9342922 214717003 1
9342922 214716930 0.5
9342922 214551624 0.5
9342922 214551626 0.5
9342922 214717005 0.5
9342922 214844456 0.5
9342922 214844439 0.5
5111758 214839956 1
5111758 214716639 1
5111758 214748336 0.5
5111758 214848178 0.5
5111758 214847261 0.5
5111758 214826990 0.5
4493266 214684702 1
4493266 214829878 1
4493266 214585644 0.5
1834966 214831946 1
1834966 214829878 1
1834966 214686082 0.5
1834966 214835124 0.5
1507292 214821339 1
1507292 214821307 1
1507292 214533020 0.5
3133411 214829878 1
3133411 214686082 1
3133411 214829887 0.5
3126067 214835132 1
3126067 214836532 1
3126067 214835017 0.5
8757228 214853420 1
8757228 214850942 1
8757228 214820186 0.5
8757228 214850949 0.5
9015281 214851131 1
9015281 214559940 1
9015281 214716714 0.5
9015281 214851579 0.5
9015281 214836517 0.5
9015281 214851165 0.5
3069267 214834867 1
3069267 214831948 1
3069267 214827035 0.5
10559477 214582942 1
10559477 214829730 1
10559477 214838308 0.5
10689801 214853244 1
10689801 214854352 1
10689801 214854354 0.5
1417213 214834880 1
1417213 214826610 1
1417213 214667912 0.5
1417213 214821300 0.5
1417213 214706102 0.5
5189631 214826833 1
5189631 214836536 1
5189631 214839973 0.5
5189631 214602598 0.5
