10271762 214853994 1
10271762 214853992 1
10271762 214853846 1
10271762 214853848 0.5
10271762 214850938 0.5
10271762 214853852 0.5
11343876 214857015 1
11343876 214857268 1
11343876 214857260 1
11343876 214857262 0.5
108553 214826705 1
108553 214821292 1
108553 214826801 1
108553 214820237 0.5
108553 214826702 0.5
8503306 214564380 1
8503306 214851290 1
8503306 214851232 1
8503306 214844342 0.5
2056203 214712132 1
2056203 214826711 1
2056203 214687845 1
2056203 214819760 0.5
2056203 214738460 0.5
9973772 214854352 1
9973772 214854354 1
9973772 214687475 1
9973772 214849807 0.5
557074 214821401 1
557074 214826908 1
557074 214826837 1
557074 214606972 0.5
557074 214826876 0.5
557074 214586694 0.5
557074 214558807 0.5
6246419 214836932 1
6246419 214848328 1
6246419 214835109 1
6246419 214561402 0.5
6246419 214707995 0.5
6246419 214665277 0.5
6304772 214848945 1
6304772 214848941 1
6304772 214848947 1
6304772 214848954 0.5
33893 214821277 1
33893 214826893 1
33893 214826715 1
33893 214835120 0.5
33893 214581489 0.5
33893 214712235 0.5
33893 214602605 0.5
33893 214821279 0.5
9342004 214850945 1
9342004 214853402 1
9342004 214601040 1
9342004 214853265 0.5
9342004 214601042 0.5
3078178 214835017 1
3078178 214835747 1
3078178 214835745 1
3078178 214587712 0.5
3078178 214600492 0.5
7043107 214849738 1
7043107 214849762 1
7043107 214849736 1
7043107 214850282 0.5
11051047 214854731 1
11051047 214853102 1
11051047 214854840 1
11051047 214854729 0.5
11051047 214854802 0.5
11051047 214857562 0.5
11051047 214854733 0.5
1687592 214829366 1
1687592 214834877 1
1687592 214834880 1
1687592 214833755 0.5
1687592 214829387 0.5
2510889 214753513 1
2510889 214753505 1
2510889 214748297 1
2510889 214748300 0.5
9064492 214852978 1
9064492 214853094 1
9064492 214852980 1
9064492 214853242 0.5
2982921 214832128 1
2982921 214835107 1
2982921 214820274 1
2982921 214835475 0.5
9389659 214850949 1
9389659 214853420 1
9389659 214853422 1
9389659 214850953 0.5
3764234 214835167 1
3764234 214836924 1
3764234 214829765 1
3764234 214836932 0.5
10629186 214853244 1
10629186 214854352 1
10629186 214853732 1
10629186 214854354 0.5
10629186 214853724 0.5
10629186 214853735 0.5
2912323 214832115 1
2912323 214835122 1
2912323 214836847 1
2912323 214832124 0.5
2912323 214584047 0.5
2291781 214537490 1
2291781 214601668 1
2291781 214584999 1
2291781 214829745 0.5
2291781 214613645 0.5
2291781 214841006 0.5
2614967 214844454 1
2614967 214811752 1
2614967 214844439 1
2614967 214844394 0.5
8904784 214716714 1
8904784 214851131 1
8904784 214851163 1
8904784 214716746 0.5
5689428 214846033 1
5689428 214831948 1
5689428 214846012 1
5689428 214846029 0.5
2031703 214829368 1
2031703 214829878 1
2031703 214829887 1
2031703 214829885 0.5
1521754 214834877 1
1521754 214826610 1
1521754 214834880 1
1521754 214826589 0.5
10628794 214851585 1
10628794 214835109 1
10628794 214853383 1
10628794 214851232 0.5
9410656 214853420 1
9410656 214849046 1
9410656 214853135 1
9410656 214846378 0.5
9410656 214853700 0.5
9410656 214680722 0.5
9410656 214687847 0.5
3698786 214622237 1
3698786 214839932 1
3698786 214835017 1
3698786 214832128 0.5
3698786 214835475 0.5
8581226 214850792 1
8581226 214850940 1
8581226 214849460 1
8581226 214553537 0.5
8581226 214849462 0.5
8581226 214853225 0.5
8581226 214716110 0.5
8581226 214554675 0.5
8581226 214851317 0.5
8581226 214573590 0.5
8581226 214703801 0.5
8581226 214850619 0.5
10352748 214854264 1
10352748 214567329 1
10352748 214854268 1
10352748 214851234 0.5
10352748 214695525 0.5
10352748 214848808 0.5
10352748 214684845 0.5
10352748 214567215 0.5
10352748 214554675 0.5
10352748 214556055 0.5
10352748 214820760 0.5
10352748 214685049 0.5
10352748 214684762 0.5
10352748 214853852 0.5
10352748 214716671 0.5
8779886 214853077 1
8779886 214852980 1
8779886 214853135 1
8779886 214853233 0.5
8779886 214853195 0.5
6017873 214846412 1
6017873 214846425 1
6017873 214850402 1
6017873 214819777 0.5
6017873 214717410 0.5
6017873 214829379 0.5
6017873 214718182 0.5
6017873 214667912 0.5
6017873 214586668 0.5
6017873 214846031 0.5
6017873 214846035 0.5
6017873 214826904 0.5
5066864 214821290 1
5066864 214826610 1
5066864 214835167 1
5066864 214706465 0.5
5066864 214696899 0.5
5066864 214717412 0.5
5066864 214839973 0.5
5066864 214829799 0.5
5066864 214667912 0.5
5066864 214577450 0.5
5066864 214586668 0.5
5066864 214834877 0.5
5066864 214829711 0.5
5066864 214800272 0.5
5066864 214601233 0.5
5066864 214820402 0.5
5066864 214748340 0.5
5066864 214657322 0.5
5066864 214585597 0.5
5066864 214850782 0.5
1394536 214826610 1
1394536 214834877 1
1394536 214826563 1
1394536 214744427 0.5
1394536 214826589 0.5
1394536 214826709 0.5
5044338 214832156 1
5044338 214837286 1
5044338 214844325 1
5044338 214554954 0.5
5044338 214746380 0.5
10274933 214854300 1
10274933 214835165 1
10274933 214819577 1
10274933 214854534 0.5
10274933 214820456 0.5
10274933 214559960 0.5
10274933 214854547 0.5
10274933 214850741 0.5
10274933 214849464 0.5
10274933 214854585 0.5
5730422 214846312 1
5730422 214846029 1
5730422 214845465 1
5730422 214829887 0.5
8347767 214716746 1
8347767 214685049 1
8347767 214716714 1
8347767 214851234 0.5
8347767 214716671 0.5
2986004 214829878 1
2986004 214831948 1
2986004 214831946 1
2986004 214829887 0.5
2885754 214832017 1
2885754 214587697 1
2885754 214829390 1
2885754 214680705 0.5
2885754 214826565 0.5
2885754 214831937 0.5
2885754 214642153 0.5
2885754 214609325 0.5
2885754 214835132 0.5
8687742 214852978 1
8687742 214853077 1
8687742 214852980 1
8687742 214853094 0.5
7235711 214850282 1
7235711 214850310 1
7235711 214850291 1
7235711 214829880 0.5
7235711 214850285 0.5
10846178 214853102 1
10846178 214853100 1
10846178 214854785 1
10846178 214854840 0.5
10846178 214854797 0.5
1531337 214834877 1
1531337 214834880 1
1531337 214821317 1
1531337 214833755 0.5
1531337 214829387 0.5
6300462 214846412 1
6300462 214846425 1
6300462 214848656 1
6300462 214848328 0.5
6300462 214577518 0.5
6300462 214848337 0.5
6300462 214848851 0.5
6300462 214848950 0.5
6300462 214579837 0.5
2711687 214826833 1
2711687 214835132 1
2711687 214835019 1
2711687 214835017 0.5
3485832 214835786 1
3485832 214835968 1
3485832 214836146 1
3485832 214836050 0.5
4376713 214845131 1
4376713 214839975 1
4376713 214602598 1
4376713 214821401 0.5
4376713 214839973 0.5
5803248 214845962 1
5803248 214846119 1
5803248 214676377 1
5803248 214821032 0.5
5803248 214819586 0.5
5803248 214832019 0.5
8372366 214853165 1
8372366 214853128 1
8372366 214853087 1
8372366 214851742 0.5
1724559 214748336 1
1724559 214833755 1
1724559 214828976 1
1724559 214791688 0.5
1724559 214826872 0.5
1724559 214712130 0.5
1724559 214714732 0.5
1724559 214725532 0.5
9005203 214853077 1
9005203 214852980 1
9005203 214554982 1
9005203 214829765 0.5
9324692 214853422 1
9324692 214853420 1
9324692 214850945 1
9324692 214853465 0.5
9324692 214829878 0.5
10255726 214851080 1
10255726 214853186 1
10255726 214850855 1
10255726 214851161 0.5
10255726 214853994 0.5
10255726 214851131 0.5
10255726 214851234 0.5
10255726 214684845 0.5
211097 214826621 1
211097 214826619 1
211097 214826998 1
211097 214743335 0.5
211097 214826927 0.5
211097 214827000 0.5
211097 214821300 0.5
211097 214826837 0.5
211097 214826934 0.5
211097 214826872 0.5
211097 214717562 0.5
211097 214746427 0.5
211097 214827005 0.5
211097 214827007 0.5
4532382 214839965 1
4532382 214832147 1
4532382 214748336 1
4532382 214839960 0.5
5927072 214846417 1
5927072 214846479 1
5927072 214846466 1
5927072 214846427 0.5
6746274 214712244 1
6746274 214712242 1
6746274 214849134 1
6746274 214710090 0.5
10526886 214853730 1
10526886 214854264 1
10526886 214684762 1
10526886 214567329 0.5
10526886 214854262 0.5
10526886 214853094 0.5
10526886 214853767 0.5
10526886 214718220 0.5
10526886 214832780 0.5
10526886 214854352 0.5
10526886 214684785 0.5
10526886 214851317 0.5
10526886 214854358 0.5
10526886 214850743 0.5
10526886 214718169 0.5
10526886 214853435 0.5
10526886 214853726 0.5
10526886 214821022 0.5
10660007 214684785 1
10660007 214537490 1
10660007 214854335 1
10660007 214853413 0.5
10660007 214709668 0.5
10660007 214534693 0.5
10660007 214848326 0.5
10660007 214854264 0.5
10660007 214854354 0.5
10660007 214854159 0.5
10660007 214850865 0.5
10660007 214509842 0.5
10660007 214746365 0.5
10660007 214646612 0.5
10660007 214853726 0.5
10660007 214857167 0.5
10660007 214665174 0.5
10660007 214844441 0.5
10660007 214684762 0.5
10660007 214853855 0.5
10660007 214854268 0.5
10660007 214821309 0.5
10660007 214854174 0.5
10660007 214612901 0.5
9210567 214853282 1
9210567 214853381 1
9210567 214844398 1
9210567 214853400 0.5
9210567 214844400 0.5
1110776 214829325 1
1110776 214829332 1
1110776 214587317 1
1110776 214829334 0.5
5294257 214831955 1
5294257 214684702 1
5294257 214829887 1
5294257 214648256 0.5
5294257 214819627 0.5
10057911 214854268 1
10057911 214854510 1
10057911 214854264 1
10057911 214567329 0.5
10057911 214567215 0.5
8906936 214853422 1
8906936 214850949 1
8906936 214850942 1
8906936 214853096 0.5
8906936 214853105 0.5
8906936 214852978 0.5
8906936 214853094 0.5
4661433 214838227 1
4661433 214829385 1
4661433 214667912 1
4661433 214651777 0.5
4661433 214717410 0.5
4661433 214829797 0.5
4661433 214586668 0.5
4661433 214582378 0.5
4661433 214820812 0.5
4661433 214561775 0.5
4661433 214826610 0.5
4661433 214554585 0.5
4661433 214819770 0.5
4661433 214833755 0.5
4661433 214554332 0.5
4661433 214826874 0.5
5497887 214845585 1
5497887 214835070 1
5497887 214846033 1
5497887 214836328 0.5
5497887 214676010 0.5
1871904 214667912 1
1871904 214829379 1
1871904 214743495 1
1871904 214826711 0.5
9416898 214850942 1
9416898 214836517 1
9416898 214853454 1
9416898 214644650 0.5
5691587 214820443 1
5691587 214845962 1
5691587 214849072 1
5691587 214821384 0.5
5691587 214849010 0.5
5691587 214832019 0.5
9384133 214854146 1
9384133 214853865 1
9384133 214854165 1
9384133 214854172 0.5
9384133 214851748 0.5
5570761 214836330 1
5570761 214848185 1
5570761 214848997 1
5570761 214748336 0.5
5570761 214832145 0.5
4628686 214831944 1
4628686 214832015 1
4628686 214838102 1
4628686 214837882 0.5
1794256 214821410 1
1794256 214826610 1
1794256 214834880 1
1794256 214821412 0.5
1794256 214829366 0.5
2212052 214829878 1
2212052 214829882 1
2212052 214829887 1
2212052 214718398 0.5
2212052 214819406 0.5
2887893 214829878 1
2887893 214831946 1
2887893 214684715 1
2887893 214684736 0.5
2887893 214532801 0.5
2887893 214711078 0.5
2887893 214714794 0.5
2887893 214826955 0.5
2887893 214711408 0.5
2887893 214684730 0.5
2887893 214718396 0.5
10990551 214850743 1
10990551 214851585 1
10990551 214848380 1
10990551 214851313 0.5
10990551 214832747 0.5
10990551 214836932 0.5
10990551 214851101 0.5
10990551 214854926 0.5
11008216 214854823 1
11008216 214854770 1
11008216 214854699 1
11008216 214854780 0.5
11008216 214854767 0.5
10545369 214853340 1
10545369 214711295 1
10545369 214853428 1
10545369 214853102 0.5
10545369 214850949 0.5
10545369 214850310 0.5
6702683 214829792 1
6702683 214587328 1
6702683 214846082 1
6702683 214684702 0.5
6702683 214835126 0.5
1097963 214827024 1
1097963 214744530 1
1097963 214829038 1
1097963 214832786 0.5
8722668 214853077 1
8722668 214852980 1
8722668 214851129 1
8722668 214851290 0.5
8722668 214853242 0.5
8722668 214564380 0.5
8722668 214853085 0.5
1964276 214743495 1
1964276 214744535 1
1964276 214791688 1
1964276 214712229 0.5
1964276 214663310 0.5
1964276 214829053 0.5
8065271 214684942 1
8065271 214851097 1
8065271 214851131 1
8065271 214851592 0.5
8065271 214716746 0.5
8065271 214851579 0.5
8065271 214851165 0.5
8065271 214716671 0.5
3009413 214835745 1
3009413 214717522 1
3009413 214600492 1
3009413 214680720 0.5
3009413 214680722 0.5
3009413 214821300 0.5
3009413 214558807 0.5
11073793 214854787 1
11073793 214837873 1
11073793 214849468 1
11073793 214705747 0.5
11073793 214854860 0.5
11073793 214705757 0.5
5552391 214837918 1
5552391 214829878 1
5552391 214829880 1
5552391 214845585 0.5
5552391 214844347 0.5
5552391 214837916 0.5
5552391 214845583 0.5
2625239 214820220 1
2625239 214829880 1
2625239 214831946 1
2625239 214536193 0.5
2625239 214554973 0.5
7705963 214845585 1
7705963 214577025 1
7705963 214849230 1
7705963 214826953 0.5
7705963 214846404 0.5
7705963 214850405 0.5
7705963 214850870 0.5
7705963 214557095 0.5
4557528 214826990 1
4557528 214838124 1
4557528 214835109 1
4557528 214550627 0.5
11151674 214853767 1
11151674 214854538 1
11151674 214853707 1
11151674 214848658 0.5
2717971 214829880 1
2717971 214829878 1
2717971 214829887 1
2717971 214826947 0.5
2717971 214718396 0.5
2717971 214711078 0.5
1867936 214829861 1
1867936 214587388 1
1867936 214829707 1
1867936 214832720 0.5
1867936 214800262 0.5
133401 214821277 1
133401 214821285 1
133401 214833800 1
133401 214833802 0.5
3835951 214820220 1
3835951 214826990 1
3835951 214835109 1
3835951 214836932 0.5
5826846 214845917 1
5826846 214846007 1
5826846 214849001 1
5826846 214845986 0.5
5826846 214845887 0.5
5581088 214846031 1
5581088 214846014 1
5581088 214844400 1
5581088 214844372 0.5
5581088 214836506 0.5
5581088 214844396 0.5
10072353 214717888 1
10072353 214849312 1
10072353 214580377 1
10072353 214580351 0.5
2439464 214829878 1
2439464 214831950 1
2439464 214829885 1
2439464 214829880 0.5
516397 214821339 1
516397 214640017 1
516397 214821401 1
516397 214716902 0.5
9898287 214851326 1
9898287 214853085 1
9898287 214853090 1
9898287 214853096 0.5
9898287 214853248 0.5
3412277 214832126 1
3412277 214819490 1
3412277 214831959 1
3412277 214832128 0.5
3412277 214835107 0.5
3412277 214667912 0.5
3412277 214586668 0.5
3412277 214709645 0.5
3412277 214835087 0.5
3412277 214601233 0.5
3412277 214836885 0.5
8898953 214716714 1
8898953 214848613 1
8898953 214851161 1
8898953 214851080 0.5
8898953 214716746 0.5
8898953 214556055 0.5
8898953 214684845 0.5
8898953 214832567 0.5
8898953 214685049 0.5
8898953 214851131 0.5
8898953 214662750 0.5
2958388 643078800 1
2958388 214831946 1
2958388 214829878 1
2958388 214831948 0.5
2958388 214829887 0.5
2283834 214829880 1
2283834 214831946 1
2283834 214829887 1
2283834 214829882 0.5
6426941 214848596 1
6426941 214848384 1
6426941 214848845 1
6426941 214835167 0.5
4469054 214684717 1
4469054 214839596 1
4469054 214829790 1
4469054 214839594 0.5
4469054 214717515 0.5
4469054 214826844 0.5
10442523 214854358 1
10442523 214853724 1
10442523 214854549 1
10442523 214583287 0.5
10442523 214854060 0.5
10442523 214854174 0.5
10442523 214845583 0.5
7690563 214853173 1
7690563 214853175 1
7690563 214853758 1
7690563 214849408 0.5
7690563 214853177 0.5
5568839 214845420 1
5568839 214845962 1
5568839 214844396 1
5568839 214532107 0.5
1173832 214828982 1
1173832 214828980 1
1173832 214587317 1
1173832 214829387 0.5
1173832 214554371 0.5
4145484 214826942 1
4145484 214838096 1
4145484 214832143 1
4145484 214829797 0.5
4145484 214540070 0.5
4145484 214836887 0.5
7887181 214725551 1
7887181 214575193 1
7887181 214846072 1
7887181 214849408 0.5
7887181 214819410 0.5
7887181 214849764 0.5
11196751 214694724 1
11196751 214567327 1
11196751 214567215 1
11196751 214684762 0.5
7463248 214853177 1
7463248 214853175 1
7463248 214840378 1
7463248 214853173 0.5
5779794 214849001 1
5779794 214846121 1
5779794 214846001 1
5779794 214839969 0.5
5779794 214835019 0.5
5779794 214848997 0.5
5779794 214845917 0.5
8086243 214844439 1
8086243 214844394 1
8086243 214844458 1
8086243 214821309 0.5
4897108 214837280 1
4897108 214836956 1
4897108 214838092 1
4897108 214837288 0.5
4897108 214845435 0.5
4897108 214832156 0.5
4897108 214837286 0.5
4854108 214839973 1
4854108 214839960 1
4854108 214831944 1
4854108 214838096 0.5
4854108 214838105 0.5
4854108 214829797 0.5
9636189 214850949 1
9636189 214853422 1
9636189 214850947 1
9636189 214829880 0.5
9636189 214853420 0.5
9636189 214829882 0.5
9636189 214849796 0.5
10897264 214853102 1
10897264 214854802 1
10897264 214854785 1
10897264 214864880 0.5
9640214 214712235 1
9640214 214846119 1
9640214 214845962 1
9640214 214744258 0.5
9640214 214712237 0.5
11223397 214853102 1
11223397 214857015 1
11223397 214854782 1
11223397 214857260 0.5
11223397 214857268 0.5
4012392 214836932 1
4012392 214826990 1
4012392 214835109 1
4012392 214838227 0.5
8642921 214853160 1
8642921 214853165 1
8642921 214852978 1
8642921 214853282 0.5
8642921 214853094 0.5
8642921 214677830 0.5
6738284 214848941 1
6738284 214848954 1
6738284 214848947 1
6738284 214848945 0.5
6738284 214849022 0.5
6738284 214849046 0.5
7366717 214849194 1
7366717 214849136 1
7366717 214849250 1
7366717 214849466 0.5
1829234 214829385 1
1829234 214829660 1
1829234 214835002 1
1829234 214829657 0.5
4598131 214821015 1
4598131 214821022 1
4598131 214677615 1
4598131 214821017 0.5
10658164 214716714 1
10658164 214716746 1
10658164 214849194 1
10658164 214851234 0.5
10658164 214662755 0.5
10658164 214853156 0.5
10658164 214848808 0.5
10658164 214684845 0.5
10658164 214848847 0.5
10658164 214854352 0.5
10658164 214559960 0.5
10658164 214716671 0.5
10658164 214553533 0.5
10658164 214839967 0.5
1325429 214587697 1
1325429 214821412 1
1325429 214821410 1
1325429 214839600 0.5
1325429 214833755 0.5
5040532 214839311 1
5040532 214837288 1
5040532 214836956 1
5040532 214826818 0.5
10572154 214853698 1
10572154 214853767 1
10572154 214853702 1
10572154 214853707 0.5
4919677 214838092 1
4919677 214837286 1
4919677 214837288 1
4919677 214837280 0.5
4919677 214826825 0.5
4919677 214746380 0.5
4919677 214838094 0.5
4919677 214826833 0.5
4919677 214832156 0.5
4919677 214709595 0.5
4919677 214836956 0.5
10920318 214851326 1
10920318 214853105 1
10920318 214853096 1
10920318 214853094 0.5
1575297 214829672 1
1575297 214829334 1
1575297 214545879 1
1575297 214838100 0.5
9191819 214848596 1
9191819 214848380 1
9191819 214838137 1
9191819 214851232 0.5
9191819 214549346 0.5
9191819 214853383 0.5
9191819 214826610 0.5
9191819 214556025 0.5
9191819 214835167 0.5
5026189 214844345 1
5026189 214844342 1
5026189 214840091 1
5026189 214834877 0.5
1405326 214834877 1
1405326 214834880 1
1405326 214826610 1
1405326 214833755 0.5
2817773 214602600 1
2817773 214835019 1
2817773 214577025 1
2817773 214835475 0.5
2817773 214835017 0.5
2817773 214836339 0.5
2817773 214836133 0.5
7057808 214849136 1
7057808 214849194 1
7057808 214849031 1
7057808 214849153 0.5
7057808 214849762 0.5
7057808 214849155 0.5
7057808 214602598 0.5
7057808 214586694 0.5
7057808 214849738 0.5
7594386 214850938 1
7594386 214848302 1
7594386 214838124 1
7594386 214838122 0.5
11254164 214853102 1
11254164 214855016 1
11254164 214864880 1
11254164 214853100 0.5
11254164 214854853 0.5
11254164 214854782 0.5
10971541 214854264 1
10971541 214854268 1
10971541 214854534 1
10971541 214567329 0.5
10971541 214854262 0.5
6762902 214848986 1
6762902 214829765 1
6762902 214846035 1
6762902 214667912 0.5
6762902 214651777 0.5
6762902 214848596 0.5
6762902 214835167 0.5
2236823 214829878 1
2236823 214829882 1
2236823 214831946 1
2236823 214829885 0.5
6589508 214849284 1
6589508 214665277 1
6589508 214849331 1
6589508 214849020 0.5
6589508 214834877 0.5
6589508 214707879 0.5
1552796 214836733 1
1552796 214829745 1
1552796 214706216 1
1552796 214691563 0.5
9432816 214853165 1
9432816 214845954 1
9432816 214853075 1
9432816 214846312 0.5
9432816 214582200 0.5
9432816 214601197 0.5
6351268 214849076 1
6351268 214849070 1
6351268 214848692 1
6351268 214848977 0.5
6351268 214848980 0.5
5046696 214838227 1
5046696 214836932 1
5046696 214835109 1
5046696 214836795 0.5
5046696 214718379 0.5
5046696 214613741 0.5
5046696 214595150 0.5
10809771 214854785 1
10809771 214853102 1
10809771 214859246 1
10809771 214854782 0.5
7852469 214851122 1
7852469 214851236 1
7852469 214851317 1
7852469 214851073 0.5
7852469 214850938 0.5
7852469 214851587 0.5
6513078 214848613 1
6513078 214845131 1
6513078 214829390 1
6513078 214848371 0.5
6513078 214553735 0.5
11099653 214854497 1
11099653 214686864 1
11099653 214686879 1
11099653 214854821 0.5
11099653 214854542 0.5
11099653 214850735 0.5
11099653 214854770 0.5
11099653 214709685 0.5
11099653 214849468 0.5
11099653 214705757 0.5
11099653 214854815 0.5
11347964 214857568 1
11347964 214857570 1
11347964 214857562 1
11347964 214854491 0.5
3148219 214826623 1
3148219 214839617 1
3148219 214835019 1
3148219 214835122 0.5
3148219 214832115 0.5
3148219 214832124 0.5
3148219 214837882 0.5
3148219 214821407 0.5
11125184 214854819 1
11125184 214854857 1
11125184 214854802 1
11125184 214837873 0.5
5298251 214844370 1
5298251 214845585 1
5298251 214844396 1
5298251 214835064 0.5
5298251 214845590 0.5
10686917 214854495 1
10686917 214718220 1
10686917 214850754 1
10686917 214854545 0.5
10686917 214650508 0.5
9687496 214853420 1
9687496 214853154 1
9687496 214853381 1
9687496 214848185 0.5
10236363 214854352 1
10236363 214853244 1
10236363 214854536 1
10236363 214820394 0.5
7921699 214850295 1
7921699 214850850 1
7921699 214850304 1
7921699 214848328 0.5
7921699 214836855 0.5
7921699 214849796 0.5
7921699 214587317 0.5
7921699 214662727 0.5
1698256 214834880 1
1698256 214834877 1
1698256 214835021 1
1698256 214826610 0.5
11209169 214853102 1
11209169 214854840 1
11209169 214864880 1
11209169 214854785 0.5
11209169 214859246 0.5
11209169 214854313 0.5
3004153 214837918 1
3004153 214834867 1
3004153 214837916 1
3004153 214835137 0.5
3004153 214835019 0.5
3004153 214835132 0.5
3004153 214835021 0.5
3004153 214829390 0.5
4434392 214837280 1
4434392 214838092 1
4434392 214832156 1
4434392 214836956 0.5
6486492 214839971 1
6486492 214848695 1
6486492 214848658 1
6486492 214846530 0.5
6486492 214835111 0.5
6486492 214710097 0.5
6486492 214844402 0.5
6486492 214849046 0.5
6486492 214846007 0.5
2990557 214540127 1
2990557 214712237 1
2990557 214826623 1
2990557 214700002 0.5
2990557 214680369 0.5
2990557 214821305 0.5
2990557 214743515 0.5
2990557 214831965 0.5
2990557 214640094 0.5
2990557 214829887 0.5
8192478 214716671 1
8192478 214851163 1
8192478 214851131 1
8192478 214851236 0.5
6814176 214848410 1
6814176 214849239 1
6814176 214849331 1
6814176 214848377 0.5
6814176 214849333 0.5
866786 214748295 1
866786 214753507 1
866786 214748291 1
866786 214685784 0.5
866786 214821313 0.5
6603174 214832604 1
6603174 214716707 1
6603174 214848613 1
6603174 214848832 0.5
7246311 214849762 1
7246311 214849734 1
7246311 214849738 1
7246311 214849736 0.5
7246311 214844400 0.5
1743301 214833755 1
1743301 214834877 1
1743301 214829387 1
1743301 214652970 0.5
7662059 214850938 1
7662059 214850741 1
7662059 214850936 1
7662059 214850619 0.5
7662059 214851011 0.5
7662059 214850621 0.5
4106732 214839592 1
4106732 214587697 1
4106732 214839973 1
4106732 214829825 0.5
4106732 214829797 0.5
4106732 214829383 0.5
4106732 214714697 0.5
4106732 214832780 0.5
4106732 214832145 0.5
4106732 214601233 0.5
4106732 214738453 0.5
4106732 214706169 0.5
4106732 214612730 0.5
4106732 214827007 0.5
8343636 214853094 1
8343636 214853096 1
8343636 214853085 1
8343636 214853090 0.5
8343636 214853105 0.5
8343636 214852978 0.5
8343636 214852980 0.5
8343636 214853077 0.5
8343636 214851326 0.5
5818874 214845954 1
5818874 214845939 1
5818874 214829739 1
5818874 214676377 0.5
2650849 214829878 1
2650849 214829887 1
2650849 214829882 1
2650849 214829880 0.5
908519 214746427 1
908519 214711280 1
908519 214712124 1
908519 214826872 0.5
908519 214826908 0.5
908519 214753515 0.5
908519 214821300 0.5
908519 214826998 0.5
9091586 214853105 1
9091586 214853096 1
9091586 214853085 1
9091586 214852980 0.5
9091586 214853077 0.5
4471211 214551607 1
4471211 214844439 1
4471211 214821305 1
4471211 214844394 0.5
4471211 214844462 0.5
4923908 214840091 1
4923908 214712051 1
4923908 214844407 1
4923908 214839973 0.5
4923908 214845352 0.5
4923908 214845579 0.5
4923908 214845356 0.5
4923908 214845581 0.5
4923908 214748336 0.5
4923908 214601233 0.5
7516929 214821305 1
7516929 214844452 1
7516929 214533022 1
7516929 214821339 0.5
7516929 214612708 0.5
7516929 214834959 0.5
8507914 214853145 1
8507914 214853657 1
8507914 214846012 1
8507914 214831948 0.5
8507914 214838102 0.5
5886476 214846408 1
5886476 214846457 1
5886476 214846419 1
5886476 214829720 0.5
5886476 214846475 0.5
5886476 214846389 0.5
5886476 214846421 0.5
3062287 214834867 1
3062287 214835017 1
3062287 214831948 1
3062287 214831959 0.5
3062287 214835124 0.5
3062287 214826565 0.5
3062287 214642805 0.5
4285158 214835475 1
4285158 214837882 1
4285158 214748336 1
4285158 214819762 0.5
4285158 214684843 0.5
6881814 214848849 1
6881814 214848945 1
6881814 214849312 1
6881814 214829387 0.5
6881814 214849020 0.5
6881814 214849022 0.5
6881814 214849046 0.5
6881814 214849239 0.5
4277043 214829100 1
4277043 214831970 1
4277043 214839937 1
4277043 214587712 0.5
4277043 214827015 0.5
9771547 214853994 1
9771547 214853992 1
9771547 214854146 1
9771547 214853848 0.5
9771547 214853852 0.5
9771547 214854165 0.5
6811966 214848375 1
6811966 214848371 1
6811966 214846085 1
6811966 214848832 0.5
6811966 214716707 0.5
7694878 214850936 1
7694878 214850771 1
7694878 214850938 1
7694878 214850621 0.5
7694878 214850743 0.5
219684 214748295 1
219684 214748300 1
219684 214753507 1
219684 214748291 0.5
349958 214820396 1
349958 214820392 1
349958 214826612 1
349958 214819376 0.5
487977 214748295 1
487977 214753507 1
487977 214748338 1
487977 214827000 0.5
487977 214753505 0.5
487977 214827007 0.5
487977 214834865 0.5
9546284 214850945 1
9546284 214849322 1
9546284 214854065 1
9546284 214850947 0.5
9546284 214850949 0.5
9546284 214849318 0.5
9546284 214854060 0.5
9546284 214850282 0.5
9546284 214853420 0.5
9546284 214846033 0.5
9546284 214829878 0.5
9546284 214684730 0.5
2697773 214835745 1
2697773 214834867 1
2697773 214602600 1
2697773 214832792 0.5
2697773 214609325 0.5
6357553 214849239 1
6357553 214665277 1
6357553 214849333 1
6357553 214834880 0.5
6357553 214848656 0.5
6357553 214834877 0.5
6357553 214848950 0.5
9214514 214853210 1
9214514 214853132 1
9214514 214851750 1
9214514 214853242 0.5
9214514 214853237 0.5
9214514 214853222 0.5
7300531 214850310 1
7300531 214850315 1
7300531 214850282 1
7300531 214716635 0.5
7300531 214710101 0.5
7240144 214849344 1
7240144 214849740 1
7240144 214848272 1
7240144 214538484 0.5
7240144 214850325 0.5
7019061 214684715 1
7019061 214829792 1
7019061 214849807 1
7019061 214700002 0.5
7019061 214850315 0.5
795192 214827009 1
795192 214821305 1
795192 214821309 1
795192 214827015 0.5
7649851 214850938 1
7649851 214507365 1
7649851 214849018 1
7649851 214849393 0.5
7649851 214849736 0.5
7649851 214848305 0.5
7649851 214850743 0.5
7649851 214850619 0.5
7649851 214850940 0.5
10857909 214854823 1
10857909 214854834 1
10857909 214855016 1
10857909 214748289 0.5
9060929 214712237 1
9060929 214511015 1
9060929 214835126 1
9060929 214826987 0.5
4473414 214839965 1
4473414 214832147 1
4473414 214602598 1
4473414 214828985 0.5
4473414 214845131 0.5
4473414 214837494 0.5
4473414 214586694 0.5
4989511 214843320 1
4989511 214845133 1
4989511 214845131 1
4989511 214602598 0.5
5958219 214820443 1
5958219 214846119 1
5958219 214819640 1
5958219 214649951 0.5
9947034 214850295 1
9947034 214829885 1
9947034 214849809 1
9947034 214650508 0.5
9947034 214853422 0.5
2627902 214829880 1
2627902 214831946 1
2627902 214829885 1
2627902 214826619 0.5
4274771 214831970 1
4274771 214836512 1
4274771 214839937 1
4274771 214538820 0.5
8237661 214851099 1
8237661 214851137 1
8237661 214849764 1
8237661 214832792 0.5
8237661 214846007 0.5
5255774 214838107 1
5255774 214838098 1
5255774 214826835 1
5255774 214819400 0.5
5255774 214829880 0.5
5255774 214846031 0.5
4059743 214838105 1
4059743 214826942 1
4059743 214832143 1
4059743 214838096 0.5
4059743 214838107 0.5
4059743 214829790 0.5
5595744 214829739 1
5595744 214846312 1
5595744 214846417 1
5595744 214846468 0.5
5595744 214846470 0.5
5595744 214846472 0.5
5595744 214845135 0.5
5595744 214846065 0.5
5595744 214676377 0.5
2357859 214540172 1
2357859 214716746 1
2357859 214821407 1
2357859 214826912 0.5
2357859 214640017 0.5
2357859 214828985 0.5
2357859 214826711 0.5
9245284 214850949 1
9245284 214850947 1
9245284 214850942 1
9245284 214853420 0.5
2290277 214829878 1
2290277 214829882 1
2290277 214829887 1
2290277 214556212 0.5
2290277 214844439 0.5
6349511 214848337 1
6349511 214849012 1
6349511 214848377 1
6349511 214848950 0.5
11365607 214854804 1
11365607 214854699 1
11365607 214853072 1
11365607 214712244 0.5
11365607 214714715 0.5
11365607 214849100 0.5
11365607 214744046 0.5
2259556 214820270 1
2259556 214820231 1
2259556 214820263 1
2259556 214826801 0.5
9955959 214853460 1
9955959 214706428 1
9955959 214850291 1
9955959 214853340 0.5
9955959 214829885 0.5
9955959 214853342 0.5
6844863 214848688 1
6844863 214845984 1
6844863 214844822 1
6844863 214553561 0.5
6844863 214837882 0.5
3334783 214613741 1
3334783 214829769 1
3334783 214826938 1
3334783 214743335 0.5
3334783 214838111 0.5
6652544 214836146 1
6652544 214848656 1
6652544 214665277 1
6652544 214851009 0.5
6652544 214696899 0.5
6652544 214849284 0.5
6652544 214602598 0.5
6652544 214696897 0.5
6652544 214710152 0.5
6652544 214842733 0.5
6652544 214677615 0.5
6652544 214829668 0.5
6652544 214667859 0.5
6652544 214836084 0.5
6652544 214849046 0.5
6652544 214838137 0.5
6652544 214839969 0.5
6652544 214849020 0.5
6652544 214845917 0.5
6652544 214849022 0.5
8161921 214851080 1
8161921 214851161 1
8161921 214558192 1
8161921 214716746 0.5
8161921 214662763 0.5
8161921 214552142 0.5
8161921 214851122 0.5
8161921 214848851 0.5
8161921 214685049 0.5
6968728 214849082 1
6968728 214846085 1
6968728 214849318 1
6968728 214851225 0.5
6968728 214849003 0.5
9796229 214853865 1
9796229 214853992 1
9796229 214853715 1
9796229 214853722 0.5
9796229 214851236 0.5
2610891 214831959 1
2610891 214836517 1
2610891 214678987 1
2610891 214819762 0.5
2610891 214835124 0.5
4727432 214839356 1
4727432 214831944 1
4727432 214587712 1
4727432 214838105 0.5
4727432 214838107 0.5
4727432 214600492 0.5
4727432 214829797 0.5
739982 214557279 1
739982 214820810 1
739982 214821395 1
739982 214717436 0.5
10926189 214854840 1
10926189 214853102 1
10926189 214854785 1
10926189 214864880 0.5
10926189 214849468 0.5
10926189 214854782 0.5
2294416 214600509 1
2294416 214831948 1
2294416 214717860 1
2294416 214556906 0.5
2294416 214831995 0.5
2294416 214829887 0.5
11035282 214714755 1
11035282 214854332 1
11035282 214854065 1
11035282 214849312 0.5
11035282 214857568 0.5
11035282 214854118 0.5
11035282 214850700 0.5
11035282 214684942 0.5
11035282 214712242 0.5
11035282 214718173 0.5
11035282 214827007 0.5
5368467 214844396 1
5368467 214844400 1
5368467 214832150 1
5368467 214844355 0.5
10959512 214853102 1
10959512 214854782 1
10959512 214854787 1
10959512 214854785 0.5
4277399 214839641 1
4277399 214839401 1
4277399 214839356 1
4277399 214832015 0.5
4277399 214836887 0.5
1245851 214828976 1
1245851 214826921 1
1245851 214826561 1
1245851 214826994 0.5
1245851 214829366 0.5
1245851 214554277 0.5
1245851 214821350 0.5
1245851 214642805 0.5
10877596 214854716 1
10877596 214853079 1
10877596 214853083 1
10877596 214854722 0.5
10513054 214684785 1
10513054 214567327 1
10513054 214567333 1
10513054 214854510 0.5
10513054 214854262 0.5
7928261 214850855 1
7928261 214848165 1
7928261 214850726 1
7928261 214832147 0.5
7928261 214850792 0.5
7928261 214849457 0.5
7928261 214849363 0.5
7928261 214849460 0.5
7928261 214684725 0.5
7928261 214850938 0.5
11082403 214853102 1
11082403 214854840 1
11082403 214854797 1
11082403 214857568 0.5
11082403 214864880 0.5
11082403 214854853 0.5
7621286 214840378 1
7621286 214853143 1
7621286 214835126 1
7621286 214851279 0.5
7418537 214849807 1
7418537 214819380 1
7418537 214850310 1
7418537 214844396 0.5
7418537 214849796 0.5
7688466 214848384 1
7688466 214835167 1
7688466 214848596 1
7688466 214549346 0.5
7688466 214708037 0.5
7688466 214849230 0.5
7688466 214561775 0.5
7688466 214850771 0.5
7688466 214851577 0.5
7688466 214851292 0.5
758443 214819721 1
758443 214744775 1
758443 214725532 1
758443 214746427 0.5
8405678 214851581 1
8405678 214851122 1
8405678 214845885 1
8405678 214849252 0.5
8405678 214851133 0.5
2648756 214831946 1
2648756 214829880 1
2648756 214718398 1
2648756 214711318 0.5
2648756 214711087 0.5
2648756 214711408 0.5
2648756 214826835 0.5
2648756 214829878 0.5
2648756 214684734 0.5
2408488 214829878 1
2408488 214829885 1
2408488 214831948 1
2408488 214717847 0.5
2408488 214687565 0.5
2408488 214716752 0.5
2408488 214557009 0.5
2408488 214738455 0.5
2408488 214831965 0.5
2408488 214826623 0.5
4336692 214839973 1
4336692 214836947 1
4336692 214587712 1
4336692 214819760 0.5
4336692 214839932 0.5
4336692 214826990 0.5
4336692 214839975 0.5
5323449 214711348 1
5323449 214595150 1
5323449 214554982 1
5323449 214558258 0.5
5323449 214844355 0.5
5323449 214581572 0.5
5323449 214829765 0.5
8493761 214853085 1
8493761 214853096 1
8493761 214853105 1
8493761 214853094 0.5
6265539 214846367 1
6265539 214846470 1
6265539 214846419 1
6265539 214846472 0.5
6265539 214846389 0.5
6265539 214846110 0.5
10263238 214854352 1
10263238 214853113 1
10263238 214573590 1
10263238 214854577 0.5
10263238 214854354 0.5
10263238 214718220 0.5
10263238 214854542 0.5
9435851 214853165 1
9435851 214853075 1
9435851 214678376 1
9435851 214853087 0.5
9435851 214853107 0.5
9435851 214851742 0.5
9435851 214853115 0.5
5692109 214844400 1
5692109 214839932 1
5692109 214850402 1
5692109 214838137 0.5
5692109 214717286 0.5
9769678 214850949 1
9769678 214853454 1
9769678 214850947 1
9769678 214853338 0.5
9769678 214853420 0.5
9769678 214829878 0.5
9769678 214853422 0.5
864979 214718165 1
864979 214718177 1
864979 214821017 1
864979 214587384 0.5
864979 214826612 0.5
864979 214668590 0.5
4420312 214845131 1
4420312 214602733 1
4420312 214848176 1
4420312 214829280 0.5
4420312 214839971 0.5
4420312 214602598 0.5
4420312 214839600 0.5
4420312 214836857 0.5
4420312 214821401 0.5
555018 214753507 1
555018 214748300 1
555018 214748297 1
555018 214753505 0.5
4892491 214820392 1
4892491 214844396 1
4892491 214834877 1
4892491 214839975 0.5
4892491 214819721 0.5
4892491 214716110 0.5
4892491 214826610 0.5
4892491 214837882 0.5
4892491 214836926 0.5
5602014 214845962 1
5602014 214846119 1
5602014 214846312 1
5602014 214821384 0.5
5602014 214676377 0.5
5602014 214832019 0.5
5602014 214846318 0.5
10805713 214853100 1
10805713 214853102 1
10805713 214864880 1
10805713 214855016 0.5
10805713 214829878 0.5
7572201 214840378 1
7572201 214835126 1
7572201 214851032 1
7572201 214835713 0.5
7572201 214717627 0.5
3199724 214836870 1
3199724 214582378 1
3199724 214836926 1
3199724 214826561 0.5
3199724 214835109 0.5
3199724 214835475 0.5
3199724 214836330 0.5
3199724 214839600 0.5
3199724 214836851 0.5
3199724 214838137 0.5
3707631 214829765 1
3707631 214835167 1
3707631 214835109 1
3707631 214838227 0.5
3707631 214826990 0.5
1972981 214748300 1
1972981 214753513 1
1972981 214743350 1
1972981 214836330 0.5
1972981 214835165 0.5
3406068 214820263 1
3406068 214821277 1
3406068 214600492 1
3406068 214821290 0.5
3406068 214820231 0.5
4766458 214845131 1
4766458 214602733 1
4766458 214839969 1
4766458 214748336 0.5
4766458 214839587 0.5
4766458 214839973 0.5
4766458 214602598 0.5
4766458 214839600 0.5
4766458 214848178 0.5
4766458 214839960 0.5
4766458 214829850 0.5
4766458 214848176 0.5
4766458 214829852 0.5
5515391 214844347 1
5515391 214844400 1
5515391 214844396 1
5515391 214844345 0.5
5515391 214834877 0.5
8647424 214851326 1
8647424 214853085 1
8647424 214853096 1
8647424 214853105 0.5
5755123 214845971 1
5755123 214845962 1
5755123 214845135 1
5755123 214553257 0.5
5755123 214846007 0.5
6508781 214829392 1
6508781 214848328 1
6508781 214848371 1
6508781 214848992 0.5
6508781 214845980 0.5
6508781 214832023 0.5
3691278 214838227 1
3691278 214836932 1
3691278 214835109 1
3691278 214835167 0.5
7906063 214851120 1
7906063 214853173 1
7906063 214853758 1
7906063 214853177 0.5
7906063 214828882 0.5
10519314 214854536 1
10519314 214854352 1
10519314 214845437 1
10519314 214848808 0.5
10519314 214851161 0.5
10519314 214684762 0.5
10519314 214853726 0.5
10519314 214854358 0.5
6660884 214839969 1
6660884 214848688 1
6660884 214849318 1
6660884 214846367 0.5
6660884 214826949 0.5
6660884 214718182 0.5
6660884 214848380 0.5
6660884 214829387 0.5
6660884 214844396 0.5
6660884 214561775 0.5
6660884 214668281 0.5
6660884 214835109 0.5
6660884 214829775 0.5
6660884 214821020 0.5
6660884 214845887 0.5
10629909 214854504 1
10629909 214854600 1
10629909 214854583 1
10629909 214854549 0.5
10318614 214861498 1
10318614 214839999 1
10318614 214840001 1
10318614 214839997 0.5
4429537 214738457 1
4429537 214836887 1
4429537 214826979 1
4429537 214651777 0.5
4429537 214829765 0.5
4429537 214609325 0.5
4429537 214716909 0.5
4429537 214834867 0.5
4429537 214829878 0.5
4429537 214838105 0.5
1680161 214717562 1
1680161 214743495 1
1680161 214600492 1
1680161 214587712 0.5
1680161 214712130 0.5
1680161 214657318 0.5
1680161 214819721 0.5
1680161 214657322 0.5
1680161 214577387 0.5
1680161 214557009 0.5
1680161 214829366 0.5
6230818 214848337 1
6230818 214848380 1
6230818 214848322 1
6230818 214835109 0.5
9454378 214826987 1
9454378 214850949 1
9454378 214850942 1
9454378 214853420 0.5
10913919 214854579 1
10913919 214854300 1
10913919 214854585 1
10913919 214853930 0.5
10913919 214854545 0.5
10913919 214854547 0.5
10913919 214821397 0.5
10913919 214648247 0.5
10913919 214849464 0.5
10913919 214819577 0.5
10913919 214648252 0.5
4351249 214836855 1
4351249 214587317 1
4351249 214602598 1
4351249 214839971 0.5
594734 214586711 1
594734 214821315 1
594734 214821305 1
594734 214531134 0.5
1648776 214829083 1
1648776 214829085 1
1648776 214821285 1
1648776 214820227 0.5
1648776 214829079 0.5
3365684 214829878 1
3365684 214829885 1
3365684 214829887 1
3365684 214663976 0.5
8162101 214849010 1
8162101 214845962 1
8162101 214846119 1
8162101 214668249 0.5
8162101 214559660 0.5
7704974 214836330 1
7704974 214561775 1
7704974 214748336 1
7704974 214850700 0.5
7704974 214851242 0.5
7704974 214835019 0.5
7704974 214600492 0.5
7704974 214609325 0.5
7704974 214587697 0.5
7704974 214696824 0.5
4398168 214845131 1
4398168 214748338 1
4398168 214753513 1
4398168 214587317 0.5
9884473 214853713 1
9884473 214853702 1
9884473 214853353 1
9884473 214854152 0.5
5389114 214844400 1
5389114 214844372 1
5389114 214844370 1
5389114 214835473 0.5
5389114 214844355 0.5
5389114 214844398 0.5
5389114 214844345 0.5
2299243 214829878 1
2299243 214829887 1
2299243 214748293 1
2299243 214753507 0.5
8026944 214851581 1
8026944 214851133 1
8026944 214851315 1
8026944 214851313 0.5
8026944 214851077 0.5
4830028 214839641 1
4830028 214828991 1
4830028 214839397 1
4830028 214845129 0.5
4967252 214840091 1
4967252 214847940 1
4967252 214757503 1
4967252 214712124 0.5
4967252 214645005 0.5
8553308 214851161 1
8553308 214851575 1
8553308 214851080 1
8553308 214716654 0.5
6627007 214848849 1
6627007 214848641 1
6627007 214848845 1
6627007 214849344 0.5
6627007 214848945 0.5
6627007 214848954 0.5
6627007 214849020 0.5
6531936 214849132 1
6531936 214849100 1
6531936 214712242 1
6531936 214712244 0.5
9640807 214850942 1
9640807 214850949 1
9640807 214853338 1
9640807 214853428 0.5
9640807 214853402 0.5
9640807 214853460 0.5
6701933 214848952 1
6701933 214851009 1
6701933 214850786 1
6701933 214706214 0.5
6701933 214848945 0.5
6701933 214848658 0.5
6701933 214849046 0.5
6701933 214850615 0.5
6701933 214848954 0.5
6701933 214849020 0.5
6701933 214848986 0.5
1448817 214832657 1
1448817 214832653 1
1448817 214832655 1
1448817 214716984 0.5
1448817 214717867 0.5
1448817 214716967 0.5
10115961 214854352 1
10115961 214716645 1
10115961 214854298 1
10115961 214846530 0.5
10115961 214839587 0.5
10115961 214800262 0.5
10115961 214687847 0.5
10115961 214555500 0.5
10115961 214577450 0.5
10115961 214744779 0.5
10115961 214854540 0.5
10115961 214853709 0.5
10115961 214826670 0.5
10115961 214849455 0.5
10115961 214710097 0.5
10115961 214748334 0.5
10115961 214706102 0.5
10115961 214820345 0.5
10115961 214853722 0.5
10115961 214850940 0.5
10115961 214820394 0.5
10115961 214573310 0.5
6591356 214848977 1
6591356 214835167 1
6591356 214848975 1
6591356 214848384 0.5
6591356 214829765 0.5
10773373 214854536 1
10773373 214853244 1
10773373 214853113 1
10773373 214820394 0.5
1003798 214829006 1
1003798 214829321 1
1003798 214820844 1
1003798 214819430 0.5
1003798 214743369 0.5
1003798 214687852 0.5
1003798 214748336 0.5
1003798 214601233 0.5
1003798 214706102 0.5
1003798 214717847 0.5
1003798 214827005 0.5
9939843 214853698 1
9939843 214853700 1
9939843 214853767 1
9939843 214853707 0.5
8022291 214851163 1
8022291 214851131 1
8022291 214716746 1
8022291 214851097 0.5
8022291 214832604 0.5
10328971 214684785 1
10328971 214854262 1
10328971 214853865 1
10328971 214837442 0.5
10328971 214853726 0.5
11056013 214854838 1
11056013 214854356 1
11056013 214853102 1
11056013 214854857 0.5
11056013 214848658 0.5
11056013 214854819 0.5
11056013 214854815 0.5
4017039 214708037 1
4017039 214711517 1
4017039 214707879 1
4017039 214561496 0.5
4017039 214561457 0.5
4017039 214561402 0.5
5710737 214846312 1
5710737 214849010 1
5710737 214821382 1
5710737 214668249 0.5
5710737 214819586 0.5
5710737 214650635 0.5
5710737 214845962 0.5
5710737 214845939 0.5
8949571 214853096 1
8949571 214853085 1
8949571 214853105 1
8949571 214852980 0.5
8949571 214853077 0.5
2640788 214829882 1
2640788 214831948 1
2640788 214829878 1
2640788 214829887 0.5
8208537 214853162 1
8208537 214852987 1
8208537 214853263 1
8208537 214564451 0.5
8208537 214842555 0.5
8334232 214717007 1
8334232 214850713 1
8334232 214844398 1
8334232 214851579 0.5
8334232 214748327 0.5
8334232 214716939 0.5
8334232 214844396 0.5
8334232 214832655 0.5
8334232 214848688 0.5
8334232 214820807 0.5
8334232 214846415 0.5
8334232 214832604 0.5
5349189 214844372 1
5349189 214844368 1
5349189 214844355 1
5349189 214835167 0.5
2802592 214541355 1
2802592 214832773 1
2802592 214644392 1
2802592 214583610 0.5
9417634 214849764 1
9417634 214849745 1
9417634 214854065 1
9417634 214846432 0.5
9417634 214853158 0.5
9417634 214846470 0.5
9417634 214853417 0.5
9417634 214849740 0.5
9417634 214844368 0.5
9417634 214846065 0.5
9417634 214853077 0.5
6363638 214848622 1
6363638 214848656 1
6363638 214848626 1
6363638 214668185 0.5
6363638 214829797 0.5
7803819 214850771 1
7803819 214850938 1
7803819 214846404 1
7803819 214851073 0.5
7803819 214851587 0.5
7803819 214564387 0.5
7803819 214849395 0.5
7803819 214851317 0.5
7058348 214849327 1
7058348 214834873 1
7058348 214534832 1
7058348 214828970 0.5
7058348 214836517 0.5
7058348 214849134 0.5
2540463 214829878 1
2540463 214829887 1
2540463 214753513 1
2540463 214829880 0.5
6656944 214514295 1
6656944 214849466 1
6656944 214845984 1
6656944 214848950 0.5
5139379 214844330 1
5139379 214844325 1
5139379 214844332 1
5139379 214844327 0.5
3146678 214837918 1
3146678 214832017 1
3146678 214829030 1
3146678 214836532 0.5
5509768 214826949 1
5509768 214844370 1
5509768 214844355 1
5509768 214850402 0.5
5509768 214829765 0.5
5509768 214554982 0.5
5509768 214667912 0.5
5509768 214836330 0.5
5509768 214835469 0.5
5509768 214844398 0.5
5509768 214838137 0.5
5509768 214697096 0.5
5509768 214558258 0.5
5509768 214845587 0.5
5509768 214844340 0.5
5509768 214836885 0.5
5509768 214844342 0.5
5509768 214832023 0.5
5509768 214844345 0.5
5509768 214829850 0.5
5509768 214829852 0.5
5509768 214554450 0.5
5509768 214835109 0.5
6030264 214846412 1
6030264 214846479 1
6030264 214846427 1
6030264 214846067 0.5
6030264 214846415 0.5
9006009 214853128 1
9006009 214678376 1
9006009 214853165 1
9006009 214851742 0.5
2235324 214829878 1
2235324 214829887 1
2235324 214831946 1
2235324 214829882 0.5
11178941 214854836 1
11178941 214855016 1
11178941 214848185 1
11178941 214854860 0.5
576448 214821300 1
576448 214826617 1
576448 214826612 1
576448 214587317 0.5
576448 214826799 0.5
8575937 214851165 1
8575937 214716654 1
8575937 214851592 1
8575937 214851131 0.5
8575937 214716714 0.5
8575937 214851579 0.5
8575937 214716746 0.5
8575937 214716671 0.5
2490187 214573612 1
2490187 214748338 1
2490187 214836519 1
2490187 214839279 0.5
5909447 214820214 1
5909447 214845478 1
5909447 214845480 1
5909447 214845465 0.5
1861841 214550531 1
1861841 214821410 1
1861841 214821350 1
1861841 214829396 0.5
1861841 214677875 0.5
1861841 214821412 0.5
1861841 214821407 0.5
8653772 214853135 1
8653772 214851748 1
8653772 214853227 1
8653772 214853233 0.5
8653772 214851326 0.5
8653772 214853094 0.5
1902754 214709792 1
1902754 214712229 1
1902754 214831931 1
1902754 214835752 0.5
7420879 214712240 1
7420879 214832619 1
7420879 214838094 1
7420879 214712244 0.5
7420879 214710013 0.5
6007289 214846466 1
6007289 214846468 1
6007289 214846425 1
6007289 214846457 0.5
9966556 214853700 1
9966556 214853767 1
9966556 214853722 1
9966556 214853707 0.5
9966556 214853430 0.5
9966556 214853702 0.5
1569763 214834877 1
1569763 214826610 1
1569763 214834880 1
1569763 214829387 0.5
1569763 214833755 0.5
5165172 214845131 1
5165172 214839969 1
5165172 214602733 1
5165172 214748336 0.5
5165172 214839971 0.5
5165172 214839973 0.5
5165172 214839975 0.5
5165172 214836330 0.5
5165172 214839600 0.5
5165172 214829850 0.5
5704678 214846033 1
5704678 214845887 1
5704678 214846029 1
5704678 214832145 0.5
5704678 214845986 0.5
5704678 214845917 0.5
8253607 214851150 1
8253607 214851322 1
8253607 214851294 1
8253607 214851242 0.5
11271149 214850310 1
11271149 214848969 1
11271149 214510445 1
11271149 214716924 0.5
11271149 214838107 0.5
11271149 214854707 0.5
11271149 214849132 0.5
11271149 214857551 0.5
6269934 214848384 1
6269934 214848380 1
6269934 214848847 1
6269934 214849012 0.5
4508658 214848176 1
4508658 214839947 1
4508658 214826951 1
4508658 214839973 0.5
5118967 214821309 1
5118967 214839332 1
5118967 214839335 1
5118967 214835017 0.5
5118967 214835747 0.5
2577236 214829878 1
2577236 214831948 1
2577236 214826979 1
2577236 214712130 0.5
2577236 214826998 0.5
2577236 214829321 0.5
2577236 214831965 0.5
2577236 214553555 0.5
2577236 214829366 0.5
2577236 214717847 0.5
2577236 214668185 0.5
2577236 214834877 0.5
2542587 214829882 1
2542587 214829878 1
2542587 214686082 1
2542587 214831957 0.5
6315781 214848622 1
6315781 214846530 1
6315781 214848620 1
6315781 214849312 0.5
6315781 214849046 0.5
6315781 214845131 0.5
6315781 214684108 0.5
6315781 214848658 0.5
6315781 214848950 0.5
3132928 214829878 1
3132928 214829887 1
3132928 214540127 1
3132928 214831946 0.5
3132928 214600509 0.5
3132928 214826983 0.5
5284867 214835428 1
5284867 214835426 1
5284867 214846001 1
5284867 214835473 0.5
5284867 214601233 0.5
3963908 214836932 1
3963908 214836924 1
3963908 214836947 1
3963908 214550820 0.5
9427798 214853342 1
9427798 214844398 1
9427798 214844402 1
9427798 214853154 0.5
11324424 214856546 1
11324424 214848596 1
11324424 214853278 1
11324424 214549346 0.5
11324424 214558258 0.5
11324424 214821020 0.5
11324424 214829765 0.5
11324424 214835167 0.5
9575433 214851750 1
9575433 214853242 1
9575433 214853132 1
9575433 214853225 0.5
9575433 214829317 0.5
9575433 214853222 0.5
9575433 214851317 0.5
5514253 214826670 1
5514253 214718162 1
5514253 214837918 1
5514253 214821305 0.5
5514253 214844439 0.5
5643282 214846033 1
5643282 214846029 1
5643282 214846012 1
5643282 214831948 0.5
10567084 214854510 1
10567084 214854262 1
10567084 214853846 1
10567084 214853848 0.5
10567084 214695553 0.5
10567084 214854172 0.5
10567084 214850677 0.5
10567084 214851097 0.5
7566364 214849247 1
7566364 214509842 1
7566364 214849357 1
7566364 214845420 0.5
10228766 214853426 1
10228766 214846125 1
10228766 214712237 1
10228766 214743515 0.5
4848671 214838109 1
4848671 214829790 1
4848671 214829882 1
4848671 214589634 0.5
115763 214826715 1
115763 214581489 1
115763 214668590 1
115763 214530665 0.5
115763 214840378 0.5
115763 214680371 0.5
115763 214602605 0.5
115763 214680369 0.5
4570151 214829730 1
4570151 214839969 1
4570151 214839977 1
4570151 214602598 0.5
8614952 214853096 1
8614952 214853105 1
8614952 214851326 1
8614952 214853090 0.5
8614952 214853085 0.5
8614952 214853094 0.5
3513388 214827011 1
3513388 214826623 1
3513388 214839617 1
3513388 214844070 0.5
3513388 214743495 0.5
3513388 214748336 0.5
3513388 214717562 0.5
3513388 214829852 0.5
3513388 214831967 0.5
3226669 214839617 1
3226669 214829771 1
3226669 214829769 1
3226669 214748336 0.5
3226669 214836795 0.5
3226669 214595150 0.5
10981213 214854718 1
10981213 214853079 1
10981213 214854720 1
10981213 214854722 0.5
10981213 214851757 0.5
5040649 214845579 1
5040649 214845356 1
5040649 214845581 1
5040649 214845577 0.5
5040649 214831946 0.5
5040649 214829882 0.5
11230388 214854720 1
11230388 214853083 1
11230388 214853079 1
11230388 214851757 0.5
9973033 214848596 1
9973033 214561775 1
9973033 214850771 1
9973033 214561475 0.5
9973033 214678376 0.5
9973033 214853165 0.5
9973033 214853128 0.5
9973033 214853107 0.5
9973033 214851577 0.5
9973033 214835167 0.5
9673793 214851099 1
9673793 214850402 1
9673793 214854152 1
9673793 214553537 0.5
9673793 214839973 0.5
9673793 214853413 0.5
9673793 214853702 0.5
9673793 214853713 0.5
9673793 214853353 0.5
9673793 214836330 0.5
9673793 214845131 0.5
9673793 214820396 0.5
9673793 214574670 0.5
9673793 214601233 0.5
9673793 214853237 0.5
9673793 214846007 0.5
9673793 214853722 0.5
9673793 214577450 0.5
9673793 214851077 0.5
8795204 214716671 1
8795204 214716714 1
8795204 214716746 1
8795204 214716654 0.5
8795204 214851579 0.5
8795204 214851165 0.5
8795204 214684942 0.5
8795204 214851575 0.5
8718984 214853128 1
8718984 214845879 1
8718984 214836517 1
8718984 214853165 0.5
8718984 214848302 0.5
8718984 214851742 0.5
1786959 214680369 1
1786959 214820400 1
1786959 214820402 1
1786959 214826872 0.5
1786959 214600989 0.5
10632349 214684762 1
10632349 214853930 1
10632349 214854547 1
10632349 214854549 0.5
4050004 214835017 1
4050004 214835019 1
4050004 214839973 1
4050004 214557217 0.5
4050004 214820394 0.5
4050004 214602733 0.5
4050004 214601233 0.5
4050004 214839960 0.5
4050004 214829657 0.5
4050004 214819770 0.5
7134293 214849766 1
7134293 214849768 1
7134293 214850315 1
7134293 214849466 0.5
8610904 214853094 1
8610904 214853085 1
8610904 214853105 1
8610904 214853248 0.5
2685731 214712235 1
2685731 214540125 1
2685731 214554384 1
2685731 214829257 0.5
2685731 214845538 0.5
2685731 214540127 0.5
2685731 214834854 0.5
2685731 214514295 0.5
7883962 214848980 1
7883962 214848975 1
7883962 214668667 1
7883962 214632146 0.5
7883962 214850366 0.5
10169638 214850720 1
10169638 214852980 1
10169638 214853085 1
10169638 214564382 0.5
2653283 214829878 1
2653283 214829885 1
2653283 214831950 1
2653283 214829880 0.5
4566117 214829730 1
4566117 214836853 1
4566117 214836855 1
4566117 214836857 0.5
4566117 214845352 0.5
4566117 214835469 0.5
4566117 214687565 0.5
4566117 214695472 0.5
4566117 214829878 0.5
4566117 214738455 0.5
4566117 214828985 0.5
4566117 214826927 0.5
4566117 214829887 0.5
818278 214820415 1
818278 214540127 1
818278 214840483 1
818278 214821032 0.5
818278 214743497 0.5
8404072 214851581 1
8404072 214851236 1
8404072 214851133 1
8404072 214851317 0.5
7982188 214712235 1
7982188 214829792 1
7982188 214712237 1
7982188 214684715 0.5
7204706 214850756 1
7204706 214849740 1
7204706 214716645 1
7204706 214850754 0.5
7204706 214850619 0.5
7204706 214850790 0.5
3105903 214835019 1
3105903 214573123 1
3105903 214831940 1
3105903 214835017 0.5
3105903 214601233 0.5
7466096 214849102 1
7466096 214849745 1
7466096 214710097 1
7466096 214849153 0.5
7466096 214849250 0.5
7466096 214829385 0.5
7466096 214849194 0.5
7466096 214676306 0.5
7466096 214850739 0.5
7466096 214850741 0.5
7466096 214849080 0.5
7466096 214573305 0.5
7466096 214849363 0.5
7466096 214850364 0.5
7466096 214850621 0.5
7466096 214573310 0.5
8545403 214684942 1
8545403 214716714 1
8545403 214851131 1
8545403 214851579 0.5
8545403 214851592 0.5
8545403 214716746 0.5
8545403 214851028 0.5
8545403 214851097 0.5
8545403 214851163 0.5
8545403 214716671 0.5
2625263 214829878 1
2625263 214829885 1
2625263 214831946 1
2625263 214829882 0.5
2625263 214819468 0.5
2625263 214826799 0.5
1305113 214717522 1
1305113 214826610 1
1305113 214834875 1
1305113 214706465 0.5
1305113 214709666 0.5
1305113 214717286 0.5
1305113 214821332 0.5
1305113 214706102 0.5
1305113 214834877 0.5
10222726 214853702 1
10222726 214853767 1
10222726 214853700 1
10222726 214853698 0.5
10222726 214853707 0.5
10222726 214853722 0.5
10658951 214854527 1
10658951 214854335 1
10658951 214556216 1
10658951 214854517 0.5
10658951 214850422 0.5
3845262 214836795 1
3845262 214826938 1
3845262 214829769 1
3845262 214613741 0.5
9704598 214853730 1
9704598 214854152 1
9704598 214853698 1
9704598 214853707 0.5
9704598 214853700 0.5
11102424 214853102 1
11102424 214854782 1
11102424 214854842 1
11102424 214864880 0.5
11102424 214854785 0.5
4979869 214845587 1
4979869 214844400 1
4979869 214844402 1
4979869 214847936 0.5
4979869 214847940 0.5
4979869 214515830 0.5
4979869 214832023 0.5
7888034 214667970 1
7888034 214846530 1
7888034 214849757 1
7888034 214849736 0.5
7888034 214849762 0.5
7888034 214850364 0.5
6516541 214846035 1
6516541 214835428 1
6516541 214667912 1
6516541 214586668 0.5
2227367 214829880 1
2227367 214829882 1
2227367 214829885 1
2227367 214845532 0.5
3933353 214836947 1
3933353 214835109 1
3933353 214826990 1
3933353 214560587 0.5
3714221 214836932 1
3714221 214826990 1
3714221 214829850 1
3714221 214819760 0.5
3714221 214831967 0.5
3714221 214835167 0.5
5817518 214846010 1
5817518 214845879 1
5817518 214820443 1
5817518 214821384 0.5
5817518 214581761 0.5
5817518 214829739 0.5
5817518 214676377 0.5
3820719 214829852 1
3820719 214839982 1
3820719 214829762 1
3820719 214531905 0.5
3820719 214836926 0.5
4576456 214829880 1
4576456 214831948 1
4576456 214839969 1
4576456 214836857 0.5
4576456 214845806 0.5
4576456 214602598 0.5
5106866 214832156 1
5106866 214837286 1
5106866 214845581 1
5106866 214837280 0.5
5106866 214836536 0.5
5106866 214829882 0.5
5106866 214838092 0.5
9753779 214850947 1
9753779 214853321 1
9753779 214853325 1
9753779 214850942 0.5
328884 214834865 1
328884 214827000 1
328884 214826925 1
328884 214714794 0.5
328884 214827005 0.5
7070238 214849466 1
7070238 214849757 1
7070238 214849760 1
7070238 214849736 0.5
7070238 214844400 0.5
7070238 214849738 0.5
8139961 214851137 1
8139961 214851122 1
8139961 214851099 1
8139961 214717247 0.5
8139961 214851236 0.5
8139961 214851013 0.5
8139961 214848630 0.5
8139961 214602806 0.5
8139961 214851133 0.5
8139961 214848997 0.5
8250554 214849404 1
8250554 214846391 1
8250554 214843494 1
8250554 214716977 0.5
8250554 214716939 0.5
8250554 214851135 0.5
1545759 214835752 1
1545759 214685795 1
1545759 214668596 1
1545759 214834886 0.5
1545759 214668590 0.5
6511804 214848375 1
6511804 214848371 1
6511804 214848328 1
6511804 214838227 0.5
2987206 214829392 1
2987206 214587697 1
2987206 214551894 1
2987206 214835019 0.5
2987206 214674772 0.5
5809352 214845962 1
5809352 214849010 1
5809352 214845954 1
5809352 214586443 0.5
6954186 214848952 1
6954186 214848941 1
6954186 214848947 1
6954186 214848945 0.5
8541388 214851163 1
8541388 214851592 1
8541388 214684942 1
8541388 214685049 0.5
8541388 214850771 0.5
6270159 214845133 1
6270159 214849333 1
6270159 214849076 1
6270159 214556218 0.5
6270159 214848605 0.5
6270159 214650566 0.5
6270159 214835167 0.5
11031761 214853102 1
11031761 214854782 1
11031761 214854785 1
11031761 214854840 0.5
1455651 214834877 1
1455651 214834880 1
1455651 214826589 1
1455651 214821017 0.5
1455651 214819562 0.5
1455651 214833755 0.5
1455651 214714732 0.5
1455651 214707853 0.5
3699236 214835109 1
3699236 214835167 1
3699236 214839617 1
3699236 214574672 0.5
3699236 214826623 0.5
3699236 214708044 0.5
3699236 214826711 0.5
6640386 214849012 1
6640386 214848380 1
6640386 214848845 1
6640386 214848328 0.5
6640386 214848337 0.5
6640386 214846535 0.5
5640399 214586668 1
5640399 214846035 1
5640399 214667912 1
5640399 214573312 0.5
5640399 214602598 0.5
5640399 214574670 0.5
5640399 214677615 0.5
5640399 214574672 0.5
5640399 214680722 0.5
5640399 214709075 0.5
5640399 214826998 0.5
4084961 214839598 1
4084961 214748259 1
4084961 214845127 1
4084961 214551776 0.5
4084961 214829792 0.5
4084961 214674658 0.5
4084961 214539110 0.5
4084961 214700002 0.5
4084961 214539039 0.5
1282257 214829327 1
1282257 214829330 1
1282257 214820805 1
1282257 214829325 0.5
5561576 214844400 1
5561576 214844396 1
5561576 214844398 1
5561576 214844370 0.5
4902127 214826833 1
4902127 214696560 1
4902127 214840091 1
4902127 214843194 0.5
2569457 214829887 1
2569457 214831955 1
2569457 214826983 1
2569457 214600509 0.5
1650899 214834880 1
1650899 214826610 1
1650899 214834877 1
1650899 214800272 0.5
1650899 214829321 0.5
1650899 214601233 0.5
3763446 214613741 1
3763446 214829771 1
3763446 214845129 1
3763446 214829773 0.5
3763446 214595150 0.5
10812668 214854352 1
10812668 214854536 1
10812668 214850848 1
10812668 214716667 0.5
10812668 214854538 0.5
10812668 214564387 0.5
10812668 214854515 0.5
2270762 214829880 1
2270762 214829882 1
2270762 214831948 1
2270762 214829878 0.5
1398016 214834877 1
1398016 214834880 1
1398016 214826610 1
1398016 214833755 0.5
1398016 214821410 0.5
1398016 214829387 0.5
1398016 214821412 0.5
1398016 214826589 0.5
7601409 214851587 1
7601409 214851234 1
7601409 214716746 1
7601409 214851080 0.5
7601409 214851073 0.5
7601409 214848851 0.5
7601409 214716654 0.5
7601409 214851161 0.5
8158469 214850700 1
8158469 214848602 1
8158469 214573350 1
8158469 214820345 0.5
8158469 214851099 0.5
1155288 214832780 1
1155288 214828985 1
1155288 214587317 1
1155288 214583670 0.5
1155288 214563337 0.5
1155288 214684843 0.5
1155288 214821300 0.5
1155288 214826998 0.5
1155288 214668185 0.5
1155288 214717850 0.5
10241298 214850945 1
10241298 214853102 1
10241298 214853420 1
10241298 214819400 0.5
10241298 214850282 0.5
10241298 214711295 0.5
4211988 214839965 1
4211988 214832147 1
4211988 214835107 1
4211988 214839960 0.5
4211988 214838225 0.5
4211988 214829287 0.5
4211988 214826951 0.5
11054623 214854855 1
11054623 214854838 1
11054623 214854819 1
11054623 214851757 0.5
6989082 214848947 1
6989082 214848941 1
6989082 214665277 1
6989082 214848945 0.5
6989082 214848954 0.5
6989082 214849022 0.5
6989082 214849239 0.5
2233632 214829711 1
2233632 214832717 1
2233632 214829846 1
2233632 214829672 0.5
2944289 214837918 1
2944289 214835132 1
2944289 214837916 1
2944289 214832017 0.5
7185699 214846112 1
7185699 214849078 1
7185699 214849753 1
7185699 214717412 0.5
7185699 214835070 0.5
11199812 214853102 1
11199812 214854782 1
11199812 214854785 1
11199812 214864880 0.5
11199812 214853100 0.5
6398514 214846372 1
6398514 214848384 1
6398514 214846406 1
6398514 214848328 0.5
6398514 214849275 0.5
10224683 214829034 1
10224683 214717888 1
10224683 214854180 1
10224683 214853632 0.5
10224683 214718160 0.5
10224683 214675888 0.5
3231031 214844456 1
3231031 214844439 1
3231031 214844394 1
3231031 214844441 0.5
3231031 214821339 0.5
3231031 214821309 0.5
3231031 214821305 0.5
5069326 214845577 1
5069326 214684372 1
5069326 214845581 1
5069326 214632975 0.5
1598778 214834880 1
1598778 214834877 1
1598778 214829366 1
1598778 214833755 0.5
1598778 214829387 0.5
1598778 214684108 0.5
3437886 214609325 1
3437886 214600492 1
3437886 214587697 1
3437886 214577025 0.5
3437886 214657318 0.5
3437886 214601233 0.5
3437886 214602802 0.5
3437886 214834867 0.5
3437886 214821332 0.5
3437886 214643925 0.5
3437886 214832126 0.5
10086741 214854354 1
10086741 214853244 1
10086741 214854536 1
10086741 214821397 0.5
2616641 214829878 1
2616641 214829887 1
2616641 214831946 1
2616641 214831965 0.5
8835334 214832657 1
8835334 214716928 1
8835334 214832655 1
8835334 214854632 0.5
8835334 214717003 0.5
8835334 214717005 0.5
8835334 214717007 0.5
8835334 214716984 0.5
8835334 214716926 0.5
4353348 214839956 1
4353348 214836887 1
4353348 214836883 1
4353348 214829327 0.5
537631 214838831 1
537631 214837485 1
537631 214837490 1
537631 214698446 0.5
537631 214837487 0.5
5691217 214551926 1
5691217 214849252 1
5691217 214846127 1
5691217 214819760 0.5
5691217 214839932 0.5
6454606 214848851 1
6454606 214848613 1
6454606 214556055 1
6454606 214848832 0.5
8416591 214851232 1
8416591 214851155 1
8416591 214851290 1
8416591 214851075 0.5
8416591 214564380 0.5
8416591 214851133 0.5
8416591 214844342 0.5
8416591 214832023 0.5
11229301 214854080 1
11229301 214854257 1
11229301 214854311 1
11229301 214854210 0.5
11229301 214854221 0.5
107317 214819719 1
107317 214819526 1
107317 214791635 1
107317 214586432 0.5
107317 214674401 0.5
5625176 214845971 1
5625176 214846117 1
5625176 214845135 1
5625176 214581761 0.5
5625176 214846119 0.5
5625176 214845962 0.5
5625176 214829739 0.5
5625176 214849072 0.5
5625176 214845939 0.5
5625176 214846010 0.5
11253082 214864880 1
11253082 214853102 1
11253082 214854352 1
11253082 214854354 0.5
1484347 214829664 1
1484347 214829666 1
1484347 214832722 1
1484347 214821032 0.5
1484347 214783352 0.5
1484347 214821397 0.5
1484347 214837487 0.5
4445542 214839590 1
4445542 214839969 1
4445542 214602733 1
4445542 214836857 0.5
4445542 214602598 0.5
8942823 214853242 1
8942823 214851750 1
8942823 214853210 1
8942823 214853094 0.5
8090989 214853105 1
8090989 214853096 1
8090989 214853085 1
8090989 214846067 0.5
8090989 214718207 0.5
2666209 214829882 1
2666209 214829878 1
2666209 214829887 1
2666209 214829880 0.5
2666209 214831946 0.5
10388853 214567333 1
10388853 214854358 1
10388853 214567327 1
10388853 214567329 0.5
10388853 214854262 0.5
4875639 214829775 1
4875639 214839969 1
4875639 214602733 1
4875639 214821401 0.5
3790202 214836924 1
3790202 214835167 1
3790202 214829765 1
3790202 214705736 0.5
7189889 214850936 1
7189889 214850771 1
7189889 214850743 1
7189889 214849736 0.5
7189889 214849738 0.5
7189889 214849734 0.5
10894723 214853102 1
10894723 214854787 1
10894723 214854842 1
10894723 214854840 0.5
10894723 214854797 0.5
10894723 214854782 0.5
4736388 214839973 1
4736388 214845131 1
4736388 214832147 1
4736388 214826951 0.5
7927174 214684108 1
7927174 214718372 1
7927174 214694604 1
7927174 214848746 0.5
1703303 214821407 1
1703303 214821350 1
1703303 214834877 1
1703303 214826561 0.5
1703303 214641962 0.5
1703303 214587028 0.5
1703303 214826921 0.5
7479974 214716746 1
7479974 214716581 1
7479974 214851317 1
7479974 214851592 0.5
7479974 214676306 0.5
10773899 214854819 1
10773899 214854857 1
10773899 214854767 1
10773899 214650508 0.5
10773899 214853090 0.5
10773899 214853156 0.5
10773899 214859062 0.5
4527503 214748293 1
4527503 214645965 1
4527503 214748297 1
4527503 214753513 0.5
4527503 214748300 0.5
8639206 214853085 1
8639206 214851326 1
8639206 214853090 1
8639206 214851028 0.5
10610066 214854585 1
10610066 214854345 1
10610066 214853700 1
10610066 214854300 0.5
10610066 214850741 0.5
10423699 214684785 1
10423699 214854510 1
10423699 214567333 1
10423699 214684762 0.5
10423699 214567327 0.5
8592788 214853094 1
8592788 214853105 1
8592788 214853096 1
8592788 214851326 0.5
2928024 214602600 1
2928024 214835745 1
2928024 214835019 1
2928024 214600492 0.5
2225561 214829880 1
2225561 214829882 1
2225561 214831946 1
2225561 214829878 0.5
2225561 214835111 0.5
9016559 214849012 1
9016559 214853160 1
9016559 214820443 1
9016559 214849312 0.5
9016559 214850754 0.5
9016559 214836932 0.5
9016559 214832747 0.5
9016559 214851313 0.5
9016559 214845939 0.5
9016559 214829366 0.5
9016559 214844347 0.5
7790171 214850936 1
7790171 214850771 1
7790171 214850743 1
7790171 214821022 0.5
4896667 214845354 1
4896667 214831948 1
4896667 214843447 1
4896667 214527519 0.5
4896667 214678987 0.5
4896667 214845581 0.5
4896667 214839982 0.5
4896667 214691630 0.5
2690469 214834867 1
2690469 214835019 1
2690469 214835017 1
2690469 214587712 0.5
2690469 214835747 0.5
10106279 214854065 1
10106279 214854060 1
10106279 214849322 1
10106279 214832156 0.5
10106279 214709662 0.5
7366058 214850366 1
7366058 214850282 1
7366058 214684715 1
7366058 214836879 0.5
6114732 214849070 1
6114732 214849076 1
6114732 214848605 1
6114732 214846067 0.5
7550384 214851290 1
7550384 214851161 1
7550384 214851317 1
7550384 214851073 0.5
7550384 214600492 0.5
7550384 214609325 0.5
4511158 214839969 1
4511158 214839973 1
4511158 214845131 1
4511158 214839600 0.5
4511158 214602733 0.5
4511158 214586694 0.5
4511158 214839975 0.5
2633972 214832717 1
2633972 214663310 1
2633972 214829670 1
2633972 214829705 0.5
11064763 214853165 1
11064763 214853107 1
11064763 214846119 1
11064763 214536193 0.5
5244351 214844398 1
5244351 214844347 1
5244351 214844372 1
5244351 214844340 0.5
5244351 214836932 0.5
10495429 214853248 1
10495429 214853094 1
10495429 214853105 1
10495429 214853096 0.5
11529679 214854785 1
11529679 214854772 1
11529679 214854821 1
11529679 214854840 0.5
11529679 214850420 0.5
11529679 214854767 0.5
3098066 214829885 1
3098066 214829878 1
3098066 214829882 1
3098066 214844456 0.5
3098066 214829880 0.5
3098066 214831948 0.5
7198627 214700000 1
7198627 214850310 1
7198627 214850366 1
7198627 214744258 0.5
7513559 214848337 1
7513559 214844347 1
7513559 214846318 1
7513559 214849312 0.5
7513559 214832747 0.5
7513559 214836932 0.5
7513559 214829366 0.5
7312861 214850295 1
7312861 214850315 1
7312861 214850304 1
7312861 214839973 0.5
7312861 214849736 0.5
7312861 214849738 0.5
7312861 214831948 0.5
7312861 214832015 0.5
7312861 214844400 0.5
7312861 214601233 0.5
7312861 214587317 0.5
7312861 214826998 0.5
7312861 214828985 0.5
7312861 214850287 0.5
7312861 214834869 0.5
4515294 214839973 1
4515294 214839971 1
4515294 214839960 1
4515294 214839600 0.5
4515294 214836330 0.5
4515294 214848178 0.5
4515294 214829850 0.5
108522 214826891 1
108522 214826715 1
108522 214826829 1
108522 214602605 0.5
8220131 214849127 1
8220131 214640015 1
8220131 214826610 1
8220131 214846033 0.5
8220131 214850282 0.5
8220131 214838227 0.5
8220131 214640516 0.5
8220131 214580154 0.5
2485733 214829880 1
2485733 214829887 1
2485733 214829882 1
2485733 214829878 0.5
8531432 214853094 1
8531432 214853096 1
8531432 214853105 1
8531432 214853085 0.5
8531432 214851326 0.5
5149093 214845579 1
5149093 214845581 1
5149093 214832154 1
5149093 214845352 0.5
5149093 214845577 0.5
5149093 214829882 0.5
5149093 214831955 0.5
5149093 214829878 0.5
1338858 214829660 1
1338858 214819599 1
1338858 214829385 1
1338858 214829852 0.5
1338858 214835750 0.5
6958572 214848658 1
6958572 214849097 1
6958572 214850786 1
6958572 214835428 0.5
6958572 214667912 0.5
6958572 214586668 0.5
6958572 214849132 0.5
6958572 214819727 0.5
6958572 214561457 0.5
6958572 214846035 0.5
6958572 214848335 0.5
6958572 214849022 0.5
7337213 214849247 1
7337213 214849250 1
7337213 214829775 1
7337213 214849312 0.5
7337213 214850754 0.5
7337213 214832747 0.5
7337213 214586694 0.5
3497458 214837882 1
3497458 214835475 1
3497458 214744775 1
3497458 214820392 0.5
3497458 214832115 0.5
3497458 214586668 0.5
3497458 214609325 0.5
4199923 214845129 1
4199923 214573350 1
4199923 214820400 1
4199923 214820392 0.5
4199923 214725549 0.5
259584 214842577 1
259584 214842575 1
259584 214840775 1
259584 214842450 0.5
6065668 214848973 1
6065668 214848980 1
6065668 214850870 1
6065668 214850880 0.5
6065668 214848992 0.5
6065668 214845980 0.5
6065668 214848845 0.5
6065668 214641592 0.5
6065668 214581690 0.5
6065668 214850876 0.5
8025722 214853096 1
8025722 214851326 1
8025722 214853105 1
8025722 214853090 0.5
8025722 214853085 0.5
6431581 214612738 1
6431581 214533020 1
6431581 214848746 1
6431581 214836956 0.5
6431581 214684108 0.5
6431581 214554950 0.5
4099591 214601272 1
4099591 214839962 1
4099591 214763465 1
4099591 214836855 0.5
4099591 214839965 0.5
4099591 214557223 0.5
11226632 214835000 1
11226632 214835004 1
11226632 214680371 1
11226632 214857830 0.5
11226632 214859246 0.5
3517963 214820400 1
3517963 214832722 1
3517963 214831948 1
3517963 214826872 0.5
3517963 214837882 0.5
5088782 214845577 1
5088782 214820392 1
5088782 214845352 1
5088782 214845354 0.5
5088782 214820402 0.5
5088782 214829878 0.5
5088782 214829887 0.5
2132597 214826872 1
2132597 214820400 1
2132597 214587712 1
2132597 214601233 0.5
2132597 214579372 0.5
2132597 214829053 0.5
2132597 214819382 0.5
2132597 214819380 0.5
7032337 214849322 1
7032337 214849342 1
7032337 214849286 1
7032337 214849312 0.5
7032337 214849185 0.5
7032337 214849318 0.5
7032337 214849100 0.5
7032337 214826610 0.5
7032337 214849331 0.5
8164882 214716982 1
8164882 214844439 1
8164882 214717003 1
8164882 214716986 0.5
8164882 214717867 0.5
8164882 214832653 0.5
4668947 214845131 1
4668947 214839973 1
4668947 214839960 1
4668947 214602733 0.5
4668947 214835469 0.5
4668947 214602598 0.5
4668947 214829287 0.5
7591444 214855183 1
7591444 214716984 1
7591444 214832657 1
7591444 214612704 0.5
7591444 214695407 0.5
7591444 214855185 0.5
7591444 214554358 0.5
7591444 214716986 0.5
7591444 214533022 0.5
7730709 214850936 1
7730709 214850743 1
7730709 214850771 1
7730709 214853145 0.5
280153 214826801 1
280153 214826606 1
280153 214821292 1
280153 214687685 0.5
280153 214821290 0.5
280153 214826608 0.5
280153 214838100 0.5
280153 214826810 0.5
280153 214718396 0.5
2080282 214832563 1
2080282 214829385 1
2080282 214835750 1
2080282 214586432 0.5
2080282 214543922 0.5
2080282 214602740 0.5
2080282 214819762 0.5
2080282 214657318 0.5
2498076 214832563 1
2498076 214831967 1
2498076 214835111 1
2498076 214826947 0.5
9582111 214850945 1
9582111 214853420 1
9582111 214850947 1
9582111 214850942 0.5
8168994 214838124 1
8168994 214555914 1
8168994 214851285 1
8168994 214849048 0.5
10810916 214854840 1
10810916 214857551 1
10810916 214711556 1
10810916 214853994 0.5
10810916 214853100 0.5
10810916 214705747 0.5
10810916 214849468 0.5
10810916 214850762 0.5
10810916 214854174 0.5
4339238 214602598 1
4339238 214587317 1
4339238 214829775 1
4339238 214836857 0.5
4339238 214832015 0.5
8121897 214851236 1
8121897 214846067 1
8121897 214849022 1
8121897 214561472 0.5
8121897 214851013 0.5
8121897 214743495 0.5
8121897 214851242 0.5
8121897 214676306 0.5
8121897 214716110 0.5
8121897 214848658 0.5
8121897 214849046 0.5
8121897 214850743 0.5
8121897 214851322 0.5
8121897 214849020 0.5
8121897 214851133 0.5
8121897 214851167 0.5
9309738 214853460 1
9309738 214853420 1
9309738 214853428 1
9309738 214853422 0.5
4529709 214587317 1
4529709 214829775 1
4529709 214836857 1
4529709 214831944 0.5
4529709 214839600 0.5
4529709 214829797 0.5
4529709 214586694 0.5
4529709 214828985 0.5
7935536 214717007 1
7935536 214717005 1
7935536 214854632 1
7935536 214716928 0.5
11259443 214567327 1
11259443 214567333 1
11259443 214567215 1
11259443 214555104 0.5
11259443 214854352 0.5
11259443 214854354 0.5
11259443 214853855 0.5
6938169 214848952 1
6938169 214848986 1
6938169 214849292 1
6938169 214848945 0.5
6938169 214848954 0.5
6938169 214848947 0.5
10067543 214684785 1
10067543 214854510 1
10067543 214854262 1
10067543 214853184 0.5
10067543 214854358 0.5
10067543 214567327 0.5
2240059 214843916 1
2240059 214843905 1
2240059 214691645 1
2240059 214774685 0.5
2240059 214829878 0.5
3067462 214835132 1
3067462 214831940 1
3067462 214835503 1
3067462 214587028 0.5
10794567 214854583 1
10794567 214687475 1
10794567 214855016 1
10794567 214850754 0.5
4992584 214829390 1
4992584 214845131 1
4992584 214839639 1
4992584 214669730 0.5
4992584 214717860 0.5
4992584 214826825 0.5
4992584 214745323 0.5
4992584 214819472 0.5
4992584 214839967 0.5
4992584 214651517 0.5
4992584 214554270 0.5
4992584 214829887 0.5
5609034 214845583 1
5609034 214844402 1
5609034 214834877 1
5609034 214553561 0.5
5609034 214744427 0.5
5609034 214665277 0.5
5609034 214846127 0.5
9064012 214828952 1
9064012 214851750 1
9064012 214853381 1
9064012 214850392 0.5
9064012 214853210 0.5
9064012 214853242 0.5
9064012 214820214 0.5
5778542 214844372 1
5778542 214846061 1
5778542 214844398 1
5778542 214602733 0.5
10938637 214854782 1
10938637 214853102 1
10938637 214854840 1
10938637 214855016 0.5
10938637 214854785 0.5
4116049 214839587 1
4116049 214829383 1
4116049 214829852 1
4116049 214836881 0.5
4116049 214839932 0.5
4116049 214738453 0.5
2750734 214831950 1
2750734 214829885 1
2750734 214831948 1
2750734 214831946 0.5
8197719 214850940 1
8197719 214853177 1
8197719 214564387 1
8197719 214850720 0.5
8197719 214850848 0.5
8197719 214851011 0.5
8197719 214849764 0.5
8197719 214744779 0.5
8197719 214819599 0.5
8197719 214850619 0.5
8197719 214846067 0.5
8197719 214844372 0.5
8197719 214853175 0.5
8197719 214851099 0.5
8197719 214849395 0.5
8197719 214851581 0.5
8197719 214564382 0.5
11058776 214686879 1
11058776 214854770 1
11058776 214686864 1
11058776 214850752 0.5
11058776 214854821 0.5
11058776 214854502 0.5
11058776 214854830 0.5
794202 214821292 1
794202 214821309 1
794202 214821277 1
794202 214551617 0.5
794202 214837442 0.5
794202 214612721 0.5
2668124 214829878 1
2668124 214829882 1
2668124 214831957 1
2668124 214831955 0.5
6977119 214846127 1
6977119 214845917 1
6977119 214820807 1
6977119 214844323 0.5
6977119 214846479 0.5
4034144 214839596 1
4034144 214839594 1
4034144 214847968 1
4034144 214839590 0.5
8422538 214851232 1
8422538 214851290 1
8422538 214851101 1
8422538 214564380 0.5
8898149 214853128 1
8898149 214853107 1
8898149 214853165 1
8898149 214678376 0.5
8898149 214845971 0.5
8898149 214709702 0.5
8898149 214846119 0.5
6043921 214846530 1
6043921 214844372 1
6043921 214848701 1
6043921 214819760 0.5
2379368 214829878 1
2379368 214831946 1
2379368 214831931 1
2379368 214829882 0.5
2379368 214743339 0.5
10526318 214853085 1
10526318 214853096 1
10526318 214853105 1
10526318 214852980 0.5
5283441 214844400 1
5283441 214844372 1
5283441 214845131 1
5283441 214821392 0.5
5283441 214606785 0.5
5283441 214835428 0.5
5283441 214677512 0.5
11161202 214854547 1
11161202 214854352 1
11161202 214854540 1
11161202 214555500 0.5
11161202 214861895 0.5
10112628 214684785 1
10112628 214853992 1
10112628 214853865 1
10112628 214853767 0.5
10112628 214837288 0.5
10112628 214743339 0.5
10112628 214854547 0.5
10112628 214684762 0.5
10112628 214854300 0.5
10112628 214853726 0.5
5840506 214846035 1
5840506 214835064 1
5840506 214553837 1
5840506 214586668 0.5
5840506 214835428 0.5
5840506 214845590 0.5
5840506 214846457 0.5
2471609 214829878 1
2471609 214829880 1
2471609 214831948 1
2471609 214826979 0.5
2471609 214831965 0.5
9907838 214854538 1
9907838 214854515 1
9907838 214853767 1
9907838 214853702 0.5
9035393 214853094 1
9035393 214852978 1
9035393 214853105 1
9035393 214851326 0.5
3081859 214829880 1
3081859 214829878 1
3081859 214711295 1
3081859 214831946 0.5
3081859 214673295 0.5
3081859 214556212 0.5
3081859 214829882 0.5
3081859 214717511 0.5
7841939 214748336 1
7841939 214551626 1
7841939 214844394 1
7841939 214851161 0.5
7841939 214564451 0.5
7841939 214716932 0.5
7841939 214691563 0.5
8460566 214851317 1
8460566 214851097 1
8460566 214716714 1
8460566 214716671 0.5
10884743 214853102 1
10884743 214854782 1
10884743 214850282 1
10884743 214853100 0.5
10884743 214854853 0.5
10884743 214850285 0.5
10893489 214854795 1
10893489 214854853 1
10893489 214854787 1
10893489 214854840 0.5
5113627 214845577 1
5113627 214838094 1
5113627 214837288 1
5113627 214837280 0.5
7740737 214850282 1
7740737 214850304 1
7740737 214845986 1
7740737 214850285 0.5
7740737 214849031 0.5
8291983 214853233 1
8291983 214853195 1
8291983 214853135 1
8291983 214851099 0.5
8291983 214851579 0.5
8291983 214851236 0.5
8291983 214853190 0.5
8291983 214716746 0.5
8291983 214851122 0.5
8291983 214853188 0.5
8291983 214851131 0.5
8291983 214716714 0.5
8291983 214851165 0.5
8291983 214716671 0.5
477698 214827011 1
477698 214829310 1
477698 214711297 1
477698 214613743 0.5
477698 214826747 0.5
477698 214827015 0.5
5879443 214846117 1
5879443 214846318 1
5879443 214820377 1
5879443 214582200 0.5
5879443 214845954 0.5
5879443 214845971 0.5
9780887 214854545 1
9780887 214853930 1
9780887 214854300 1
9780887 214854547 0.5
9780887 214821397 0.5
1218201 214820261 1
1218201 214821339 1
1218201 214821307 1
1218201 214826908 0.5
1218201 214753515 0.5
1218201 214821395 0.5
1218201 214826837 0.5
1218201 214826872 0.5
1218201 214821401 0.5
1218201 214826876 0.5
4089498 214848176 1
4089498 214836857 1
4089498 214832147 1
4089498 214839969 0.5
4089498 214602802 0.5
4089498 214602598 0.5
4089498 214845131 0.5
4089498 214602733 0.5
4089498 214698418 0.5
4089498 214587317 0.5
1985964 214821294 1
1985964 214834869 1
1985964 214547814 1
1985964 214705740 0.5
668162 214821290 1
668162 214601668 1
668162 214828995 1
668162 214841006 0.5
668162 214820231 0.5
454303 214821290 1
454303 214821277 1
454303 214821292 1
454303 214833800 0.5
454303 214833802 0.5
5924512 214850880 1
5924512 214850872 1
5924512 214845980 1
5924512 214848992 0.5
5924512 214846127 0.5
8754849 214853094 1
8754849 214853077 1
8754849 214853105 1
8754849 214853085 0.5
8195746 214716714 1
8195746 214851131 1
8195746 214716746 1
8195746 214851163 0.5
6602406 214849239 1
6602406 214667857 1
6602406 214849284 1
6602406 214834880 0.5
6602406 214834877 0.5
6602406 214665277 0.5
10712744 214853113 1
10712744 214854300 1
10712744 214854536 1
10712744 214854352 0.5
10712744 214854354 0.5
10712744 214854579 0.5
10712744 214849464 0.5
10712744 214819577 0.5
10712744 214850557 0.5
304809 214826627 1
304809 214712237 1
304809 214826893 1
304809 214743515 0.5
304809 214826829 0.5
4548268 214831970 1
4548268 214835015 1
4548268 214827015 1
4548268 214548744 0.5
4548268 214848827 0.5
4548268 214587028 0.5
4548268 214839382 0.5
4548268 214839598 0.5
7904882 214716671 1
7904882 214716581 1
7904882 214851575 1
7904882 214851073 0.5
7904882 214850621 0.5
8713902 214853265 1
8713902 214852985 1
8713902 214851737 1
8713902 214851748 0.5
7757492 214840378 1
7757492 214835126 1
7757492 214850353 1
7757492 214648256 0.5
7757492 214853657 0.5
9128383 214853135 1
9128383 214853242 1
9128383 214853184 1
9128383 214853225 0.5
9128383 214853182 0.5
9856696 214853700 1
9856696 214853767 1
9856696 214853702 1
9856696 214848688 0.5
9856696 214853707 0.5
4822714 214831970 1
4822714 214839356 1
4822714 214839937 1
4822714 214632272 0.5
4822714 214839598 0.5
7483071 214850625 1
7483071 214838124 1
7483071 214838122 1
7483071 214716930 0.5
7483071 214716932 0.5
7483071 214652207 0.5
3331778 214832126 1
3331778 214601233 1
3331778 214832128 1
3331778 214837882 0.5
2463013 214667912 1
2463013 214829368 1
2463013 214829366 1
2463013 214826711 0.5
8496841 214851315 1
8496841 214851577 1
8496841 214845962 1
8496841 214846312 0.5
8496841 214829765 0.5
8496841 214835167 0.5
9228836 214853420 1
9228836 214850947 1
9228836 214850949 1
9228836 214849318 0.5
6106022 214848305 1
6106022 214848982 1
6106022 214848298 1
6106022 214831944 0.5
6106022 214717507 0.5
10559197 214854345 1
10559197 214854075 1
10559197 214854358 1
10559197 214567333 0.5
10559197 214854534 0.5
10559197 214854510 0.5
10559197 214854262 0.5
10559197 214854300 0.5
10559197 214853413 0.5
10120929 214853767 1
10120929 214850711 1
10120929 214850947 1
10120929 214853700 0.5
10120929 214716909 0.5
10120929 214850942 0.5
7929573 214846417 1
7929573 214844402 1
7929573 214667857 1
7929573 214835745 0.5
7929573 214846530 0.5
7929573 214839587 0.5
7929573 214819721 0.5
7929573 214849738 0.5
7929573 214844400 0.5
7929573 214848658 0.5
7929573 214706102 0.5
7929573 214849275 0.5
3213437 214829786 1
3213437 214836932 1
3213437 214835109 1
3213437 214838227 0.5
3213437 214829765 0.5
8318708 214851028 1
8318708 214851097 1
8318708 214851317 1
8318708 214850741 0.5
11091582 214864880 1
11091582 214853100 1
11091582 214854787 1
11091582 214854840 0.5
186847 214826627 1
186847 214714757 1
186847 214826715 1
186847 214826625 0.5
186847 214826955 0.5
3561208 214819528 1
3561208 214748302 1
3561208 214835747 1
3561208 214587712 0.5
3561208 214835017 0.5
3561208 214530264 0.5
3561208 214839607 0.5
6731517 214848969 1
6731517 214849239 1
6731517 214849466 1
6731517 214848656 0.5
6731517 214839617 0.5
6731517 214846333 0.5
6731517 214848950 0.5
6731517 214557009 0.5
9385726 214854148 1
9385726 214853852 1
9385726 214853435 1
9385726 214854176 0.5
9385726 214853413 0.5
9385726 214643942 0.5
9385726 214850855 0.5
9385726 214850792 0.5
9385726 214853994 0.5
9385726 214853420 0.5
9385726 214853422 0.5
9385726 214850743 0.5
9385726 214853848 0.5
9385726 214850938 0.5
6151919 214849252 1
6151919 214846067 1
6151919 214845885 1
6151919 214743497 0.5
6151919 214846127 0.5
5723907 214845489 1
5723907 214748282 1
5723907 214603140 1
5723907 214845986 0.5
5723907 214839973 0.5
5723907 214743335 0.5
5723907 214849001 0.5
5723907 214708044 0.5
5723907 214645005 0.5
5723907 214835473 0.5
9910022 214853702 1
9910022 214853700 1
9910022 214853730 1
9910022 214853698 0.5
9910022 214853707 0.5
9910022 214853767 0.5
2383623 214829885 1
2383623 214834880 1
2383623 214821017 1
2383623 214601233 0.5
2383623 214826619 0.5
2383623 214835124 0.5
2383623 214684942 0.5
8913259 214851577 1
8913259 214678387 1
8913259 214853165 1
8913259 214853184 0.5
8913259 214853227 0.5
8423243 214850700 1
8423243 214849153 1
8423243 214851099 1
8423243 214716984 0.5
8423243 214848997 0.5
7353303 214573590 1
7353303 214849363 1
7353303 214850621 1
7353303 214850692 0.5
7353303 214850405 0.5
7353303 214821032 0.5
7353303 214717742 0.5
7353303 214677512 0.5
7353303 214849365 0.5
7353303 214745310 0.5
10243859 214850947 1
10243859 214853100 1
10243859 214850949 1
10243859 214829880 0.5
10243859 214829887 0.5
10243859 214846029 0.5
10243859 214684734 0.5
10243859 214846031 0.5
616212 214826912 1
616212 214556055 1
616212 214827009 1
616212 214662776 0.5
616212 214828987 0.5
616212 214563133 0.5
1537327 214832722 1
1537327 214829664 1
1537327 214829666 1
1537327 214832552 0.5
1537327 214716120 0.5
1537327 214821397 0.5
1537327 214743495 0.5
6462306 214848727 1
6462306 214829720 1
6462306 214846380 1
6462306 214846408 0.5
9952901 214853852 1
9952901 214853848 1
9952901 214853994 1
9952901 214854176 0.5
9952901 214553537 0.5
9952901 214851587 0.5
9952901 214850790 0.5
9952901 214850792 0.5
9952901 214849395 0.5
9952901 214854264 0.5
9952901 214853242 0.5
9952901 214853435 0.5
9952901 214677821 0.5
11150299 214854853 1
11150299 214864880 1
11150299 214854840 1
11150299 214854733 0.5
10155813 214854358 1
10155813 214567333 1
10155813 214854510 1
10155813 214684785 0.5
10155813 214853715 0.5
10155813 214567327 0.5
10155813 214557223 0.5
3067686 214835107 1
3067686 214832555 1
3067686 214834867 1
3067686 214835122 0.5
7713073 214850936 1
7713073 214564382 1
7713073 214850741 1
7713073 214821032 0.5
7713073 214850405 0.5
7713073 214849365 0.5
7713073 214850621 0.5
3853959 214743495 1
3853959 214832023 1
3853959 214835087 1
3853959 214835017 0.5
3853959 214716110 0.5
3853959 214706102 0.5
3853959 214586743 0.5
3853959 214717562 0.5
3853959 214746427 0.5
604888 214553533 1
604888 214828987 1
604888 214716746 1
604888 214826912 0.5
604888 214684841 0.5
604888 214684942 0.5
604888 214558192 0.5
604888 214556057 0.5
604888 214563133 0.5
604888 214716671 0.5
5222202 214844400 1
5222202 214835428 1
5222202 214835426 1
5222202 214845585 0.5
5222202 214835473 0.5
5222202 214845583 0.5
4702011 214612901 1
4702011 214838109 1
4702011 214839594 1
4702011 214836512 0.5
4702011 214677984 0.5
4702011 214840235 0.5
4702011 214589606 0.5
4702011 214826747 0.5
4280124 214835017 1
4280124 214826990 1
4280124 214834867 1
4280124 214712507 0.5
4280124 214829364 0.5
4280124 214835109 0.5
4280124 214609325 0.5
9162557 214853165 1
9162557 214677830 1
9162557 214853107 1
9162557 214853128 0.5
9162557 214845962 0.5
9162557 214853130 0.5
9162557 214851742 0.5
7083838 214837288 1
7083838 214850304 1
7083838 214851120 1
7083838 214684108 0.5
11159361 214857568 1
11159361 214857570 1
11159361 214857262 1
11159361 214857257 0.5
11159361 214857260 0.5
4642626 214839962 1
4642626 214821339 1
4642626 214553732 1
4642626 214533020 0.5
4642626 214552522 0.5
4642626 214612708 0.5
4642626 214829878 0.5
9133891 214853381 1
9133891 214853420 1
9133891 214846410 1
9133891 214847353 0.5
9133891 214716114 0.5
9133891 214712537 0.5
9027396 214716671 1
9027396 214716746 1
9027396 214760897 1
9027396 214851080 0.5
9027396 214714794 0.5
9027396 214851101 0.5
9027396 214851317 0.5
9027396 214851575 0.5
6614853 214849046 1
6614853 214849020 1
6614853 214849022 1
6614853 214848945 0.5
6614853 214846530 0.5
6614853 214848954 0.5
8603462 214852980 1
8603462 214852978 1
8603462 214853085 1
8603462 214853225 0.5
8603462 214851326 0.5
6250311 214848384 1
6250311 214848596 1
6250311 214848847 1
6250311 214549346 0.5
11243336 214567215 1
11243336 214854174 1
11243336 214612751 1
11243336 214851017 0.5
1952396 214826615 1
1952396 214826619 1
1952396 214826617 1
1952396 214606948 0.5
1952396 214707853 0.5
1952396 214829366 0.5
2084683 214829880 1
2084683 214831948 1
2084683 214831967 1
2084683 214835124 0.5
2084683 214829878 0.5
2084683 214831959 0.5
4012693 214716671 1
4012693 214826912 1
4012693 214558192 1
4012693 214552142 0.5
4012693 214684942 0.5
4012693 214556055 0.5
9224666 214853454 1
9224666 214853422 1
9224666 214850945 1
9224666 214850287 0.5
2749411 214829878 1
2749411 214835019 1
2749411 214831959 1
2749411 214601233 0.5
2749411 214831948 0.5
8877908 214853096 1
8877908 214853105 1
8877908 214853085 1
8877908 214853265 0.5
8877908 214853263 0.5
7987271 214850934 1
7987271 214602733 1
7987271 214838137 1
7987271 214574672 0.5
7987271 214839587 0.5
7987271 214602598 0.5
7987271 214743495 0.5
7987271 214574670 0.5
7987271 214680720 0.5
7987271 214680722 0.5
7987271 214698420 0.5
7987271 214849046 0.5
7987271 214668281 0.5
7987271 214717562 0.5
7987271 214849247 0.5
7987271 214845885 0.5
7987271 214845887 0.5
10518364 214854536 1
10518364 214854354 1
10518364 214854352 1
10518364 214853113 0.5
10518364 214850940 0.5
10518364 214849455 0.5
8343394 214851581 1
8343394 214851133 1
8343394 214851236 1
8343394 214851099 0.5
8343394 214846067 0.5
8343394 214716110 0.5
9204494 214853420 1
9204494 214850942 1
9204494 214820844 1
9204494 214846344 0.5
4990824 214844325 1
4990824 214844330 1
4990824 214684372 1
4990824 214844327 0.5
8949609 214852980 1
8949609 214853085 1
8949609 214853077 1
8949609 214853105 0.5
2342762 214600509 1
2342762 214829887 1
2342762 214829878 1
2342762 214686082 0.5
2342762 214836517 0.5
2342762 214826985 0.5
2342762 214831946 0.5
2342762 214600492 0.5
2342762 214831955 0.5
2342762 214829880 0.5
2342762 214829885 0.5
9135079 214850940 1
9135079 214850739 1
9135079 214849245 1
9135079 214834880 0.5
9135079 214853330 0.5
9135079 214558807 0.5
10437336 214853113 1
10437336 214853244 1
10437336 214854536 1
10437336 214854354 0.5
2300831 214831950 1
2300831 214829878 1
2300831 214829885 1
2300831 214829880 0.5
2300831 214554384 0.5
8957808 214853077 1
8957808 214852980 1
8957808 214853105 1
8957808 214853096 0.5
8957808 214853090 0.5
8957808 214853085 0.5
1697649 214834877 1
1697649 214834880 1
1697649 214826610 1
1697649 214833755 0.5
857747 214828987 1
857747 214827026 1
857747 214826912 1
857747 214558192 0.5
10094452 214850739 1
10094452 214854300 1
10094452 214851281 1
10094452 214854354 0.5
9179454 214851122 1
9179454 214706102 1
9179454 214846067 1
9179454 214829280 0.5
9179454 214839587 0.5
9179454 214851236 0.5
9179454 214832023 0.5
9179454 214586743 0.5
9179454 214851290 0.5
9179454 214851581 0.5
9179454 214717247 0.5
8969877 214677830 1
8969877 214845973 1
8969877 214853130 1
8969877 214853169 0.5
8969877 214851742 0.5
6395776 214848692 1
6395776 214849076 1
6395776 214848975 1
6395776 214575763 0.5
1274567 214821305 1
1274567 214821309 1
1274567 214821341 1
1274567 214821302 0.5
9705349 214849734 1
9705349 214844402 1
9705349 214850705 1
9705349 214696897 0.5
9705349 214849762 0.5
9705349 214561485 0.5
9705349 214844398 0.5
9705349 214850743 0.5
9705349 214561402 0.5
5628908 214839752 1
5628908 214839564 1
5628908 214832321 1
5628908 214846082 0.5
3163799 214829850 1
3163799 214820392 1
3163799 214829852 1
3163799 214826977 0.5
3163799 214829799 0.5
3163799 214838137 0.5
3163799 214826837 0.5
3163799 214831959 0.5
3163799 214821401 0.5
3163799 214717850 0.5
2899852 214826565 1
2899852 214835017 1
2899852 214835019 1
2899852 214587697 0.5
8353678 214716671 1
8353678 214851161 1
8353678 214851581 1
8353678 214851317 0.5
8425361 214846127 1
8425361 214849284 1
8425361 214834880 1
8425361 214851137 0.5
8425361 214848997 0.5
8425361 214552522 0.5
8425361 214851133 0.5
8425361 214850450 0.5
8425361 214851290 0.5
8425361 214851099 0.5
8425361 214551626 0.5
10910019 214853090 1
10910019 214852978 1
10910019 214851326 1
10910019 214854780 0.5
10910019 214853094 0.5
2654106 214829878 1
2654106 214829882 1
2654106 214831948 1
2654106 214700002 0.5
2654106 214826979 0.5
2654106 214829885 0.5
2654106 214826983 0.5
2654106 214826985 0.5
2654106 214831946 0.5
2654106 214602605 0.5
2654106 214600509 0.5
2654106 214831952 0.5
2654106 214581489 0.5
2654106 214831957 0.5
2654106 214695193 0.5
2654106 214743515 0.5
2654106 214831965 0.5
2654106 214684702 0.5
5068699 214840091 1
5068699 214714712 1
5068699 214848746 1
5068699 214684108 0.5
4695964 214706205 1
4695964 214667912 1
4695964 214586668 1
4695964 214674414 0.5
8261534 214849102 1
8261534 214849080 1
8261534 214651517 1
8261534 214651777 0.5
8261534 214848997 0.5
8261534 214573350 0.5
8261534 214850771 0.5
8261534 214850936 0.5
8261534 214851581 0.5
8261534 214851077 0.5
6567841 214845412 1
6567841 214849239 1
6567841 214834877 1
6567841 214834880 0.5
6567841 214849252 0.5
6567841 214844396 0.5
6567841 214848656 0.5
6567841 214845587 0.5
6567841 214848695 0.5
7927451 214850402 1
7927451 214849001 1
7927451 214850700 1
7927451 214851236 0.5
7927451 214561991 0.5
7927451 214714665 0.5
7927451 214725549 0.5
7927451 214748336 0.5
7927451 214834897 0.5
7927451 214743352 0.5
7927451 214716667 0.5
7927451 214829852 0.5
7830219 214844454 1
7830219 214848300 1
7830219 214850295 1
7830219 214849408 0.5
7830219 214821313 0.5
7830219 214850630 0.5
7830219 214849153 0.5
7830219 214714665 0.5
7830219 214645387 0.5
7830219 214820844 0.5
7830219 214850415 0.5
7830219 214849809 0.5
7830219 214850625 0.5
7830219 214806665 0.5
7830219 214533022 0.5
7830219 214708063 0.5
11560179 214850790 1
11560179 214684785 1
11560179 214859126 1
11560179 214859306 0.5
11560179 214854545 0.5
11560179 214849395 0.5
11560179 214854549 0.5
11560179 214854358 0.5
11560179 214851097 0.5
11560179 214854172 0.5
9680808 214575763 1
9680808 214514287 1
9680808 214514285 1
9680808 214514233 0.5
9680808 214514259 0.5
9680808 214826987 0.5
9680808 214853325 0.5
7505833 214840378 1
7505833 214835126 1
7505833 214853143 1
7505833 214700002 0.5
7505833 214629347 0.5
6307758 214849012 1
6307758 214846412 1
6307758 214846466 1
6307758 214582170 0.5
6307758 214579837 0.5
6307758 214846415 0.5
7260083 214849809 1
7260083 214850304 1
7260083 214829792 1
7260083 214850295 0.5
2838452 214835745 1
2838452 214609325 1
2838452 214835747 1
2838452 214663976 0.5
2838452 214835017 0.5
7950261 214855183 1
7950261 214832653 1
7950261 214716984 1
7950261 214716986 0.5
7950261 214832655 0.5
8632246 214820443 1
8632246 214853263 1
8632246 214848302 1
8632246 214845939 0.5
8632246 214853214 0.5
9072569 214853135 1
9072569 214853195 1
9072569 214845973 1
9072569 214853233 0.5
9072569 214853227 0.5
9072569 214851097 0.5
9004988 214853094 1
9004988 214853248 1
9004988 214853085 1
9004988 214853096 0.5
9004988 214853077 0.5
8628157 214853094 1
8628157 214853105 1
8628157 214853085 1
8628157 214853096 0.5
8628157 214853090 0.5
8628157 214851326 0.5
8062426 214851080 1
8062426 214851161 1
8062426 214558192 1
8062426 214851122 0.5
8062426 214851028 0.5
8062426 214827005 0.5
8062426 214844342 0.5
8062426 214851575 0.5
4818882 214839587 1
4818882 214845131 1
4818882 214839971 1
4818882 214820400 0.5
4818882 214839973 0.5
4818882 214586694 0.5
4818882 214836519 0.5
4818882 214606792 0.5
4818882 214829775 0.5
4818882 214819760 0.5
4818882 214587697 0.5
4818882 214839960 0.5
4818882 214839932 0.5
8612083 214581611 1
8612083 214853169 1
8612083 214678387 1
8612083 214553257 0.5
8612083 214819393 0.5
9962907 214845356 1
9962907 214849070 1
9962907 214706428 1
9962907 214850949 0.5
9962907 214530729 0.5
9962907 214849076 0.5
9962907 214696374 0.5
9962907 214829880 0.5
9962907 214848795 0.5
9962907 214540127 0.5
8407032 214851099 1
8407032 214557095 1
8407032 214851013 1
8407032 214849001 0.5
8304594 214685049 1
8304594 214716746 1
8304594 214851161 1
8304594 214851234 0.5
8304594 214851080 0.5
8304594 214853186 0.5
8304594 214552142 0.5
8304594 214851028 0.5
8304594 214851131 0.5
8304594 214832604 0.5
8304594 214851165 0.5
878547 214826829 1
878547 214826893 1
878547 214827020 1
878547 214821272 0.5
9240532 214853698 1
9240532 214854118 1
9240532 214853767 1
9240532 214853722 0.5
9240532 214853702 0.5
9189334 214853242 1
9189334 214851750 1
9189334 214853210 1
9189334 214851161 0.5
5054423 214836956 1
5054423 214844405 1
5054423 214836519 1
5054423 214746380 0.5
2631641 214831967 1
2631641 214835087 1
2631641 214835017 1
2631641 214748336 0.5
2631641 214826977 0.5
2631641 214835019 0.5
2631641 214835747 0.5
9838561 214851131 1
9838561 214851080 1
9838561 214854358 1
9838561 214553537 0.5
9838561 214853135 0.5
9838561 214685049 0.5
9838561 214684762 0.5
9838561 214853852 0.5
9838561 214853242 0.5
9838561 214853726 0.5
10687483 214854534 1
10687483 214854300 1
10687483 214853702 1
10687483 214853353 0.5
10687483 214821397 0.5
10687483 214684785 0.5
10708964 214573305 1
10708964 214854495 1
10708964 214853930 1
10708964 214854545 0.5
10708964 214746386 0.5
6815721 214849132 1
6815721 214849100 1
6815721 214849097 1
6815721 214691282 0.5
7147924 214850315 1
7147924 214850282 1
7147924 214849245 1
7147924 214835137 0.5
7147924 214832156 0.5
7147924 214849740 0.5
7147924 214850366 0.5
7147924 214849742 0.5
1341422 214834877 1
1341422 214834880 1
1341422 214826610 1
1341422 214833755 0.5
2471592 214536189 1
2471592 643078800 1
2471592 214554982 1
2471592 214676962 0.5
2471592 214553257 0.5
2471592 214811758 0.5
2471592 214536185 0.5
2471592 214718169 0.5
2471592 214536187 0.5
2471592 214549277 0.5
2240851 214832717 1
2240851 214829045 1
2240851 214829336 1
2240851 214836129 0.5
2240851 214701212 0.5
5920756 214838227 1
5920756 214848337 1
5920756 214835109 1
5920756 214826610 0.5
460661 214711295 1
460661 214826715 1
460661 214711087 1
460661 214703771 0.5
460661 214717511 0.5
9553919 214850942 1
9553919 214853420 1
9553919 214853422 1
9553919 214850949 0.5
9684802 214853317 1
9684802 214850310 1
9684802 214849809 1
9684802 214829882 0.5
9701373 214853282 1
9701373 214851332 1
9701373 214829730 1
9701373 214595139 0.5
9328638 214840378 1
9328638 214853122 1
9328638 214826987 1
9328638 214835126 0.5
6193493 214845971 1
6193493 214845962 1
6193493 214845939 1
6193493 214582200 0.5
6193493 214811739 0.5
6193493 214709702 0.5
