11002069 214853081 1
11002069 214851757 1
11002069 214854720 1
11002069 214854722 0.5
11002069 214853083 0.5
11002069 214854718 0.5
11002069 214853079 0.5
5382148 214844370 1
5382148 214748336 1
5382148 214839973 1
5382148 214839969 0.5
5382148 214835428 0.5
5382148 214743335 0.5
5382148 214602733 0.5
5382148 214601233 0.5
5382148 214844372 0.5
5382148 214835745 0.5
5382148 214848185 0.5
278534 214820400 1
278534 214820402 1
278534 214819376 1
278534 214819760 0.5
278534 214820392 0.5
278534 214573288 0.5
278534 214819374 0.5
278534 214832657 0.5
7940097 214850938 1
7940097 214850756 1
7940097 214748295 1
7940097 214557217 0.5
7940097 214848997 0.5
7940097 214820458 0.5
7940097 214690796 0.5
7940097 214838225 0.5
7940097 214819378 0.5
7940097 214703801 0.5
7940097 214850940 0.5
6432777 214845962 1
6432777 214845971 1
6432777 214846117 1
6432777 214564320 0.5
6432777 214536193 0.5
6432777 214645987 0.5
6432777 214709702 0.5
6432777 214846119 0.5
6432777 214557322 0.5
6432777 214559660 0.5
6432777 214645871 0.5
6432777 214582200 0.5
6432777 214536195 0.5
6432777 214819640 0.5
6520847 214848337 1
6520847 214848622 1
6520847 214839617 1
6520847 214845984 0.5
6520847 214829765 0.5
4007953 214835109 1
4007953 214826990 1
4007953 214836924 1
4007953 214838227 0.5
7682067 214850938 1
7682067 214850940 1
7682067 214850411 1
7682067 214850552 0.5
7682067 214850713 0.5
7682067 214820394 0.5
7682067 214850771 0.5
7682067 214850700 0.5
11085844 214853698 1
11085844 214853702 1
11085844 214853767 1
11085844 214853096 0.5
11085844 214853105 0.5
11085844 214853722 0.5
11085844 214853077 0.5
11085844 214853085 0.5
9842712 214853865 1
9842712 214853992 1
9842712 214853707 1
9842712 214853996 0.5
9842712 214854165 0.5
2414617 214829878 1
2414617 214831948 1
2414617 214829885 1
2414617 214829882 0.5
2414617 214829887 0.5
6364506 214848851 1
6364506 214848613 1
6364506 214848832 1
6364506 214714794 0.5
671778 214828987 1
671778 214821401 1
671778 214826908 1
671778 214826912 0.5
671778 214586694 0.5
671778 214558192 0.5
671778 214828980 0.5
671778 214826837 0.5
671778 214826872 0.5
2482663 214716746 1
2482663 214826563 1
2482663 214821407 1
2482663 214553537 0.5
2482663 214684841 0.5
2482663 214684845 0.5
2482663 214552142 0.5
2482663 214557223 0.5
10461291 214853381 1
10461291 214854495 1
10461291 214853154 1
10461291 214829825 0.5
10461291 214850619 0.5
10461291 214850792 0.5
10461291 214854545 0.5
10461291 214848371 0.5
10461291 214853430 0.5
10461291 214853435 0.5
10461291 214849468 0.5
2510889 214753513 1
2510889 214753505 1
2510889 214748297 1
2510889 214748300 0.5
412679 214829197 1
412679 214826829 1
412679 214826891 1
412679 214826625 0.5
412679 214535653 0.5
412679 214820441 0.5
3026046 214826587 1
3026046 214819760 1
3026046 214664820 1
3026046 214836517 0.5
636534 214821302 1
636534 214821309 1
636534 214821305 1
636534 214821341 0.5
8482864 214851080 1
8482864 214851122 1
8482864 214851161 1
8482864 214851234 0.5
8482864 214851028 0.5
8482864 214716746 0.5
8482864 214851575 0.5
6979639 214849320 1
6979639 214849318 1
6979639 214849322 1
6979639 214849245 0.5
6979639 214849286 0.5
931896 214837442 1
931896 214837485 1
931896 214837490 1
931896 214837483 0.5
931896 214698446 0.5
931896 214837487 0.5
9121852 214853085 1
9121852 214853248 1
9121852 214853077 1
9121852 214852980 0.5
8480834 214851080 1
8480834 214851163 1
8480834 214851161 1
8480834 214685049 0.5
8480834 214851317 0.5
8480834 214838111 0.5
5066119 214839960 1
5066119 214829287 1
5066119 214835469 1
5066119 214748336 0.5
3507167 214828985 1
3507167 214820220 1
3507167 214587317 1
3507167 214685857 0.5
3507167 214819562 0.5
3507167 214556334 0.5
3507167 214677615 0.5
3507167 214716626 0.5
3507167 214826998 0.5
3507167 214829368 0.5
3507167 214705147 0.5
4540487 214835167 1
4540487 214829765 1
4540487 214836924 1
4540487 214835109 0.5
8886346 214845879 1
8886346 214852987 1
8886346 214853094 1
8886346 214853248 0.5
8886346 214819393 0.5
8886346 214581761 0.5
8886346 214853128 0.5
8886346 214853130 0.5
8886346 214678387 0.5
8886346 214851326 0.5
4694712 214587317 1
4694712 214602598 1
4694712 214831970 1
4694712 214839943 0.5
6619221 214849132 1
6619221 214849097 1
6619221 214848757 1
6619221 214848613 0.5
6619221 214835023 0.5
8407127 214851080 1
8407127 214851161 1
8407127 214716714 1
8407127 214716746 0.5
6221913 214848688 1
6221913 214848337 1
6221913 214846535 1
6221913 214835109 0.5
6221913 214848328 0.5
6221913 214848682 0.5
6221913 214846477 0.5
6221913 214848656 0.5
6221913 214602804 0.5
6221913 214850357 0.5
6221913 214848630 0.5
6221913 214850360 0.5
6221913 214848380 0.5
6221913 214848330 0.5
8171613 214851099 1
8171613 214851133 1
8171613 214851137 1
8171613 214712124 0.5
8171613 214849102 0.5
9080938 214851099 1
9080938 214849155 1
9080938 214849102 1
9080938 214573350 0.5
9080938 214851317 0.5
9080938 214851575 0.5
9080938 214849080 0.5
9080938 214685049 0.5
9080938 214844347 0.5
9080938 214851581 0.5
6154349 214849275 1
6154349 214846535 1
6154349 214848328 1
6154349 214846417 0.5
6154349 214821410 0.5
9345134 214850949 1
9345134 214853379 1
9345134 214853280 1
9345134 214850945 0.5
9345134 214850942 0.5
2599026 214821412 1
2599026 214829366 1
2599026 214826589 1
2599026 214831965 0.5
2599026 214829878 0.5
2599026 214829887 0.5
9732214 214853420 1
9732214 214853422 1
9732214 214850947 1
9732214 214850949 0.5
9732214 214853454 0.5
2413929 214820261 1
2413929 214718387 1
2413929 214563335 1
2413929 214685857 0.5
2413929 214743495 0.5
2413929 214819721 0.5
2413929 214836330 0.5
2413929 214560140 0.5
2413929 214748334 0.5
2413929 214585586 0.5
2413929 214829366 0.5
2413929 214826874 0.5
2413929 214717562 0.5
10565752 214832792 1
10565752 214602600 1
10565752 214834867 1
10565752 214835017 0.5
10565752 214609325 0.5
10565752 214848337 0.5
2658324 214829882 1
2658324 214831948 1
2658324 214540127 1
2658324 214748336 0.5
2658324 214831959 0.5
7231619 214820345 1
7231619 214850366 1
7231619 214849777 1
7231619 214849312 0.5
7231619 214537040 0.5
7231619 214819378 0.5
5722247 214844402 1
5722247 214845412 1
5722247 214850402 1
5722247 214844400 0.5
5722247 214845587 0.5
5722247 214832150 0.5
1743397 214834880 1
1743397 214826610 1
1743397 214821410 1
1743397 214833755 0.5
1743397 214826589 0.5
4776073 214840082 1
4776073 214642910 1
4776073 214839965 1
4776073 214714712 0.5
4776073 214826820 0.5
4776073 214746365 0.5
8616074 214851326 1
8616074 214853090 1
8616074 214853085 1
8616074 214853096 0.5
6166671 214848613 1
6166671 214848851 1
6166671 214556055 1
6166671 214848832 0.5
6166671 214558192 0.5
6166671 214848701 0.5
6875286 214848337 1
6875286 214849020 1
6875286 214849333 1
6875286 214826610 0.5
6875286 214849022 0.5
6875286 214849046 0.5
5091479 214602733 1
5091479 214612751 1
5091479 214554431 1
5091479 214602598 0.5
5091479 214820199 0.5
5091479 214553544 0.5
5091479 214832780 0.5
5091479 214650609 0.5
5091479 214561496 0.5
5091479 214836857 0.5
5091479 214558460 0.5
5091479 214820392 0.5
5091479 214839967 0.5
2229853 214710062 1
2229853 214829887 1
2229853 214829878 1
2229853 214829880 0.5
10969244 214854782 1
10969244 214854787 1
10969244 214854853 1
10969244 214853102 0.5
7985178 214851579 1
7985178 214851163 1
7985178 214851131 1
7985178 214716671 0.5
6578334 214848941 1
6578334 214848954 1
6578334 214851009 1
6578334 214846460 0.5
6160752 214846001 1
6160752 214846318 1
6160752 214712079 1
6160752 214845984 0.5
6160752 214846014 0.5
112803 214826925 1
112803 214827007 1
112803 214684841 1
112803 214826912 0.5
112803 214834865 0.5
112803 214828987 0.5
112803 214684845 0.5
112803 214716671 0.5
8474993 214851317 1
8474993 214851161 1
8474993 214851080 1
8474993 214849404 0.5
1794218 214718398 1
1794218 214684717 1
1794218 214828974 1
1794218 214819395 0.5
1794218 214840421 0.5
1794218 214718246 0.5
1794218 214717515 0.5
1794218 214829366 0.5
1794218 214835000 0.5
1794218 214826844 0.5
10224327 214684785 1
10224327 214854262 1
10224327 214854358 1
10224327 214567333 0.5
11280563 214857568 1
11280563 214854857 1
11280563 214853362 1
11280563 214853732 0.5
11280563 214857167 0.5
6725813 214848380 1
6725813 214849012 1
6725813 214848847 1
6725813 214849312 0.5
6725813 214846535 0.5
6725813 214848328 0.5
6725813 214848330 0.5
6725813 214826990 0.5
6725813 214848337 0.5
6725813 214826610 0.5
5068984 214748304 1
5068984 214835475 1
5068984 214826608 1
5068984 214821032 0.5
5068984 214844345 0.5
5068984 214845131 0.5
5068984 214826670 0.5
4268217 214843554 1
4268217 214567089 1
4268217 214840912 1
4268217 214567076 0.5
4268217 214691366 0.5
4268217 214691531 0.5
4268217 214691407 0.5
4268217 214691390 0.5
4268217 214567095 0.5
4268217 214843447 0.5
4268217 214840798 0.5
2528359 214831946 1
2528359 214829885 1
2528359 214831950 1
2528359 214835124 0.5
2528359 214831948 0.5
2528359 214829878 0.5
2528359 214829887 0.5
2642111 214829882 1
2642111 214829878 1
2642111 214829885 1
2642111 214826985 0.5
2670784 214821322 1
2670784 214821326 1
2670784 214821324 1
2670784 214826627 0.5
2670784 214718390 0.5
2670784 214819430 0.5
2670784 214673295 0.5
4752969 214839600 1
4752969 214820392 1
4752969 214839587 1
4752969 214586694 0.5
4752969 214819430 0.5
4752969 214829321 0.5
4752969 214845131 0.5
4752969 214687852 0.5
4752969 214828980 0.5
4752969 214706102 0.5
4752969 214558807 0.5
4752969 214828985 0.5
4752969 214829850 0.5
4752969 214835124 0.5
7837897 214744258 1
7837897 214540055 1
7837897 214835126 1
7837897 214853143 0.5
7837897 214712235 0.5
7837897 214851279 0.5
1779914 214834877 1
1779914 214834880 1
1779914 214821332 1
1779914 214833755 0.5
1779914 214826610 0.5
1779914 214829387 0.5
1779914 214826996 0.5
4950222 214845380 1
4950222 214844413 1
4950222 214845435 1
4950222 214845806 0.5
4303059 214838107 1
4303059 214838096 1
4303059 214838105 1
4303059 214836881 0.5
4303059 214821309 0.5
4303059 214826623 0.5
5568521 214845971 1
5568521 214846318 1
5568521 214819528 1
5568521 214564320 0.5
5568521 214845986 0.5
5568521 214819427 0.5
5568521 214846117 0.5
5568521 214821382 0.5
5568521 214846312 0.5
5568521 214845962 0.5
5568521 214829739 0.5
5568521 214819640 0.5
5568521 214849010 0.5
5568521 214709702 0.5
5568521 214582200 0.5
5568521 214846010 0.5
6553813 214846462 1
6553813 214840091 1
6553813 214845489 1
6553813 214848701 0.5
6553813 214848135 0.5
4393174 214836512 1
4393174 214831970 1
4393174 214829797 1
4393174 214632272 0.5
6654329 214848947 1
6654329 214712235 1
6654329 214849046 1
6654329 214848945 0.5
6654329 214848954 0.5
6654329 214848941 0.5
7295194 214848337 1
7295194 214838227 1
7295194 214849312 1
7295194 214846415 0.5
5533916 214844400 1
5533916 214844372 1
5533916 214844345 1
5533916 214844368 0.5
1296606 214589606 1
1296606 214827011 1
1296606 214827013 1
1296606 214711297 0.5
1296606 214551748 0.5
3803361 214836887 1
3803361 214829100 1
3803361 214826990 1
3803361 214829666 0.5
3803361 214829379 0.5
3803361 214829765 0.5
3803361 214820454 0.5
3803361 214821032 0.5
3803361 214717539 0.5
2660578 214829878 1
2660578 214831948 1
2660578 214831946 1
2660578 214829887 0.5
2998503 214829878 1
2998503 214829887 1
2998503 214831959 1
2998503 214835124 0.5
2998503 214600492 0.5
2998503 214835111 0.5
956649 214833755 1
956649 214834877 1
956649 214834875 1
956649 214557279 0.5
956649 214829366 0.5
956649 214828991 0.5
2605096 214829878 1
2605096 214829882 1
2605096 214831946 1
2605096 214829885 0.5
1947893 214829385 1
1947893 214829381 1
1947893 214835002 1
1947893 214819770 0.5
5755126 214541525 1
5755126 214716635 1
5755126 214688709 1
5755126 214691152 0.5
5755126 214835235 0.5
10551543 214854352 1
10551543 214854354 1
10551543 214854536 1
10551543 214853113 0.5
10551543 214853244 0.5
10551543 214718165 0.5
10551543 214573590 0.5
11151562 214854802 1
11151562 214854860 1
11151562 214855153 1
11151562 214850387 0.5
22777 214826700 1
22777 214826801 1
22777 214826608 1
22777 214829285 0.5
22777 214826702 0.5
5863681 214846457 1
5863681 214846367 1
5863681 214540597 1
5863681 214826904 0.5
5863681 214826906 0.5
5863681 214846110 0.5
5863681 214717087 0.5
5984641 214848305 1
5984641 214846029 1
5984641 214829797 1
5984641 214845984 0.5
5984641 214691244 0.5
7364872 214849275 1
7364872 214849736 1
7364872 214846112 1
7364872 214839969 0.5
7366922 214850315 1
7366922 214849736 1
7366922 214849757 1
7366922 214850282 0.5
7366922 214849796 0.5
3737339 214829765 1
3737339 214820220 1
3737339 214836924 1
3737339 214838096 0.5
3737339 214748336 0.5
3737339 214836926 0.5
3737339 214838225 0.5
4493582 214838109 1
4493582 214839937 1
4493582 214612901 1
4493582 214831970 0.5
4493582 214842735 0.5
7086709 214849734 1
7086709 214849760 1
7086709 214844355 1
7086709 214844396 0.5
10402069 214852978 1
10402069 214854354 1
10402069 214853846 1
10402069 214836960 0.5
10402069 214819393 0.5
10402069 214581611 0.5
10402069 214567333 0.5
10402069 214854536 0.5
10402069 214744779 0.5
10402069 214645871 0.5
10402069 214567408 0.5
10402069 214854176 0.5
10402069 214854264 0.5
10402069 214853113 0.5
10402069 214853210 0.5
10402069 214850940 0.5
4440343 214837280 1
4440343 214587317 1
4440343 214838092 1
4440343 214829280 0.5
4440343 214829878 0.5
4440343 214602598 0.5
4440343 214748396 0.5
4440343 214829364 0.5
4440343 214642805 0.5
4440343 214840310 0.5
4440343 214836855 0.5
4440343 214828985 0.5
4440343 214684730 0.5
4440343 214826876 0.5
4440343 214826998 0.5
7155992 214849093 1
7155992 214849100 1
7155992 214849132 1
7155992 214849097 0.5
7155992 214510447 0.5
3739934 214838105 1
3739934 214838102 1
3739934 214838098 1
3739934 214838107 0.5
10405936 214854352 1
10405936 214853113 1
10405936 214684762 1
10405936 214854354 0.5
10405936 214850739 0.5
10405936 214850741 0.5
10405936 214853726 0.5
3848483 214838225 1
3848483 214748336 1
3848483 214836330 1
3848483 214826977 0.5
3848483 214832023 0.5
3848483 214743335 0.5
9863461 214854510 1
9863461 214853413 1
9863461 214567333 1
9863461 214850741 0.5
9863461 214698446 0.5
9904424 214853707 1
9904424 214853713 1
9904424 214853767 1
9904424 214853698 0.5
9904424 214853700 0.5
9904424 214853702 0.5
7825707 214850762 1
7825707 214850936 1
7825707 214850756 1
7825707 214851011 0.5
7825707 214850758 0.5
7825707 214850310 0.5
8255791 214851161 1
8255791 214716714 1
8255791 214716654 1
8255791 214851080 0.5
8255791 214851234 0.5
8255791 214716746 0.5
5746992 214829739 1
5746992 214845939 1
5746992 214848298 1
5746992 214845135 0.5
526287 214829038 1
526287 214835743 1
526287 214829032 1
526287 214684513 0.5
526287 214829004 0.5
526287 214829021 0.5
526287 214829006 0.5
10150194 214853700 1
10150194 214853698 1
10150194 214853767 1
10150194 214717867 0.5
10150194 214748327 0.5
8421683 214851232 1
8421683 214851290 1
8421683 214554982 1
8421683 214552522 0.5
8421683 214564380 0.5
8421683 214851101 0.5
8421683 214844342 0.5
8421683 214851159 0.5
1199838 214829321 1
1199838 214839600 1
1199838 214748336 1
1199838 214832786 0.5
6830391 214849134 1
6830391 214842555 1
6830391 214848641 1
6830391 214834880 0.5
6830391 214643681 0.5
6830391 214839971 0.5
6830391 214846535 0.5
6830391 214582346 0.5
6830391 214848656 0.5
6830391 214848945 0.5
6830391 214848695 0.5
6830391 214848954 0.5
7123256 214716926 1
7123256 214717003 1
7123256 214553810 1
7123256 214846530 0.5
7123256 214849031 0.5
7123256 214829799 0.5
7123256 214848656 0.5
7123256 214848337 0.5
7123256 214834877 0.5
2101562 214829861 1
2101562 214829846 1
2101562 214829711 1
2101562 214587388 0.5
4232016 214587712 1
4232016 214829390 1
4232016 214839587 1
4232016 214820259 0.5
4232016 214845131 0.5
4232016 214839620 0.5
4232016 214839973 0.5
4174144 214838107 1
4174144 214838098 1
4174144 214838096 1
4174144 214838105 0.5
2505063 214831948 1
2505063 214829878 1
2505063 214831946 1
2505063 214674427 0.5
2505063 214829885 0.5
1393793 214835021 1
1393793 214829396 1
1393793 214826561 1
1393793 214837442 0.5
1393793 214821350 0.5
1393793 214826921 0.5
1393793 214837483 0.5
1393793 214837485 0.5
1393793 214826994 0.5
1393793 214829657 0.5
1393793 214835002 0.5
8059213 214851150 1
8059213 214851287 1
8059213 214851294 1
8059213 214849048 0.5
184661 214540106 1
184661 214540127 1
184661 214540125 1
184661 214651427 0.5
184661 214540172 0.5
1319256 214829666 1
1319256 214826561 1
1319256 214829664 1
1319256 214821032 0.5
1319256 214753515 0.5
1319256 214826610 0.5
1319256 214826994 0.5
1319256 214819577 0.5
1319256 214829850 0.5
1319256 214829852 0.5
7840094 214837442 1
7840094 214850760 1
7840094 214850700 1
7840094 214850692 0.5
7840094 214850870 0.5
7840094 214850790 0.5
6936293 214510445 1
6936293 214849093 1
6936293 214850310 1
6936293 214826715 0.5
6437217 214838137 1
6437217 214826904 1
6437217 214846460 1
6437217 214840412 0.5
6437217 214846421 0.5
6232419 214848165 1
6232419 214844398 1
6232419 214844400 1
6232419 214844396 0.5
789222 214829321 1
789222 214819376 1
789222 214820400 1
789222 214819721 0.5
789222 214826876 0.5
1024359 214829321 1
1024359 214828985 1
1024359 214587317 1
1024359 214574672 0.5
1024359 214553561 0.5
1024359 214706102 0.5
1024359 214717847 0.5
1638764 214834877 1
1638764 214826610 1
1638764 214834880 1
1638764 214829387 0.5
2169198 214832717 1
2169198 214829861 1
2169198 214829865 1
2169198 214821277 0.5
2169198 214821285 0.5
1947579 214821305 1
1947579 214821309 1
1947579 214821302 1
1947579 214844439 0.5
5298553 214832154 1
5298553 214831946 1
5298553 214845581 1
5298553 214561402 0.5
5298553 214829882 0.5
5298553 214829885 0.5
5298553 214541582 0.5
5298553 214691287 0.5
2191741 214826818 1
2191741 214831946 1
2191741 214695195 1
2191741 214717507 0.5
2554238 214829880 1
2554238 214829878 1
2554238 214717515 1
2554238 214826955 0.5
2554238 214684717 0.5
6445462 214580462 1
6445462 214510449 1
6445462 214712242 1
6445462 214849093 0.5
6445462 214849097 0.5
6445462 214849100 0.5
6445462 214510447 0.5
6445462 214510451 0.5
6445462 214712244 0.5
4587914 214845131 1
4587914 214839973 1
4587914 214748336 1
4587914 214829280 0.5
4587914 214839600 0.5
4587914 214839960 0.5
4587914 214829852 0.5
4587914 214829775 0.5
7684433 214821277 1
7684433 214821285 1
7684433 214821292 1
7684433 214716984 0.5
7684433 214851133 0.5
1712877 214716641 1
1712877 214829379 1
1712877 214712132 1
1712877 214827032 0.5
1712877 214601060 0.5
1712877 214826711 0.5
7707028 214717007 1
7707028 214717003 1
7707028 214844439 1
7707028 214716928 0.5
7707028 214716926 0.5
10844566 214861498 1
10844566 214839995 1
10844566 214714755 1
10844566 214839997 0.5
10844566 214854853 0.5
7254427 214696470 1
7254427 214712242 1
7254427 214849132 1
7254427 214849093 0.5
5036444 214844407 1
5036444 214844370 1
5036444 214613705 1
5036444 214555492 0.5
1736432 214821328 1
1736432 214821317 1
1736432 214547814 1
1736432 214840421 0.5
1481123 214834877 1
1481123 214834880 1
1481123 214833755 1
1481123 214821410 0.5
1481123 214829387 0.5
1481123 214826610 0.5
1481123 214829366 0.5
6603174 214832604 1
6603174 214716707 1
6603174 214848613 1
6603174 214848832 0.5
11545003 214853102 1
11545003 214677830 1
11545003 214854118 1
11545003 214714755 0.5
11545003 214853130 0.5
11545003 214854733 0.5
11545003 214678387 0.5
11545003 214738455 0.5
11545003 214582200 0.5
814834 214821017 1
814834 214826617 1
814834 214819374 1
814834 214573288 0.5
814834 214585586 0.5
814834 214819550 0.5
11260334 214853460 1
11260334 214854793 1
11260334 214854787 1
11260334 214829880 0.5
7940168 214850938 1
7940168 214850765 1
7940168 214850756 1
7940168 214850936 0.5
7940168 214850771 0.5
7940168 214850743 0.5
8251826 214851163 1
8251826 214684942 1
8251826 214851131 1
8251826 214851592 0.5
8251826 214851579 0.5
3389854 214832128 1
3389854 214836847 1
3389854 214844070 1
3389854 214826563 0.5
3389854 214832126 0.5
11354552 214582942 1
11354552 214854780 1
11354552 214640012 1
11354552 214830939 0.5
11354552 214854699 0.5
9869753 214853700 1
9869753 214853767 1
9869753 214853353 1
9869753 214854152 0.5
9869753 214853707 0.5
9869753 214853702 0.5
7044512 214850743 1
7044512 214850936 1
7044512 214850405 1
7044512 214850621 0.5
2585027 214829878 1
2585027 214829882 1
2585027 214831948 1
2585027 214835111 0.5
6377197 214849012 1
6377197 214846535 1
6377197 214848337 1
6377197 214838225 0.5
3240392 214836527 1
3240392 214687685 1
3240392 214836830 1
3240392 214642016 0.5
3240392 214821401 0.5
3240392 214821300 0.5
3240392 214717286 0.5
3240392 214586694 0.5
9361866 214851581 1
9361866 214748336 1
9361866 214854152 1
9361866 214717562 0.5
9361866 214851133 0.5
9361866 214848335 0.5
10625483 214854300 1
10625483 214832792 1
10625483 214854358 1
10625483 214851714 0.5
10625483 214602600 0.5
10625483 214691522 0.5
10625483 214854545 0.5
10625483 214854354 0.5
10625483 214684762 0.5
10625483 214643036 0.5
10625483 214853726 0.5
2312488 214826947 1
2312488 214835017 1
2312488 214834867 1
2312488 214587712 0.5
2312488 214835747 0.5
3051983 214835132 1
3051983 214835017 1
3051983 214836553 1
3051983 214832017 0.5
5761489 214849010 1
5761489 214582200 1
5761489 214845939 1
5761489 214680360 0.5
5761489 214819586 0.5
5761489 214845135 0.5
10956537 214854782 1
10956537 214854853 1
10956537 214854219 1
10956537 214857204 0.5
2238938 214819530 1
2238938 214829878 1
2238938 214831946 1
2238938 214826610 0.5
2238938 214829887 0.5
10795483 214567327 1
10795483 214853248 1
10795483 214852978 1
10795483 214684762 0.5
10795483 214853726 0.5
10795483 214567215 0.5
2632158 214829878 1
2632158 214831948 1
2632158 214826977 1
2632158 214835124 0.5
2632158 214831967 0.5
11066789 214854785 1
11066789 214854787 1
11066789 214853102 1
11066789 214846477 0.5
11213904 214859139 1
11213904 214854791 1
11213904 214854800 1
11213904 214850368 0.5
7174629 214850366 1
7174629 214850315 1
7174629 214684715 1
7174629 214849777 0.5
4155878 214829797 1
4155878 214839969 1
4155878 214602733 1
4155878 214602598 0.5
7246311 214849762 1
7246311 214849734 1
7246311 214849738 1
7246311 214849736 0.5
7246311 214844400 0.5
1372513 214743495 1
1372513 214820400 1
1372513 214820345 1
1372513 214839600 0.5
1372513 214712137 0.5
1372513 214748336 0.5
1372513 214586469 0.5
1372513 214585695 0.5
7756266 214832655 1
7756266 214716982 1
7756266 214716986 1
7756266 214717867 0.5
7756266 214716926 0.5
8153963 214686857 1
8153963 214851135 1
8153963 214846391 1
8153963 214851232 0.5
609208 214826621 1
609208 214826615 1
609208 214826934 1
609208 214826617 0.5
609208 214717877 0.5
11549308 214854782 1
11549308 214832154 1
11549308 214864880 1
11549308 214854840 0.5
11549308 214854785 0.5
11549308 214850315 0.5
9421306 214853422 1
9421306 214850945 1
9421306 214853420 1
9421306 214848688 0.5
9421306 214844396 0.5
9421306 214851748 0.5
9421306 214850949 0.5
6134267 214846468 1
6134267 214846432 1
6134267 214846425 1
6134267 214846464 0.5
6134267 214846412 0.5
6775293 214845943 1
6775293 214846085 1
6775293 214849082 1
6775293 214849003 0.5
2464853 214829880 1
2464853 214829882 1
2464853 214831946 1
2464853 214845538 0.5
2464853 214701787 0.5
2464853 214829878 0.5
2464853 214829887 0.5
9940553 214717888 1
9940553 214532567 1
9940553 214718220 1
9940553 214718216 0.5
9940553 214851281 0.5
4047619 214831942 1
4047619 214832015 1
4047619 214845129 1
4047619 214831944 0.5
4047619 214838096 0.5
4047619 214838098 0.5
4047619 214838102 0.5
9296407 214706428 1
9296407 214846014 1
9296407 214853145 1
9296407 214711295 0.5
9296407 214853143 0.5
9296407 214851279 0.5
4022809 214829882 1
4022809 214632146 1
4022809 214838098 1
4022809 214684736 0.5
4022809 214829878 0.5
4022809 214684710 0.5
4022809 214711295 0.5
10428958 214853083 1
10428958 214853732 1
10428958 214853735 1
10428958 214854716 0.5
11129377 214851281 1
11129377 214854780 1
11129377 214853072 1
11129377 214854827 0.5
11129377 214510445 0.5
5511688 214844342 1
5511688 214845587 1
5511688 214850402 1
5511688 214844340 0.5
5511688 214844398 0.5
5406811 214832154 1
5406811 214845581 1
5406811 214774665 1
5406811 214835426 0.5
5406811 214839339 0.5
5406811 214848324 0.5
5406811 214829882 0.5
5406811 214835070 0.5
8393252 214718207 1
8393252 214711267 1
8393252 214821377 1
8393252 214851028 0.5
8393252 214847940 0.5
8393252 214851125 0.5
8393252 214851238 0.5
8393252 214851133 0.5
4033061 214832143 1
4033061 214838098 1
4033061 214838105 1
4033061 214838107 0.5
4033061 214829797 0.5
5814822 214844396 1
5814822 214844345 1
5814822 214846447 1
5814822 214834880 0.5
5814822 214850402 0.5
5814822 214820402 0.5
5814822 214845587 0.5
5814822 214839932 0.5
5814822 214834877 0.5
7100967 214849736 1
7100967 214705905 1
7100967 214845943 1
7100967 214844402 0.5
7100967 214565535 0.5
9431593 214852987 1
9431593 214853165 1
9431593 214845962 1
9431593 214853128 0.5
9431593 214846312 0.5
9431593 214851742 0.5
5720619 214820443 1
5720619 214845939 1
5720619 214845135 1
5720619 214581761 0.5
10097196 214854298 1
10097196 214854527 1
10097196 214854504 1
10097196 214846067 0.5
10097196 214706102 0.5
10097196 214853702 0.5
5372469 214835428 1
5372469 214835473 1
5372469 214835426 1
5372469 214819760 0.5
5372469 214844413 0.5
5372469 214580190 0.5
789046 214819376 1
789046 214820400 1
789046 214587317 1
789046 214696897 0.5
789046 214820402 0.5
789046 214826908 0.5
789046 214612730 0.5
789046 214826927 0.5
11220594 214854782 1
11220594 214853100 1
11220594 214853102 1
11220594 214854840 0.5
3213884 214836932 1
3213884 214835109 1
3213884 214826990 1
3213884 214835747 0.5
3213884 214573612 0.5
3213884 214839982 0.5
3213884 214838227 0.5
3213884 214838137 0.5
3213884 214829852 0.5
3213884 214836926 0.5
6516149 214848337 1
6516149 214849012 1
6516149 214848380 1
6516149 214835109 0.5
6341184 214848808 1
6341184 214848613 1
6341184 214848832 1
6341184 214846530 0.5
6341184 214684942 0.5
6341184 214716710 0.5
6341184 214848950 0.5
11351318 214665277 1
11351318 214851101 1
11351318 214857549 1
11351318 214981102 0.5
2169411 214820392 1
2169411 214668590 1
2169411 214643362 1
2169411 214746427 0.5
2169411 214753515 0.5
2169411 214603132 0.5
2169411 214829852 0.5
6603332 214850295 1
6603332 214850291 1
6603332 214849745 1
6603332 214553540 0.5
10967624 214853102 1
10967624 214854787 1
10967624 214854793 1
10967624 214855016 0.5
10967624 214854782 0.5
10327479 214854300 1
10327479 214854313 1
10327479 214691522 1
10327479 214854510 0.5
10327479 214854545 0.5
10327479 214854547 0.5
10327479 214854262 0.5
10327479 214850936 0.5
10327479 214819577 0.5
10327479 214854579 0.5
6578768 214849097 1
6578768 214848986 1
6578768 214848641 1
6578768 214849344 0.5
6578768 214849318 0.5
6578768 214848945 0.5
6578768 214667912 0.5
6578768 214848337 0.5
6578768 214849333 0.5
6578768 214849046 0.5
6578768 214695193 0.5
6578768 214848954 0.5
6578768 214849179 0.5
6578768 214705757 0.5
6578768 214848808 0.5
4129361 214838109 1
4129361 214717539 1
4129361 214838098 1
4129361 214832012 0.5
4129361 214829070 0.5
5476946 214845590 1
5476946 214835064 1
5476946 214835070 1
5476946 214835462 0.5
8200788 214851122 1
8200788 214851236 1
8200788 214851133 1
8200788 214585644 0.5
9064889 214575667 1
9064889 214849318 1
9064889 214849245 1
9064889 214560585 0.5
9064889 214836956 0.5
7715423 214850936 1
7715423 214850938 1
7715423 214850621 1
7715423 214850762 0.5
7715423 214744779 0.5
7715423 214850940 0.5
10479238 214853090 1
10479238 214853248 1
10479238 214853094 1
10479238 214853096 0.5
10479238 214852978 0.5
10479238 214853077 0.5
10479238 214853085 0.5
5379496 214845583 1
5379496 214826949 1
5379496 214844372 1
5379496 214845585 0.5
5379496 214601233 0.5
5379496 214835473 0.5
7135846 214849738 1
7135846 214849762 1
7135846 214849760 1
7135846 214850792 0.5
7135846 214696824 0.5
5413482 214845583 1
5413482 214844370 1
5413482 214845585 1
5413482 214844400 0.5
5413482 214800262 0.5
5413482 214832555 0.5
5413482 214543922 0.5
5413482 214844398 0.5
5413482 214819760 0.5
5413482 214819762 0.5
2178151 214743495 1
2178151 214753515 1
2178151 214716110 1
2178151 214569474 0.5
2178151 214717412 0.5
2178151 214537541 0.5
2178151 214835111 0.5
2178151 214819760 0.5
2178151 214718385 0.5
2178151 214826711 0.5
8028351 214851290 1
8028351 214851232 1
8028351 214708037 1
8028351 214552522 0.5
8028351 214564380 0.5
8028351 214829765 0.5
8028351 214835167 0.5
9581166 214850282 1
9581166 214850285 1
9581166 214850291 1
9581166 214850945 0.5
9581166 214850310 0.5
9581166 214717511 0.5
9581166 214831946 0.5
9581166 214853420 0.5
9581166 214838098 0.5
7946866 214850692 1
7946866 214850870 1
7946866 214850700 1
7946866 214557223 0.5
8020597 214716746 1
8020597 214851131 1
8020597 214716671 1
8020597 214851163 0.5
5841527 214684717 1
5841527 214848300 1
5841527 214846031 1
5841527 214846029 0.5
5841527 214829887 0.5
3103356 214835017 1
3103356 214835019 1
3103356 214835475 1
3103356 214829321 0.5
3103356 214832126 0.5
3103356 214831959 0.5
4448894 214602598 1
4448894 214836855 1
4448894 214709970 1
4448894 214836352 0.5
4448894 214586743 0.5
4448894 214586694 0.5
4448894 214845131 0.5
4448894 214838225 0.5
4448894 214828982 0.5
4448894 214832023 0.5
4448894 214839960 0.5
4448894 214821401 0.5
4448894 214819772 0.5
10779264 214854857 1
10779264 214854731 1
10779264 214854300 1
10779264 214854819 0.5
7139972 214819380 1
7139972 214849247 1
7139972 214849807 1
7139972 214819464 0.5
7139972 214853657 0.5
7139972 214845986 0.5
7139972 214587317 0.5
7139972 214849466 0.5
4850454 214835469 1
4850454 214748336 1
4850454 214839973 1
4850454 214839960 0.5
4850454 214836330 0.5
9955974 214853767 1
9955974 214851167 1
9955974 214853700 1
9955974 214853702 0.5
10119818 214853085 1
10119818 214853248 1
10119818 214853094 1
10119818 214853096 0.5
10119818 214853090 0.5
10119818 214852978 0.5
10119818 214851326 0.5
7894466 214850711 1
7894466 214850709 1
7894466 214835064 1
7894466 214748336 0.5
7894466 214849001 0.5
7894466 214848247 0.5
8557201 214848410 1
8557201 214556210 1
8557201 214821020 1
8557201 214849796 0.5
8557201 214837445 0.5
8557201 214561997 0.5
8557201 214826990 0.5
8557201 214645871 0.5
8557201 214690770 0.5
8557201 214851290 0.5
8557201 214677615 0.5
2470613 214835512 1
2470613 214829878 1
2470613 214551613 1
2470613 214829880 0.5
2470613 214835124 0.5
6853268 214846475 1
6853268 214835426 1
6853268 214848986 1
6853268 214835064 0.5
6853268 214718387 0.5
6853268 214846419 0.5
983702 214783352 1
983702 214821032 1
983702 214821392 1
983702 214819577 0.5
983702 214820454 0.5
6502456 214848851 1
6502456 214714794 1
6502456 214848613 1
6502456 214684942 0.5
5399197 214844398 1
5399197 214844345 1
5399197 214844347 1
5399197 214844340 0.5
5399197 214832150 0.5
4733599 214839971 1
4733599 214839967 1
4733599 214587317 1
4733599 214836857 0.5
4733599 214839975 0.5
3703464 214575667 1
3703464 214714757 1
3703464 214838096 1
3703464 214743495 0.5
3703464 214831944 0.5
3703464 214829769 0.5
3703464 214826990 0.5
3703464 214748336 0.5
3703464 214829786 0.5
3703464 214717562 0.5
3703464 214836926 0.5
7834282 214849239 1
7834282 214849284 1
7834282 214676306 1
7834282 214848656 0.5
7834282 214642100 0.5
7834282 214834877 0.5
7834282 214826990 0.5
7834282 214665277 0.5
11084462 214854853 1
11084462 214853424 1
11084462 214826822 1
11084462 214642912 0.5
11084462 214642914 0.5
11084462 214854795 0.5
11084462 214839384 0.5
11084462 214857204 0.5
11084462 214714712 0.5
11084462 214644189 0.5
3422664 214835109 1
3422664 214821015 1
3422664 214836932 1
3422664 214826617 0.5
3422664 214826612 0.5
8065714 214851133 1
8065714 214851028 1
8065714 214851131 1
8065714 214848851 0.5
8065714 214716671 0.5
10611381 214854536 1
10611381 214854352 1
10611381 214854354 1
10611381 214854577 0.5
10611381 214854300 0.5
10611381 214853113 0.5
5542584 214829878 1
5542584 214846033 1
5542584 214829887 1
5542584 214712120 0.5
5542584 214684730 0.5
5542584 214838107 0.5
9310906 214850945 1
9310906 214853135 1
9310906 214700000 1
9310906 214744258 0.5
9310906 214680371 0.5
9310906 214851748 0.5
9310906 214853242 0.5
8722207 214829006 1
8722207 214838122 1
8722207 214851238 1
8722207 214587028 0.5
8722207 214820227 0.5
8722207 214819412 0.5
9091772 214853105 1
9091772 214853248 1
9091772 214853085 1
9091772 214853090 0.5
9091772 214851326 0.5
9091772 214853094 0.5
9091772 214548103 0.5
9428426 214853212 1
9428426 214853338 1
9428426 214850942 1
9428426 214850947 0.5
9428426 214850949 0.5
9428426 214684717 0.5
9428426 214853424 0.5
9428426 214831955 0.5
9428426 214853340 0.5
8419592 214685049 1
8419592 214851161 1
8419592 214851163 1
8419592 214851073 0.5
8419592 214768421 0.5
8419592 214716746 0.5
8419592 214849395 0.5
8419592 214851028 0.5
8419592 214851317 0.5
8419592 214716671 0.5
5527669 214845587 1
5527669 214850402 1
5527669 214711348 1
5527669 214828867 0.5
5527669 214844342 0.5
10201544 214854065 1
10201544 214717888 1
10201544 214547638 1
10201544 214718160 0.5
10201544 214850771 0.5
8542917 214748295 1
8542917 214753505 1
8542917 214851167 1
8542917 214580424 0.5
8542917 214850936 0.5
8542917 214850938 0.5
8542917 214851322 0.5
8542917 214578350 0.5
6057397 214826949 1
6057397 214835473 1
6057397 214844345 1
6057397 214834880 0.5
6057397 214829797 0.5
6057397 214569707 0.5
6057397 214846447 0.5
6057397 214848656 0.5
6057397 214718167 0.5
192267 214826955 1
192267 214826829 1
192267 214826627 1
192267 214826835 0.5
9013708 214820186 1
9013708 214826987 1
9013708 214850947 1
9013708 214853105 0.5
9013708 214831946 0.5
9013708 214850282 0.5
9013708 214857830 0.5
9013708 214853094 0.5
6877901 214849185 1
6877901 214849179 1
6877901 214849192 1
6877901 214849322 0.5
6877901 214684108 0.5
6877901 214667857 0.5
6877901 214849046 0.5
6877901 214849239 0.5
6877901 214834877 0.5
7954021 214850936 1
7954021 214850743 1
7954021 214850771 1
7954021 214850694 0.5
2566264 214829880 1
2566264 214831946 1
2566264 214831948 1
2566264 214829878 0.5
7877332 214821020 1
7877332 214561775 1
7877332 214826752 1
7877332 214838505 0.5
3803567 214827032 1
3803567 214819464 1
3803567 214835447 1
3803567 214558080 0.5
3803567 214820400 0.5
3803567 214820402 0.5
3803567 214831967 0.5
3803567 214601233 0.5
7293663 214850282 1
7293663 214850285 1
7293663 214850310 1
7293663 214762952 0.5
7918317 214850621 1
7918317 214850936 1
7918317 214853758 1
7918317 214716635 0.5
7918317 214677615 0.5
11098862 214854855 1
11098862 214853707 1
11098862 214854819 1
11098862 214854731 0.5
3921363 214838227 1
3921363 214826990 1
3921363 214835109 1
3921363 214826610 0.5
3921363 214561402 0.5
3921363 214821015 0.5
6683381 214849018 1
6683381 214848609 1
6683381 214848384 1
6683381 214829765 0.5
5331702 214844347 1
5331702 214844370 1
5331702 214844398 1
5331702 214845585 0.5
5331702 214835428 0.5
5331702 214844372 0.5
5331702 214836932 0.5
11066104 214854804 1
11066104 214854722 1
11066104 214710013 1
11066104 214853081 0.5
9087737 214853195 1
9087737 214853135 1
9087737 214853077 1
9087737 214853184 0.5
9087737 214853233 0.5
1420472 214821412 1
1420472 214834877 1
1420472 214819721 1
1420472 214820400 0.5
1420472 214826921 0.5
1420472 214826994 0.5
1420472 214826610 0.5
5958396 214846001 1
5958396 214835428 1
5958396 214835426 1
5958396 214846432 0.5
5958396 214709702 0.5
5958396 214845962 0.5
5958396 214846415 0.5
5958396 214748336 0.5
5958396 214835473 0.5
5958396 214849010 0.5
5958396 214846425 0.5
3990269 214836795 1
3990269 214826938 1
3990269 214820452 1
3990269 214829773 0.5
9955769 214853722 1
9955769 214853700 1
9955769 214853713 1
9955769 214854176 0.5
9955769 214853430 0.5
7527171 214677615 1
7527171 214675895 1
7527171 214676375 1
7527171 214850713 0.5
7527171 214821020 0.5
7527171 214850758 0.5
2669319 214829887 1
2669319 214748300 1
2669319 214836519 1
2669319 214753505 0.5
2669319 214826979 0.5
2669319 214831965 0.5
2669319 214748295 0.5
10939148 214853102 1
10939148 214854782 1
10939148 214854787 1
10939148 214855016 0.5
10939148 214854785 0.5
7162639 214850282 1
7162639 214850295 1
7162639 214850304 1
7162639 214849312 0.5
3790638 214829788 1
3790638 214554510 1
3790638 214579288 1
3790638 214577732 0.5
8594198 214848605 1
8594198 214695399 1
8594198 214846012 1
8594198 214850282 0.5
8594198 214831948 0.5
8594198 214829878 0.5
8594198 214848615 0.5
8205079 214850741 1
8205079 214645963 1
8205079 214691390 1
8205079 214850720 0.5
8205079 214846067 0.5
8205079 214573820 0.5
8205079 214850630 0.5
3132184 214674583 1
3132184 214717097 1
3132184 214845969 1
3132184 214539050 0.5
5077941 214837280 1
5077941 214838092 1
5077941 214832156 1
5077941 214829887 0.5
9947931 214853700 1
9947931 214718220 1
9947931 214853722 1
9947931 214853707 0.5
9947931 214540035 0.5
9947931 214853702 0.5
9947931 214853767 0.5
5016348 214832156 1
5016348 214838094 1
5016348 214837286 1
5016348 214838092 0.5
1319386 214717828 1
1319386 214738460 1
1319386 214526083 1
1319386 214684498 0.5
1319386 214748319 0.5
1319386 214648250 0.5
1319386 214829366 0.5
1319386 214819719 0.5
8475424 214851236 1
8475424 214851013 1
8475424 214748336 1
8475424 214587317 0.5
5648176 214845917 1
5648176 214846033 1
5648176 214846012 1
5648176 214835428 0.5
5648176 214826949 0.5
5648176 214849001 0.5
5648176 214716752 0.5
5648176 214828982 0.5
5648176 214846014 0.5
9194278 214853347 1
9194278 214849764 1
9194278 214849230 1
9194278 214849344 0.5
9194278 214558258 0.5
9194278 214718379 0.5
9194278 214853158 0.5
9650983 214853165 1
9650983 214846119 1
9650983 214845962 1
9650983 214853128 0.5
9650983 214678376 0.5
9650983 214846312 0.5
9650983 214851742 0.5
7232648 214849809 1
7232648 214850295 1
7232648 214850282 1
7232648 214836879 0.5
7232648 214850285 0.5
7232648 214846031 0.5
7656214 214850743 1
7656214 214849807 1
7656214 214850771 1
7656214 214575193 0.5
7656214 214850767 0.5
7656214 214850758 0.5
7656214 214551607 0.5
9413086 214853767 1
9413086 214853730 1
9413086 214853700 1
9413086 214853698 0.5
8774454 214853077 1
8774454 214852980 1
8774454 214853105 1
8774454 214853096 0.5
8774454 214852978 0.5
8774454 214853085 0.5
6553737 214849070 1
6553737 214848605 1
6553737 214836527 1
6553737 214829880 0.5
6553737 214845577 0.5
6553737 214718398 0.5
6553737 214846031 0.5
2947898 214834867 1
2947898 214587697 1
2947898 214835019 1
2947898 214609325 0.5
10898236 214854853 1
10898236 214854800 1
10898236 214854795 1
10898236 214854840 0.5
10898236 214854830 0.5
10713919 214567329 1
10713919 214567215 1
10713919 214854358 1
10713919 214567333 0.5
10713919 214854510 0.5
10713919 214684785 0.5
10713919 214854262 0.5
10713919 214849464 0.5
10713919 214684762 0.5
10713919 214853726 0.5
10713919 214567327 0.5
6388544 214820231 1
6388544 214820233 1
6388544 214820261 1
6388544 214820227 0.5
1416003 214587317 1
1416003 214826908 1
1416003 214834877 1
1416003 214748336 0.5
1416003 214640017 0.5
6802248 214849342 1
6802248 214849127 1
6802248 214849318 1
6802248 214849320 0.5
6802248 214832619 0.5
10832721 214853100 1
10832721 214853735 1
10832721 214864880 1
10832721 214854785 0.5
10832721 214684762 0.5
10832721 214684785 0.5
9702226 214665277 1
9702226 214667859 1
9702226 214559960 1
9702226 214586432 0.5
9702226 214555492 0.5
9702226 214845806 0.5
9702226 214676306 0.5
9702226 214849331 0.5
9702226 214558807 0.5
9702226 214680467 0.5
5215061 214845581 1
5215061 214845577 1
5215061 214845352 1
5215061 214844413 0.5
8246107 214851581 1
8246107 214848602 1
8246107 214851122 1
8246107 214846067 0.5
8246107 214851133 0.5
8246107 214717247 0.5
496479 214821305 1
496479 214826925 1
496479 214827005 1
496479 214834865 0.5
496479 214820415 0.5
4424544 214839598 1
4424544 214836512 1
4424544 214831970 1
4424544 214839356 0.5
4424544 214587028 0.5
11389091 214854819 1
11389091 214854838 1
11389091 214853147 1
11389091 214854731 0.5
11389091 214854356 0.5
9337238 214548103 1
9337238 214853402 1
9337238 214853340 1
9337238 214848185 0.5
9337238 214850700 0.5
9741161 214853242 1
9741161 214853132 1
9741161 214851148 1
9741161 214853237 0.5
530578 214537468 1
530578 214676962 1
530578 214709666 1
530578 214826621 0.5
530578 214695285 0.5
9630577 214581611 1
9630577 214853111 1
9630577 214853109 1
9630577 214853130 0.5
9630577 214677830 0.5
1129417 214829085 1
1129417 214820227 1
1129417 214829336 1
1129417 214820233 0.5
8973459 214716714 1
8973459 214684942 1
8973459 214851163 1
8973459 214716671 0.5
8973459 214851131 0.5
8973459 214851579 0.5
11301748 214857562 1
11301748 214857570 1
11301748 214857568 1
11301748 214850315 0.5
6417274 214839960 1
6417274 214845131 1
6417274 214846333 1
6417274 214838225 0.5
6417274 214602802 0.5
6417274 214848997 0.5
6417274 214557095 0.5
1575804 214826610 1
1575804 214834877 1
1575804 214833755 1
1575804 214834880 0.5
1575804 214819430 0.5
1575804 214829321 0.5
1575804 214829387 0.5
1575804 214832780 0.5
1575804 214748336 0.5
1575804 214601233 0.5
9735902 214853135 1
9735902 214851748 1
9735902 214678526 1
9735902 214844400 0.5
9735902 214851097 0.5
9735902 214853227 0.5
9735902 214853222 0.5
8686466 214851292 1
8686466 214845954 1
8686466 214851577 1
8686466 214847942 0.5
8686466 214835167 0.5
3009413 214835745 1
3009413 214717522 1
3009413 214600492 1
3009413 214680720 0.5
3009413 214680722 0.5
3009413 214821300 0.5
3009413 214558807 0.5
6052747 214846417 1
6052747 214846432 1
6052747 214846457 1
6052747 214696897 0.5
6052747 214553257 0.5
6052747 214846318 0.5
6052747 214574672 0.5
6052747 214845971 0.5
6052747 214582200 0.5
6052747 214846425 0.5
4707779 214835167 1
4707779 214847968 1
4707779 214845131 1
4707779 214829797 0.5
4707779 214602598 0.5
7834869 214850700 1
7834869 214829797 1
7834869 214850741 1
7834869 214826623 0.5
7834869 214836855 0.5
7834869 214738455 0.5
10522094 214854517 1
10522094 214854515 1
10522094 214854532 1
10522094 214853767 0.5
10564504 214853085 1
10564504 214853096 1
10564504 214853105 1
10564504 214853702 0.5
6152572 214850880 1
6152572 214850870 1
6152572 214850876 1
6152572 214845980 0.5
1930138 214831946 1
1930138 214826977 1
1930138 214831965 1
1930138 214820392 0.5
1930138 214601233 0.5
1930138 214829878 0.5
1781231 214642153 1
1781231 214829390 1
1781231 214834877 1
1781231 214829366 0.5
9681821 214850947 1
9681821 214853420 1
9681821 214850949 1
9681821 214850700 0.5
7570334 214850771 1
7570334 214850743 1
7570334 214834871 1
7570334 214702905 0.5
7570334 214850938 0.5
7570334 214701309 0.5
9753779 214850947 1
9753779 214853321 1
9753779 214853325 1
9753779 214850942 0.5
8165834 214551624 1
8165834 214844458 1
8165834 214844394 1
8165834 214844456 0.5
8165834 214551626 0.5
8165834 214821341 0.5
8165834 214533022 0.5
8165834 214821309 0.5
2018217 214829880 1
2018217 214831948 1
2018217 214829852 1
2018217 214829090 0.5
8541098 214712237 1
8541098 214716581 1
8541098 214706428 1
8541098 214845356 0.5
8541098 214673295 0.5
8541098 214584092 0.5
8541098 214718255 0.5
2564936 214829882 1
2564936 214829878 1
2564936 214831948 1
2564936 214829880 0.5
2564936 214710062 0.5
4991928 214840091 1
4991928 214837288 1
4991928 214836956 1
4991928 214838092 0.5
10011144 214854264 1
10011144 214853113 1
10011144 214854268 1
10011144 214854352 0.5
10011144 214690796 0.5
6750649 214848845 1
6750649 214667857 1
6750649 214844400 1
6750649 214848688 0.5
6750649 214579875 0.5
6750649 214849284 0.5
6750649 214583670 0.5
6750649 214848656 0.5
6750649 214844372 0.5
6750649 214848757 0.5
6750649 214849046 0.5
6750649 214849239 0.5
9423817 214850942 1
9423817 214853342 1
9423817 214853420 1
9423817 214846432 0.5
9423817 214850945 0.5
9423817 214850949 0.5
9423817 214848941 0.5
9423817 214508942 0.5
9423817 214538484 0.5
9423817 214718158 0.5
9423817 214702905 0.5
9423817 214701309 0.5
9423817 214537541 0.5
5250893 214839969 1
5250893 214839971 1
5250893 214845984 1
5250893 214846033 0.5
5250893 214829797 0.5
5250893 214846001 0.5
10931363 214856550 1
10931363 214853385 1
10931363 214851159 1
10931363 214849312 0.5
10931363 214829387 0.5
10931363 214665277 0.5
10931363 214848337 0.5
10931363 214829366 0.5
10931363 214851290 0.5
10931363 214851101 0.5
8895446 214831955 1
8895446 214853342 1
8895446 214711307 1
8895446 214853340 0.5
5454807 214743515 1
5454807 214540127 1
5454807 214819627 1
5454807 214700002 0.5
5454807 214819395 0.5
5454807 214712237 0.5
144344 214717003 1
144344 214706147 1
144344 214678526 1
144344 214705736 0.5
2552794 214835124 1
2552794 214716110 1
2552794 214744775 1
2552794 214831959 0.5
8031197 214853094 1
8031197 214851167 1
8031197 214853096 1
8031197 214851236 0.5
8031197 214851133 0.5
11159361 214857568 1
11159361 214857570 1
11159361 214857262 1
11159361 214857257 0.5
11159361 214857260 0.5
2827231 214829878 1
2827231 214684730 1
2827231 214826589 1
2827231 214711408 0.5
2827231 214821410 0.5
2827231 214612730 0.5
2827231 214711078 0.5
5131088 214845356 1
5131088 214845354 1
5131088 214845581 1
5131088 214845352 0.5
9381371 214853420 1
9381371 214850945 1
9381371 214853379 1
9381371 214850947 0.5
9381371 214850949 0.5
9381371 214853454 0.5
9381371 214853347 0.5
9381371 214853422 0.5
9381371 214763542 0.5
9381371 214850942 0.5
6538212 214846421 1
6538212 214846460 1
6538212 214846367 1
6538212 214846127 0.5
8504294 214851077 1
8504294 214848658 1
8504294 214851013 1
8504294 214711952 0.5
8504294 214851581 0.5
2074791 214716975 1
2074791 214716977 1
2074791 214844439 1
2074791 214821302 0.5
8094703 214853094 1
8094703 214853248 1
8094703 214851326 1
8094703 214853096 0.5
8094703 214853090 0.5
9329649 214853420 1
9329649 214850945 1
9329649 214850947 1
9329649 214850949 0.5
5512179 214846033 1
5512179 214839973 1
5512179 214846061 1
5512179 214835017 0.5
5512179 214836330 0.5
5512179 214846447 0.5
5512179 214846007 0.5
5512179 214845917 0.5
5512179 214845887 0.5
5408902 214844409 1
5408902 214748338 1
5408902 214839600 1
5408902 214849001 0.5
5408902 214717286 0.5
2667349 214834880 1
2667349 214826610 1
2667349 214748338 1
2667349 214833755 0.5
2667349 214716667 0.5
2667349 214553844 0.5
2667349 214835111 0.5
2667349 214820396 0.5
2667349 214829387 0.5
2667349 214831948 0.5
2667349 214819760 0.5
2667349 214601233 0.5
2667349 214819762 0.5
2667349 214828980 0.5
2667349 214606805 0.5
2667349 214821300 0.5
2667349 214826612 0.5
2667349 214826619 0.5
2667349 214725532 0.5
2667349 214834877 0.5
2667349 214831967 0.5
5284867 214835428 1
5284867 214835426 1
5284867 214846001 1
5284867 214835473 0.5
5284867 214601233 0.5
8150844 214850758 1
8150844 214850938 1
8150844 214850771 1
8150844 214850765 0.5
10624011 214854300 1
10624011 214854585 1
10624011 214684942 1
10624011 214819577 0.5
10624011 214981102 0.5
1460853 214834877 1
1460853 214829387 1
1460853 214826610 1
1460853 214833755 0.5
4070421 214820400 1
4070421 214600492 1
4070421 214839587 1
4070421 214820402 0.5
10716853 214854300 1
10716853 214819577 1
10716853 214854358 1
10716853 214684785 0.5
10716853 214850739 0.5
10716853 214854579 0.5
10716853 214850741 0.5
10716853 214567215 0.5
4723736 214821020 1
4723736 214821015 1
4723736 214835109 1
4723736 214838109 0.5
4723736 214821022 0.5
6829931 214848941 1
6829931 214848986 1
6829931 214851009 1
6829931 214848954 0.5
9331546 214709634 1
9331546 214854146 1
9331546 214853992 1
9331546 214853282 0.5
10312737 214712242 1
10312737 214853072 1
10312737 214854682 1
10312737 214744050 0.5
10312737 214854555 0.5
10312737 214853724 0.5
7545891 214844347 1
7545891 214848337 1
7545891 214836517 1
7545891 214573288 0.5
7545891 214667857 0.5
7545891 214829366 0.5
7545891 214531513 0.5
7545891 214848377 0.5
7545891 214851290 0.5
7545891 214851101 0.5
2235428 214829882 1
2235428 214829878 1
2235428 214829887 1
2235428 214829880 0.5
7502891 214846404 1
7502891 214848165 1
7502891 214845958 1
7502891 214849738 0.5
7502891 214850743 0.5
2503724 214829887 1
2503724 214831957 1
2503724 214829882 1
2503724 214829880 0.5
2503724 214820938 0.5
2503724 214556212 0.5
2503724 214829878 0.5
1021789 214581761 1
1021789 214821305 1
1021789 214821341 1
1021789 214837490 0.5
1021789 214584939 0.5
1021789 214837485 0.5
4035632 214838096 1
4035632 214540127 1
4035632 214839358 1
4035632 214829765 0.5
3776691 214826990 1
3776691 214835109 1
3776691 214838227 1
3776691 214711280 0.5
3776691 214829762 0.5
3776691 214712124 0.5
875701 214827005 1
875701 214827000 1
875701 214826925 1
875701 214827007 0.5
4561984 214826951 1
4561984 214839960 1
4561984 214839973 1
4561984 214839975 0.5
4561984 214602598 0.5
4561984 214829287 0.5
7158851 214849250 1
7158851 214844396 1
7158851 214844398 1
7158851 214844372 0.5
1465413 214829366 1
1465413 214829379 1
1465413 214821399 1
1465413 214829846 0.5
6734689 214848658 1
6734689 214848986 1
6734689 214848849 1
6734689 214667912 0.5
6734689 214849100 0.5
6734689 214849245 0.5
6339658 214848375 1
6339658 214848371 1
6339658 214848808 1
6339658 214848832 0.5
6339658 214848851 0.5
6339658 214848613 0.5
4866914 214845131 1
4866914 214839973 1
4866914 214835019 1
4866914 214839960 0.5
4866914 214835745 0.5
4866914 214836926 0.5
5190736 214832156 1
5190736 214838094 1
5190736 214837286 1
5190736 214837280 0.5
5190736 214838092 0.5
8879187 214851581 1
8879187 214848658 1
8879187 214846067 1
8879187 214834880 0.5
8879187 214839587 0.5
8879187 214743495 0.5
8879187 214853385 0.5
8879187 214846061 0.5
8879187 214846127 0.5
8879187 214706102 0.5
5951333 214846127 1
5951333 214846417 1
5951333 214846412 1
5951333 214850880 0.5
5951333 214850872 0.5
10316896 214567329 1
10316896 214567215 1
10316896 214853735 1
10316896 214854268 0.5
10316896 214567327 0.5
10472099 214854264 1
10472099 214854268 1
10472099 214684762 1
10472099 214854148 0.5
10472099 214853158 0.5
10472099 214850758 0.5
10472099 214854536 0.5
10472099 214854352 0.5
10472099 214684785 0.5
10472099 214844402 0.5
10472099 214853852 0.5
10472099 214853726 0.5
4660663 214829788 1
4660663 214714719 1
4660663 214829852 1
4660663 214579755 0.5
2581606 214829887 1
2581606 214829880 1
2581606 214829882 1
2581606 214829878 0.5
7982183 214551695 1
7982183 214534993 1
7982183 214509150 1
7982183 214538820 0.5
1422441 214826895 1
1422441 214826814 1
1422441 214826805 1
1422441 214579545 0.5
1422441 214827015 0.5
1899626 214833755 1
1899626 214826615 1
1899626 214826621 1
1899626 214829387 0.5
1899626 214553844 0.5
1899626 214554637 0.5
9432171 214854262 1
9432171 214850621 1
9432171 214567333 1
9432171 214853184 0.5
9432171 214853698 0.5
9432171 214851748 0.5
9432171 214854152 0.5
9432171 214743339 0.5
9432171 214854172 0.5
9432171 214853726 0.5
11215378 214854720 1
11215378 214853100 1
11215378 214854782 1
11215378 214855016 0.5
11215378 214848515 0.5
5778542 214844372 1
5778542 214846061 1
5778542 214844398 1
5778542 214602733 0.5
4809842 214839960 1
4809842 214602598 1
4809842 214839973 1
4809842 214640353 0.5
4809842 214839971 0.5
4809842 214586694 0.5
4809842 214839975 0.5
4809842 214829852 0.5
4809842 214836330 0.5
4809842 214845457 0.5
4809842 214836857 0.5
4809842 214829850 0.5
4809842 214845435 0.5
4809842 214836956 0.5
4809842 214844413 0.5
3630198 214691467 1
3630198 214836795 1
3630198 214594678 1
3630198 214829769 0.5
3630198 214836932 0.5
3630198 214836870 0.5
5506167 214835070 1
5506167 214835426 1
5506167 214835064 1
5506167 214835428 0.5
5452921 214716980 1
5452921 214716973 1
5452921 214716977 1
5452921 214716937 0.5
5452921 214716939 0.5
9675902 214853420 1
9675902 214853422 1
9675902 214850945 1
9675902 214850947 0.5
9675902 214800270 0.5
1754243 214821279 1
1754243 214826715 1
1754243 214559726 1
1754243 214829666 0.5
1754243 214717511 0.5
1754243 214705993 0.5
1754243 214838831 0.5
1754243 214829657 0.5
1754243 214673295 0.5
1754243 214584092 0.5
1971332 214829861 1
1971332 214829865 1
1971332 214829707 1
1971332 214829846 0.5
2903574 214826837 1
2903574 214829379 1
2903574 214821401 1
2903574 214829280 0.5
2903574 214837483 0.5
2903574 214826998 0.5
5778566 214844370 1
5778566 214819775 1
5778566 214844372 1
5778566 214844396 0.5
4609161 214836536 1
4609161 214602598 1
4609161 214829280 1
4609161 214744768 0.5
4609161 214839969 0.5
4609161 214586694 0.5
4609161 214845131 0.5
4609161 214602733 0.5
4609161 214829775 0.5
4609161 214836855 0.5
4609161 214828985 0.5
11185293 214854819 1
11185293 214854720 1
11185293 214855209 1
11185293 214710097 0.5
1821549 214829861 1
1821549 214829707 1
1821549 214829863 1
1821549 214684706 0.5
9329811 214853428 1
9329811 214853420 1
9329811 214850947 1
9329811 214850942 0.5
2202776 214829861 1
2202776 214829855 1
2202776 214829863 1
2202776 214832717 0.5
2202776 214829846 0.5
2202776 214702877 0.5
3196059 214834867 1
3196059 214587697 1
3196059 214826565 1
3196059 214642097 0.5
3196059 214717498 0.5
3196059 214582172 0.5
9256099 214831948 1
9256099 214850304 1
9256099 214845352 1
9256099 214684736 0.5
9256099 214846029 0.5
9256099 214850942 0.5
4758694 214839973 1
4758694 214839971 1
4758694 214839967 1
4758694 214710099 0.5
4758694 214829287 0.5
9190569 214852978 1
9190569 214853077 1
9190569 214852980 1
9190569 214853096 0.5
2573483 214829878 1
2573483 214836519 1
2573483 214832780 1
2573483 214748336 0.5
2573483 214826979 0.5
2573483 214835111 0.5
2573483 214831965 0.5
2573483 214819760 0.5
2573483 214835165 0.5
7158958 214850848 1
7158958 214564387 1
7158958 214850940 1
7158958 214744779 0.5
2304984 214829880 1
2304984 214831946 1
2304984 214829885 1
2304984 214831948 0.5
4658357 214826945 1
4658357 214826942 1
4658357 214838098 1
4658357 214836050 0.5
4658357 214838107 0.5
5874139 214835713 1
5874139 214829887 1
5874139 214826822 1
5874139 214826833 0.5
5874139 214601203 0.5
5874139 214712237 0.5
7695553 214849466 1
7695553 214851131 1
7695553 214851579 1
7695553 214850700 0.5
7695553 214819490 0.5
7695553 214579875 0.5
7695553 214850692 0.5
7695553 214820345 0.5
10585286 214853090 1
10585286 214819410 1
10585286 214853094 1
10585286 214852980 0.5
10585286 214854335 0.5
2723433 214836326 1
2723433 214836825 1
2723433 214837918 1
2723433 643078800 0.5
2723433 214573865 0.5
2723433 214696830 0.5
7050441 214718372 1
7050441 214711247 1
7050441 214829767 1
7050441 214579220 0.5
5795018 214844355 1
5795018 214835019 1
5795018 214848298 1
5795018 214846421 0.5
9382941 214853420 1
9382941 214853422 1
9382941 214850942 1
9382941 214850945 0.5
9382941 214850949 0.5
9382941 214554793 0.5
6339789 214848613 1
6339789 214848832 1
6339789 214848808 1
6339789 214829666 0.5
8872224 214695399 1
8872224 214851238 1
8872224 214687753 1
8872224 214717003 0.5
8872224 214842735 0.5
8872224 214851285 0.5
8872224 214839611 0.5
8872224 214550621 0.5
8872224 214774687 0.5
998611 214829042 1
998611 214829045 1
998611 214829336 1
998611 214829032 0.5
998611 214701212 0.5
2408313 214819760 1
2408313 214835087 1
2408313 214748300 1
2408313 214819762 0.5
4259032 214839975 1
4259032 214839973 1
4259032 214832143 1
4259032 214839969 0.5
4259032 214602598 0.5
4259032 214845131 0.5
4259032 214602802 0.5
4259032 214819760 0.5
4259032 214832145 0.5
4259032 214838098 0.5
4259032 214839960 0.5
4259032 214839965 0.5
1637594 214821410 1
1637594 214834880 1
1637594 214834877 1
1637594 214826610 0.5
1637594 214826589 0.5
4267227 214838098 1
4267227 214838105 1
4267227 214838096 1
4267227 214838107 0.5
1488094 214826610 1
1488094 214834880 1
1488094 214834877 1
1488094 214833755 0.5
1488094 214829387 0.5
1488094 214821412 0.5
1488094 214826589 0.5
1488094 214829366 0.5
193759 214827005 1
193759 214827007 1
193759 214826925 1
193759 214827000 0.5
9932002 214854354 1
9932002 214854352 1
9932002 214853113 1
9932002 214854536 0.5
9932002 214854268 0.5
9932002 214853855 0.5
6501603 214848969 1
6501603 214848851 1
6501603 214848656 1
6501603 214848832 0.5
6501603 214850788 0.5
6501603 214848613 0.5
6501603 214839975 0.5
6501603 214845131 0.5
6501603 214848337 0.5
6501603 214848371 0.5
6501603 214839973 0.5
9312806 214853460 1
9312806 214712235 1
9312806 214850291 1
9312806 214853340 0.5
9312806 214744258 0.5
9312806 214680371 0.5
9312806 214853428 0.5
9312806 214701787 0.5
908519 214746427 1
908519 214711280 1
908519 214712124 1
908519 214826872 0.5
908519 214826908 0.5
908519 214753515 0.5
908519 214821300 0.5
908519 214826998 0.5
10764108 214665277 1
10764108 214849312 1
10764108 214567329 1
10764108 214567333 0.5
3540202 214829765 1
3540202 214836926 1
3540202 214839984 1
3540202 214835017 0.5
3540202 214553578 0.5
3540202 214835747 0.5
3540202 214834867 0.5
11265261 214853102 1
11265261 214854785 1
11265261 214864880 1
11265261 214852978 0.5
2654966 214829880 1
2654966 214829878 1
2654966 214829887 1
2654966 214831948 0.5
3683571 214835109 1
3683571 214838227 1
3683571 214826990 1
3683571 214575665 0.5
3683571 214819562 0.5
3683571 214684498 0.5
8518902 214851131 1
8518902 214851163 1
8518902 214684942 1
8518902 214716746 0.5
8518902 214851165 0.5
8518902 214716671 0.5
9194746 214853420 1
9194746 214850945 1
9194746 214853428 1
9194746 214850949 0.5
5131519 214848324 1
5131519 214743352 1
5131519 214560534 1
5131519 214743350 0.5
7245059 214846012 1
7245059 214846033 1
7245059 214831948 1
7245059 214850315 0.5
7245059 214838102 0.5
9006342 214852978 1
9006342 214848120 1
9006342 214763428 1
9006342 214853248 0.5
9006342 214853094 0.5
4537613 214845131 1
4537613 214839587 1
4537613 214829850 1
4537613 214832012 0.5
4537613 214836330 0.5
4537613 214829852 0.5
4537613 214820402 0.5
4537613 214839932 0.5
6992209 214835109 1
6992209 214849312 1
6992209 214848410 1
6992209 214848337 0.5
6992209 214821410 0.5
6992209 214826990 0.5
6992209 214844345 0.5
9893136 214854300 1
9893136 214854354 1
9893136 214854579 1
9893136 214854585 0.5
5784849 214846119 1
5784849 214676377 1
5784849 214845954 1
5784849 214559660 0.5
4222229 214826945 1
4222229 214838107 1
4222229 214838102 1
4222229 214712235 0.5
4222229 214602605 0.5
9860374 214516136 1
9860374 214853353 1
9860374 214561775 1
9860374 214854152 0.5
9860374 214845962 0.5
9860374 214854163 0.5
9860374 214643934 0.5
5427127 214831946 1
5427127 214826715 1
5427127 214684710 1
5427127 214838098 0.5
5427127 214673295 0.5
5427127 214717511 0.5
103837 214545879 1
103837 214826897 1
103837 214826608 1
103837 214716710 0.5
11140377 214857204 1
11140377 214835004 1
11140377 214704182 1
11140377 214835000 0.5
11140377 214859242 0.5
5531183 214835473 1
5531183 214831955 1
5531183 214844372 1
5531183 214844400 0.5
5531183 214835428 0.5
7697692 214717007 1
7697692 214717003 1
7697692 214844456 1
7697692 214716928 0.5
7697692 214716982 0.5
11043034 214712235 1
11043034 214705757 1
11043034 214854217 1
11043034 214744258 0.5
11043034 214701787 0.5
11043034 214854789 0.5
11043034 214854791 0.5
11043034 214853321 0.5
11043034 214861895 0.5
11043034 214680371 0.5
11043034 214743515 0.5
2305311 214829880 1
2305311 214829887 1
2305311 214821392 1
2305311 214829394 0.5
2305311 214844460 0.5
9931714 214853700 1
9931714 214853767 1
9931714 214853735 1
9931714 214853728 0.5
9931714 214853713 0.5
9931714 214853698 0.5
9931714 214853702 0.5
11080993 214853100 1
11080993 214854791 1
11080993 214854785 1
11080993 214854787 0.5
11080993 214854782 0.5
6464802 214829390 1
6464802 214848656 1
6464802 214846530 1
6464802 214844345 0.5
6464802 214569474 0.5
6464802 214835070 0.5
6464802 214602598 0.5
6464802 214826711 0.5
7599399 214612706 1
7599399 214716930 1
7599399 214533022 1
7599399 214551624 0.5
7599399 214855185 0.5
7599399 214821315 0.5
7599399 214716932 0.5
7599399 214850852 0.5
4720704 214710099 1
4720704 214839943 1
4720704 214542759 1
4720704 214716635 0.5
2180396 214829366 1
2180396 214832720 1
2180396 214829670 1
2180396 214829857 0.5
2180396 214826705 0.5
9628974 214849738 1
9628974 214849734 1
9628974 214849762 1
9628974 214849736 0.5
6012207 214846412 1
6012207 214846466 1
6012207 214846425 1
6012207 214846417 0.5
10886024 214854731 1
10886024 214854819 1
10886024 214853079 1
10886024 214851137 0.5
10886024 214854857 0.5
10886024 214853855 0.5
10886024 214854352 0.5
10886024 214567327 0.5
10886024 214854718 0.5
10886024 214854527 0.5
8334232 214717007 1
8334232 214850713 1
8334232 214844398 1
8334232 214851579 0.5
8334232 214748327 0.5
8334232 214716939 0.5
8334232 214844396 0.5
8334232 214832655 0.5
8334232 214848688 0.5
8334232 214820807 0.5
8334232 214846415 0.5
8334232 214832604 0.5
9233971 214853454 1
9233971 214850947 1
9233971 214853321 1
9233971 214853420 0.5
4144429 214838109 1
4144429 214835130 1
4144429 214839356 1
4144429 214845129 0.5
4144429 214552395 0.5
4144429 214844486 0.5
2485558 214829878 1
2485558 214831946 1
2485558 214829887 1
2485558 214831948 0.5
8196477 214849155 1
8196477 214851290 1
8196477 214564380 1
8196477 214846475 0.5
8196477 214853094 0.5
145019 214820396 1
145019 214744775 1
145019 214820392 1
145019 214717286 0.5
2667744 214829878 1
2667744 214829882 1
2667744 214831946 1
2667744 214829880 0.5
2667744 214829885 0.5
2667744 214829670 0.5
279876 214819376 1
279876 214744775 1
279876 214819762 1
279876 214820392 0.5
279876 214820402 0.5
279876 214725532 0.5
5639493 214846012 1
5639493 214819779 1
5639493 214846033 1
5639493 214829880 0.5
5639493 214848997 0.5
5639493 214848159 0.5
5639493 214839973 0.5
5639493 214829797 0.5
10822881 214854707 1
10822881 214853072 1
10822881 214642910 1
10822881 214851122 0.5
10822881 214854842 0.5
10822881 214642918 0.5
9663161 214850947 1
9663161 214850949 1
9663161 214853212 1
9663161 214853381 0.5
6790478 214849012 1
6790478 214711348 1
6790478 214712126 1
6790478 214848337 0.5
6790478 214848330 0.5
6790478 214826990 0.5
2680144 214835132 1
2680144 214835017 1
2680144 214826565 1
2680144 214587697 0.5
9934161 214853702 1
9934161 214853713 1
9934161 214853730 1
9934161 214853767 0.5
52563 214820383 1
52563 214821285 1
52563 214826702 1
52563 214820842 0.5
52563 214685795 0.5
52563 214686086 0.5
8318862 214851131 1
8318862 214851122 1
8318862 214851163 1
8318862 214835167 0.5
8318862 214851236 0.5
8318862 214846119 0.5
5625176 214845971 1
5625176 214846117 1
5625176 214845135 1
5625176 214581761 0.5
5625176 214846119 0.5
5625176 214845962 0.5
5625176 214829739 0.5
5625176 214849072 0.5
5625176 214845939 0.5
5625176 214846010 0.5
894298 214685795 1
894298 214829312 1
894298 214827030 1
894298 214685621 0.5
894298 214546102 0.5
4910427 214832156 1
4910427 214837288 1
4910427 214836956 1
4910427 214826833 0.5
4910427 214746380 0.5
4910427 214839311 0.5
2868572 214831935 1
2868572 214836330 1
2868572 214835019 1
2868572 214839617 0.5
2868572 214820810 0.5
2868572 214836534 0.5
3181252 214836534 1
3181252 214835505 1
3181252 214836530 1
3181252 214826623 0.5
2514273 214829880 1
2514273 214831946 1
2514273 214829885 1
2514273 214748336 0.5
2514273 214819762 0.5
2514273 214831967 0.5
2514273 214835124 0.5
2514273 214831959 0.5
5721442 214844355 1
5721442 214844370 1
5721442 214844400 1
5721442 214844368 0.5
5721442 214579837 0.5
9993787 214564387 1
9993787 214853113 1
9993787 214854358 1
9993787 214854352 0.5
9993787 214684762 0.5
9993787 214850411 0.5
9993787 214850771 0.5
9505218 214853420 1
9505218 214850947 1
9505218 214850945 1
9505218 214684736 0.5
10120563 214853994 1
10120563 214853992 1
10120563 214853865 1
10120563 214854536 0.5
10120563 214853852 0.5
10120563 214854148 0.5
10120563 214854165 0.5
3026296 214835132 1
3026296 214834867 1
3026296 214835107 1
3026296 214832555 0.5
11273492 214829790 1
11273492 214839590 1
11273492 214850295 1
11273492 214848969 0.5
11273492 214829882 0.5
11273492 214744260 0.5
11273492 214826893 0.5
1250879 214684841 1
1250879 214571188 1
1250879 214558192 1
1250879 214684845 0.5
1250879 214563133 0.5
8082813 214851131 1
8082813 214684942 1
8082813 214851097 1
8082813 214851133 0.5
6720894 214844402 1
6720894 214849239 1
6720894 214846472 1
6720894 214850788 0.5
6720894 214848656 0.5
6720894 214710097 0.5
6720894 214849333 0.5
6720894 214846460 0.5
6720894 214665277 0.5
8103299 214851232 1
8103299 214851290 1
8103299 214851101 1
8103299 214554982 0.5
8103299 214849031 0.5
8103299 214552522 0.5
8103299 214850700 0.5
8103299 214851313 0.5
8103299 214844347 0.5
8103299 214845885 0.5
1233401 214748327 1
1233401 214819577 1
1233401 214821032 1
1233401 214677512 0.5
1233401 214716120 0.5
1233401 214716986 0.5
1233401 214554973 0.5
1233401 214684046 0.5
9471367 214853420 1
9471367 214846072 1
9471367 214853154 1
9471367 214850947 0.5
9471367 214716110 0.5
9471367 214848688 0.5
9471367 214853347 0.5
9471367 214848185 0.5
9471367 214853465 0.5
9471367 214853147 0.5
9471367 214850942 0.5
10431724 214854268 1
10431724 214684785 1
10431724 214854264 1
10431724 214854536 0.5
10431724 214854354 0.5
10431724 214853726 0.5
10431724 214854358 0.5
10431724 214567215 0.5
6147467 214508563 1
6147467 214718216 1
6147467 214850362 1
6147467 214716110 0.5
265612 214839984 1
265612 214706216 1
265612 214774665 1
265612 214820201 0.5
10037826 214853381 1
10037826 214853347 1
10037826 214853417 1
10037826 214846432 0.5
9037199 214851279 1
9037199 214839594 1
9037199 214540055 1
9037199 214826987 0.5
9037199 214835126 0.5
9037199 214857830 0.5
2776464 214834867 1
2776464 214831955 1
2776464 214651562 1
2776464 214831957 0.5
2776464 214835111 0.5
5309841 214844402 1
5309841 214844370 1
5309841 214844345 1
5309841 214601233 0.5
5309841 214844355 0.5
5309841 214844398 0.5
2590098 214826565 1
2590098 214834867 1
2590098 214835019 1
2590098 214676962 0.5
2590098 214609325 0.5
2590098 214819526 0.5
2590098 214717085 0.5
5111188 214845354 1
5111188 214845380 1
5111188 214845577 1
5111188 214845352 0.5
9792917 214854300 1
9792917 214564382 1
9792917 214854579 1
9792917 214819577 0.5
9792917 214849365 0.5
9792917 214850621 0.5
5733656 214849001 1
5733656 214835017 1
5733656 214848185 1
5733656 214845412 0.5
5733656 214835019 0.5
5733656 214846061 0.5
5733656 214748336 0.5
5733656 214846007 0.5
5733656 214845917 0.5
2932121 214540597 1
2932121 214672942 1
2932121 214774665 1
2932121 214578836 0.5
2932121 214577612 0.5
2932121 214687685 0.5
11023771 214853100 1
11023771 214854840 1
11023771 214864880 1
11023771 214853102 0.5
7116189 214509401 1
7116189 214849102 1
7116189 214850295 1
7116189 214844372 0.5
7116189 214826949 0.5
7116189 214665277 0.5
9657761 214853364 1
9657761 214850947 1
9657761 214850949 1
9657761 214848185 0.5
9657761 214701787 0.5
9657761 214764748 0.5
9657761 214853366 0.5
9657761 214853454 0.5
5083327 214748291 1
5083327 214837286 1
5083327 214850679 1
5083327 214748304 0.5
5083327 214850677 0.5
5320603 214835428 1
5320603 214835064 1
5320603 214834867 1
5320603 214835070 0.5
9414061 214853135 1
9414061 214853992 1
9414061 214853865 1
9414061 214854017 0.5
9414061 214852980 0.5
8721839 214853105 1
8721839 214853248 1
8721839 214852980 1
8721839 214851097 0.5
8721839 214716746 0.5
8721839 214851579 0.5
11181492 214854827 1
11181492 214853100 1
11181492 214854782 1
11181492 214712242 0.5
9971126 214567333 1
9971126 214854510 1
9971126 214687475 1
9971126 214854262 0.5
7372221 214850295 1
7372221 214849809 1
7372221 214850304 1
7372221 214846112 0.5
4350197 214835167 1
4350197 214829765 1
4350197 214836924 1
4350197 214718379 0.5
5416384 214844370 1
5416384 214835064 1
5416384 214826949 1
5416384 214581572 0.5
5416384 214835473 0.5
5416384 214835428 0.5
8771011 214850949 1
8771011 214850942 1
8771011 214831948 1
8771011 214853454 0.5
8771011 214711295 0.5
4447478 214845131 1
4447478 214839971 1
4447478 214820844 1
4447478 214584939 0.5
2012614 214829865 1
2012614 214829863 1
2012614 214829861 1
2012614 214829672 0.5
4896199 214840082 1
4896199 214832150 1
4896199 214844345 1
4896199 214844342 0.5
4896199 214829878 0.5
10270152 214854532 1
10270152 214854298 1
10270152 214819772 1
10270152 214849312 0.5
10270152 214850754 0.5
10270152 214836932 0.5
10270152 214853702 0.5
10270152 214851313 0.5
10270152 214845131 0.5
10270152 214718220 0.5
10270152 214845583 0.5
10270152 214848849 0.5
10270152 214543922 0.5
10270152 214849012 0.5
10270152 214829366 0.5
10270152 214531513 0.5
4728396 214587317 1
4728396 214836853 1
4728396 214602598 1
4728396 214828985 0.5
4728396 214586694 0.5
4728396 214829775 0.5
2602442 214829882 1
2602442 214829878 1
2602442 214829887 1
2602442 214829880 0.5
2602442 214829885 0.5
5787086 214846119 1
5787086 214846117 1
5787086 214553257 1
5787086 214845984 0.5
5787086 214839587 0.5
5787086 214846312 0.5
5787086 214845965 0.5
5787086 214846318 0.5
5787086 214849010 0.5
5787086 214819640 0.5
5787086 214676377 0.5
5787086 214839932 0.5
5787086 214845917 0.5
1999477 214829878 1
1999477 214829887 1
1999477 214826977 1
1999477 214800262 0.5
1999477 214819430 0.5
1999477 214820392 0.5
1999477 214832780 0.5
1999477 214819760 0.5
1999477 214819762 0.5
1999477 214829852 0.5
3098066 214829885 1
3098066 214829878 1
3098066 214829882 1
3098066 214844456 0.5
3098066 214829880 0.5
3098066 214831948 0.5
10638803 214853102 1
10638803 214853100 1
10638803 214854785 1
10638803 214854720 0.5
10638803 214854722 0.5
10638803 214714755 0.5
10638803 214853381 0.5
10638803 214849100 0.5
10638803 214854733 0.5
10638803 214849468 0.5
10638803 214710013 0.5
9919956 214853722 1
9919956 214853700 1
9919956 214853730 1
9919956 214853707 0.5
2213339 214835747 1
2213339 214834867 1
2213339 214835019 1
2213339 214609325 0.5
10151583 214854262 1
10151583 214854510 1
10151583 214854358 1
10151583 214854146 0.5
10151583 214684762 0.5
10151583 214853726 0.5
10151583 214557223 0.5
5352927 214832145 1
5352927 214826990 1
5352927 214844345 1
5352927 214848997 0.5
5352927 214712137 0.5
5352927 214838225 0.5
5352927 214826610 0.5
5352927 214844340 0.5
5352927 214832150 0.5
6532577 214826990 1
6532577 214846535 1
6532577 214848330 1
6532577 214848377 0.5
10743267 214850550 1
10743267 214850330 1
10743267 214853722 1
10743267 214853767 0.5
9551332 214829878 1
9551332 214850949 1
9551332 214846033 1
9551332 214829880 0.5
9551332 214838107 0.5
9551332 214826835 0.5
9551332 214853420 0.5
9551332 214846031 0.5
5940714 214846119 1
5940714 214845962 1
5940714 214846010 1
5940714 214821384 0.5
5940714 214845971 0.5
10343918 214684762 1
10343918 214853728 1
10343918 214569707 1
10343918 214684785 0.5
2899439 214829878 1
2899439 214831946 1
2899439 214829887 1
2899439 214819468 0.5
10748841 214692821 1
10748841 214685874 1
10748841 214518639 1
10748841 214595038 0.5
9473531 214826987 1
9473531 214853848 1
9473531 214851759 1
9473531 214821377 0.5
9473531 214854148 0.5
9473531 214848165 0.5
9473531 214857830 0.5
9473531 214853325 0.5
9473531 214851090 0.5
9473531 214853850 0.5
9473531 214854180 0.5
9473531 214850938 0.5
9473531 214853690 0.5
3128831 214835165 1
3128831 214829885 1
3128831 214540125 1
3128831 214829880 0.5
3128831 214829878 0.5
10597652 214854354 1
10597652 214854268 1
10597652 214854577 1
10597652 214684785 0.5
10597652 214684762 0.5
10597652 214850739 0.5
9975304 214853263 1
9975304 214852987 1
9975304 214852985 1
9975304 214581611 0.5
9975304 214853130 0.5
9975304 214853115 0.5
11433482 214686879 1
11433482 214853102 1
11433482 214857260 1
11433482 214854767 0.5
9339511 214711307 1
9339511 214850949 1
9339511 214850945 1
9339511 214829880 0.5
9339511 214853338 0.5
9339511 214850947 0.5
1490447 214834880 1
1490447 214821410 1
1490447 214826589 1
1490447 214821412 0.5
1490447 214834877 0.5
809613 214821302 1
809613 214571188 1
809613 214828987 1
809613 214837442 0.5
809613 214837483 0.5
7964183 214850743 1
7964183 214677615 1
7964183 214716984 1
7964183 214716928 0.5
7964183 214850692 0.5
7964183 214850405 0.5
7964183 214850758 0.5
7964183 214850876 0.5
7964183 214717005 0.5
7964183 214835087 0.5
7964183 214836947 0.5
7964183 214850870 0.5
7964183 214829852 0.5
7964183 214821022 0.5
8228377 214851101 1
8228377 214851232 1
8228377 214851290 1
8228377 214850387 0.5
8228377 214850700 0.5
5500453 214844398 1
5500453 214844372 1
5500453 214844368 1
5500453 214835473 0.5
996273 214834877 1
996273 214829387 1
996273 214829366 1
996273 214826610 0.5
2723368 214835017 1
2723368 214587697 1
2723368 214826565 1
2723368 643078800 0.5
2723368 214835747 0.5
2723368 214577450 0.5
2723368 214832780 0.5
2723368 214819760 0.5
2723368 214717850 0.5
10538537 214853113 1
10538537 214854536 1
10538537 214854352 1
10538537 214854354 0.5
10143274 214718160 1
10143274 214853730 1
10143274 214850765 1
10143274 214717888 0.5
10143274 214854172 0.5
10143274 214854165 0.5
8156721 214852978 1
8156721 214851326 1
8156721 214852980 1
8156721 214819393 0.5
8156721 214853096 0.5
8156721 214716110 0.5
8156721 214677615 0.5
8156721 214676306 0.5
8156721 214832792 0.5
8156721 214718169 0.5
8156721 214573310 0.5
1031731 214821315 1
1031731 214844439 1
1031731 214821309 1
1031731 214612706 0.5
1031731 214551607 0.5
1031731 214533026 0.5
1031731 214551626 0.5
1031731 214586711 0.5
5260852 214829852 1
5260852 214844402 1
5260852 214748336 1
5260852 214834880 0.5
5260852 214826949 0.5
5260852 214838225 0.5
5260852 214844342 0.5
5260852 214844345 0.5
5260852 214834877 0.5
7247414 214849250 1
7247414 214850291 1
7247414 214534464 1
7247414 214851032 0.5
7247414 214849777 0.5
3879293 214838227 1
3879293 214836932 1
3879293 214835109 1
3879293 214836924 0.5
8000696 214832655 1
8000696 214640012 1
8000696 214850304 1
8000696 214853758 0.5
9893436 214854300 1
9893436 214854585 1
9893436 214854579 1
9893436 214849464 0.5
9893436 214819577 0.5
9893436 214854125 0.5
5143913 214837494 1
5143913 214847261 1
5143913 214847255 1
5143913 214839962 0.5
10991168 214854840 1
10991168 214853100 1
10991168 214854782 1
10991168 214854857 0.5
10991168 214853722 0.5
2326081 214829880 1
2326081 214829882 1
2326081 214831946 1
2326081 214829885 0.5
2326081 214829878 0.5
9340482 214850947 1
9340482 214850949 1
9340482 214850945 1
9340482 214853422 0.5
9997891 214853460 1
9997891 214853340 1
9997891 214853428 1
9997891 214848298 0.5
6274629 214848337 1
6274629 214845962 1
6274629 214845971 1
6274629 214709702 0.5
6274629 214835167 0.5
7745094 214850726 1
7745094 214850855 1
7745094 214849363 1
7745094 214837442 0.5
7745094 214850692 0.5
7745094 214850405 0.5
7745094 214850790 0.5
7745094 214850792 0.5
7745094 214832147 0.5
7745094 214839962 0.5
5469769 214714717 1
5469769 214836326 1
5469769 214843367 1
5469769 214844345 0.5
5469769 214835428 0.5
5469769 214832156 0.5
2524746 214829878 1
2524746 214829887 1
2524746 214714757 1
2524746 214831965 0.5
3887709 214836870 1
3887709 214595150 1
3887709 214613741 1
3887709 214583769 0.5
3887709 214836795 0.5
890444 214837485 1
890444 214837490 1
890444 214821309 1
890444 214698446 0.5
2626829 214829878 1
2626829 214829882 1
2626829 214831946 1
2626829 214829885 0.5
3098192 214829882 1
3098192 214829878 1
3098192 214829887 1
3098192 214684736 0.5
3098192 214826977 0.5
3098192 214686082 0.5
3098192 214716110 0.5
3098192 214829885 0.5
3098192 214601233 0.5
3098192 214831959 0.5
3098192 214829880 0.5
3098192 214831965 0.5
8466001 214851013 1
8466001 214851290 1
8466001 214851232 1
8466001 214564380 0.5
8466001 214849031 0.5
2086483 214829861 1
2086483 214829865 1
2086483 214829707 1
2086483 214836073 0.5
9585934 214853420 1
9585934 214850945 1
9585934 214850947 1
9585934 214850282 0.5
1476421 214821412 1
1476421 214834877 1
1476421 214834880 1
1476421 214821410 0.5
1476421 214826589 0.5
6078043 214835042 1
6078043 214849072 1
6078043 214821035 1
6078043 214826833 0.5
9014878 214852980 1
9014878 214853077 1
9014878 214853094 1
9014878 214852978 0.5
5620326 214845971 1
5620326 214676377 1
5620326 214845962 1
5620326 214819586 0.5
5620326 214680360 0.5
5620326 214553257 0.5
5620326 214844396 0.5
5620326 214849010 0.5
5620326 214846312 0.5
5620326 214844370 0.5
9657963 214850949 1
9657963 214850942 1
9657963 214850947 1
9657963 214844400 0.5
9657963 214853700 0.5
9657963 214854118 0.5
9657963 214743495 0.5
6223464 214848977 1
6223464 214848982 1
6223464 214710097 1
6223464 214514272 0.5
3845741 214829771 1
3845741 214836932 1
3845741 214845127 1
3845741 214829769 0.5
3845741 214836924 0.5
9477744 214853325 1
9477744 214853342 1
9477744 214853340 1
9477744 214831955 0.5
9477744 214853460 0.5
9477744 214850942 0.5
10008178 214854146 1
10008178 214853865 1
10008178 214709634 1
10008178 214849322 0.5
10008178 214853996 0.5
10008178 214854165 0.5
8025716 214849809 1
8025716 214717507 1
8025716 214540179 1
8025716 214839596 0.5
8470462 214853096 1
8470462 214853085 1
8470462 214853105 1
8470462 214852980 0.5
8337014 214849153 1
8337014 214651517 1
8337014 214585644 1
8337014 214584920 0.5
8337014 214851581 0.5
8337014 214849031 0.5
7798377 214716930 1
7798377 214716982 1
7798377 214509401 1
7798377 214716984 0.5
7798377 214716932 0.5
9844344 214706428 1
9844344 214853420 1
9844344 214850945 1
9844344 214819400 0.5
9844344 214829878 0.5
9844344 214673295 0.5
6823547 214849333 1
6823547 214849239 1
6823547 214846001 1
6823547 214845131 0.5
6823547 214602733 0.5
6823547 214844398 0.5
6823547 214667857 0.5
6823547 214844340 0.5
6823547 214845917 0.5
2145916 214538574 1
2145916 214748257 1
2145916 214538572 1
2145916 214829820 0.5
2373247 214829887 1
2373247 214829878 1
2373247 214600509 1
2373247 214826983 0.5
10403776 214687475 1
10403776 214848315 1
10403776 214853497 1
10403776 214854819 0.5
10403776 214687845 0.5
10403776 214846391 0.5
10403776 214854125 0.5
10403776 214859246 0.5
10403776 214849807 0.5
10403776 214854838 0.5
10403776 214819410 0.5
10403776 214850422 0.5
10403776 214854583 0.5
10403776 214652216 0.5
10403776 214857167 0.5
10403776 214854075 0.5
10403776 214854174 0.5
10403776 214854815 0.5
8724099 214853085 1
8724099 214851742 1
8724099 214848302 1
8724099 214581761 0.5
8724099 214853077 0.5
8152843 214851579 1
8152843 214832604 1
8152843 214716707 1
8152843 214561674 0.5
8152843 214837027 0.5
8152843 214837014 0.5
8152843 214716671 0.5
6097516 214845982 1
6097516 214845958 1
6097516 214829797 1
6097516 214848992 0.5
6097516 214848185 0.5
6097516 214763966 0.5
10516106 214848326 1
10516106 214853730 1
10516106 214854352 1
10516106 214857155 0.5
10516106 214696676 0.5
10516106 214851557 0.5
10829451 214853100 1
10829451 214854853 1
10829451 214864880 1
10829451 214853102 0.5
2555532 214829882 1
2555532 214829880 1
2555532 214829887 1
2555532 214831946 0.5
2555532 214831948 0.5
2555532 214836517 0.5
2555532 214829878 0.5
2555532 214831965 0.5
2726517 214829878 1
2726517 214829880 1
2726517 214717511 1
2726517 214831948 0.5
7477528 214844398 1
7477528 214846427 1
7477528 214844372 1
7477528 214844400 0.5
7477528 214846479 0.5
4901486 214826833 1
4901486 214585633 1
4901486 214831955 1
4901486 214829880 0.5
4901486 214746380 0.5
10938809 214854268 1
10938809 214854264 1
10938809 214854148 1
10938809 214684785 0.5
10938809 214684762 0.5
10938809 214567215 0.5
7070238 214849466 1
7070238 214849757 1
7070238 214849760 1
7070238 214849736 0.5
7070238 214844400 0.5
7070238 214849738 0.5
3793682 214838227 1
3793682 214836932 1
3793682 214826990 1
3793682 214684513 0.5
3793682 214836924 0.5
3793682 214829773 0.5
3793682 214829769 0.5
8500892 214850366 1
8500892 214848980 1
8500892 214850282 1
8500892 214831955 0.5
8500892 214584092 0.5
8500892 214829878 0.5
8500892 214832143 0.5
8704282 214853094 1
8704282 214853259 1
8704282 214853212 1
8704282 214542759 0.5
5168799 214819627 1
5168799 214831955 1
5168799 214831946 1
5168799 214829878 0.5
7833248 214850713 1
7833248 214850709 1
7833248 214850711 1
7833248 214708016 0.5
7833248 214581954 0.5
7833248 214711247 0.5
10632476 214839590 1
10632476 214820240 1
10632476 214850567 1
10632476 214748291 0.5
10632476 214854795 0.5
1177263 214684942 1
1177263 214553533 1
1177263 214716746 1
1177263 214684841 0.5
1177263 214716714 0.5
1177263 214662787 0.5
1177263 214716671 0.5
5387307 214844396 1
5387307 214844402 1
5387307 214712126 1
5387307 214838225 0.5
5387307 214601233 0.5
5781172 214835747 1
5781172 214829852 1
5781172 214846001 1
5781172 214680722 0.5
5781172 214839587 0.5
5781172 214706102 0.5
5781172 214846067 0.5
2406071 214829878 1
2406071 214829887 1
2406071 214831946 1
2406071 214829882 0.5
6139577 214845962 1
6139577 214846119 1
6139577 214846117 1
6139577 214582200 0.5
6139577 214846318 0.5
9596603 214853379 1
9596603 214853420 1
9596603 214853347 1
9596603 214850947 0.5
9596603 214853428 0.5
10336544 214854583 1
10336544 214687845 1
10336544 214687475 1
10336544 214846391 0.5
8867523 214853210 1
8867523 214851750 1
8867523 214853242 1
8867523 214853182 0.5
872132 214748291 1
872132 214753507 1
872132 214581489 1
872132 214748304 0.5
872132 214680371 0.5
872132 214748300 0.5
5044854 214840091 1
5044854 214838092 1
5044854 214826818 1
5044854 214826833 0.5
6205127 214846029 1
6205127 214644662 1
6205127 214837262 1
6205127 214839718 0.5
1730249 214834877 1
1730249 214829387 1
1730249 214833755 1
1730249 214834880 0.5
1039991 214844100 1
1039991 214844034 1
1039991 214820447 1
1039991 214820415 0.5
6995663 214848701 1
6995663 214848973 1
6995663 214832143 1
6995663 214831955 0.5
6995663 214850957 0.5
9029328 214853237 1
9029328 214853242 1
9029328 214853210 1
9029328 214853182 0.5
3073748 214835548 1
3073748 214835552 1
3073748 214711642 1
3073748 214576545 0.5
3073748 214567095 0.5
3073748 214839311 0.5
3841753 214829765 1
3841753 214835167 1
3841753 214836924 1
3841753 214667912 0.5
3841753 214836932 0.5
3841753 214835462 0.5
3841753 214718199 0.5
10147547 214853722 1
10147547 214853715 1
10147547 214853865 1
10147547 214853698 0.5
10147547 214832156 0.5
10147547 214854146 0.5
10147547 214854165 0.5
2924256 214835017 1
2924256 214835019 1
2924256 214587712 1
2924256 214835747 0.5
9135842 214853085 1
9135842 214851326 1
9135842 214853090 1
9135842 214853094 0.5
8855273 214852982 1
8855273 214676010 1
8855273 214853265 1
8855273 214821320 0.5
11081454 214857204 1
11081454 214835004 1
11081454 214854080 1
11081454 214835000 0.5
4080607 214838102 1
4080607 214582541 1
4080607 214820392 1
4080607 214838137 0.5
4080607 214828980 0.5
10364657 214853848 1
10364657 214853242 1
10364657 214851080 1
10364657 214706152 0.5
10364657 214851073 0.5
10364657 214853994 0.5
10364657 214853413 0.5
10364657 214853430 0.5
9291508 214853420 1
9291508 214853342 1
9291508 214853422 1
9291508 214850949 0.5
6385397 214848330 1
6385397 214846535 1
6385397 214849275 1
6385397 214848328 0.5
6385397 214848377 0.5
6385397 214844347 0.5
6385397 214573277 0.5
6385397 214829366 0.5
2197997 214743495 1
2197997 214834997 1
2197997 214835754 1
2197997 214829385 0.5
11503353 214854575 1
11503353 214854343 1
11503353 214854296 1
11503353 214839341 0.5
5112072 214832147 1
5112072 214826833 1
5112072 214832010 1
5112072 214839960 0.5
5112072 214839965 0.5
10430922 214853379 1
10430922 214844372 1
10430922 214854155 1
10430922 214850942 0.5
6569259 214848375 1
6569259 214848371 1
6569259 214848982 1
6569259 214709645 0.5
5521928 214711348 1
5521928 214832567 1
5521928 214845587 1
5521928 214832747 0.5
5185288 214832154 1
5185288 214829882 1
5185288 214826833 1
5185288 214838225 0.5
5185288 214575206 0.5
5451053 214829887 1
5451053 214831955 1
5451053 214819627 1
5451053 214629354 0.5
2555668 214829880 1
2555668 214829887 1
2555668 214716752 1
2555668 214685242 0.5
2555668 214717860 0.5
2555668 214687565 0.5
2555668 214826623 0.5
4257753 214836512 1
4257753 214632272 1
4257753 214831970 1
4257753 214826747 0.5
5306293 214844370 1
5306293 214845585 1
5306293 214845590 1
5306293 214835428 0.5
5889826 214584992 1
5889826 214708982 1
5889826 214578825 1
5889826 214554371 0.5
9255108 214853420 1
9255108 214853422 1
9255108 214850942 1
9255108 214763542 0.5
2246437 214835087 1
2246437 214831967 1
2246437 214836330 1
2246437 214819760 0.5
2246437 214687847 0.5
2246437 214743495 0.5
2246437 214708172 0.5
2246437 214748336 0.5
2246437 214819762 0.5
5031057 214551607 1
5031057 214829102 1
5031057 214612751 1
5031057 214826713 0.5
677954 214585397 1
677954 214691484 1
677954 214821277 1
677954 214826801 0.5
4405039 214839971 1
4405039 214826829 1
4405039 214845131 1
4405039 214838096 0.5
4405039 214836857 0.5
4405039 214829797 0.5
9015089 214853094 1
9015089 214853248 1
9015089 214853085 1
9015089 214853096 0.5
9015089 214853105 0.5
9015089 214852980 0.5
6950711 214849132 1
6950711 214743821 1
6950711 214696897 1
6950711 214849361 0.5
6950711 214848954 0.5
6950711 214510460 0.5
10326721 214854358 1
10326721 214567329 1
10326721 214567215 1
10326721 214854264 0.5
10326721 214684785 0.5
10326721 214854268 0.5
2829279 214746365 1
2829279 214835132 1
2829279 214834867 1
2829279 214680705 0.5
2829279 214609325 0.5
2829279 214643925 0.5
10954556 214853362 1
10954556 214854840 1
10954556 214853102 1
10954556 214854733 0.5
6516541 214846035 1
6516541 214835428 1
6516541 214667912 1
6516541 214586668 0.5
2260798 214829882 1
2260798 214829887 1
2260798 214829878 1
2260798 214829880 0.5
1829173 214834877 1
1829173 214826610 1
1829173 214829366 1
1829173 214834880 0.5
1829173 214833755 0.5
1829173 214829387 0.5
833789 214820392 1
833789 214587317 1
833789 214828995 1
833789 214829008 0.5
2717508 214835747 1
2717508 214835019 1
2717508 214835132 1
2717508 214832792 0.5
9142027 214738453 1
9142027 214844394 1
9142027 214844439 1
9142027 214821305 0.5
9142027 214851285 0.5
9142027 214851022 0.5
9142027 214829383 0.5
5646153 214846119 1
5646153 214846312 1
5646153 214821382 1
5646153 214688640 0.5
5646153 214840483 0.5
5646153 214846468 0.5
7642954 214849155 1
7642954 214850758 1
7642954 214836947 1
7642954 214676306 0.5
7642954 214854675 0.5
7642954 214675895 0.5
7642954 214849031 0.5
6825558 214848641 1
6825558 214848335 1
6825558 214819612 1
6825558 214835002 0.5
6825558 214821397 0.5
3643213 214829799 1
3643213 214820402 1
3643213 214838137 1
3643213 214838227 0.5
11048782 214850420 1
11048782 214854300 1
11048782 214853930 1
11048782 214687845 0.5
11048782 214819464 0.5
11048782 214848335 0.5
11048782 214854545 0.5
11048782 214854547 0.5
11048782 214854579 0.5
11048782 214854495 0.5
7692111 214714663 1
7692111 214567419 1
7692111 214567417 1
7692111 214850621 0.5
10872661 214857830 1
10872661 214854797 1
10872661 214704180 1
10872661 214853321 0.5
10872661 214700002 0.5
10872661 214835117 0.5
10872661 214853143 0.5
8886103 214853165 1
8886103 214581611 1
8886103 214852987 1
8886103 214846312 0.5
6178653 214848613 1
6178653 214848851 1
6178653 214684942 1
6178653 214558192 0.5
6178653 214561674 0.5
1406824 214820396 1
1406824 214820402 1
1406824 214820392 1
1406824 214819376 0.5
1406824 214829321 0.5
1406824 214826876 0.5
2942833 214835017 1
2942833 214835137 1
2942833 214835019 1
2942833 214587712 0.5
2942833 214826947 0.5
2942833 214600492 0.5
7466866 214851236 1
7466866 214849252 1
7466866 214851167 1
7466866 214717003 0.5
7466866 214851077 0.5
10133363 214854579 1
10133363 214854585 1
10133363 214857167 1
10133363 214819577 0.5
10133363 214854075 0.5
11108212 214854542 1
11108212 214854785 1
11108212 214854354 1
11108212 214837873 0.5
11108212 214850735 0.5
11108212 214650508 0.5
11108212 214849468 0.5
11108212 214849455 0.5
4831546 214836879 1
4831546 214835015 1
4831546 214613649 1
4831546 214848827 0.5
4831546 214539039 0.5
2340729 214829051 1
2340729 214829882 1
2340729 214831957 1
2340729 214826977 0.5
2340729 214829394 0.5
2340729 214821371 0.5
2340729 214819762 0.5
9767178 214853460 1
9767178 214853340 1
9767178 214850942 1
9767178 214853428 0.5
9767178 214853420 0.5
5549949 214684715 1
5549949 214711312 1
5549949 214829887 1
5549949 214846029 0.5
10633086 214852978 1
10633086 214850756 1
10633086 214718220 1
10633086 214854536 0.5
10633086 214744779 0.5
10633086 214849460 0.5
10633086 214573310 0.5
10633086 214849455 0.5
5799807 214848300 1
5799807 214846014 1
5799807 214846029 1
5799807 214846033 0.5
10420097 214853713 1
10420097 214853767 1
10420097 214853700 1
10420097 214853730 0.5
10420097 214684785 0.5
10420097 214850741 0.5
10420097 214854358 0.5
10420097 214854264 0.5
10420097 214684762 0.5
10420097 214848315 0.5
10420097 214854300 0.5
7956356 214853758 1
7956356 214853175 1
7956356 214853177 1
7956356 214575193 0.5
7956356 214853173 0.5
7956356 214716645 0.5
7956356 214849807 0.5
1568768 214826589 1
1568768 214711280 1
1568768 214828974 1
1568768 214834880 0.5
1568768 214572234 0.5
1568768 214829366 0.5
6408071 214831974 1
6408071 214849333 1
6408071 214844400 1
6408071 214613705 0.5
6408071 214821022 0.5
6135689 214846010 1
6135689 214845962 1
6135689 214845954 1
6135689 214849010 0.5
6135689 214821382 0.5
4548021 214838137 1
4548021 214839971 1
4548021 214839977 1
4548021 214601233 0.5
6403053 214846417 1
6403053 214848328 1
6403053 214848330 1
6403053 214836568 0.5
6403053 214836339 0.5
6403053 214839587 0.5
6403053 214846535 0.5
1374098 214821412 1
1374098 214826610 1
1374098 214834880 1
1374098 214826589 0.5
2987923 214600492 1
2987923 214833755 1
2987923 214834880 1
2987923 214748265 0.5
2987923 214835124 0.5
2987923 214834877 0.5
2987923 214829366 0.5
9461653 214853130 1
9461653 214853109 1
9461653 214853111 1
9461653 214853169 0.5
9461653 214678387 0.5
9461653 214853165 0.5
9461653 214677830 0.5
3413911 214820259 1
3413911 214820227 1
3413911 214717003 1
3413911 214716928 0.5
3413911 214554358 0.5
8288152 214851317 1
8288152 214851575 1
8288152 214716671 1
8288152 214851080 0.5
8288152 214851161 0.5
8288152 214851133 0.5
1529783 214834880 1
1529783 214711280 1
1529783 214829390 1
1529783 214834877 0.5
3735451 214836932 1
3735451 214835109 1
3735451 214826990 1
3735451 214838227 0.5
3223452 214821285 1
3223452 214821292 1
3223452 214821277 1
3223452 214821290 0.5
5984158 214846067 1
5984158 214845885 1
5984158 214748336 1
5984158 214595150 0.5
5984158 214846127 0.5
5408671 214844402 1
5408671 214844396 1
5408671 214844370 1
5408671 214844355 0.5
5408671 214845590 0.5
8515488 214851322 1
8515488 214851285 1
8515488 214851024 1
8515488 214819412 0.5
137122 214826615 1
137122 214829741 1
137122 214718390 1
137122 214712507 0.5
137122 214717877 0.5
2346916 214826610 1
2346916 214829387 1
2346916 214826589 1
2346916 214833755 0.5
7733654 214851080 1
7733654 214564387 1
7733654 214564451 1
7733654 214850848 0.5
7733654 214850850 0.5
7595943 214850287 1
7595943 214850315 1
7595943 214850368 1
7595943 214850366 0.5
186012 214829285 1
186012 214691426 1
186012 214691293 1
186012 214535621 0.5
1531818 214840421 1
1531818 214705740 1
1531818 214821320 1
1531818 214834880 0.5
1531818 214711556 0.5
1531818 214829387 0.5
1531818 214711277 0.5
1531818 214557009 0.5
1531818 214826610 0.5
1531818 214834877 0.5
4840532 214835017 1
4840532 214826990 1
4840532 214838227 1
4840532 214835747 0.5
4840532 214836932 0.5
4840532 214835109 0.5
4840532 214839975 0.5
4840532 214832145 0.5
4840532 214687892 0.5
7962541 214717003 1
7962541 214850741 1
7962541 214850694 1
7962541 214850720 0.5
7962541 214839962 0.5
7962541 214849031 0.5
7962541 214850876 0.5
7962541 214557223 0.5
458671 214748336 1
458671 214819762 1
458671 214819760 1
458671 214819376 0.5
458671 214819526 0.5
458671 214819719 0.5
9951156 214854268 1
9951156 214854264 1
9951156 214854358 1
9951156 214567329 0.5
9951156 214853994 0.5
9951156 214854148 0.5
9951156 214854118 0.5
2180688 214829865 1
2180688 214829861 1
2180688 214829863 1
2180688 214829672 0.5
2180688 214829705 0.5
10105161 214854579 1
10105161 214854300 1
10105161 214854585 1
10105161 214819577 0.5
10105161 214821397 0.5
10105161 214850741 0.5
10105161 214854165 0.5
9521083 214853420 1
9521083 214853422 1
9521083 214850947 1
9521083 214850949 0.5
6236093 214844396 1
6236093 214848688 1
6236093 214844400 1
6236093 214848656 0.5
6236093 214844398 0.5
9385353 214851097 1
9385353 214853715 1
9385353 214853852 1
9385353 214848688 0.5
9385353 214851073 0.5
9385353 214853848 0.5
9385353 214854172 0.5
9385353 214716671 0.5
880267 214837490 1
880267 214838831 1
880267 214837485 1
880267 214698446 0.5
880267 214837487 0.5
9684937 214844347 1
9684937 214706428 1
9684937 214850945 1
9684937 214850848 0.5
9684937 214564387 0.5
9684937 214717511 0.5
9684937 214613705 0.5
9684937 214831946 0.5
9684937 214744779 0.5
9684937 214673295 0.5
9684937 214853722 0.5
9684937 214846014 0.5
9684937 214711295 0.5
2777037 214826623 1
2777037 214835019 1
2777037 214829878 1
2777037 214835747 0.5
2777037 214835017 0.5
2777037 214686860 0.5
2777037 214609325 0.5
2777037 214834867 0.5
2777037 214829882 0.5
6125523 214846417 1
6125523 214846425 1
6125523 214848975 1
6125523 214582170 0.5
6125523 214579837 0.5
9240532 214853698 1
9240532 214854118 1
9240532 214853767 1
9240532 214853722 0.5
9240532 214853702 0.5
9588729 214854172 1
9588729 214853865 1
9588729 214851099 1
9588729 214854017 0.5
9588729 214557701 0.5
9588729 214743335 0.5
9588729 214563337 0.5
9588729 214662742 0.5
9588729 214851097 0.5
5640153 214837882 1
5640153 214845984 1
5640153 214839587 1
5640153 214844400 0.5
5640153 214601233 0.5
5640153 214846007 0.5
5640153 214846447 0.5
7927771 214850938 1
7927771 214564387 1
7927771 214832023 1
7927771 214829280 0.5
7927771 214645987 0.5
7927771 214849001 0.5
7927771 214744779 0.5
7927771 214717850 0.5
7927771 214845917 0.5
7243741 214706216 1
7243741 214849295 1
7243741 214845133 1
7243741 214641412 0.5
2076648 214712229 1
2076648 214831931 1
2076648 214827002 1
2076648 214834880 0.5
2076648 214826977 0.5
2076648 214691426 0.5
2076648 214577387 0.5
2076648 214717286 0.5
2076648 214685857 0.5
2076648 214743495 0.5
2076648 214687852 0.5
2076648 214556334 0.5
2076648 214574672 0.5
2076648 214554973 0.5
1764632 214826610 1
1764632 214834880 1
1764632 214829366 1
1764632 214718210 0.5
1764632 214821412 0.5
1764632 214554982 0.5
1764632 214828976 0.5
1764632 214558260 0.5
1764632 214833755 0.5
1764632 214834877 0.5
1764632 214718207 0.5
10727417 214854335 1
10727417 214845973 1
10727417 214851075 1
10727417 214556216 0.5
1179642 214826610 1
1179642 214834880 1
1179642 214834877 1
1179642 214829387 0.5
4205567 214826942 1
4205567 214838096 1
4205567 214838105 1
4205567 214838098 0.5
2562044 214829878 1
2562044 214829882 1
2562044 214829887 1
2562044 214829880 0.5
