7999488 214853437 1
7999488 214849408 1
7999488 214828882 1
7999488 214849361 0.5
7999488 214836092 0.5
7999488 214853758 0.5
7999488 214853177 0.5
10776583 214567327 1
10776583 214854298 1
10776583 214850936 1
10776583 214839587 0.5
10776583 214706102 0.5
10776583 214853767 0.5
10776583 214853227 0.5
10776583 214853709 0.5
10776583 214854510 0.5
10776583 214567215 0.5
10776583 214684785 0.5
10776583 214850739 0.5
10776583 214850741 0.5
10776583 214854358 0.5
10776583 214573305 0.5
10776583 214854585 0.5
10776583 214684762 0.5
10776583 214854268 0.5
10776583 214853722 0.5
10776583 214853726 0.5
10776583 214853237 0.5
10608648 214854298 1
10608648 214854527 1
10608648 214854540 1
10608648 214853724 0.5
10608648 214718220 0.5
10608648 214853732 0.5
10608648 214854517 0.5
3065516 214829670 1
3065516 214829668 1
3065516 214829672 1
3065516 214820272 0.5
1908746 214829855 1
1908746 214835124 1
1908746 214831967 1
1908746 214601233 0.5
1675276 214829392 1
1675276 214821410 1
1675276 214821412 1
1675276 214821332 0.5
1675276 214826589 0.5
3296918 214834877 1
3296918 214834880 1
3296918 214836795 1
3296918 214554332 0.5
3296918 214595150 0.5
5241517 214844398 1
5241517 214844396 1
5241517 214844400 1
5241517 214835473 0.5
5241517 214844372 0.5
3205139 214836830 1
3205139 214836825 1
3205139 214836823 1
3205139 214840417 0.5
3205139 214748259 0.5
3205139 214541355 0.5
10658137 214567329 1
10658137 214854335 1
10658137 214567215 1
10658137 214854268 0.5
10658137 214574670 0.5
10862617 214854840 1
10862617 214853100 1
10862617 214854782 1
10862617 214850949 0.5
10862617 214846031 0.5
3848218 214835167 1
3848218 214829765 1
3848218 214839982 1
3848218 214829786 0.5
9046044 214844342 1
9046044 214851313 1
9046044 214707879 1
9046044 214851585 0.5
9046044 214849018 0.5
9046044 214606980 0.5
9046044 214560613 0.5
9046044 214851159 0.5
1655179 214834880 1
1655179 214834877 1
1655179 214820197 1
1655179 214676019 0.5
1655179 214819781 0.5
1655179 214829366 0.5
1655179 214832557 0.5
10174497 214851137 1
10174497 214851099 1
10174497 214846061 1
10174497 214853767 0.5
10174497 214836330 0.5
10174497 214743335 0.5
10174497 214845583 0.5
10174497 214819760 0.5
10174497 214819380 0.5
10174497 214832023 0.5
10174497 214838111 0.5
530466 214821290 1
530466 214821277 1
530466 214821292 1
530466 214748340 0.5
9535524 214853214 1
9535524 214853212 1
9535524 214853263 1
9535524 214853096 0.5
9535524 214853105 0.5
9535524 214839958 0.5
6692904 214848337 1
6692904 214848377 1
6692904 214826990 1
6692904 214839617 0.5
6692904 214707875 0.5
6692904 214835109 0.5
6692904 214846535 0.5
6692904 214848328 0.5
6692904 214850282 0.5
6692904 214848410 0.5
6692904 214846033 0.5
6692904 214561402 0.5
6692904 214573288 0.5
6692904 214848380 0.5
6692904 214848330 0.5
5652522 214835473 1
5652522 214828982 1
5652522 214845917 1
5652522 214847968 0.5
5652522 214846472 0.5
5652522 214845435 0.5
5652522 214836855 0.5
11309101 214849132 1
11309101 214854722 1
11309101 214712242 1
11309101 214849100 0.5
9842696 214854579 1
9842696 214854585 1
9842696 214853724 1
9842696 214853728 0.5
9842696 214853732 0.5
9842696 214854165 0.5
9842696 214819577 0.5
9842696 214684762 0.5
9842696 214853726 0.5
9842696 214850741 0.5
9907892 214853722 1
9907892 214853700 1
9907892 214853730 1
9907892 214853698 0.5
9907892 214853707 0.5
9907892 214853767 0.5
4452411 214835015 1
4452411 214836512 1
4452411 214831970 1
4452411 214838109 0.5
10272829 214510445 1
10272829 214844400 1
10272829 214710062 1
10272829 214853702 0.5
8605759 214851163 1
8605759 214716746 1
8605759 214851146 1
8605759 214716671 0.5
8605759 214851131 0.5
8605759 214853135 0.5
4149314 214545879 1
4149314 214838122 1
4149314 214695234 1
4149314 214702933 0.5
4149314 214845127 0.5
2177091 214827005 1
2177091 214827000 1
2177091 214835124 1
2177091 214834880 0.5
2177091 214827007 0.5
9601094 214850949 1
9601094 214853422 1
9601094 214853338 1
9601094 214850945 0.5
9601094 214853765 0.5
9601094 214711307 0.5
9601094 214853420 0.5
9601094 214853426 0.5
9601094 214848185 0.5
7193953 214849760 1
7193953 214850409 1
7193953 214850304 1
7193953 214846466 0.5
7193953 214850692 0.5
7193953 214743339 0.5
7193953 214846419 0.5
7193953 214839962 0.5
7193953 214829887 0.5
4776008 214839347 1
4776008 214835711 1
4776008 214829765 1
4776008 214835167 0.5
4776008 214832557 0.5
4776008 214595150 0.5
4776008 214540479 0.5
6907978 214712237 1
6907978 214839617 1
6907978 214684702 1
6907978 214848328 0.5
6907978 214848307 0.5
8644684 214851750 1
8644684 214853132 1
8644684 214853242 1
8644684 214853182 0.5
6541666 214849076 1
6541666 214848845 1
6541666 214836506 1
6541666 214848328 0.5
6541666 214691486 0.5
4030542 214845131 1
4030542 214839975 1
4030542 214836330 1
4030542 214839971 0.5
4030542 214836932 0.5
4030542 214835109 0.5
4030542 214826951 0.5
4030542 214684843 0.5
4030542 214832780 0.5
4030542 214819762 0.5
4030542 214819760 0.5
4030542 214820402 0.5
4030542 214839587 0.5
4030542 214835111 0.5
4030542 214829366 0.5
4030542 214839932 0.5
4030542 214839973 0.5
5896273 214846367 1
5896273 214848322 1
5896273 214717087 1
5896273 214846475 0.5
5896273 214846389 0.5
5896273 214846421 0.5
2271316 214829387 1
2271316 214831948 1
2271316 214748293 1
2271316 214835111 0.5
2271316 214748338 0.5
2271316 214819406 0.5
2271316 214748336 0.5
2271316 214601233 0.5
2271316 214819762 0.5
2271316 214556212 0.5
2271316 214716110 0.5
2271316 214829878 0.5
2271316 214712120 0.5
2271316 214835124 0.5
2271316 214684730 0.5
2271316 214829882 0.5
10520663 214854536 1
10520663 214853244 1
10520663 214854579 1
10520663 214854354 0.5
3420252 214842435 1
3420252 214843905 1
3420252 214691677 1
3420252 214843916 0.5
3420252 214843903 0.5
9173087 214684942 1
9173087 214716714 1
9173087 214851163 1
9173087 214716746 0.5
9173087 214851165 0.5
522341 214837483 1
522341 214821401 1
522341 214826908 1
522341 214826837 0.5
1034343 214826994 1
1034343 214826921 1
1034343 214826561 1
1034343 214821392 0.5
1034343 214821407 0.5
7085802 214850285 1
7085802 214850295 1
7085802 214850315 1
7085802 214849738 0.5
7008362 214849284 1
7008362 214849093 1
7008362 214848641 1
7008362 214716707 0.5
9758827 214851750 1
9758827 214853994 1
9758827 214853852 1
9758827 214854264 0.5
9758827 214854268 0.5
5871724 214846312 1
5871724 214845879 1
5871724 214846010 1
5871724 214564320 0.5
8779886 214853077 1
8779886 214852980 1
8779886 214853135 1
8779886 214853233 0.5
8779886 214853195 0.5
2058327 214667912 1
2058327 214716641 1
2058327 214829368 1
2058327 214829379 0.5
2058327 214835087 0.5
2058327 214835124 0.5
2058327 214821399 0.5
2058327 214826874 0.5
2058327 214674427 0.5
9998451 214718220 1
9998451 214853353 1
9998451 214850366 1
9998451 214853730 0.5
9998451 214684715 0.5
9998451 214853707 0.5
9998451 214853702 0.5
2287732 214829878 1
2287732 214829670 1
2287732 214831948 1
2287732 214829882 0.5
8522207 214851131 1
8522207 214851322 1
8522207 214716671 1
8522207 214851163 0.5
8522207 214853190 0.5
3813497 214836795 1
3813497 214829773 1
3813497 214826938 1
3813497 214836870 0.5
8923258 214831955 1
8923258 214711307 1
8923258 214678526 1
8923258 214744258 0.5
8923258 214853342 0.5
6789243 214848954 1
6789243 214849022 1
6789243 214848945 1
6789243 214848641 0.5
6789243 214643681 0.5
6789243 214684108 0.5
6789243 214848941 0.5
6789243 214849134 0.5
6789243 214848757 0.5
6789243 214849046 0.5
6789243 214644639 0.5
10969217 214854733 1
10969217 214854823 1
10969217 214704180 1
10969217 214849468 0.5
10969217 214705757 0.5
10969217 214853094 0.5
9650306 214853135 1
9650306 214850692 1
9650306 214850405 1
9650306 214854017 0.5
4501636 214831970 1
4501636 214836512 1
4501636 214839598 1
4501636 214538820 0.5
4501636 214539039 0.5
3256457 214612704 1
3256457 214844439 1
3256457 214844394 1
3256457 214821305 0.5
8779914 214678387 1
8779914 214853130 1
8779914 214677830 1
8779914 214846117 0.5
8681614 214844439 1
8681614 214844394 1
8681614 214851759 1
8681614 214851017 0.5
2282861 214831946 1
2282861 214829887 1
2282861 214829878 1
2282861 214640094 0.5
5562512 214835064 1
5562512 214835426 1
5562512 214835428 1
5562512 214845986 0.5
5562512 214826949 0.5
5562512 214835473 0.5
5562512 214849001 0.5
5562512 214836330 0.5
5562512 214601233 0.5
7117507 214848315 1
7117507 214701307 1
7117507 214849312 1
7117507 214667915 0.5
7117507 214849132 0.5
7117507 214561477 0.5
7117507 214687839 0.5
9486484 214850945 1
9486484 214850949 1
9486484 214850947 1
9486484 214853130 0.5
9486484 214581611 0.5
9486484 214853420 0.5
9120766 214853077 1
9120766 214852980 1
9120766 214853085 1
9120766 214819464 0.5
9120766 214850700 0.5
9120766 214602733 0.5
9120766 214738455 0.5
9120766 214668185 0.5
9120766 214839969 0.5
9120766 214845986 0.5
9120766 214848682 0.5
9120766 214718385 0.5
9120766 214849466 0.5
9120766 214845885 0.5
9120766 214845887 0.5
9120766 214849020 0.5
9120766 214845131 0.5
9120766 214687565 0.5
9120766 214829775 0.5
9120766 214829666 0.5
9120766 214847968 0.5
9120766 214849250 0.5
9120766 214829797 0.5
9120766 214839932 0.5
9120766 214849389 0.5
9120766 214583670 0.5
9120766 214838137 0.5
9120766 214836092 0.5
9120766 214850557 0.5
9120766 214826623 0.5
10694239 214854257 1
10694239 214854080 1
10694239 214854737 1
10694239 214854212 0.5
10694239 214854221 0.5
7917724 214844394 1
7917724 214844456 1
7917724 214716984 1
7917724 214844458 0.5
7917724 214551626 0.5
7917724 214716986 0.5
7917724 214821309 0.5
7917724 214832655 0.5
10980729 214853102 1
10980729 214686879 1
10980729 214686864 1
10980729 214854785 0.5
10980729 214854853 0.5
7432352 214530555 1
7432352 214849102 1
7432352 214844347 1
7432352 214849100 0.5
6789147 214837288 1
6789147 214743356 1
6789147 214848847 1
6789147 214819777 0.5
6789147 214576899 0.5
6789147 214848328 0.5
6789147 214743352 0.5
6789147 214849078 0.5
6789147 214826904 0.5
3815588 214836924 1
3815588 214836932 1
3815588 214826990 1
3815588 214829769 0.5
3815588 214826938 0.5
3815588 214829773 0.5
3815588 214836870 0.5
4292776 214845508 1
4292776 214540070 1
4292776 214676570 1
4292776 214829792 0.5
4292776 214706452 0.5
4292776 214684702 0.5
4292776 214676567 0.5
4708522 214838098 1
4708522 214829070 1
4708522 214717539 1
4708522 214838105 0.5
4708522 214827015 0.5
10758316 214854358 1
10758316 214854510 1
10758316 214854262 1
10758316 214849464 0.5
5499053 214844347 1
5499053 214844345 1
5499053 214845587 1
5499053 214836932 0.5
5499053 214835109 0.5
5499053 214826990 0.5
5499053 214711247 0.5
5499053 214558258 0.5
5499053 214835012 0.5
5499053 214844409 0.5
5499053 214712124 0.5
5499053 214712126 0.5
5499053 214835167 0.5
8632494 214853128 1
8632494 214851742 1
8632494 214853165 1
8632494 214852985 0.5
8632494 214852987 0.5
8632494 214845135 0.5
3201201 214836530 1
3201201 214836534 1
3201201 214829012 1
3201201 214826818 0.5
3201201 214709638 0.5
3201201 214684108 0.5
3201201 214835475 0.5
3201201 214837882 0.5
3201201 214646362 0.5
2388148 214587028 1
2388148 214827011 1
2388148 214836515 1
2388148 214834995 0.5
2529461 214826818 1
2529461 214829880 1
2529461 214829887 1
2529461 214718390 0.5
2529461 214835019 0.5
2529461 214600492 0.5
2529461 214711087 0.5
2529461 214829878 0.5
2529461 214831959 0.5
2529461 214711318 0.5
2529461 214827035 0.5
2529461 214831965 0.5
2529461 214718398 0.5
8757431 214851326 1
8757431 214853090 1
8757431 214853096 1
8757431 214853085 0.5
1227124 214828970 1
1227124 214828991 1
1227124 214545879 1
1227124 214696897 0.5
1227124 214695167 0.5
3322046 214826827 1
3322046 214587712 1
3322046 214835019 1
3322046 214835017 0.5
3322046 214602802 0.5
3322046 214835747 0.5
3322046 214613893 0.5
7727296 214850936 1
7727296 214716645 1
7727296 214691563 1
7727296 214851011 0.5
7727296 214845585 0.5
7727296 214850741 0.5
7727296 214851097 0.5
7727296 214844347 0.5
7727296 214849052 0.5
1629216 214834877 1
1629216 214834880 1
1629216 214821320 1
1629216 214556055 0.5
7104711 214849747 1
7104711 214849753 1
7104711 214849745 1
7104711 214850936 0.5
7538888 214850747 1
7538888 214676375 1
7538888 214850771 1
7538888 214821020 0.5
307402 214716984 1
307402 214716945 1
307402 214716947 1
307402 214716943 0.5
2891981 214832126 1
2891981 214835107 1
2891981 214832128 1
2891981 214832555 0.5
4514003 214600464 1
4514003 214600475 1
4514003 214600470 1
4514003 214826942 0.5
2343126 214831946 1
2343126 214829878 1
2343126 214831948 1
2343126 214829887 0.5
6467279 214848375 1
6467279 214716707 1
6467279 214716710 1
6467279 214848851 0.5
6467279 214848613 0.5
1091806 214748336 1
1091806 214832780 1
1091806 214839600 1
1091806 214829321 0.5
1558756 214834880 1
1558756 214829387 1
1558756 214712126 1
1558756 214676019 0.5
4974821 214684372 1
4974821 214832017 1
4974821 214826833 1
4974821 214839971 0.5
10203369 214853996 1
10203369 214837288 1
10203369 214854352 1
10203369 214854146 0.5
10203369 214854172 0.5
10203369 214850790 0.5
2326297 214829880 1
2326297 214829887 1
2326297 214831946 1
2326297 214829878 0.5
2037998 214700002 1
2037998 214831948 1
2037998 214829887 1
2037998 214695412 0.5
2037998 214712237 0.5
6111471 214845939 1
6111471 214582200 1
6111471 214846318 1
6111471 214819586 0.5
6111471 214811739 0.5
6111471 214709702 0.5
6111471 214846312 0.5
6111471 214553257 0.5
6111471 214536307 0.5
6111471 214819640 0.5
6111471 214536187 0.5
225521 214839313 1
225521 214840001 1
225521 214839995 1
225521 214829737 0.5
225521 214839997 0.5
225521 214709685 0.5
225521 214826799 0.5
8466679 214716746 1
8466679 214716714 1
8466679 214716654 1
8466679 214851234 0.5
8466679 214851080 0.5
8466679 214851575 0.5
8466679 214848851 0.5
8466679 214685049 0.5
8466679 214851161 0.5
8466679 214716671 0.5
9505018 214853420 1
9505018 214850947 1
9505018 214853422 1
9505018 214850949 0.5
6584578 214849239 1
6584578 214839969 1
6584578 214677615 1
6584578 214835473 0.5
6584578 214553561 0.5
6584578 214834877 0.5
6584578 214602598 0.5
6584578 214844345 0.5
5328257 214717539 1
5328257 214836362 1
5328257 214836043 1
5328257 214845583 0.5
9541896 214853420 1
9541896 214850949 1
9541896 214850942 1
9541896 214829878 0.5
7444748 214676306 1
7444748 214832158 1
7444748 214748282 1
7444748 214819464 0.5
7444748 214849361 0.5
8325397 214853182 1
8325397 214851326 1
8325397 214852978 1
8325397 214853248 0.5
7119126 214849807 1
7119126 214850321 1
7119126 214849768 1
7119126 214849753 0.5
7119126 214829668 0.5
8195802 214851581 1
8195802 214851122 1
8195802 214705370 1
8195802 214850411 0.5
8195802 214851236 0.5
9744773 214850949 1
9744773 214853338 1
9744773 214853340 1
9744773 214850947 0.5
9744773 214853420 0.5
9744773 214853342 0.5
9744773 214850942 0.5
2297111 214829878 1
2297111 214831948 1
2297111 214829880 1
2297111 214829887 0.5
8675312 214853242 1
8675312 214851748 1
8675312 214851750 1
8675312 214852978 0.5
8675312 214853085 0.5
8675312 214853182 0.5
8675312 214853135 0.5
1853738 214835752 1
1853738 214712229 1
1853738 214831931 1
1853738 214709792 0.5
1703303 214821407 1
1703303 214821350 1
1703303 214834877 1
1703303 214826561 0.5
1703303 214641962 0.5
1703303 214587028 0.5
1703303 214826921 0.5
6107479 214849252 1
6107479 214846127 1
6107479 214846067 1
6107479 214839587 0.5
2600328 214831946 1
2600328 214829887 1
2600328 214829878 1
2600328 214831967 0.5
2600328 214819762 0.5
2600328 214836515 0.5
2600328 214835165 0.5
2600328 214829885 0.5
3770676 214691587 1
3770676 214842452 1
3770676 214840963 1
3770676 214820263 0.5
4227381 214829792 1
4227381 214838105 1
4227381 214838102 1
4227381 214845508 0.5
7715127 214848309 1
7715127 214848300 1
7715127 214846014 1
7715127 214850310 0.5
7715127 214717511 0.5
7715127 214831946 0.5
7715127 214850285 0.5
7715127 214673295 0.5
7715127 214826715 0.5
1203947 214820810 1
1203947 214829045 1
1203947 214829745 1
1203947 214601233 0.5
3799871 214836924 1
3799871 214835167 1
3799871 214829765 1
3799871 214836932 0.5
3799871 214835109 0.5
3799871 214832557 0.5
6711619 214832604 1
6711619 214716707 1
6711619 214849766 1
6711619 214849312 0.5
6711619 214849097 0.5
6711619 214853758 0.5
6711619 214848757 0.5
6711619 214849046 0.5
4618566 214839356 1
4618566 214839382 1
4618566 214826945 1
4618566 214831942 0.5
4618566 214827015 0.5
4618566 214829100 0.5
4618566 214832012 0.5
4618566 214842735 0.5
4618566 214613649 0.5
4618566 214594680 0.5
4618566 214579226 0.5
4618566 214838107 0.5
3838279 214826938 1
3838279 214836795 1
3838279 214829773 1
3838279 214613741 0.5
3838279 214836870 0.5
5712951 214826949 1
5712951 214845583 1
5712951 214835064 1
5712951 214844340 0.5
5712951 214826668 0.5
5712951 214845590 0.5
4924813 214838092 1
4924813 214844349 1
4924813 214845435 1
4924813 214839311 0.5
10346836 214848658 1
10346836 214854857 1
10346836 214714755 1
10346836 214844355 0.5
10346836 214854733 0.5
10346836 214854855 0.5
2416982 214831948 1
2416982 214829880 1
2416982 214829882 1
2416982 214831946 0.5
2416982 214829878 0.5
7051609 214850754 1
7051609 214677615 1
7051609 214850936 1
7051609 214850409 0.5
7051609 214851011 0.5
7051609 214850756 0.5
7051609 214850765 0.5
7051609 214850790 0.5
8911269 214853094 1
8911269 214851326 1
8911269 214853105 1
8911269 214853096 0.5
8911269 214853085 0.5
702813 214718169 1
702813 214826998 1
702813 214819719 1
702813 214554272 0.5
702813 214606980 0.5
702813 214829321 0.5
702813 214554973 0.5
702813 214667921 0.5
702813 214602804 0.5
702813 214587317 0.5
702813 214706102 0.5
702813 214826615 0.5
702813 214553561 0.5
702813 214826621 0.5
702813 214821022 0.5
702813 214556025 0.5
9113957 214716707 1
9113957 214832604 1
9113957 214851737 1
9113957 214853115 0.5
6990132 214846001 1
6990132 214846412 1
6990132 214848926 1
6990132 214846472 0.5
6990132 214667912 0.5
6990132 214586668 0.5
6990132 214839975 0.5
6743906 214836776 1
6743906 214687792 1
6743906 214834869 1
6743906 214845489 0.5
9814381 214567215 1
9814381 214567333 1
9814381 214854264 1
9814381 214854352 0.5
9814381 214684785 0.5
9814381 214854268 0.5
9814381 214853726 0.5
9814381 214853735 0.5
9795953 214850771 1
9795953 214821020 1
9795953 214561775 1
9795953 214677615 0.5
8417652 214851161 1
8417652 214685049 1
8417652 214851080 1
8417652 214851234 0.5
8417652 214851163 0.5
8417652 214851317 0.5
10158706 214854536 1
10158706 214854352 1
10158706 214853113 1
10158706 214853702 0.5
8657272 214853094 1
8657272 214853090 1
8657272 214851326 1
8657272 214853096 0.5
8657272 214853248 0.5
9884029 214853992 1
9884029 214854585 1
9884029 214850713 1
9884029 214844355 0.5
9884029 214846468 0.5
9884029 214853413 0.5
9884029 214582346 0.5
9884029 214854159 0.5
9884029 214846421 0.5
9884029 214854075 0.5
9884029 214854300 0.5
9884029 214850741 0.5
8903634 214853090 1
8903634 214851326 1
8903634 214716928 1
8903634 214717003 0.5
8903634 214853094 0.5
1384836 214834880 1
1384836 214826610 1
1384836 214834877 1
1384836 214833755 0.5
1841549 214556345 1
1841549 214839600 1
1841549 214821300 1
1841549 214826563 0.5
1841549 214657318 0.5
1841549 214557095 0.5
1841549 214657322 0.5
1841549 214820807 0.5
1841549 214829008 0.5
10105233 214853713 1
10105233 214718169 1
10105233 214854118 1
10105233 214854152 0.5
10105233 214853702 0.5
3824018 214744265 1
3824018 214836830 1
3824018 214595150 1
3824018 214836795 0.5
3824018 214829773 0.5
7614872 214853177 1
7614872 214853175 1
7614872 214853758 1
7614872 214851120 0.5
7614872 214828882 0.5
7614872 214853173 0.5
1045572 214586610 1
1045572 214821307 1
1045572 214551607 1
1045572 214829019 0.5
1045572 214827015 0.5
4096411 214829079 1
4096411 214821285 1
4096411 214821277 1
4096411 214538030 0.5
2228636 214829887 1
2228636 214829882 1
2228636 214829880 1
2228636 214829878 0.5
2228636 214835111 0.5
672157 214819378 1
672157 214827026 1
672157 214826925 1
672157 214714794 0.5
672157 214651427 0.5
2007454 214832717 1
2007454 214829705 1
2007454 214829855 1
2007454 214836330 0.5
8795204 214716671 1
8795204 214716714 1
8795204 214716746 1
8795204 214716654 0.5
8795204 214851579 0.5
8795204 214851165 0.5
8795204 214684942 0.5
8795204 214851575 0.5
9104454 214708305 1
9104454 214851101 1
9104454 214851315 1
9104454 214714665 0.5
9104454 214851133 0.5
9104454 214845405 0.5
9104454 214560613 0.5
9104454 214848845 0.5
5462428 214846447 1
5462428 214845587 1
5462428 214844400 1
5462428 214835064 0.5
5462428 214835473 0.5
5462428 214846061 0.5
5462428 214845917 0.5
4309421 214839973 1
4309421 214748310 1
4309421 214829797 1
4309421 214705691 0.5
4309421 214845131 0.5
4309421 214839975 0.5
8720456 214853252 1
8720456 214828989 1
8720456 214852982 1
8720456 214853250 0.5
8720456 214839952 0.5
8720456 214853077 0.5
8720456 214836536 0.5
8720456 214509401 0.5
8720456 214853214 0.5
3719109 214836932 1
3719109 214826990 1
3719109 214835109 1
3719109 214838227 0.5
9879987 214852978 1
9879987 214853077 1
9879987 214852980 1
9879987 214853085 0.5
7852469 214851122 1
7852469 214851236 1
7852469 214851317 1
7852469 214851073 0.5
7852469 214850938 0.5
7852469 214851587 0.5
10529208 214853113 1
10529208 214853722 1
10529208 214854536 1
10529208 214854354 0.5
10529208 214853700 0.5
9023929 214853085 1
9023929 214851326 1
9023929 214853090 1
9023929 214852978 0.5
9023929 214853094 0.5
3221216 214844456 1
3221216 214844439 1
3221216 214551632 1
3221216 214551626 0.5
6844863 214848688 1
6844863 214845984 1
6844863 214844822 1
6844863 214553561 0.5
6844863 214837882 0.5
9505218 214853420 1
9505218 214850947 1
9505218 214850945 1
9505218 214684736 0.5
6963653 214848384 1
6963653 214846389 1
6963653 214829765 1
6963653 214849072 0.5
7544908 214850621 1
7544908 214850936 1
7544908 214819577 1
7544908 214850720 0.5
7544908 214573305 0.5
7544908 214564382 0.5
11044941 214853754 1
11044941 214854842 1
11044941 214854857 1
11044941 214854823 0.5
7570524 214850700 1
7570524 214850711 1
7570524 214850743 1
7570524 214839617 0.5
7570524 214847940 0.5
7570524 214567404 0.5
7570524 214847942 0.5
7570524 214851101 0.5
10273239 214567329 1
10273239 214567215 1
10273239 214684785 1
10273239 214854264 0.5
3397249 214820270 1
3397249 214836827 1
3397249 214829079 1
3397249 214820227 0.5
3397249 214820235 0.5
3397249 214829325 0.5
10120929 214853767 1
10120929 214850711 1
10120929 214850947 1
10120929 214853700 0.5
10120929 214716909 0.5
10120929 214850942 0.5
11153891 214854857 1
11153891 214849001 1
11153891 214845917 1
11153891 214854819 0.5
11153891 214851236 0.5
11153891 214854502 0.5
11153891 214854855 0.5
11153891 214854731 0.5
11153891 214854540 0.5
11153891 214854767 0.5
11153891 214710097 0.5
11153891 214819378 0.5
11153891 214853430 0.5
11153891 214820345 0.5
11153891 214857562 0.5
11153891 214687847 0.5
11153891 214829775 0.5
6410726 214600492 1
6410726 214587712 1
6410726 214835745 1
6410726 214835747 0.5
6410726 214826565 0.5
7600617 214853173 1
7600617 214851120 1
7600617 214853758 1
7600617 214828882 0.5
6128106 214838109 1
6128106 214573123 1
6128106 214819528 1
6128106 214645614 0.5
6128106 214538591 0.5
4088301 214836512 1
4088301 214836887 1
4088301 214829797 1
4088301 214838105 0.5
4088301 214838107 0.5
4088301 214826747 0.5
4088301 214839915 0.5
4088301 214746382 0.5
9282874 214853420 1
9282874 214850942 1
9282874 214853422 1
9282874 214836536 0.5
9282874 214853355 0.5
9282874 214850949 0.5
11223556 214829754 1
11223556 214853102 1
11223556 214854782 1
11223556 214854860 0.5
3840518 214826837 1
3840518 214586694 1
3840518 214651517 1
3840518 214746382 0.5
1874441 214829865 1
1874441 214829846 1
1874441 214829711 1
1874441 214840599 0.5
10039819 214853702 1
10039819 214853730 1
10039819 214854540 1
10039819 214853698 0.5
10060546 214853722 1
10060546 214853713 1
10060546 214853707 1
10060546 214717562 0.5
10060546 214851236 0.5
10060546 214717286 0.5
10869262 214854782 1
10869262 214854853 1
10869262 214854795 1
10869262 214854840 0.5
10869262 214854787 0.5
10869262 214714755 0.5
9662893 214850310 1
9662893 214850366 1
9662893 214850945 1
9662893 214853420 0.5
9662893 214831946 0.5
9662893 214849796 0.5
9662893 214829878 0.5
8126996 214844441 1
8126996 214844439 1
8126996 214844394 1
8126996 214612704 0.5
5540374 214819395 1
5540374 214831955 1
5540374 214712235 1
5540374 214700000 0.5
5540374 214744258 0.5
5492484 214848305 1
5492484 214846029 1
5492484 214846031 1
5492484 214839973 0.5
5492484 214835473 0.5
5492484 214601233 0.5
5492484 214848309 0.5
5492484 214839958 0.5
5492484 214846007 0.5
5492484 214826949 0.5
1434138 214833755 1
1434138 214829387 1
1434138 214826610 1
1434138 214601233 0.5
1434138 214819762 0.5
8079086 214851163 1
8079086 214851099 1
8079086 214851131 1
8079086 214851165 0.5
11462487 214857555 1
11462487 214854176 1
11462487 214857568 1
11462487 214580240 0.5
11462487 214857562 0.5
11462487 214853210 0.5
11462487 214848613 0.5
9771559 214711524 1
9771559 214709625 1
9771559 214853730 1
9771559 214603140 0.5
9771559 214557701 0.5
9771559 214853702 0.5
9771559 214711537 0.5
9771559 214602729 0.5
9771559 214853713 0.5
9771559 214854547 0.5
9771559 214648247 0.5
9771559 214853700 0.5
9771559 214648250 0.5
9771559 214648252 0.5
9771559 214648254 0.5
9771559 214820197 0.5
8182313 214850741 1
8182313 214748336 1
8182313 214851238 1
8182313 214849001 0.5
8182313 214851075 0.5
8182313 214819772 0.5
8182313 214843494 0.5
9956512 214853105 1
9956512 214853248 1
9956512 214853094 1
9956512 214853085 0.5
9956512 214853077 0.5
10977836 214854352 1
10977836 214854536 1
10977836 214853244 1
10977836 214854354 0.5
10977836 214848326 0.5
10977836 214648247 0.5
10502701 214684785 1
10502701 214567333 1
10502701 214567327 1
10502701 214853726 0.5
10502701 214854358 0.5
10502701 214854262 0.5
10273328 214854268 1
10273328 214853242 1
10273328 214854264 1
10273328 214854536 0.5
10273328 214853852 0.5
10745608 214854536 1
10745608 214853113 1
10745608 214854352 1
10745608 214854860 0.5
6468153 214848656 1
6468153 214839971 1
6468153 214848622 1
6468153 214849012 0.5
6468153 214848695 0.5
6586943 214849320 1
6586943 214849322 1
6586943 214849318 1
6586943 214849192 0.5
6586943 214849185 0.5
6586943 214849179 0.5
3199552 214835002 1
3199552 214835747 1
3199552 214587712 1
3199552 214832722 0.5
10211424 214853767 1
10211424 214853707 1
10211424 214853730 1
10211424 214853698 0.5
5363467 214844400 1
5363467 214844396 1
5363467 214844370 1
5363467 214835426 0.5
5363467 214826949 0.5
5363467 214845585 0.5
5363467 214836328 0.5
5363467 214844398 0.5
5363467 214835473 0.5
5513796 214846447 1
5513796 214846001 1
5513796 214716671 1
5513796 214684841 0.5
5513796 214832557 0.5
5513796 214684942 0.5
5513796 214846061 0.5
5513796 214558192 0.5
5513796 214556057 0.5
5513796 214836924 0.5
5513796 214845887 0.5
7984566 214850304 1
7984566 214700002 1
7984566 214540179 1
7984566 214829792 0.5
7984566 214850291 0.5
10967624 214853102 1
10967624 214854787 1
10967624 214854793 1
10967624 214855016 0.5
10967624 214854782 0.5
7471291 214829792 1
7471291 214700002 1
7471291 214540179 1
7471291 214850310 0.5
9216589 214853707 1
9216589 214853698 1
9216589 214853767 1
9216589 214820345 0.5
9216589 214853730 0.5
7232078 214848832 1
7232078 214848808 1
7232078 214848613 1
7232078 214832147 0.5
7232078 214662785 0.5
7232078 214662755 0.5
7232078 214845958 0.5
7232078 214850726 0.5
7232078 214716714 0.5
7232078 214684845 0.5
7232078 214850417 0.5
7232078 214662787 0.5
7232078 214716746 0.5
7232078 214848165 0.5
5363333 214844370 1
5363333 214844402 1
5363333 214845590 1
5363333 214845412 0.5
5363333 214836517 0.5
5363333 214835167 0.5
10566229 214854517 1
10566229 214854527 1
10566229 214854298 1
10566229 214854600 0.5
7455538 214850754 1
7455538 214850765 1
7455538 214850700 1
7455538 214716932 0.5
5556826 214844396 1
5556826 214844398 1
5556826 214844340 1
5556826 214844400 0.5
5556826 214685857 0.5
5556826 214821015 0.5
5556826 214832150 0.5
5556826 214838225 0.5
4620898 214829100 1
4620898 214831970 1
4620898 214839915 1
4620898 214839592 0.5
873366 214539110 1
873366 214829310 1
873366 214827013 1
873366 214613743 0.5
7565924 214748321 1
7565924 214851755 1
7565924 214652207 1
7565924 214849312 0.5
7565924 214716645 0.5
7565924 214848302 0.5
7565924 214710097 0.5
7565924 214676019 0.5
7565924 214821397 0.5
7565924 214829366 0.5
7565924 214844345 0.5
7565924 214826670 0.5
10201702 214854495 1
10201702 214854549 1
10201702 214853767 1
10201702 214853728 0.5
10201702 214853730 0.5
10201702 214853735 0.5
10201702 214854540 0.5
10201702 214854545 0.5
10201702 214854581 0.5
10201702 214853430 0.5
1780331 214829387 1
1780331 214834877 1
1780331 214833755 1
1780331 214826610 0.5
1780331 214543922 0.5
9581166 214850282 1
9581166 214850285 1
9581166 214850291 1
9581166 214850945 0.5
9581166 214850310 0.5
9581166 214717511 0.5
9581166 214831946 0.5
9581166 214853420 0.5
9581166 214838098 0.5
10079777 214853698 1
10079777 214853767 1
10079777 214853702 1
10079777 214853713 0.5
10079777 214853707 0.5
7076466 214587317 1
7076466 214849342 1
7076466 214849245 1
7076466 214844345 0.5
7076466 214849747 0.5
7076466 214832156 0.5
7076466 214602598 0.5
7076466 214849775 0.5
6283891 214684715 1
6283891 214540106 1
6283891 214846029 1
6283891 214601272 0.5
6283891 214829887 0.5
5044854 214840091 1
5044854 214838092 1
5044854 214826818 1
5044854 214826833 0.5
9339511 214711307 1
9339511 214850949 1
9339511 214850945 1
9339511 214829880 0.5
9339511 214853338 0.5
9339511 214850947 0.5
9214587 214853109 1
9214587 214853111 1
9214587 214601040 1
9214587 214853128 0.5
9214587 214853130 0.5
9214587 214581611 0.5
9214587 214835117 0.5
9214587 214601042 0.5
9214587 214678387 0.5
9214587 214582200 0.5
9214587 214853115 0.5
1520252 214829396 1
1520252 214821332 1
1520252 214835021 1
1520252 214829666 0.5
1520252 214826563 0.5
1520252 214743339 0.5
1520252 214821392 0.5
1520252 214826610 0.5
1520252 214684502 0.5
1520252 214821407 0.5
1520252 214821309 0.5
1520252 214687839 0.5
5400433 214835070 1
5400433 214835426 1
5400433 214835473 1
5400433 214838225 0.5
5400433 214603140 0.5
5400433 214835462 0.5
3189377 214829079 1
3189377 214821285 1
3189377 214613741 1
3189377 214587898 0.5
3189377 214829771 0.5
7893639 214850282 1
7893639 214850291 1
7893639 214850310 1
7893639 214850304 0.5
7893639 214850295 0.5
7893639 214850287 0.5
2902666 214835747 1
2902666 214835019 1
2902666 214573612 1
2902666 214835745 0.5
2902666 214826565 0.5
2902666 214831937 0.5
2902666 214600492 0.5
2902666 214587697 0.5
2902666 214837916 0.5
2902666 214837918 0.5
11473547 214854515 1
11473547 214857570 1
11473547 214854804 1
11473547 214835745 0.5
11473547 214854857 0.5
11473547 214848658 0.5
11473547 214851122 0.5
11473547 214854517 0.5
11473547 214706102 0.5
11473547 214854298 0.5
11473547 214854527 0.5
8899483 214853165 1
8899483 214678376 1
8899483 214851742 1
8899483 214848302 0.5
8899483 214677830 0.5
8899483 214853087 0.5
2520173 214829878 1
2520173 214829887 1
2520173 214829882 1
2520173 214819760 0.5
2520173 214819762 0.5
2520173 214831967 0.5
8442512 214851748 1
8442512 214853135 1
8442512 214853233 1
8442512 214851097 0.5
8442512 214684942 0.5
8442512 214850405 0.5
8442512 214981102 0.5
8493713 214716935 1
8493713 214844439 1
8493713 214716932 1
8493713 214716930 0.5
8493713 214533022 0.5
1860242 214829855 1
1860242 214835750 1
1860242 214821397 1
1860242 214829857 0.5
1860242 214829385 0.5
1860242 214832720 0.5
1860242 214826711 0.5
1860242 214829657 0.5
1860242 214835002 0.5
4141719 214821305 1
4141719 214821309 1
4141719 214844439 1
4141719 214844456 0.5
4141719 214836881 0.5
4141719 214551626 0.5
4141719 214821339 0.5
7080601 214819412 1
7080601 214849766 1
7080601 214849777 1
7080601 214718400 0.5
7080601 214853657 0.5
7080601 214840378 0.5
7080601 214725551 0.5
3826332 214836932 1
3826332 214651777 1
3826332 214836924 1
3826332 214821017 0.5
3826332 214819562 0.5
3826332 214826617 0.5
3826332 214677615 0.5
2478751 214678880 1
2478751 214820456 1
2478751 214829385 1
2478751 214701212 0.5
2478751 214744779 0.5
2478751 214820812 0.5
2478751 214718165 0.5
2478751 214708374 0.5
2478751 214829660 0.5
10472099 214854264 1
10472099 214854268 1
10472099 214684762 1
10472099 214854148 0.5
10472099 214853158 0.5
10472099 214850758 0.5
10472099 214854536 0.5
10472099 214854352 0.5
10472099 214684785 0.5
10472099 214844402 0.5
10472099 214853852 0.5
10472099 214853726 0.5
10736294 214854720 1
10736294 214853081 1
10736294 214567417 1
10736294 214854716 0.5
10736294 214851757 0.5
10736294 214710013 0.5
4252336 214835167 1
4252336 214848864 1
4252336 214580801 1
4252336 214826906 0.5
7772849 214849132 1
7772849 214849100 1
7772849 214712242 1
7772849 214716928 0.5
7772849 214710097 0.5
7772849 214510445 0.5
2902708 214819562 1
2902708 214821022 1
2902708 214829387 1
2902708 214561402 0.5
2902708 214826621 0.5
2902708 214829366 0.5
6135689 214846010 1
6135689 214845962 1
6135689 214845954 1
6135689 214849010 0.5
6135689 214821382 0.5
7896516 214850938 1
7896516 214850700 1
7896516 214850790 1
7896516 214850692 0.5
7896516 214850405 0.5
7896516 214835002 0.5
7896516 214850940 0.5
7896516 214850621 0.5
7896516 214821022 0.5
9733367 214853454 1
9733367 214853420 1
9733367 214853428 1
9733367 214853422 0.5
8739522 214685049 1
8739522 214716714 1
8739522 214851161 1
8739522 214851131 0.5
8739522 214716746 0.5
8739522 214848851 0.5
8739522 214716671 0.5
2394819 214678987 1
2394819 214831946 1
2394819 214821022 1
2394819 214577450 0.5
2394819 214826621 0.5
2394819 214829887 0.5
9413668 214853379 1
9413668 214853420 1
9413668 214850947 1
9413668 214849747 0.5
9413668 214846468 0.5
9413668 214725549 0.5
9413668 214853158 0.5
5980712 214846425 1
5980712 214846393 1
5980712 214748282 1
5980712 214840237 0.5
8124629 214851022 1
8124629 214848630 1
8124629 214851077 1
8124629 214853182 0.5
8124629 214677615 0.5
3654491 214839984 1
3654491 214563195 1
3654491 214551913 1
3654491 214836825 0.5
2525903 214831957 1
2525903 214829878 1
2525903 214838214 1
2525903 214541064 0.5
1942224 214831965 1
1942224 214667912 1
1942224 214826711 1
1942224 214716641 0.5
1942224 214832780 0.5
1942224 214835087 0.5
1942224 214835124 0.5
1942224 214829878 0.5
1942224 214829368 0.5
1942224 214674427 0.5
2003667 214534449 1
2003667 214826711 1
2003667 214667912 1
2003667 214716641 0.5
2704086 214835019 1
2704086 214826998 1
2704086 214717522 1
2704086 214716902 0.5
2704086 214831959 0.5
2704086 214811758 0.5
2704086 214680720 0.5
2704086 214828985 0.5
2704086 214680722 0.5
2704086 214821300 0.5
2704086 214587317 0.5
2704086 214536185 0.5
2704086 214821401 0.5
2704086 214536187 0.5
2704086 214831967 0.5
5957427 214846425 1
5957427 214846415 1
5957427 214846427 1
5957427 214844372 0.5
99897 214718169 1
99897 214718220 1
99897 214718203 1
99897 214717888 0.5
99897 214819781 0.5
99897 214821022 0.5
8237788 214851122 1
8237788 214851236 1
8237788 214851155 1
8237788 214851137 0.5
8237788 214851075 0.5
8237788 214849252 0.5
8237788 214851077 0.5
8237788 214573350 0.5
8237788 214849031 0.5
8237788 214819464 0.5
8237788 214851581 0.5
8237788 214849080 0.5
8237788 214819378 0.5
8237788 214849153 0.5
8237788 214717247 0.5
8237788 214827005 0.5
8237788 214849157 0.5
3476189 214832126 1
3476189 214836776 1
3476189 214836527 1
3476189 214832128 0.5
3476189 214839600 0.5
3476189 214832124 0.5
9714403 214853165 1
9714403 214848845 1
9714403 214853075 1
9714403 214853128 0.5
8639206 214853085 1
8639206 214851326 1
8639206 214853090 1
8639206 214851028 0.5
5455996 214845917 1
5455996 214846012 1
5455996 214845984 1
5455996 214819779 0.5
5455996 214845489 0.5
5455996 214835019 0.5
5455996 214846033 0.5
5455996 214846007 0.5
5455996 214845887 0.5
8891114 214853242 1
8891114 214853132 1
8891114 214853222 1
8891114 214853225 0.5
8891114 214853210 0.5
8891114 214853237 0.5
8891114 214853182 0.5
4362988 214845127 1
4362988 214838124 1
4362988 214839341 1
4362988 214839339 0.5
4362988 214700990 0.5
10074861 214853698 1
10074861 214853700 1
10074861 214853767 1
10074861 214853707 0.5
5057267 214826833 1
5057267 214831955 1
5057267 214819627 1
5057267 214832010 0.5
5057267 214838092 0.5
9229044 214850792 1
9229044 214854148 1
9229044 214853865 1
9229044 214854017 0.5
9229044 214853413 0.5
9229044 214850790 0.5
9229044 214853994 0.5
9229044 214853435 0.5
9229044 214854172 0.5
3142389 214829364 1
3142389 214587697 1
3142389 214602600 1
3142389 214836830 0.5
3142389 214554662 0.5
7441147 214850282 1
7441147 214849734 1
7441147 214850315 1
7441147 214850285 0.5
5343997 214844398 1
5343997 214844396 1
5343997 214844340 1
5343997 214835167 0.5
6628094 214849331 1
6628094 214849284 1
6628094 214849466 1
6628094 214849344 0.5
6628094 214851009 0.5
6628094 214849738 0.5
6628094 214819378 0.5
6628094 214849333 0.5
6628094 214849275 0.5
10967809 214563262 1
10967809 214853135 1
10967809 214853715 1
10967809 214828970 0.5
5649154 214826623 1
5649154 214834877 1
5649154 214746380 1
5649154 214587317 0.5
10802987 214712242 1
10802987 214854780 1
10802987 214854699 1
10802987 214712244 0.5
10802987 214854682 0.5
10802987 214849100 0.5
6834452 214836506 1
6834452 214706486 1
6834452 214710097 1
6834452 214819760 0.5
6834452 214848997 0.5
6834452 214845806 0.5
6834452 214573359 0.5
6834452 214839600 0.5
6834452 214819762 0.5
6834452 214848757 0.5
6834452 214554973 0.5
6834452 214707877 0.5
9424607 214853420 1
9424607 214853422 1
9424607 214850942 1
9424607 214850945 0.5
10928913 214853079 1
10928913 214854718 1
10928913 214711556 1
10928913 214854722 0.5
10928913 214744046 0.5
10928913 214850387 0.5
10928913 214854836 0.5
10928913 214853083 0.5
10928913 214710013 0.5
8368259 214536187 1
8368259 214536195 1
8368259 214536185 1
8368259 214819393 0.5
7986166 214853177 1
7986166 214853175 1
7986166 214853758 1
7986166 214851120 0.5
7986166 214828882 0.5
7986166 214853173 0.5
11064087 214854802 1
11064087 214854579 1
11064087 214854585 1
11064087 214854767 0.5
11064087 214686879 0.5
5831448 214846012 1
5831448 214848997 1
5831448 214826833 1
5831448 214839973 0.5
9409591 214853210 1
9409591 214854176 1
9409591 214853092 1
9409591 214851750 0.5
9409591 214821032 0.5
9409591 214853225 0.5
9409591 214837483 0.5
9409591 214826994 0.5
9409591 214849365 0.5
9409591 214853848 0.5
9409591 214853242 0.5
9409591 214850557 0.5
1350428 214708305 1
1350428 214554510 1
1350428 214826666 1
1350428 214826664 0.5
1350428 214826668 0.5
767159 214826932 1
767159 214826927 1
767159 214820810 1
767159 214829053 0.5
767159 214819382 0.5
7471911 214849136 1
7471911 214849760 1
7471911 214849312 1
7471911 214844400 0.5
10595113 214854352 1
10595113 214854536 1
10595113 214853244 1
10595113 214853113 0.5
10595113 214854354 0.5
10595113 214853722 0.5
1706794 214829390 1
1706794 214821407 1
1706794 214829019 1
1706794 214844289 0.5
1991467 214821350 1
1991467 214829390 1
1991467 214821407 1
1991467 214829664 0.5
1991467 214835021 0.5
10420707 214853767 1
10420707 214854517 1
10420707 214854298 1
10420707 214853709 0.5
3365677 214836358 1
3365677 214836043 1
3365677 214836530 1
3365677 214836362 0.5
8807214 214853242 1
8807214 214853132 1
8807214 214853237 1
8807214 214853222 0.5
8807214 214853182 0.5
2692868 214831940 1
2692868 214835503 1
2692868 214829364 1
2692868 214831937 0.5
2692868 214834867 0.5
2692868 214835132 0.5
9116471 214716746 1
9116471 214851080 1
9116471 214851161 1
9116471 214716671 0.5
9116471 214851163 0.5
9116471 214848851 0.5
9116471 214851575 0.5
5897018 214845947 1
5897018 214848328 1
5897018 214554510 1
5897018 214826664 0.5
5897018 214835745 0.5
5897018 214559259 0.5
5897018 214832150 0.5
5897018 214668185 0.5
9775934 214853435 1
9775934 214853992 1
9775934 214854118 1
9775934 214854264 0.5
9775934 214854268 0.5
9775934 214853732 0.5
6622096 214826893 1
6622096 214575763 1
6622096 214832154 1
6622096 214514325 0.5
2238481 214829878 1
2238481 214831948 1
2238481 214836575 1
2238481 214829882 0.5
11475767 214854504 1
11475767 214851236 1
11475767 214853698 1
11475767 214853722 0.5
11475767 214854527 0.5
10810189 214853102 1
10810189 214854840 1
10810189 214864880 1
10810189 214853100 0.5
10810189 214851757 0.5
3595086 214820402 1
3595086 214829799 1
3595086 214820400 1
3595086 214800272 0.5
3595086 214836534 0.5
4525793 214839973 1
4525793 214845131 1
4525793 214839971 1
4525793 214829280 0.5
4525793 214836857 0.5
4525793 214587317 0.5
2525667 214829366 1
2525667 214833755 1
2525667 214829387 1
2525667 214687852 0.5
2525667 214800272 0.5
2525667 214556595 0.5
2525667 214587317 0.5
2525667 214586743 0.5
2525667 214831967 0.5
7467862 214651777 1
7467862 214561775 1
7467862 214821020 1
7467862 214561475 0.5
7467862 214572182 0.5
7467862 214850765 0.5
7467862 214850758 0.5
7320407 214849738 1
7320407 214849757 1
7320407 214849389 1
7320407 214849736 0.5
7320407 214849762 0.5
7015263 214850615 1
7015263 214848849 1
7015263 214849046 1
7015263 214851009 0.5
7015263 214849022 0.5
7015263 214848945 0.5
9640807 214850942 1
9640807 214850949 1
9640807 214853338 1
9640807 214853428 0.5
9640807 214853402 0.5
9640807 214853460 0.5
5818172 214849010 1
5818172 214846119 1
5818172 214845962 1
5818172 214680360 0.5
7930731 214850282 1
7930731 214850304 1
7930731 214819640 1
7930731 214846033 0.5
7930731 214829878 0.5
7930731 214848302 0.5
3224431 214836847 1
3224431 214836845 1
3224431 214580293 1
3224431 214561402 0.5
3224431 214835475 0.5
3138417 214837918 1
3138417 214573612 1
3138417 214587697 1
3138417 214680705 0.5
3138417 214835019 0.5
3138417 214837916 0.5
5501817 214845984 1
5501817 214844347 1
5501817 214846001 1
5501817 214829765 0.5
5501817 214586668 0.5
5501817 214844340 0.5
5501817 214846007 0.5
5501817 214844345 0.5
5501817 214839973 0.5
10289009 214854352 1
10289009 214854536 1
10289009 214854577 1
10289009 214853113 0.5
10289009 214854354 0.5
10289009 214853244 0.5
10120062 214684762 1
10120062 214854510 1
10120062 214854262 1
10120062 214684785 0.5
10120062 214854358 0.5
9018241 214853077 1
9018241 214852980 1
9018241 214851737 1
9018241 214852978 0.5
9018241 214601197 0.5
9018241 214853085 0.5
5364614 214844368 1
5364614 214844370 1
5364614 214835167 1
5364614 214829825 0.5
5364614 214558258 0.5
5364614 214711348 0.5
5364614 214829765 0.5
8471438 214853094 1
8471438 214852980 1
8471438 214853085 1
8471438 214853105 0.5
1743761 214748336 1
1743761 214743495 1
1743761 214587712 1
1743761 214832552 0.5
1743761 214832722 0.5
7669571 214849455 1
7669571 214850739 1
7669571 214849460 1
7669571 214849363 0.5
7669571 214853323 0.5
7465881 214844456 1
7465881 214844462 1
7465881 214844394 1
7465881 214821309 0.5
7465881 214844441 0.5
7465881 214551626 0.5
7465881 214821341 0.5
7465881 214844439 0.5
5141402 214845577 1
5141402 214845352 1
5141402 214845356 1
5141402 214845579 0.5
5141402 214845581 0.5
4623263 214587712 1
4623263 214835017 1
4623263 214836830 1
4623263 214554431 0.5
4623263 214839973 0.5
4623263 214831959 0.5
4103073 214826947 1
4103073 214839973 1
4103073 214839969 1
4103073 214821392 0.5
4103073 214743497 0.5
4103073 214839960 0.5
4103073 214826951 0.5
1192867 214829100 1
1192867 214828995 1
1192867 214829085 1
1192867 214829334 0.5
10120102 214854264 1
10120102 214854268 1
10120102 214854358 1
10120102 214853732 0.5
10120102 214832156 0.5
10120102 214849807 0.5
10120102 214854555 0.5
10120102 214853724 0.5
10120102 214853855 0.5
3585007 214836339 1
3585007 214837905 1
3585007 214836041 1
3585007 214580801 0.5
7662748 214718216 1
7662748 214821020 1
7662748 214826752 1
7662748 214845939 0.5
10683306 214854585 1
10683306 214854300 1
10683306 214854534 1
10683306 214854547 0.5
7011246 214848692 1
7011246 214848977 1
7011246 214848967 1
7011246 214849076 0.5
6210479 214826990 1
6210479 214710097 1
6210479 214848847 1
6210479 214820184 0.5
6210479 214848950 0.5
6210479 214845577 0.5
6210479 214832012 0.5
6210479 214832015 0.5
6210479 214846033 0.5
6210479 214829878 0.5
6210479 214829880 0.5
10118984 214853340 1
10118984 214848977 1
10118984 214831946 1
10118984 214819395 0.5
10118984 214684717 0.5
10118984 214832143 0.5
10118984 214848309 0.5
10118984 214514295 0.5
10118984 214853338 0.5
6605746 214533020 1
6605746 214849466 1
6605746 214846065 1
6605746 214844400 0.5
6605746 214717048 0.5
6605746 214849239 0.5
6605746 214848622 0.5
6605746 214556055 0.5
5832862 214845418 1
5832862 214711348 1
5832862 214839982 1
5832862 214680360 0.5
5186489 214845577 1
5186489 214845457 1
5186489 214845352 1
5186489 214820400 0.5
5186489 214819760 0.5
5186489 214845806 0.5
11453386 214858680 1
11453386 214829878 1
11453386 214853340 1
11453386 214853154 0.5
11375547 214853100 1
11375547 214854782 1
11375547 214844439 1
11375547 214854785 0.5
11375547 214836932 0.5
11375547 214853102 0.5
5561278 214753657 1
5561278 214846447 1
5561278 214826610 1
5561278 214829321 0.5
5561278 214839587 0.5
5561278 214687852 0.5
5561278 214844345 0.5
5561278 214829799 0.5
9051071 214853248 1
9051071 214853077 1
9051071 214853657 1
9051071 214853094 0.5
9051071 214851326 0.5
7733689 214849807 1
7733689 214718377 1
7733689 214718372 1
7733689 214850295 0.5
7733689 214641967 0.5
10419139 214567215 1
10419139 214854268 1
10419139 214567329 1
10419139 214854352 0.5
10419139 214684785 0.5
10419139 214854264 0.5
10419139 214853726 0.5
11183046 214854699 1
11183046 214854722 1
11183046 214853081 1
11183046 214712242 0.5
11183046 214853083 0.5
11183046 214710013 0.5
11183046 214854782 0.5
11183046 214690839 0.5
7232457 214846117 1
7232457 214849012 1
7232457 214677615 1
7232457 214586694 0.5
7232457 214557322 0.5
7232457 214665277 0.5
7232457 214848337 0.5
7232457 214667859 0.5
7232457 214553844 0.5
7232457 214676375 0.5
7232457 214821017 0.5
7232457 214846427 0.5
7232457 214552522 0.5
7232457 214553587 0.5
4388343 214573350 1
4388343 214832023 1
4388343 214829852 1
4388343 214743335 0.5
4388343 214829769 0.5
4388343 214829799 0.5
4388343 214832780 0.5
4388343 214748336 0.5
4388343 214651517 0.5
7179009 214850938 1
7179009 214564387 1
7179009 214850739 1
7179009 214850848 0.5
7179009 214743339 0.5
7179009 214744779 0.5
7179009 214850940 0.5
7179009 214819599 0.5
4566847 214717507 1
4566847 214826983 1
4566847 214714757 1
4566847 214600464 0.5
4566847 214826829 0.5
4566847 214826822 0.5
4566847 214826623 0.5
1496727 214834880 1
1496727 214826610 1
1496727 214829387 1
1496727 214711280 0.5
1496727 214833755 0.5
2739158 214835132 1
2739158 214835745 1
2739158 214829657 1
2739158 214820458 0.5
7337064 214846112 1
7337064 214849745 1
7337064 214846072 1
7337064 214700002 0.5
7337064 214849807 0.5
10096873 214853096 1
10096873 214853094 1
10096873 214853248 1
10096873 214853085 0.5
11240412 214684942 1
11240412 214854787 1
11240412 214716671 1
11240412 214848851 0.5
8022294 214851155 1
8022294 214851238 1
8022294 214849057 1
8022294 214851152 0.5
8022294 214851024 0.5
8022294 214717003 0.5
8022294 214578350 0.5
8489366 214850771 1
8489366 214853145 1
8489366 214838124 1
8489366 214851279 0.5
6056937 214848328 1
6056937 214848337 1
6056937 214714794 1
6056937 214710097 0.5
6056937 214827005 0.5
977902 214716935 1
977902 214716973 1
977902 214685141 1
977902 214716930 0.5
977902 214716932 0.5
8094703 214853094 1
8094703 214853248 1
8094703 214851326 1
8094703 214853096 0.5
8094703 214853090 0.5
11201363 214853100 1
11201363 214854791 1
11201363 214854823 1
11201363 214864880 0.5
11201363 214854800 0.5
11201363 214854840 0.5
9475061 214848980 1
9475061 214853420 1
9475061 214829887 1
9475061 214819627 0.5
9475061 214819410 0.5
9475061 214684715 0.5
9475061 214829878 0.5
9475061 214846033 0.5
8113142 214851013 1
8113142 214851099 1
8113142 214851133 1
8113142 214849031 0.5
1701651 214826610 1
1701651 214834877 1
1701651 214826992 1
1701651 214587712 0.5
1701651 214800272 0.5
1701651 214826563 0.5
1701651 214717847 0.5
5557241 214848185 1
5557241 214840483 1
5557241 214820195 1
5557241 214845986 0.5
5557241 214835019 0.5
5557241 214826565 0.5
8385532 214851080 1
8385532 214851317 1
8385532 214717003 1
8385532 214716928 0.5
8385532 214717007 0.5
1752066 214819430 1
1752066 214748336 1
1752066 214839600 1
1752066 214800272 0.5
1752066 214829321 0.5
1752066 214601233 0.5
1752066 214743495 0.5
10822827 214853102 1
10822827 214854785 1
10822827 214854840 1
10822827 214854787 0.5
10822827 214853420 0.5
10822827 214820758 0.5
5585924 214846033 1
5585924 214846012 1
5585924 214845581 1
5585924 214839965 0.5
5585924 214846031 0.5
9966597 214854268 1
9966597 214854264 1
9966597 214684785 1
9966597 214684762 0.5
9966597 214718220 0.5
9966597 214850938 0.5
9966597 214854358 0.5
2057222 214829865 1
2057222 214829855 1
2057222 214829846 1
2057222 214829861 0.5
2057222 214829711 0.5
4131671 214839973 1
4131671 214845131 1
4131671 214829287 1
4131671 214848176 0.5
4131671 214839960 0.5
4131671 214716635 0.5
4131671 214839965 0.5
6282252 214848337 1
6282252 214848328 1
6282252 214848377 1
6282252 214849275 0.5
6282252 214712126 0.5
6546449 214846530 1
6546449 214846447 1
6546449 214820402 1
6546449 214800272 0.5
6546449 214848626 0.5
6546449 214848620 0.5
6546449 214829799 0.5
3751749 214836932 1
3751749 214838227 1
3751749 214836926 1
3751749 214836534 0.5
9571353 214744258 1
9571353 214857830 1
9571353 214552937 1
9571353 214844257 0.5
9571353 214700002 0.5
9571353 214826987 0.5
9571353 214853420 0.5
9571353 214853325 0.5
9571353 214591374 0.5
9571353 214712237 0.5
9571353 214835126 0.5
9571353 214743515 0.5
9571353 214851279 0.5
10734621 214845962 1
10734621 214849010 1
10734621 214846119 1
10734621 214536193 0.5
10734621 214559660 0.5
7445536 214748336 1
7445536 214845457 1
7445536 214836330 1
7445536 214846530 0.5
7445536 214848997 0.5
7445536 214831967 0.5
7445536 214848656 0.5
7445536 214848658 0.5
7445536 214839960 0.5
7445536 214820345 0.5
7445536 214716667 0.5
7445536 214844413 0.5
7445536 214836926 0.5
7445536 214839973 0.5
7015457 214849136 1
7015457 214849250 1
7015457 214849194 1
7015457 214849155 0.5
7015457 214849031 0.5
7015457 214819464 0.5
7015457 214586743 0.5
7015457 214849466 0.5
7015457 214850364 0.5
6482438 214848973 1
6482438 214848605 1
6482438 214848980 1
6482438 214514272 0.5
6482438 214835137 0.5
6482438 214846530 0.5
6482438 214602598 0.5
6482438 214846033 0.5
6482438 214514287 0.5
6482438 214710097 0.5
6482438 214849076 0.5
6482438 214829878 0.5
6482438 214668667 0.5
4790449 214829887 1
4790449 214839965 1
4790449 214838096 1
4790449 214845352 0.5
4790449 214831944 0.5
3735451 214836932 1
3735451 214835109 1
3735451 214826990 1
3735451 214838227 0.5
8174648 214851317 1
8174648 214851097 1
8174648 214851577 1
8174648 214845954 0.5
8174648 214848596 0.5
324667 214684093 1
324667 214748336 1
324667 214832559 1
324667 214819721 0.5
11368793 214854515 1
11368793 214526083 1
11368793 214854532 1
11368793 214853353 0.5
11368793 214854538 0.5
11368793 214854819 0.5
11368793 214854838 0.5
11368793 214717247 0.5
6433973 214848613 1
6433973 214848808 1
6433973 214848832 1
6433973 214848851 0.5
2450497 214835019 1
2450497 214835745 1
2450497 214835017 1
2450497 214587712 0.5
2450497 214829090 0.5
2450497 214600492 0.5
6298692 214848622 1
6298692 214848969 1
6298692 214846380 1
6298692 214670064 0.5
6298692 214838225 0.5
6298692 214848950 0.5
6298692 214846417 0.5
7990341 214850790 1
7990341 214850940 1
7990341 214820394 1
7990341 214744779 0.5
7990341 214850876 0.5
7990341 214850405 0.5
11185222 214853735 1
11185222 214854733 1
11185222 214854174 1
11185222 214714755 0.5
10065079 214854268 1
10065079 214854264 1
10065079 214854358 1
10065079 214567329 0.5
10065079 214573310 0.5
10065079 214684785 0.5
10065079 214853726 0.5
10065079 214567215 0.5
9813183 214854060 1
9813183 214853992 1
9813183 214851097 1
9813183 214854172 0.5
9813183 214662742 0.5
9813183 214981102 0.5
879694 214826705 1
879694 214837483 1
879694 214837485 1
879694 214837487 0.5
6710964 214848337 1
6710964 214849012 1
6710964 214848380 1
6710964 214835109 0.5
6710964 214657318 0.5
4291671 214839973 1
4291671 214839960 1
4291671 214821277 1
4291671 214828985 0.5
4291671 214697282 0.5
4291671 214538030 0.5
9130477 214851326 1
9130477 214853090 1
9130477 214853248 1
9130477 214853096 0.5
11144287 214864880 1
11144287 214854718 1
11144287 214853100 1
11144287 214854853 0.5
11144287 214853079 0.5
2055267 214829664 1
2055267 214829666 1
2055267 214832722 1
2055267 214836328 0.5
2055267 214819577 0.5
2055267 214543922 0.5
2055267 214821397 0.5
11335242 214853754 1
11335242 214578011 1
11335242 214712242 1
11335242 214676480 0.5
11335242 214849132 0.5
11335242 214510445 0.5
11335242 214854774 0.5
4490341 214829799 1
4490341 214839973 1
4490341 214839967 1
4490341 214839960 0.5
4490341 214826876 0.5
1225832 214827005 1
1225832 214827000 1
1225832 214774685 1
1225832 214827007 0.5
8686439 214853090 1
8686439 214851326 1
8686439 214853096 1
8686439 214853105 0.5
8686439 214835126 0.5
9053293 214853132 1
9053293 214853222 1
9053293 214853242 1
9053293 214853186 0.5
9053293 214851750 0.5
9053293 214850855 0.5
9053293 214853237 0.5
9053293 214853210 0.5
9053293 214853182 0.5
6313071 214846061 1
6313071 214826565 1
6313071 214835745 1
6313071 214839587 0.5
6313071 214819430 0.5
6313071 214744775 0.5
6313071 214558807 0.5
6313071 214587697 0.5
6313071 214716110 0.5
6313071 214846415 0.5
6313071 214640017 0.5
6313071 214848658 0.5
6313071 214846067 0.5
6313071 214846421 0.5
6313071 214836855 0.5
6313071 214827002 0.5
6313071 214835747 0.5
6313071 214838111 0.5
9419894 214831955 1
9419894 214853342 1
9419894 214853428 1
9419894 214846344 0.5
9419894 214850700 0.5
9419894 214850711 0.5
10050684 214854358 1
10050684 214854264 1
10050684 214854335 1
10050684 214567329 0.5
3982461 214836924 1
3982461 214820452 1
3982461 214839982 1
3982461 214821305 0.5
3982461 214583610 0.5
3982461 214845508 0.5
7847041 214850771 1
7847041 214850938 1
7847041 214850743 1
7847041 214548744 0.5
7847041 214551624 0.5
7847041 214850792 0.5
11199812 214853102 1
11199812 214854782 1
11199812 214854785 1
11199812 214864880 0.5
11199812 214853100 0.5
6065291 214846367 1
6065291 214845590 1
6065291 214846425 1
6065291 214826906 0.5
8088716 214716654 1
8088716 214851234 1
8088716 214716671 1
8088716 214851080 0.5
8088716 214716746 0.5
8088716 214851579 0.5
8088716 214851028 0.5
8137468 214846391 1
8137468 214851022 1
8137468 214711267 1
8137468 214853092 0.5
8137468 214843494 0.5
8137468 214850932 0.5
8137468 214846389 0.5
8137468 214849018 0.5
8137468 214836830 0.5
8137468 214840415 0.5
1975438 214642153 1
1975438 214821350 1
1975438 214835021 1
1975438 214835561 0.5
10132341 214717888 1
10132341 214853767 1
10132341 214853702 1
10132341 214718160 0.5
10132341 214709625 0.5
10132341 214853707 0.5
10132341 214718220 0.5
10132341 214718169 0.5
2321263 214829878 1
2321263 214831946 1
2321263 214829885 1
2321263 214551626 0.5
7013573 214849320 1
7013573 214849318 1
7013573 214849322 1
7013573 214832156 0.5
7013573 214848613 0.5
9643889 214850949 1
9643889 214853422 1
9643889 214850942 1
9643889 214853420 0.5
9643889 214848326 0.5
10919251 214854718 1
10919251 214854720 1
10919251 214853083 1
10919251 214853079 0.5
8662189 214853135 1
8662189 214851748 1
8662189 214853195 1
8662189 214853184 0.5
8662189 214853105 0.5
8662189 214852980 0.5
8662189 214853094 0.5
8662189 214853233 0.5
1138634 214551607 1
1138634 214821339 1
1138634 214821307 1
1138634 214821315 0.5
6485173 214844482 1
6485173 214836249 1
6485173 214837914 1
6485173 214836050 0.5
6485173 214836339 0.5
6485173 214836084 0.5
6485173 214836133 0.5
8666313 214853090 1
8666313 214851326 1
8666313 214853094 1
8666313 214853096 0.5
8666313 214852978 0.5
8537272 214685049 1
8537272 214851234 1
8537272 214716671 1
8537272 214851080 0.5
8537272 214716746 0.5
10281987 214678387 1
10281987 214853169 1
10281987 214853130 1
10281987 214853705 0.5
10281987 214853732 0.5
10281987 214709702 0.5
957632 214827009 1
957632 214837922 1
957632 214835544 1
957632 214584992 0.5
957632 214837485 0.5
957632 214838831 0.5
9743904 214567333 1
9743904 214710097 1
9743904 214853865 1
9743904 214743339 0.5
9743904 214853715 0.5
9743904 214579875 0.5
9743904 214853726 0.5
9743904 214684942 0.5
11123906 214572452 1
11123906 214687905 1
11123906 214854332 1
11123906 214572448 0.5
11123906 214819770 0.5
11123906 214690796 0.5
11123906 214695525 0.5
11123906 214684762 0.5
10443971 214851326 1
10443971 214853094 1
10443971 214853085 1
10443971 214853248 0.5
10443971 214853090 0.5
10443971 214852978 0.5
11443062 214859297 1
11443062 214854579 1
11443062 214857257 1
11443062 214853242 0.5
8828449 214851750 1
8828449 214853210 1
8828449 214853242 1
8828449 214853237 0.5
9741513 214853347 1
9741513 214850949 1
9741513 214850947 1
9741513 214853154 0.5
9741513 214853156 0.5
9741513 214853158 0.5
8580298 214851080 1
8580298 214685049 1
8580298 214851161 1
8580298 214851587 0.5
9139403 214849018 1
9139403 214852987 1
9139403 214853165 1
9139403 214853130 0.5
9139403 214850332 0.5
10075343 214575103 1
10075343 214846029 1
10075343 214850304 1
10075343 214850947 0.5
10075343 214829887 0.5
10116304 214853852 1
10116304 214853848 1
10116304 214853994 1
10116304 214854176 0.5
10116304 214851234 0.5
10116304 214851587 0.5
10116304 214854148 0.5
10116304 214853413 0.5
10116304 214850726 0.5
10116304 214832555 0.5
10116304 214552142 0.5
10116304 214684785 0.5
10116304 214554675 0.5
10116304 214851317 0.5
10116304 214854358 0.5
10116304 214685049 0.5
10116304 214853242 0.5
10116304 214853435 0.5
10116304 214854268 0.5
10116304 214853182 0.5
10116304 214853237 0.5
4632911 214829797 1
4632911 214838105 1
4632911 214838098 1
4632911 214838107 0.5
9612406 214853460 1
9612406 214853428 1
9612406 214850947 1
9612406 214716671 0.5
2563294 214829882 1
2563294 214829880 1
2563294 214829887 1
2563294 214829878 0.5
3729221 214836924 1
3729221 214836795 1
3729221 214829799 1
3729221 214820402 0.5
3729221 214832780 0.5
3729221 214613741 0.5
3729221 214595150 0.5
6503664 214835426 1
6503664 214826949 1
6503664 214848375 1
6503664 214835428 0.5
6503664 214716581 0.5
6503664 214844396 0.5
6503664 214835473 0.5
6503664 214848371 0.5
6503664 214571188 0.5
6503664 214832604 0.5
6503664 214540125 0.5
10874097 214850780 1
10874097 214853113 1
10874097 214853767 1
10874097 214826670 0.5
7382227 214849738 1
7382227 214849762 1
7382227 214850366 1
7382227 214850304 0.5
7382227 214849736 0.5
7382227 214819410 0.5
7382227 214849757 0.5
8461919 214853105 1
8461919 214853096 1
8461919 214853085 1
8461919 214853248 0.5
6075641 214820261 1
6075641 214848971 1
6075641 214700000 1
6075641 214544550 0.5
1402751 214834880 1
1402751 214821412 1
1402751 214826589 1
1402751 214826921 0.5
1402751 214821410 0.5
1402751 214826610 0.5
11361534 214853424 1
11361534 214853454 1
11361534 214854853 1
11361534 214850368 0.5
11361534 214850942 0.5
11361534 214848967 0.5
4685696 214845131 1
4685696 214839969 1
4685696 214587317 1
4685696 214835469 0.5
4685696 214839960 0.5
4685696 214839962 0.5
4685696 214829852 0.5
4685696 214829850 0.5
4685696 214839967 0.5
4685696 214748336 0.5
4685696 214839971 0.5
4685696 214839973 0.5
4685696 214839975 0.5
4685696 214602802 0.5
4685696 214839965 0.5
4685696 214839600 0.5
4685696 214698418 0.5
4685696 214828985 0.5
4685696 214581690 0.5
4685696 214848176 0.5
4685696 214696897 0.5
4685696 214586694 0.5
4685696 214826951 0.5
4685696 214606792 0.5
4685696 214836855 0.5
4685696 214829775 0.5
4685696 214829280 0.5
4685696 214606948 0.5
4685696 214602598 0.5
4685696 214829287 0.5
4685696 214836330 0.5
4685696 214602733 0.5
4685696 214836853 0.5
4685696 214848178 0.5
4685696 214836857 0.5
7202183 214846404 1
7202183 214850743 1
7202183 214850692 1
7202183 214849136 0.5
7202183 214844396 0.5
9592069 214850949 1
9592069 214853422 1
9592069 214850945 1
9592069 214554662 0.5
9592069 214850282 0.5
9592069 214711307 0.5
9592069 214853420 0.5
9592069 214850285 0.5
9592069 214846031 0.5
9592069 214853428 0.5
9592069 214829880 0.5
9592069 214848185 0.5
9592069 214853338 0.5
9592069 214853340 0.5
9592069 214831946 0.5
10034049 214853700 1
10034049 214853702 1
10034049 214853698 1
10034049 214853430 0.5
5977356 214846417 1
5977356 214845958 1
5977356 214846067 1
5977356 214845984 0.5
5977356 214846127 0.5
5977356 214845917 0.5
5977356 214846415 0.5
9383189 214853420 1
9383189 214850700 1
9383189 214853379 1
9383189 214850945 0.5
9383189 214853722 0.5
9383189 214850947 0.5
9383189 214853428 0.5
9383189 214853702 0.5
216349 214684717 1
216349 214711087 1
216349 214711318 1
216349 214569714 0.5
216349 214826835 0.5
216349 214819406 0.5
216349 214514278 0.5
5546394 214835473 1
5546394 214835426 1
5546394 214844370 1
5546394 214829280 0.5
7064864 214849734 1
7064864 214849742 1
7064864 214850938 1
7064864 214849736 0.5
7064864 214821024 0.5
7840304 214840378 1
7840304 214835126 1
7840304 214700002 1
7840304 214700000 0.5
7840304 214853657 0.5
7840304 214743515 0.5
7840304 214712237 0.5
7681317 214706216 1
7681317 214850932 1
7681317 214850730 1
7681317 214717007 0.5
7681317 214554358 0.5
7681317 214574777 0.5
7681317 214716984 0.5
7681317 214575193 0.5
7681317 214849807 0.5
7681317 214557977 0.5
2669864 214829880 1
2669864 214829885 1
2669864 214829887 1
2669864 214829882 0.5
8903191 214716654 1
8903191 214716671 1
8903191 214685049 1
8903191 214851080 0.5
8903191 214853225 0.5
7701808 214561775 1
7701808 214850758 1
7701808 214850771 1
7701808 214651777 0.5
7701808 214850754 0.5
7701808 214850555 0.5
7701808 214850765 0.5
7701808 214676375 0.5
10620209 214854536 1
10620209 214853113 1
10620209 214853244 1
10620209 214854352 0.5
10620209 214854354 0.5
3017232 214829880 1
3017232 214601233 1
3017232 214609325 1
3017232 214711318 0.5
3017232 214829878 0.5
5334324 214826987 1
5334324 214845581 1
5334324 214832154 1
5334324 214748289 0.5
5334324 214829765 0.5
5334324 214845352 0.5
5334324 214845577 0.5
5334324 214845579 0.5
5334324 214743352 0.5
8585097 214851232 1
8585097 214851290 1
8585097 214707907 1
8585097 214561402 0.5
8585097 214564380 0.5
7943482 214853173 1
7943482 214853758 1
7943482 214851120 1
7943482 214853177 0.5
722168 214553730 1
722168 214821290 1
722168 214821292 1
722168 214826816 0.5
722168 214821339 0.5
10100031 214854262 1
10100031 214854510 1
10100031 214854358 1
10100031 214567327 0.5
8744257 214853096 1
8744257 214853105 1
8744257 214853263 1
8744257 214851326 0.5
8835334 214832657 1
8835334 214716928 1
8835334 214832655 1
8835334 214854632 0.5
8835334 214717003 0.5
8835334 214717005 0.5
8835334 214717007 0.5
8835334 214716984 0.5
8835334 214716926 0.5
5639493 214846012 1
5639493 214819779 1
5639493 214846033 1
5639493 214829880 0.5
5639493 214848997 0.5
5639493 214848159 0.5
5639493 214839973 0.5
5639493 214829797 0.5
2182471 214832717 1
2182471 214829705 1
2182471 214829728 1
2182471 214829865 0.5
2182471 214829861 0.5
2182471 214829711 0.5
5591541 214839311 1
5591541 214839358 1
5591541 214845489 1
5591541 214585633 0.5
7229191 214848335 1
7229191 214850786 1
7229191 214595150 1
7229191 214574672 0.5
7229191 214835426 0.5
7229191 214849314 0.5
7229191 214848658 0.5
9576962 214582200 1
9576962 214853379 1
9576962 214849010 1
9576962 214848185 0.5
9576962 214705734 0.5
3351892 214836827 1
3351892 214836851 1
3351892 214836823 1
3351892 214837882 0.5
6205302 214848626 1
6205302 214848851 1
6205302 214848701 1
6205302 214848832 0.5
6205302 214848808 0.5
6205302 214848613 0.5
7052946 214849033 1
7052946 214849078 1
7052946 214849153 1
7052946 214845986 0.5
7052946 214849031 0.5
7052946 214819378 0.5
7052946 214587317 0.5
7052946 214586743 0.5
7052946 214820345 0.5
7052946 214557279 0.5
5475897 214844400 1
5475897 214844372 1
5475897 214844370 1
5475897 214601233 0.5
5475897 214835426 0.5
5475897 214844398 0.5
5475897 214835473 0.5
3116378 214826977 1
3116378 214831959 1
3116378 214829852 1
3116378 214748336 0.5
3116378 214819721 0.5
3116378 214712130 0.5
3116378 214831967 0.5
3552604 214821290 1
3552604 214821277 1
3552604 214821285 1
3552604 214587898 0.5
3128671 214835747 1
3128671 214835019 1
3128671 214748336 1
3128671 214587712 0.5
3128671 214743495 0.5
3128671 214820392 0.5
3128671 214835017 0.5
3128671 214831959 0.5
3128671 214820402 0.5
3128671 214556334 0.5
3128671 214828985 0.5
3128671 214819762 0.5
3128671 214821300 0.5
3128671 214668281 0.5
3128671 214821401 0.5
3128671 214558460 0.5
11418982 214854502 1
11418982 214854772 1
11418982 214854489 1
11418982 214854767 0.5
7718249 214716984 1
7718249 214832655 1
7718249 214716973 1
7718249 214716937 0.5
7718249 214716982 0.5
7718249 214855183 0.5
10950887 214564380 1
10950887 214851232 1
10950887 214851290 1
10950887 214848384 0.5
2102637 214829878 1
2102637 214829887 1
2102637 214829885 1
2102637 214829880 0.5
4947311 214838092 1
4947311 214837280 1
4947311 214837288 1
4947311 214829878 0.5
8447348 214601233 1
8447348 214845887 1
8447348 214665277 1
8447348 214851011 0.5
8447348 214557701 0.5
8447348 214832780 0.5
8447348 214846447 0.5
8447348 214838225 0.5
8447348 214848695 0.5
10812668 214854352 1
10812668 214854536 1
10812668 214850848 1
10812668 214716667 0.5
10812668 214854538 0.5
10812668 214564387 0.5
10812668 214854515 0.5
7359862 214533020 1
7359862 214844445 1
7359862 214849757 1
7359862 214849738 0.5
7359862 214849357 0.5
8718569 214678376 1
8718569 214853107 1
8718569 214851742 1
8718569 214853075 0.5
9469304 214829880 1
9469304 214829878 1
9469304 214850947 1
9469304 214853420 0.5
9469304 214850949 0.5
3726713 214836568 1
3726713 214836362 1
3726713 214844486 1
3726713 214832128 0.5
3726713 214606948 0.5
3726713 214836932 0.5
10556794 214853698 1
10556794 214854172 1
10556794 214853353 1
10556794 214853702 0.5
10556794 214853767 0.5
10556794 214853992 0.5
10556794 214853430 0.5
10556794 214853848 0.5
10556794 214823289 0.5
10556794 214853435 0.5
10556794 214853852 0.5
5053821 214839982 1
5053821 214829887 1
5053821 214700002 1
5053821 214601233 0.5
5053821 214544355 0.5
5053821 214829885 0.5
5053821 214743335 0.5
7040382 214849466 1
7040382 214850291 1
7040382 214850936 1
7040382 214563337 0.5
7040382 214836330 0.5
7040382 214743339 0.5
7040382 214844413 0.5
7040382 214716943 0.5
986501 214820261 1
986501 214828989 1
986501 214821290 1
986501 214821277 0.5
7558539 214850938 1
7558539 214850765 1
7558539 214850792 1
7558539 214718177 0.5
7558539 214850771 0.5
7558539 214821022 0.5
1493912 214834877 1
1493912 214833755 1
1493912 214712126 1
1493912 214829387 0.5
1493912 214712124 0.5
4892482 214838092 1
4892482 214837286 1
4892482 214837288 1
4892482 214837280 0.5
6661528 214667857 1
6661528 214844345 1
6661528 214606948 1
6661528 214834877 0.5
6661528 214848337 0.5
6661528 214849076 0.5
6661528 214849333 0.5
6661528 214848377 0.5
6661528 214665277 0.5
7873949 214849136 1
7873949 214849194 1
7873949 214850739 1
7873949 214574672 0.5
7873949 214845986 0.5
7873949 214850743 0.5
7873949 214574670 0.5
7873949 214829775 0.5
6387103 214848950 1
6387103 214848656 1
6387103 214845131 1
6387103 214844400 0.5
6387103 214832145 0.5
6387103 214848682 0.5
6387103 214844372 0.5
5336482 214844370 1
5336482 214844355 1
5336482 214844342 1
5336482 214844345 0.5
5336482 214844340 0.5
1796337 214829085 1
1796337 214821277 1
1796337 214821285 1
1796337 214841640 0.5
1796337 214821290 0.5
1796337 214829079 0.5
5707176 214846425 1
5707176 214846119 1
5707176 214676377 1
5707176 214846117 0.5
5707176 214846312 0.5
5707176 214553257 0.5
5707176 214559660 0.5
5707176 214845965 0.5
5707176 214705145 0.5
10223017 214853852 1
10223017 214853994 1
10223017 214854148 1
10223017 214854176 0.5
10223017 214853848 0.5
9031082 214716714 1
9031082 214685049 1
9031082 214684942 1
9031082 214851080 0.5
9031082 214851131 0.5
4763051 214716984 1
4763051 214820263 1
4763051 214717539 1
4763051 214829070 0.5
8494518 214849247 1
8494518 214851581 1
8494518 214748336 1
8494518 214717562 0.5
8494518 214846067 0.5
10763704 214854600 1
10763704 214854527 1
10763704 214854538 1
10763704 214854536 0.5
10763704 214684785 0.5
10763704 214684762 0.5
10763704 214854579 0.5
10763704 214853767 0.5
5299642 214844398 1
5299642 214844370 1
5299642 214844372 1
5299642 214844345 0.5
5299642 214845583 0.5
2758218 214834867 1
2758218 214835019 1
2758218 643078800 1
2758218 214826977 0.5
2758218 214831959 0.5
2758218 214600492 0.5
2758218 214609325 0.5
2758218 214835745 0.5
7402061 214846389 1
7402061 214850304 1
7402061 214850295 1
7402061 214642016 0.5
7402061 214587317 0.5
7402061 214836830 0.5
10040772 214718220 1
10040772 214853735 1
10040772 214853728 1
10040772 214854547 0.5
10040772 214854174 0.5
3153349 214829878 1
3153349 214829882 1
3153349 214705792 1
3153349 214829885 0.5
6573513 214846479 1
6573513 214850870 1
6573513 214850880 1
6573513 214848656 0.5
6573513 214848613 0.5
6573513 214845960 0.5
6573513 214848688 0.5
6573513 214848808 0.5
6573513 214850876 0.5
6573513 214716671 0.5
2826487 214834880 1
2826487 214837882 1
2826487 214835019 1
2826487 214707995 0.5
6380978 214849076 1
6380978 214848605 1
6380978 214848622 1
6380978 214687457 0.5
6380978 214848682 0.5
6380978 214668667 0.5
7931344 214850938 1
7931344 214850936 1
7931344 214850771 1
7931344 214821024 0.5
7931344 214850743 0.5
7931344 214821022 0.5
7931344 214819599 0.5
7531987 214850743 1
7531987 214850304 1
7531987 214849136 1
7531987 214819380 0.5
7531987 214587317 0.5
6753748 214849136 1
6753748 214850315 1
6753748 214849250 1
6753748 214849194 0.5
6753748 214850364 0.5
4103417 214836352 1
4103417 214834867 1
4103417 214826904 1
4103417 214697096 0.5
4103417 214717410 0.5
4103417 214829771 0.5
4103417 214582348 0.5
4103417 214836885 0.5
921049 214826700 1
921049 214510044 1
921049 214710062 1
921049 214821296 0.5
921049 214718246 0.5
2618842 214829880 1
2618842 214829885 1
2618842 214829887 1
2618842 214831946 0.5
2618842 214829878 0.5
2663899 214829878 1
2663899 214829882 1
2663899 214831948 1
2663899 214829880 0.5
2663899 214550987 0.5
2663899 214643925 0.5
2663899 214836519 0.5
7312861 214850295 1
7312861 214850315 1
7312861 214850304 1
7312861 214839973 0.5
7312861 214849736 0.5
7312861 214849738 0.5
7312861 214831948 0.5
7312861 214832015 0.5
7312861 214844400 0.5
7312861 214601233 0.5
7312861 214587317 0.5
7312861 214826998 0.5
7312861 214828985 0.5
7312861 214850287 0.5
7312861 214834869 0.5
857566 214829310 1
857566 214833800 1
857566 214827009 1
857566 214584939 0.5
857566 214821277 0.5
857566 214820231 0.5
5567971 214846007 1
5567971 214845489 1
5567971 214845986 1
5567971 214846033 0.5
5567971 214848997 0.5
2562569 214831950 1
2562569 214829878 1
2562569 214829885 1
2562569 214509150 0.5
2999549 214835019 1
2999549 214834867 1
2999549 214835747 1
2999549 214748336 0.5
2999549 214601233 0.5
2999549 214831959 0.5
2999549 214835087 0.5
2815473 214744775 1
2815473 214836875 1
2815473 214820392 1
2815473 214836330 0.5
2815473 214826947 0.5
2815473 214820396 0.5
2815473 214836830 0.5
2815473 214820807 0.5
10456566 214567329 1
10456566 214853728 1
10456566 214567215 1
10456566 214567333 0.5
10456566 214854262 0.5
10456566 214567327 0.5
8805879 214840483 1
8805879 214561674 1
8805879 214853135 1
8805879 214851592 0.5
8805879 214851073 0.5
8805879 214853227 0.5
8805879 214850876 0.5
8805879 214579875 0.5
11027963 214854791 1
11027963 214854789 1
11027963 214854857 1
11027963 214854860 0.5
11027963 214861314 0.5
11027963 214849468 0.5
11027963 214853100 0.5
1369597 214834880 1
1369597 214821410 1
1369597 214826610 1
1369597 214833755 0.5
1369597 214821412 0.5
3061247 214573612 1
3061247 214826833 1
3061247 214686082 1
3061247 214835042 0.5
3061247 214826891 0.5
3061247 214585676 0.5
3061247 214831955 0.5
6247939 214848851 1
6247939 214848832 1
6247939 214714794 1
6247939 214832604 0.5
6247939 214848613 0.5
7562756 214848926 1
7562756 214684715 1
7562756 214853657 1
7562756 214676486 0.5
6702608 214716707 1
6702608 214832604 1
6702608 214849342 1
6702608 214844396 0.5
6702608 214845410 0.5
6702608 214706147 0.5
6702608 214684108 0.5
6702608 214848375 0.5
3454481 214829769 1
3454481 214836870 1
3454481 214582374 1
3454481 214564710 0.5
11066901 214853102 1
11066901 214864880 1
11066901 214854800 1
11066901 214854842 0.5
11066901 214714755 0.5
6506007 214848688 1
6506007 214848337 1
6506007 214848380 1
6506007 214846530 0.5
10937676 214850743 1
10937676 214851757 1
10937676 214850758 1
10937676 214855153 0.5
10937676 214854731 0.5
10937676 214854802 0.5
10937676 214854705 0.5
10937676 214848658 0.5
10937676 214709685 0.5
10937676 214837873 0.5
7307866 214853758 1
7307866 214853177 1
7307866 214853175 1
7307866 214828882 0.5
3866142 214838227 1
3866142 214829799 1
3866142 214745317 1
3866142 214651517 0.5
2100768 214832720 1
2100768 214829846 1
2100768 214829711 1
2100768 214829857 0.5
11038246 214854716 1
11038246 214851757 1
11038246 214854720 1
11038246 214857549 0.5
11038246 214854354 0.5
11038246 214853081 0.5
11038246 214853083 0.5
11038246 214710013 0.5
11038246 214853726 0.5
4111911 214587697 1
4111911 214820400 1
4111911 214826670 1
4111911 214577387 0.5
4111911 214600492 0.5
4111911 214668590 0.5
4111911 214827032 0.5
4111911 214836947 0.5
4111911 214828980 0.5
4111911 214712694 0.5
4111911 214831959 0.5
4111911 214587384 0.5
2270762 214829880 1
2270762 214829882 1
2270762 214831948 1
2270762 214829878 0.5
5371437 214836536 1
5371437 214712242 1
5371437 214718212 1
5371437 214844400 0.5
10874414 214854787 1
10874414 214854840 1
10874414 214578350 1
10874414 214851167 0.5
10874414 214820938 0.5
10874414 214849747 0.5
10874414 214725549 0.5
10874414 214561991 0.5
8901037 214848926 1
8901037 214849010 1
8901037 214711307 1
8901037 214853248 0.5
8901037 214848185 0.5
8901037 214853460 0.5
9211444 214850945 1
9211444 214853420 1
9211444 214853156 1
9211444 214687753 0.5
9211444 214849322 0.5
9211444 214829878 0.5
9543222 214853707 1
9543222 214853713 1
9543222 214853722 1
9543222 214853700 0.5
9543222 214853702 0.5
2407993 214831948 1
2407993 214829878 1
2407993 214829880 1
2407993 214829882 0.5
2407993 214829885 0.5
7898682 214850936 1
7898682 214564382 1
7898682 214850621 1
7898682 214819577 0.5
2123359 214826664 1
2123359 214826668 1
2123359 214826662 1
2123359 214712235 0.5
3147324 214836362 1
3147324 214836043 1
3147324 214836358 1
3147324 214836352 0.5
3147324 214836133 0.5
2775306 214573123 1
2775306 214835017 1
2775306 214835019 1
2775306 214743335 0.5
9201217 214853252 1
9201217 214853165 1
9201217 214853347 1
9201217 214853128 0.5
9201217 214849010 0.5
9201217 214846125 0.5
6585923 214848845 1
6585923 214849093 1
6585923 214846085 1
6585923 214849097 0.5
6585923 214849100 0.5
6244821 214848337 1
6244821 214826990 1
6244821 214846535 1
6244821 214848330 0.5
6244821 214848380 0.5
6244821 214848410 0.5
2750028 214835019 1
2750028 214835747 1
2750028 214837918 1
2750028 214587712 0.5
2750028 214835017 0.5
2750028 214609325 0.5
9309773 214854065 1
9309773 214853379 1
9309773 214853347 1
9309773 214848688 0.5
9309773 214854060 0.5
9309773 214853156 0.5
5752401 214849001 1
5752401 214846001 1
5752401 214829739 1
5752401 214846007 0.5
4724307 214839960 1
4724307 214832145 1
4724307 214831970 1
4724307 214819760 0.5
4724307 214838105 0.5
10488162 214853072 1
10488162 214854356 1
10488162 214854815 1
10488162 214853754 0.5
10488162 214854731 0.5
1728087 214821332 1
1728087 214834877 1
1728087 214821317 1
1728087 214834880 0.5
1728087 214826610 0.5
1543768 214748295 1
1543768 214829390 1
1543768 214827032 1
1543768 214579875 0.5
1543768 214551780 0.5
1543768 214753513 0.5
1543768 214589711 0.5
1543768 214748338 0.5
1543768 214553844 0.5
1543768 214821015 0.5
2907738 214819640 1
2907738 214559660 1
2907738 214536189 1
2907738 214557322 0.5
2907738 214553587 0.5
2907738 214650566 0.5
2907738 214649951 0.5
9338463 214845962 1
9338463 214846119 1
9338463 214846312 1
9338463 214849010 0.5
9338463 214846117 0.5
10051172 214853707 1
10051172 214853722 1
10051172 214853698 1
10051172 214853702 0.5
5021287 214845577 1
5021287 214845356 1
5021287 214831946 1
5021287 214831955 0.5
9541224 214853420 1
9541224 214850945 1
9541224 214850949 1
9541224 214853422 0.5
4032107 214826942 1
4032107 214839596 1
4032107 214632146 1
4032107 214831944 0.5
4032107 214831942 0.5
8304237 214850705 1
8304237 214844342 1
8304237 214716926 1
8304237 214851290 0.5
8304237 214706113 0.5
8304237 214850402 0.5
8304237 214851011 0.5
8304237 214851236 0.5
8304237 214557095 0.5
8304237 214580424 0.5
8304237 214851322 0.5
8304237 214849031 0.5
8304237 214705997 0.5
8304237 214826990 0.5
8304237 214695407 0.5
8304237 214748336 0.5
8304237 214716977 0.5
8304237 214846067 0.5
8304237 214716980 0.5
8304237 214716984 0.5
8304237 214716986 0.5
8304237 214851133 0.5
8025716 214849809 1
8025716 214717507 1
8025716 214540179 1
8025716 214839596 0.5
10058686 214853698 1
10058686 214853700 1
10058686 214853707 1
10058686 214853730 0.5
6149754 214846318 1
6149754 214846001 1
6149754 214821384 1
6149754 214819528 0.5
6149754 214845879 0.5
6149754 214678455 0.5
6149754 214821382 0.5
6149754 214836519 0.5
9995901 214850754 1
9995901 214850765 1
9995901 214851315 1
9995901 214849312 0.5
9995901 214717888 0.5
9995901 214836932 0.5
9995901 214832747 0.5
9995901 214718220 0.5
9995901 214848845 0.5
9995901 214851313 0.5
9995901 214849012 0.5
9995901 214829366 0.5
9995901 214844347 0.5
839957 214827013 1
839957 214826617 1
839957 214826619 1
839957 214576890 0.5
839957 214821300 0.5
7758018 214853758 1
7758018 214853173 1
7758018 214851120 1
7758018 214853175 0.5
5555842 214845984 1
5555842 214846065 1
5555842 214849001 1
5555842 214848185 0.5
5555842 214845986 0.5
5555842 214848159 0.5
5799557 214846367 1
5799557 214846470 1
5799557 214846475 1
5799557 214846472 0.5
5799557 214846419 0.5
7229062 214575193 1
7229062 214832158 1
7229062 214850353 1
7229062 214850366 0.5
10884743 214853102 1
10884743 214854782 1
10884743 214850282 1
10884743 214853100 0.5
10884743 214854853 0.5
10884743 214850285 0.5
7173768 214850285 1
7173768 214850295 1
7173768 214832158 1
7173768 214845577 0.5
7173768 214848298 0.5
7173768 214684717 0.5
7173768 214575311 0.5
7173768 214725551 0.5
7173768 214850366 0.5
7173768 214850287 0.5
3958409 214630042 1
3958409 214845127 1
3958409 214838124 1
3958409 214645618 0.5
3958409 214774678 0.5
9776778 214567215 1
9776778 214567327 1
9776778 214567333 1
9776778 214854146 0.5
9776778 214564387 0.5
9776778 214854536 0.5
9776778 214690796 0.5
9776778 214853132 0.5
9776778 214849455 0.5
9776778 214849363 0.5
9776778 214718165 0.5
9776778 214854358 0.5
9776778 214853242 0.5
9776778 214854300 0.5
9776778 214854579 0.5
10641036 214854534 1
10641036 214854547 1
10641036 214854579 1
10641036 214854785 0.5
10641036 214854300 0.5
10641036 214853102 0.5
10641036 214819577 0.5
9795213 214854118 1
9795213 214849325 1
9795213 214550610 1
9795213 214550636 0.5
9795213 214851150 0.5
6471277 214848973 1
6471277 214848980 1
6471277 214848701 1
6471277 214848328 0.5
6471277 214831955 0.5
6471277 214846535 0.5
6092439 214848615 1
6092439 214846427 1
6092439 214849076 1
6092439 214606948 0.5
6200471 214845958 1
6200471 214845982 1
6200471 214848165 1
6200471 214846067 0.5
6200471 214839587 0.5
6200471 214845885 0.5
6200471 214846127 0.5
11177631 214850405 1
11177631 214853135 1
11177631 214853992 1
11177631 214854017 0.5
11177631 214854146 0.5
11177631 214851748 0.5
11177631 214853190 0.5
11177631 214557223 0.5
11177631 214857257 0.5
11177631 214684942 0.5
11177631 214839962 0.5
11177631 214567327 0.5
11177631 214851165 0.5
11177631 214821407 0.5
7243424 214848656 1
7243424 214850402 1
7243424 214835019 1
7243424 214651777 0.5
7243424 214849250 0.5
7243424 214848695 0.5
7243424 214850700 0.5
7243424 214677615 0.5
7243424 214820400 0.5
7243424 214676306 0.5
7243424 214676375 0.5
7243424 214675895 0.5
7243424 214834877 0.5
80118 214826705 1
80118 214826608 1
80118 214718252 1
80118 214556210 0.5
5679641 214846012 1
5679641 214717097 1
5679641 214851120 1
5679641 214708211 0.5
3243689 214836875 1
3243689 214836830 1
3243689 214836870 1
3243689 214839600 0.5
3243689 214696897 0.5
5714373 214846119 1
5714373 214676377 1
5714373 214846117 1
5714373 214819586 0.5
5714373 214821382 0.5
5714373 214821384 0.5
5714373 214845965 0.5
5714373 214849010 0.5
5714373 214845971 0.5
5714373 214582200 0.5
5714373 214846010 0.5
5714373 214832019 0.5
5714373 214826938 0.5
7088754 214850282 1
7088754 214850285 1
7088754 214850287 1
7088754 214835137 0.5
2949064 214832126 1
2949064 214832128 1
2949064 214835107 1
2949064 214642560 0.5
2949064 214587697 0.5
2949064 214835019 0.5
2949064 214826565 0.5
7310492 214567410 1
7310492 214567404 1
7310492 214835019 1
7310492 214706465 0.5
7310492 214839973 0.5
7310492 214744775 0.5
7310492 214850282 0.5
7310492 214846007 0.5
7310492 214612730 0.5
7310492 214577450 0.5
7310492 214848682 0.5
9109174 214716714 1
9109174 214716746 1
9109174 214716671 1
9109174 214851131 0.5
9109174 214851579 0.5
9109174 214827005 0.5
9109174 214684942 0.5
9109174 214851165 0.5
622264 214714880 1
622264 214580293 1
622264 214580291 1
622264 214744530 0.5
5801253 214846425 1
5801253 214849252 1
5801253 214846127 1
5801253 214844370 0.5
5631264 214821382 1
5631264 214845971 1
5631264 214819779 1
5631264 214582200 0.5
5631264 214553257 0.5
5631264 214819586 0.5
5631264 214829366 0.5
5631264 214676377 0.5
2128784 214717798 1
2128784 214595139 1
2128784 214691426 1
2128784 214710152 0.5
586699 214821302 1
586699 214829006 1
586699 214821305 1
586699 214821339 0.5
586699 214821309 0.5
4401783 214832143 1
4401783 214829790 1
4401783 214826942 1
4401783 214838105 0.5
4401783 214838107 0.5
11528188 214850947 1
11528188 214700002 1
11528188 214854785 1
11528188 214835117 0.5
11528188 214712237 0.5
10596049 214848602 1
10596049 214854163 1
10596049 214837438 1
10596049 214844368 0.5
10596049 214705100 0.5
10596049 214848315 0.5
10596049 214849764 0.5
9987803 214853420 1
9987803 214853250 1
9987803 214853214 1
9987803 214850947 0.5
6604201 214848641 1
6604201 214849327 1
6604201 214849230 1
6604201 214848945 0.5
6604201 214709807 0.5
6604201 214602735 0.5
2854932 214574777 1
2854932 214819747 1
2854932 214827020 1
2854932 214700992 0.5
2854932 214774676 0.5
7732517 214850852 1
7732517 214850747 1
7732517 214710101 1
7732517 214849055 0.5
8205911 214851290 1
8205911 214564380 1
8205911 214851238 1
8205911 214851232 0.5
8205911 214849031 0.5
8205911 214850621 0.5
8205911 214849012 0.5
8205911 214844347 0.5
8205911 214851101 0.5
2666209 214829882 1
2666209 214829878 1
2666209 214829887 1
2666209 214829880 0.5
2666209 214831946 0.5
11075299 214853102 1
11075299 214854782 1
11075299 214855016 1
11075299 214714755 0.5
11075299 214854733 0.5
11075299 214854819 0.5
11075299 214854838 0.5
10088164 214853113 1
10088164 214854536 1
10088164 214854354 1
10088164 214854352 0.5
10088164 214849462 0.5
10771223 214854536 1
10771223 214567215 1
10771223 214567329 1
10771223 214712675 0.5
10771223 214567333 0.5
10771223 214820394 0.5
10771223 214854352 0.5
10771223 214854262 0.5
10771223 214854264 0.5
10771223 214853113 0.5
10771223 214573310 0.5
5428969 214835109 1
5428969 214826990 1
5428969 214844340 1
5428969 214821410 0.5
5428969 214832150 0.5
5699308 214835017 1
5699308 214845984 1
5699308 214826565 1
5699308 214845457 0.5
5699308 214845887 0.5
11040496 214853102 1
11040496 214864880 1
11040496 214854332 1
11040496 214854731 0.5
11040496 214714755 0.5
11040496 214709685 0.5
7902364 214849012 1
7902364 214850747 1
7902364 214850934 1
7902364 214595139 0.5
7902364 214850743 0.5
8318708 214851028 1
8318708 214851097 1
8318708 214851317 1
8318708 214850741 0.5
9414389 214853996 1
9414389 214854172 1
9414389 214853865 1
9414389 214850760 0.5
9414389 214853722 0.5
9414389 214853707 0.5
9414389 214853709 0.5
7505833 214840378 1
7505833 214835126 1
7505833 214853143 1
7505833 214700002 0.5
7505833 214629347 0.5
10913528 214854699 1
10913528 214854804 1
10913528 214850387 1
10913528 214711556 0.5
10913528 214853094 0.5
10913528 214854855 0.5
10913528 214849100 0.5
10913528 214854860 0.5
10913528 214852978 0.5
10913528 214712242 0.5
10913528 214852980 0.5
10913528 214712244 0.5
10913528 214854682 0.5
10913528 214714715 0.5
10913528 214645196 0.5
657023 214553257 1
657023 214819640 1
657023 214557322 1
657023 214553587 0.5
657023 214649951 0.5
5908222 214819640 1
5908222 214848337 1
5908222 214848373 1
5908222 214819393 0.5
5908222 214845954 0.5
5908222 214846117 0.5
5908222 214709702 0.5
5908222 214848328 0.5
5908222 214557322 0.5
5908222 214581611 0.5
5908222 214676962 0.5
5908222 214846318 0.5
5908222 214845971 0.5
5908222 214845986 0.5
5908222 214553587 0.5
5908222 214642100 0.5
5908222 214676377 0.5
5908222 214848377 0.5
5908222 214849275 0.5
5908222 214556025 0.5
1677056 214834880 1
1677056 214826610 1
1677056 214717877 1
1677056 214821410 0.5
1677056 214821412 0.5
1677056 214821015 0.5
1677056 214826615 0.5
1677056 214826617 0.5
1677056 214833755 0.5
1677056 214834877 0.5
3727106 214836795 1
3727106 214829773 1
3727106 214836870 1
3727106 214711280 0.5
3727106 214829762 0.5
3800837 214839984 1
3800837 214839341 1
3800837 214838122 1
3800837 214700992 0.5
3800837 214695718 0.5
3800837 214845127 0.5
6844168 214848380 1
6844168 214848596 1
6844168 214848384 1
6844168 214821410 0.5
6844168 214835109 0.5
6844168 214554982 0.5
6844168 214846535 0.5
6844168 214848330 0.5
6844168 214826990 0.5
6844168 214848337 0.5
6844168 214850360 0.5
6844168 214556025 0.5
6844168 214849275 0.5
9142027 214738453 1
9142027 214844394 1
9142027 214844439 1
9142027 214821305 0.5
9142027 214851285 0.5
9142027 214851022 0.5
9142027 214829383 0.5
7884556 214846029 1
7884556 214849796 1
7884556 214677615 1
7884556 214850304 0.5
7884556 214850758 0.5
7884556 214819464 0.5
7884556 214850700 0.5
7884556 214561775 0.5
7884556 214849809 0.5
7884556 214850552 0.5
7884556 214821020 0.5
7884556 214829887 0.5
3548802 214831967 1
3548802 214837882 1
3548802 214836926 1
3548802 214832128 0.5
3548802 214717286 0.5
3548802 214820458 0.5
3548802 214820812 0.5
3548802 214826998 0.5
3548802 214828985 0.5
3548802 214829657 0.5
3548802 214820394 0.5
5480067 214844396 1
5480067 214844398 1
5480067 214579288 1
5480067 214826610 0.5
10342164 214839999 1
10342164 214861498 1
10342164 214840001 1
10342164 214851320 0.5
10342164 214839995 0.5
3374869 214829887 1
3374869 214711408 1
3374869 214829878 1
3374869 214826955 0.5
2005977 214829666 1
2005977 214829664 1
2005977 214832722 1
2005977 214821392 0.5
2005977 214821320 0.5
11028254 214854836 1
11028254 214854733 1
11028254 214714755 1
11028254 214712242 0.5
11028254 214854767 0.5
11028254 214854682 0.5
11028254 214854823 0.5
4884263 214838124 1
4884263 214691557 1
4884263 214827017 1
4884263 214839973 0.5
5834538 214845135 1
5834538 214845971 1
5834538 214846318 1
5834538 214849010 0.5
5834538 214665277 0.5
6057607 214845954 1
6057607 214846010 1
6057607 214846119 1
6057607 214676377 0.5
6057607 214586443 0.5
4169277 214845131 1
4169277 214839960 1
4169277 214838098 1
4169277 214836857 0.5
9341866 214853420 1
9341866 214853422 1
9341866 214850942 1
9341866 214829878 0.5
6030301 214846412 1
6030301 214846410 1
6030301 214846466 1
6030301 214840545 0.5
9820869 214848980 1
9820869 214853420 1
9820869 214850945 1
9820869 214717507 0.5
9820869 214853702 0.5
9820869 214831946 0.5
9820869 214853707 0.5
9820869 214711438 0.5
9820869 214819472 0.5
9820869 214829878 0.5
9820869 214743352 0.5
9820869 214832619 0.5
1513267 214834880 1
1513267 214833755 1
1513267 214834877 1
1513267 214829387 0.5
6958901 214850615 1
6958901 214851009 1
6958901 214848630 1
6958901 214848656 0.5
6958901 214849022 0.5
4467216 214848178 1
4467216 214635493 1
4467216 214630042 1
4467216 214829280 0.5
4467216 214836857 0.5
4467216 214839954 0.5
4467216 214836855 0.5
714552 214748300 1
714552 214753513 1
714552 214748302 1
714552 214753507 0.5
9680702 214853852 1
9680702 214854176 1
9680702 214854148 1
9680702 214846112 0.5
3962687 214839395 1
3962687 214586668 1
3962687 214826623 1
3962687 214836885 0.5
3962687 214826711 0.5
2088769 214829711 1
2088769 214829707 1
2088769 214829705 1
2088769 214829846 0.5
2088769 214829863 0.5
2561861 214829878 1
2561861 214835017 1
2561861 214835747 1
2561861 214832657 0.5
1152839 214819430 1
1152839 214839600 1
1152839 214829321 1
1152839 214800272 0.5
1152839 214748336 0.5
1152839 214714779 0.5
1152839 214832780 0.5
1152839 214601233 0.5
9395852 214853698 1
9395852 214853767 1
9395852 214853730 1
9395852 214853077 0.5
9395852 214579775 0.5
1085263 214839600 1
1085263 214832780 1
1085263 214819721 1
1085263 214829321 0.5
3919699 214836932 1
3919699 214836924 1
3919699 214835167 1
3919699 214829765 0.5
6525787 214714794 1
6525787 214846530 1
6525787 214848950 1
6525787 214829390 0.5
9216429 214853707 1
9216429 214853702 1
9216429 214853430 1
9216429 214853713 0.5
8424064 214851161 1
8424064 214851131 1
8424064 214851163 1
8424064 214851080 0.5
10121058 214854268 1
10121058 214854264 1
10121058 214854358 1
10121058 214567333 0.5
4110189 214826945 1
4110189 214829790 1
4110189 214838107 1
4110189 214838105 0.5
8617841 214851326 1
8617841 214853248 1
8617841 214853105 1
8617841 214853096 0.5
845553 214826908 1
845553 214826837 1
845553 214716902 1
845553 214826872 0.5
845553 214821401 0.5
845553 214826876 0.5
845553 214717286 0.5
9387903 214850947 1
9387903 214850949 1
9387903 214853338 1
9387903 214850304 0.5
10264448 214854352 1
10264448 214854536 1
10264448 214853244 1
10264448 214853113 0.5
10264448 214854354 0.5
9065792 214853135 1
9065792 214850790 1
9065792 214853195 1
9065792 214853227 0.5
9065792 214851748 0.5
9065792 214850405 0.5
9065792 214851755 0.5
9065792 214556057 0.5
9065792 214851097 0.5
5273474 214602598 1
5273474 214717286 1
5273474 214828980 1
5273474 214845435 0.5
5273474 214586694 0.5
4831894 214829878 1
4831894 214831946 1
4831894 214829797 1
4831894 214829887 0.5
4831894 214835475 0.5
4831894 214601229 0.5
4831894 214716110 0.5
4831894 214553565 0.5
11337609 214854335 1
11337609 214853154 1
11337609 214854600 1
11337609 214848688 0.5
11337609 214844396 0.5
4116362 214835130 1
4116362 214687852 1
4116362 214831967 1
4116362 214632272 0.5
4116362 214831970 0.5
4116362 214839587 0.5
4116362 214826998 0.5
4116362 214829321 0.5
4116362 214819760 0.5
4116362 214613649 0.5
4116362 214587317 0.5
4116362 214706102 0.5
2324119 214833755 1
2324119 214826610 1
2324119 214543922 1
2324119 214829664 0.5
2324119 214707875 0.5
2324119 214560613 0.5
2324119 214819719 0.5
2324119 214832552 0.5
2324119 214560587 0.5
2324119 214509525 0.5
2324119 214573277 0.5
2324119 214748319 0.5
5142448 214839611 1
5142448 214845457 1
5142448 214845380 1
5142448 214819760 0.5
5142448 214836330 0.5
5142448 214684843 0.5
5142448 214819762 0.5
5142448 214844413 0.5
9297809 214850947 1
9297809 214853420 1
9297809 214853422 1
9297809 214844372 0.5
2666386 214829882 1
2666386 214829887 1
2666386 214829880 1
2666386 214829878 0.5
1767747 214829657 1
1767747 214829385 1
1767747 214834877 1
1767747 214835002 0.5
1767747 214744779 0.5
6939814 214587328 1
6939814 214684702 1
6939814 214667857 1
6939814 214718372 0.5
10549142 214687685 1
10549142 214854583 1
10549142 214851135 1
10549142 214846391 0.5
10306201 214567215 1
10306201 214567329 1
10306201 214853113 1
10306201 214854352 0.5
10306201 214684785 0.5
10306201 214854358 0.5
10306201 214559960 0.5
10306201 214684762 0.5
10306201 214854268 0.5
10306201 214567327 0.5
1310617 214834880 1
1310617 214834877 1
1310617 214826589 1
1310617 214833755 0.5
3714971 214836932 1
3714971 214838227 1
3714971 214835109 1
3714971 214676019 0.5
3714971 214832747 0.5
3714971 214553844 0.5
3714971 214829366 0.5
618804 214826872 1
618804 214826908 1
618804 214826998 1
618804 214748336 0.5
618804 214829321 0.5
618804 214821300 0.5
618804 214821401 0.5
4628392 214836956 1
4628392 214837288 1
4628392 214837286 1
4628392 214839384 0.5
4628392 214826833 0.5
4628392 214819468 0.5
2314154 214829878 1
2314154 214829882 1
2314154 214831948 1
2314154 214826818 0.5
10098474 214853702 1
10098474 214853698 1
10098474 214853767 1
10098474 214853730 0.5
10098474 214853722 0.5
2455472 214846057 1
2455472 214829878 1
2455472 214573590 1
2455472 214829880 0.5
2455472 214826563 0.5
8712113 214853248 1
8712113 214853094 1
8712113 214851326 1
8712113 214853090 0.5
8712113 214853109 0.5
11188211 214853085 1
11188211 214853105 1
11188211 214853096 1
11188211 214851326 0.5
5392308 214840091 1
5392308 214836956 1
5392308 214838094 1
5392308 214585633 0.5
5392308 214837288 0.5
5392308 214836075 0.5
5392308 214845581 0.5
5392308 214826833 0.5
5392308 214743350 0.5
5392308 214844345 0.5
5392308 214832156 0.5
1640094 214834877 1
1640094 214829387 1
1640094 214826610 1
1640094 214826874 0.5
1640094 214833755 0.5
1640094 214829366 0.5
7886774 214851290 1
7886774 214850282 1
7886774 214850304 1
7886774 214851232 0.5
7886774 214851017 0.5
7886774 214848605 0.5
7886774 214578350 0.5
7886774 214829887 0.5
1782867 214748300 1
1782867 214748295 1
1782867 214753513 1
1782867 214753507 0.5
6729657 214849322 1
6729657 214850786 1
6729657 214848335 1
6729657 214849185 0.5
1405243 214834880 1
1405243 214829752 1
1405243 214826895 1
1405243 214834877 0.5
5168799 214819627 1
5168799 214831955 1
5168799 214831946 1
5168799 214829878 0.5
10440641 214853930 1
10440641 214854549 1
10440641 214853728 1
10440641 214567333 0.5
10440641 214853735 0.5
10440641 214854510 0.5
10440641 214684785 0.5
10440641 214854262 0.5
10440641 214853726 0.5
10440641 214567327 0.5
2969777 214600492 1
2969777 214832124 1
2969777 214837882 1
2969777 214835745 0.5
2969777 214839617 0.5
6641604 214848945 1
6641604 214848954 1
6641604 214849192 1
6641604 214849320 0.5
6641604 214849020 0.5
8123382 214851236 1
8123382 214851122 1
8123382 214851133 1
8123382 214851077 0.5
10504134 214854352 1
10504134 214853113 1
10504134 214854577 1
10504134 214854536 0.5
10504134 214853244 0.5
10119112 214854264 1
10119112 214854268 1
10119112 214854148 1
10119112 214854176 0.5
10119112 214853132 0.5
10119112 214832604 0.5
10119112 214853852 0.5
8669129 214853090 1
8669129 214853077 1
8669129 214852980 1
8669129 214853096 0.5
8669129 214851326 0.5
8669129 214853094 0.5
10342346 214854313 1
10342346 214854257 1
10342346 214854080 1
10342346 214854343 0.5
10342346 214854551 0.5
10342346 214854311 0.5
7751628 214667915 1
7751628 214708305 1
7751628 214850758 1
7751628 214651777 0.5
5674961 214845885 1
5674961 214846067 1
5674961 214845980 1
5674961 214846393 0.5
5674961 214846082 0.5
5674961 214839975 0.5
878547 214826829 1
878547 214826893 1
878547 214827020 1
878547 214821272 0.5
2115541 214829379 1
2115541 214667912 1
2115541 214819526 1
2115541 214556840 0.5
2115541 214843905 0.5
2115541 214585586 0.5
2115541 214791635 0.5
2115541 214843916 0.5
11059176 214853730 1
11059176 214849247 1
11059176 214853702 1
11059176 214744775 0.5
11059176 214753515 0.5
11059176 214853709 0.5
11059176 214854517 0.5
11059176 214849046 0.5
11059176 214853722 0.5
11059176 214831967 0.5
3737596 214827017 1
3737596 214838417 1
3737596 214831974 1
3737596 214718220 0.5
3028567 214684730 1
3028567 214686082 1
3028567 214829887 1
3028567 214711078 0.5
3028567 214559726 0.5
3028567 214829878 0.5
3028567 214820186 0.5
3028567 214820188 0.5
3028567 214829882 0.5
2585181 214831957 1
2585181 214831948 1
2585181 214831955 1
2585181 214829880 0.5
2585181 214686082 0.5
1526358 214834877 1
1526358 214833755 1
1526358 214826610 1
1526358 214829366 0.5
2262014 214829887 1
2262014 214829880 1
2262014 214826615 1
2262014 214831965 0.5
2262014 214829878 0.5
4716539 214602733 1
4716539 214838137 1
4716539 214839969 1
4716539 214826977 0.5
4716539 214838227 0.5
9553919 214850942 1
9553919 214853420 1
9553919 214853422 1
9553919 214850949 0.5
