11389196 214857570 1
11389196 214857568 1
11389196 214857562 1
11389196 214854808 0.5
11389196 214849055 0.5
9416711 214854148 1
9416711 214853132 1
9416711 214853996 1
9416711 214820402 0.5
9416711 214569707 0.5
9416711 214853242 0.5
9416711 214848165 0.5
9416711 214845958 0.5
6547464 214838109 1
6547464 214539110 1
6547464 214845984 1
6547464 214539232 0.5
6547464 214561496 0.5
6971401 214849344 1
6971401 214848658 1
6971401 214826610 1
6971401 214849312 0.5
6971401 214836932 0.5
6971401 214849046 0.5
6971401 214832747 0.5
6971401 214848845 0.5
6971401 214849012 0.5
6971401 214829366 0.5
6971401 214844347 0.5
6971401 214849022 0.5
9195657 214845971 1
9195657 214850743 1
9195657 214848337 1
9195657 214678387 0.5
9195657 214846117 0.5
9195657 214601229 0.5
9652238 214846378 1
9652238 214853420 1
9652238 214850947 1
9652238 214829880 0.5
9652238 214845577 0.5
9652238 214845579 0.5
9652238 214846033 0.5
8173584 214851131 1
8173584 214684942 1
8173584 214851165 1
8173584 214851579 0.5
8173584 214716671 0.5
9966597 214854268 1
9966597 214854264 1
9966597 214684785 1
9966597 214684762 0.5
9966597 214718220 0.5
9966597 214850938 0.5
9966597 214854358 0.5
1063163 214829362 1
1063163 214829038 1
1063163 214828995 1
1063163 214828978 0.5
3323947 214836133 1
3323947 214836352 1
3323947 214836050 1
3323947 214836249 0.5
4997164 214845131 1
4997164 214602733 1
4997164 214845380 1
4997164 214838225 0.5
4997164 214845435 0.5
1683503 214829396 1
1683503 214821410 1
1683503 214826561 1
1683503 214642153 0.5
5605044 214676377 1
5605044 214845939 1
5605044 214845954 1
5605044 214553257 0.5
5605044 214832019 0.5
5605044 214845965 0.5
2522463 214581611 1
2522463 214819550 1
2522463 214819393 1
2522463 214602600 0.5
2522463 214718220 0.5
2522463 214743495 0.5
7125057 214849809 1
7125057 214850366 1
7125057 214684717 1
7125057 214850368 0.5
7125057 214849466 0.5
7125057 214684715 0.5
1816643 214835512 1
1816643 214831967 1
1816643 214829878 1
1816643 214829885 0.5
10332229 214861498 1
10332229 214820345 1
10332229 214854298 1
10332229 214819760 0.5
10332229 214839313 0.5
10332229 214851099 0.5
10332229 214849046 0.5
10332229 214854527 0.5
3104097 214834867 1
3104097 214553732 1
3104097 214829390 1
3104097 214602600 0.5
3104097 214717087 0.5
3104097 214835132 0.5
3104097 214642805 0.5
3104097 214826951 0.5
2318411 214581489 1
2318411 214540125 1
2318411 214831946 1
2318411 214602605 0.5
2318411 214831959 0.5
3901518 214836947 1
3901518 214835167 1
3901518 214835109 1
3901518 214838227 0.5
10272853 214853730 1
10272853 214854268 1
10272853 214854264 1
10272853 214854577 0.5
10272853 214854354 0.5
10272853 214853722 0.5
10272853 214854358 0.5
2672727 214829878 1
2672727 214829882 1
2672727 214831948 1
2672727 214829885 0.5
2672727 214738455 0.5
11513947 214850315 1
11513947 214864880 1
11513947 214543721 1
11513947 214853102 0.5
3538277 214839617 1
3538277 214836830 1
3538277 214820810 1
3538277 214835475 0.5
6649953 214850295 1
6649953 214849809 1
6649953 214850304 1
6649953 214838107 0.5
6649953 214711307 0.5
6649953 214584092 0.5
6649953 214684717 0.5
9904233 214854510 1
9904233 214853865 1
9904233 214854262 1
9904233 214854146 0.5
8171613 214851099 1
8171613 214851133 1
8171613 214851137 1
8171613 214712124 0.5
8171613 214849102 0.5
2310257 214829878 1
2310257 214829880 1
2310257 214836515 1
2310257 214844364 0.5
9220212 214717507 1
9220212 214559726 1
9220212 214854146 1
9220212 214848305 0.5
9220212 214848980 0.5
9220212 214838831 0.5
355006 214829285 1
355006 214826801 1
355006 214826625 1
355006 214691426 0.5
355006 214709634 0.5
355006 214691390 0.5
355006 214664919 0.5
7434358 214849757 1
7434358 214849753 1
7434358 214844372 1
7434358 214819464 0.5
7434358 214575240 0.5
7434358 214711314 0.5
7434358 214836956 0.5
4507768 214831970 1
4507768 214826730 1
4507768 214612901 1
4507768 214836512 0.5
4507768 214645295 0.5
10360957 214854298 1
10360957 214853767 1
10360957 214854527 1
10360957 214717562 0.5
10360957 214846127 0.5
10360957 214743495 0.5
8892543 214678376 1
8892543 214678387 1
8892543 214853107 1
8892543 214853128 0.5
8892543 214840760 0.5
8892543 214586443 0.5
8892543 214853165 0.5
8892543 214851742 0.5
4925568 214842482 1
4925568 214685747 1
4925568 214842553 1
4925568 214826608 0.5
4925568 214836067 0.5
5899968 214846031 1
5899968 214845980 1
5899968 214846014 1
5899968 214845577 0.5
5899968 214584092 0.5
6523012 214848847 1
6523012 214848622 1
6523012 214846389 1
6523012 214710097 0.5
6523012 214834871 0.5
9416846 214845973 1
9416846 214853115 1
9416846 214851759 1
9416846 214851326 0.5
9416846 214853094 0.5
10531672 214567329 1
10531672 214684785 1
10531672 214854549 1
10531672 214854264 0.5
10531672 214853724 0.5
10531672 214853732 0.5
6969494 214837918 1
6969494 214845133 1
6969494 214829825 1
6969494 214846393 0.5
6969494 214837916 0.5
6969494 214586645 0.5
6969494 214826975 0.5
9674987 214853428 1
9674987 214680371 1
9674987 214853420 1
9674987 214700000 0.5
9674987 214850945 0.5
9674987 214744258 0.5
9674987 214712235 0.5
10977432 214854853 1
10977432 214854840 1
10977432 214854836 1
10977432 214835004 0.5
6742042 214849292 1
6742042 214849050 1
6742042 214849123 1
6742042 214850304 0.5
6742042 214602598 0.5
6742042 214563335 0.5
6742042 214820844 0.5
6742042 214849738 0.5
6742042 214845420 0.5
6742042 214587317 0.5
6746274 214712244 1
6746274 214712242 1
6746274 214849134 1
6746274 214710090 0.5
9213644 214853115 1
9213644 214849010 1
9213644 214845962 1
9213644 214601040 0.5
8777898 214853094 1
8777898 214853105 1
8777898 214853085 1
8777898 214853096 0.5
7643309 214850282 1
7643309 214850295 1
7643309 214845352 1
7643309 214845577 0.5
7643309 214849076 0.5
4419759 214602598 1
4419759 214836855 1
4419759 214839962 1
4419759 214845131 0.5
4419759 214829775 0.5
9264841 214853338 1
9264841 214853340 1
9264841 214850949 1
9264841 214846344 0.5
9264841 214850700 0.5
11106488 214853100 1
11106488 214864880 1
11106488 214854800 1
11106488 214850949 0.5
11106488 214684734 0.5
11106488 214850285 0.5
2072762 214829880 1
2072762 214829882 1
2072762 214831957 1
2072762 214711312 0.5
2072762 214556212 0.5
2072762 214829887 0.5
6420079 214848622 1
6420079 214848982 1
6420079 214849239 1
6420079 214665277 0.5
6420079 214848656 0.5
6420079 214848950 0.5
6420079 214848375 0.5
6420079 214844345 0.5
6420079 214834877 0.5
8028351 214851290 1
8028351 214851232 1
8028351 214708037 1
8028351 214552522 0.5
8028351 214564380 0.5
8028351 214829765 0.5
8028351 214835167 0.5
9384129 214509401 1
9384129 214853212 1
9384129 214553810 1
9384129 214509403 0.5
9384129 214852987 0.5
9416898 214850942 1
9416898 214836517 1
9416898 214853454 1
9416898 214644650 0.5
4546756 214829790 1
4546756 214838098 1
4546756 214826942 1
4546756 214838105 0.5
4546756 214838102 0.5
9607367 214850949 1
9607367 214853422 1
9607367 214850947 1
9607367 214853420 0.5
9607367 214853428 0.5
1503433 214753513 1
1503433 214748297 1
1503433 214748302 1
1503433 214748293 0.5
7101763 214853758 1
7101763 214851120 1
7101763 214853173 1
7101763 214828882 0.5
5565111 214844400 1
5565111 214844402 1
5565111 214844345 1
5565111 214838225 0.5
6662354 214848849 1
6662354 214849333 1
6662354 214849239 1
6662354 214834877 0.5
6662354 214848658 0.5
6662354 214829387 0.5
6662354 214665277 0.5
6662354 214848947 0.5
1650899 214834880 1
1650899 214826610 1
1650899 214834877 1
1650899 214800272 0.5
1650899 214829321 0.5
1650899 214601233 0.5
6184654 214848307 1
6184654 214845962 1
6184654 214846119 1
6184654 214845879 0.5
6357371 214848337 1
6357371 214849012 1
6357371 214848377 1
6357371 214556025 0.5
6357371 214829387 0.5
6357371 214846412 0.5
6357371 214835109 0.5
10191078 214853698 1
10191078 214853700 1
10191078 214853767 1
10191078 214853707 0.5
10191078 214853430 0.5
10191078 214853702 0.5
1751278 214716710 1
1751278 214835210 1
1751278 214716707 1
1751278 214744427 0.5
1751278 214821412 0.5
1751278 214826589 0.5
4287187 214838105 1
4287187 214705997 1
4287187 214829887 1
4287187 214838096 0.5
1412137 214510757 1
1412137 214826610 1
1412137 214834880 1
1412137 214826589 0.5
2654459 214712132 1
2654459 214831957 1
2654459 214831965 1
2654459 214829657 0.5
2654459 214826670 0.5
2654459 214835087 0.5
4378304 214839594 1
4378304 214826942 1
4378304 214838098 1
4378304 214602605 0.5
10851308 214854547 1
10851308 214854585 1
10851308 214854300 1
10851308 214851125 0.5
4698366 214821401 1
4698366 214836853 1
4698366 214602598 1
4698366 214601272 0.5
4698366 214829280 0.5
5558529 214835426 1
5558529 214835428 1
5558529 214835473 1
5558529 214835064 0.5
5558529 214838225 0.5
5558529 214696899 0.5
5558529 214835070 0.5
5826818 214835064 1
5826818 214846475 1
5826818 214829775 1
5826818 214849001 0.5
5826818 214835019 0.5
5826818 214845131 0.5
5826818 214846061 0.5
5826818 214675890 0.5
4892932 214838094 1
4892932 214836956 1
4892932 214527519 1
4892932 214844336 0.5
10713349 214854343 1
10713349 214846391 1
10713349 214836827 1
10713349 214583610 0.5
10713349 214556212 0.5
10713349 214546110 0.5
10713349 214546102 0.5
10713349 214854583 0.5
9687302 214853420 1
9687302 214826987 1
9687302 214850942 1
9687302 214853342 0.5
9687302 214853321 0.5
9687302 214850947 0.5
9687302 214850949 0.5
9687302 214743515 0.5
11387144 214857260 1
11387144 214857547 1
11387144 214835426 1
11387144 214836836 0.5
11387144 214836838 0.5
3936521 214838227 1
3936521 214835109 1
3936521 214826990 1
3936521 214836932 0.5
4732649 214839587 1
4732649 214748336 1
4732649 214836330 1
4732649 214819760 0.5
4732649 214838225 0.5
4732649 214684843 0.5
4732649 214706102 0.5
5564363 214844372 1
5564363 214845583 1
5564363 214640520 1
5564363 214657305 0.5
5564363 214844370 0.5
5564363 214845407 0.5
2152722 214829855 1
2152722 214829861 1
2152722 214832720 1
2152722 214834880 0.5
2152722 214829857 0.5
2152722 214821410 0.5
2152722 214716339 0.5
2152722 214833755 0.5
2152722 214834877 0.5
8696083 214853094 1
8696083 214851326 1
8696083 214853085 1
8696083 214853090 0.5
5656852 214838098 1
5656852 214838105 1
5656852 214838107 1
5656852 214684710 0.5
5656852 214846031 0.5
5656852 214846033 0.5
5656852 214829878 0.5
5656852 214829885 0.5
5656852 214711295 0.5
8022294 214851155 1
8022294 214851238 1
8022294 214849057 1
8022294 214851152 0.5
8022294 214851024 0.5
8022294 214717003 0.5
8022294 214578350 0.5
2562119 214829878 1
2562119 214829885 1
2562119 214831946 1
2562119 214829887 0.5
8872224 214695399 1
8872224 214851238 1
8872224 214687753 1
8872224 214717003 0.5
8872224 214842735 0.5
8872224 214851285 0.5
8872224 214839611 0.5
8872224 214550621 0.5
8872224 214774687 0.5
3752227 214829878 1
3752227 214838096 1
3752227 214829882 1
3752227 214838105 0.5
3752227 214684730 0.5
3752227 214584092 0.5
8960293 214716746 1
8960293 214685049 1
8960293 214851234 1
8960293 214851080 0.5
8960293 214851579 0.5
8591654 214564380 1
8591654 214851315 1
8591654 214851290 1
8591654 214851101 0.5
7113428 214850720 1
7113428 214850741 1
7113428 214850621 1
7113428 214850692 0.5
7113428 214850405 0.5
7113428 214850760 0.5
7113428 214643657 0.5
7113428 214850870 0.5
7113428 214850876 0.5
7113428 214564382 0.5
2584874 214829878 1
2584874 214829887 1
2584874 214831946 1
2584874 214829882 0.5
5066119 214839960 1
5066119 214829287 1
5066119 214835469 1
5066119 214748336 0.5
7078062 214849760 1
7078062 214844396 1
7078062 214850315 1
7078062 214849757 0.5
7078062 214844398 0.5
5384493 214717562 1
5384493 214844368 1
5384493 214748336 1
5384493 214687852 0.5
1571121 214821407 1
1571121 214829396 1
1571121 214832722 1
1571121 214826561 0.5
1571121 214753515 0.5
1683767 214821017 1
1683767 214826610 1
1683767 214834880 1
1683767 214829387 0.5
1683767 214826615 0.5
8474937 214564380 1
8474937 214851232 1
8474937 214851290 1
8474937 214675890 0.5
4469054 214684717 1
4469054 214839596 1
4469054 214829790 1
4469054 214839594 0.5
4469054 214717515 0.5
4469054 214826844 0.5
1950019 214826709 1
1950019 214821339 1
1950019 214533020 1
1950019 214584992 0.5
1950019 214828961 0.5
1950019 214746388 0.5
3268932 214835017 1
3268932 214835019 1
3268932 214835747 1
3268932 214587712 0.5
8180037 214849239 1
8180037 214849333 1
8180037 214849284 1
8180037 214665277 0.5
11188552 214854853 1
11188552 214854815 1
11188552 214854836 1
11188552 214845984 0.5
11188552 214714755 0.5
11188552 214846470 0.5
11188552 214854797 0.5
11188552 214846065 0.5
11188552 214854840 0.5
8773967 214853077 1
8773967 214852980 1
8773967 214853263 1
8773967 214852978 0.5
5065041 214836536 1
5065041 214848174 1
5065041 214832154 1
5065041 214845131 0.5
5065041 214840483 0.5
9643988 214850949 1
9643988 214853428 1
9643988 214853422 1
9643988 214850945 0.5
9643988 214850947 0.5
9643988 214850942 0.5
9643988 214853454 0.5
1184087 214827011 1
1184087 214826617 1
1184087 214826621 1
1184087 214826619 0.5
1184087 214826615 0.5
7774556 214676375 1
7774556 214676306 1
7774556 214675895 1
7774556 214850754 0.5
8522079 214851161 1
8522079 214716714 1
8522079 214851163 1
8522079 214851587 0.5
8522079 214836452 0.5
8522079 214851080 0.5
8522079 214716746 0.5
8522079 214851028 0.5
8522079 214685049 0.5
6386016 214848605 1
6386016 214848977 1
6386016 214850360 1
6386016 214832145 0.5
6386016 214643747 0.5
6386016 214839975 0.5
946529 214829321 1
946529 214819430 1
946529 214839600 1
946529 214800272 0.5
4653413 214839399 1
4653413 214832143 1
4653413 214839641 1
4653413 214700000 0.5
4653413 214646745 0.5
726227 214826876 1
726227 214826837 1
726227 214826872 1
726227 214716902 0.5
11057511 214864880 1
11057511 214854842 1
11057511 214854823 1
11057511 214854770 0.5
11057511 214714755 0.5
6400364 214846119 1
6400364 214845962 1
6400364 214844396 1
6400364 214845971 0.5
11254127 214854577 1
11254127 214853244 1
11254127 214853113 1
11254127 214854536 0.5
11254127 214854354 0.5
11254127 214854300 0.5
11254127 214709685 0.5
11254127 214854335 0.5
10240368 214852980 1
10240368 214853077 1
10240368 214850786 1
10240368 214857120 0.5
10240368 214853732 0.5
10240368 214820197 0.5
10240368 214848326 0.5
10240368 214826953 0.5
10240368 214854542 0.5
10240368 214845585 0.5
10240368 214852978 0.5
10240368 214648250 0.5
10240368 214648252 0.5
5001586 214838094 1
5001586 214832156 1
5001586 214838092 1
5001586 214837286 0.5
10570473 214854720 1
10570473 214851757 1
10570473 214854718 1
10570473 214853083 0.5
10570473 214853079 0.5
5583224 214580291 1
5583224 214580304 1
5583224 214846385 1
5583224 214708044 0.5
6708628 214844396 1
6708628 214848688 1
6708628 214844372 1
6708628 214848947 0.5
5605754 214846012 1
5605754 214846029 1
5605754 214846033 1
5605754 214718255 0.5
5605754 214832012 0.5
5605754 214717511 0.5
1491326 214834877 1
1491326 214834880 1
1491326 214602804 1
1491326 214586432 0.5
1491326 214603138 0.5
1491326 214602731 0.5
1491326 214819781 0.5
1491326 214800262 0.5
1491326 214819719 0.5
1491326 214820199 0.5
1491326 214832557 0.5
1491326 214832559 0.5
1491326 214650609 0.5
1491326 214826610 0.5
1491326 214676019 0.5
1491326 214829366 0.5
1491326 214833755 0.5
1491326 214826908 0.5
1491326 214557279 0.5
3841088 214835167 1
3841088 214550820 1
3841088 214586610 1
3841088 214847649 0.5
2324887 214821315 1
2324887 214829878 1
2324887 214829882 1
2324887 214533022 0.5
2324887 214551607 0.5
1373549 214834880 1
1373549 214826921 1
1373549 214826996 1
1373549 214829387 0.5
332184 214826627 1
332184 214664919 1
332184 214826625 1
332184 214826623 0.5
8149402 214851099 1
8149402 214800262 1
8149402 214850402 1
8149402 214849250 0.5
8149402 214748334 0.5
8149402 214819762 0.5
8149402 214820345 0.5
8149402 214838137 0.5
8149402 214845917 0.5
8149402 214831967 0.5
9311172 214846125 1
9311172 214849010 1
9311172 214852987 1
9311172 214853263 0.5
11040496 214853102 1
11040496 214864880 1
11040496 214854332 1
11040496 214854731 0.5
11040496 214714755 0.5
11040496 214709685 0.5
10133923 214853767 1
10133923 214853700 1
10133923 214848165 1
10133923 214854148 0.5
5357994 214844396 1
5357994 214844372 1
5357994 214711348 1
5357994 214838225 0.5
5357994 214845583 0.5
5357994 214844398 0.5
5357994 214836527 0.5
4080107 214829747 1
4080107 214839347 1
4080107 214839397 1
4080107 214834871 0.5
9953709 214853702 1
9953709 214853698 1
9953709 214853707 1
9953709 214853713 0.5
9953709 214853767 0.5
1309103 214834880 1
1309103 214834877 1
1309103 214821407 1
1309103 214829396 0.5
3214023 214831935 1
3214023 214829030 1
3214023 214832124 1
3214023 214821407 0.5
3214023 214832115 0.5
3214023 214709735 0.5
7484147 214850938 1
7484147 214849363 1
7484147 214850855 1
7484147 214849462 0.5
7484147 214819599 0.5
4701012 214845131 1
4701012 214836926 1
4701012 214839969 1
4701012 214829379 0.5
4701012 214553572 0.5
4701012 214602598 0.5
4701012 214839975 0.5
4701012 214829773 0.5
4701012 214556942 0.5
4701012 214848176 0.5
4701012 214826998 0.5
4701012 214831959 0.5
4701012 214582948 0.5
4701012 214829850 0.5
4701012 214555262 0.5
4701012 214831967 0.5
8290752 214716746 1
8290752 214716671 1
8290752 214851131 1
8290752 214851097 0.5
8290752 214851163 0.5
6386113 214846318 1
6386113 214840760 1
6386113 214845879 1
6386113 214842345 0.5
4991426 214845356 1
4991426 214829885 1
4991426 214829882 1
4991426 214829880 0.5
4991426 214845579 0.5
10985923 214853102 1
10985923 214854785 1
10985923 214854782 1
10985923 214854729 0.5
10985923 214714755 0.5
10985923 214853100 0.5
10985923 214854827 0.5
10985923 214861895 0.5
1597892 214834880 1
1597892 214826610 1
1597892 214834877 1
1597892 214829387 0.5
1597892 214833755 0.5
2525638 214829882 1
2525638 214829887 1
2525638 214829878 1
2525638 214829880 0.5
2312648 214829880 1
2312648 214831948 1
2312648 214748300 1
2312648 214829878 0.5
5417483 214845585 1
5417483 214835428 1
5417483 214844398 1
5417483 214844347 0.5
8942029 214853135 1
8942029 214685049 1
8942029 214851161 1
8942029 214851131 0.5
8942029 214853195 0.5
8942029 214851080 0.5
8942029 214853227 0.5
8942029 214684942 0.5
8942029 214853237 0.5
8942029 214853242 0.5
8942029 214851163 0.5
8942029 214851317 0.5
2437582 214558192 1
2437582 214829878 1
2437582 214829880 1
2437582 214714794 0.5
2437582 214831948 0.5
2437582 214831965 0.5
6937039 214826610 1
6937039 214667859 1
6937039 214849331 1
6937039 214849318 0.5
6937039 214845943 0.5
6937039 214849192 0.5
6937039 214849003 0.5
6937039 214665277 0.5
6937039 214849239 0.5
6937039 214695193 0.5
6937039 214834877 0.5
5542062 214834880 1
5542062 214834877 1
5542062 214712126 1
5542062 214832150 0.5
5542062 214835167 0.5
1905106 214821317 1
1905106 214565557 1
1905106 214717440 1
1905106 214547814 0.5
1319386 214717828 1
1319386 214738460 1
1319386 214526083 1
1319386 214684498 0.5
1319386 214748319 0.5
1319386 214648250 0.5
1319386 214829366 0.5
1319386 214819719 0.5
9702479 214850947 1
9702479 214853420 1
9702479 214850945 1
9702479 214853094 0.5
9347549 214511696 1
9347549 214853422 1
9347549 214853428 1
9347549 214560615 0.5
6225637 214848847 1
6225637 214849018 1
6225637 214667859 1
6225637 214848337 0.5
6225637 214848330 0.5
6225637 214835109 0.5
6225637 214821382 0.5
10420707 214853767 1
10420707 214854517 1
10420707 214854298 1
10420707 214853709 0.5
7928292 214850936 1
7928292 214850938 1
7928292 214850621 1
7928292 214850720 0.5
7928292 214850282 0.5
7928292 214850405 0.5
8317413 214716980 1
8317413 214716971 1
8317413 214717003 1
8317413 214716928 0.5
11148369 214853102 1
11148369 214854782 1
11148369 214854840 1
11148369 214829280 0.5
11148369 214586743 0.5
9748968 214717770 1
9748968 214850368 1
9748968 214665277 1
9748968 214850945 0.5
9748968 214849284 0.5
9748968 214819400 0.5
9748968 214853385 0.5
9748968 214831946 0.5
9748968 214673295 0.5
9748968 214850942 0.5
9748968 214838102 0.5
9748968 214846014 0.5
9748968 214711295 0.5
6455787 214848380 1
6455787 214848337 1
6455787 214829390 1
6455787 214836506 0.5
6455787 214844340 0.5
6455787 214826990 0.5
8966636 214853242 1
8966636 214851750 1
8966636 214853132 1
8966636 214853237 0.5
4088301 214836512 1
4088301 214836887 1
4088301 214829797 1
4088301 214838105 0.5
4088301 214838107 0.5
4088301 214826747 0.5
4088301 214839915 0.5
4088301 214746382 0.5
5020144 214844398 1
5020144 214835426 1
5020144 214845590 1
5020144 214835064 0.5
11264503 214851326 1
11264503 214853105 1
11264503 214853096 1
11264503 214853094 0.5
9945599 214853707 1
9945599 214853722 1
9945599 214853730 1
9945599 214853702 0.5
10383876 214854268 1
10383876 214854264 1
10383876 214853182 1
10383876 214567329 0.5
10383876 214567327 0.5
10383876 214567333 0.5
10383876 214567215 0.5
3160582 214826874 1
3160582 214832557 1
3160582 214667912 1
3160582 214826953 0.5
3160582 214829379 0.5
3160582 214718387 0.5
3160582 214791635 0.5
4056833 214847649 1
4056833 214838113 1
4056833 214836941 1
4056833 214774687 0.5
5643351 214551892 1
5643351 214551930 1
5643351 214516065 1
5643351 214551913 0.5
5643351 214551917 0.5
5643351 214564687 0.5
4450829 214839943 1
4450829 214839973 1
4450829 214839971 1
4450829 214828985 0.5
4450829 214839932 0.5
4450829 214602598 0.5
4450829 214839975 0.5
3062287 214834867 1
3062287 214835017 1
3062287 214831948 1
3062287 214831959 0.5
3062287 214835124 0.5
3062287 214826565 0.5
3062287 214642805 0.5
1427986 214826610 1
1427986 214834880 1
1427986 214821410 1
1427986 214829387 0.5
1427986 214821412 0.5
1427986 214834877 0.5
1427986 214829366 0.5
2482707 214829880 1
2482707 214829878 1
2482707 214829887 1
2482707 214695412 0.5
8653332 214849460 1
8653332 214716714 1
8653332 214851122 1
8653332 214851137 0.5
8653332 214851234 0.5
8653332 214851236 0.5
8653332 214851080 0.5
8653332 214716746 0.5
8653332 214743339 0.5
8653332 214585644 0.5
8653332 214561457 0.5
8653332 214826835 0.5
8653332 214851028 0.5
8653332 214851161 0.5
8653332 214684730 0.5
8653332 214716671 0.5
10084887 214850949 1
10084887 214850942 1
10084887 214850945 1
10084887 214850947 0.5
10084887 214853428 0.5
10084887 214853454 0.5
10084887 214853422 0.5
9671428 214700000 1
9671428 214853454 1
9671428 214850368 1
9671428 214581489 0.5
3217951 214601233 1
3217951 214835475 1
3217951 214701615 1
3217951 214587712 0.5
3217951 214826666 0.5
3217951 214835002 0.5
3217951 214832722 0.5
1991467 214821350 1
1991467 214829390 1
1991467 214821407 1
1991467 214829664 0.5
1991467 214835021 0.5
7920172 214651777 1
7920172 214677615 1
7920172 214821020 1
7920172 214561775 0.5
452701 214820392 1
452701 214839999 1
452701 214826908 1
452701 214839995 0.5
452701 214714779 0.5
5372469 214835428 1
5372469 214835473 1
5372469 214835426 1
5372469 214819760 0.5
5372469 214844413 0.5
5372469 214580190 0.5
9022009 214853242 1
9022009 214853210 1
9022009 214851750 1
9022009 214853237 0.5
9022009 214853182 0.5
9151034 214853165 1
9151034 214678387 1
9151034 214677830 1
9151034 214853169 0.5
252477 214834865 1
252477 214827007 1
252477 214827000 1
252477 214827005 0.5
252477 214714790 0.5
1329727 214820441 1
1329727 214819524 1
1329727 214612751 1
1329727 214651785 0.5
1329727 214831931 0.5
1329727 214821307 0.5
1329727 214844357 0.5
1329727 214535653 0.5
8829504 214853212 1
8829504 214851744 1
8829504 214851759 1
8829504 214853210 0.5
2071106 214829385 1
2071106 214826977 1
2071106 214829880 1
2071106 214831967 0.5
8830912 214853107 1
8830912 214853075 1
8830912 214853128 1
8830912 214853087 0.5
8112711 214850938 1
8112711 214849395 1
8112711 214850936 1
8112711 214850720 0.5
8112711 214850760 0.5
8112711 214850619 0.5
8112711 214846404 0.5
10031688 214854172 1
10031688 214853992 1
10031688 214853865 1
10031688 214848322 0.5
10031688 214849740 0.5
10031688 214848845 0.5
10031688 214718160 0.5
10031688 214851315 0.5
10031688 214854165 0.5
10031688 214836924 0.5
5708361 214846033 1
5708361 214846061 1
5708361 214846012 1
5708361 214584092 0.5
9216589 214853707 1
9216589 214853698 1
9216589 214853767 1
9216589 214820345 0.5
9216589 214853730 0.5
3406414 214832124 1
3406414 214832115 1
3406414 214837442 1
3406414 214579875 0.5
9742929 214849010 1
9742929 214846117 1
9742929 214853130 1
9742929 214536193 0.5
7006234 214848658 1
7006234 214848641 1
7006234 214849292 1
7006234 214848945 0.5
7006234 214848941 0.5
7006234 214848849 0.5
7006234 214848952 0.5
7006234 214848954 0.5
7006234 214849020 0.5
7006234 214848986 0.5
3987553 214835109 1
3987553 214835167 1
3987553 214826990 1
3987553 214838107 0.5
3987553 214838227 0.5
1305182 214587266 1
1305182 214829396 1
1305182 214835021 1
1305182 214829664 0.5
1305182 214832722 0.5
1305182 214835002 0.5
1305182 214821399 0.5
10138207 214854547 1
10138207 214684762 1
10138207 214850790 1
10138207 214559960 0.5
10138207 214854172 0.5
10138207 214850619 0.5
10138207 214555492 0.5
10138207 214835750 0.5
11031137 214567329 1
11031137 214567215 1
11031137 214684785 1
11031137 214853724 0.5
11031137 214684762 0.5
11031137 214853732 0.5
11031137 214854358 0.5
11031137 214744775 0.5
9797734 214854146 1
9797734 214853992 1
9797734 214853767 1
9797734 214854165 0.5
2990694 214832792 1
2990694 214600492 1
2990694 214834867 1
2990694 214835745 0.5
2990694 214575298 0.5
2990694 214826565 0.5
2990694 214829878 0.5
6534594 214849046 1
6534594 214849333 1
6534594 214667857 1
6534594 214849284 0.5
6534594 214848658 0.5
6534594 214667859 0.5
6534594 214849239 0.5
6534594 214848954 0.5
6534594 214849020 0.5
6534594 214665277 0.5
6534594 214849022 0.5
8196721 214850934 1
8196721 214717005 1
8196721 214846389 1
8196721 214846033 0.5
8196721 214564380 0.5
8196721 214850285 0.5
8196721 214829878 0.5
8196721 214850287 0.5
10361619 214853460 1
10361619 214853428 1
10361619 214850291 1
10361619 214854787 0.5
10361619 214850949 0.5
7123574 214853758 1
7123574 214849766 1
7123574 214853173 1
7123574 214828882 0.5
8667767 214851326 1
8667767 214853096 1
8667767 214853085 1
8667767 214853090 0.5
8667767 214853094 0.5
2888313 214690110 1
2888313 214717562 1
2888313 214748336 1
2888313 214829321 0.5
2888313 214687852 0.5
2888313 214706102 0.5
2888313 214743495 0.5
10883519 214853762 1
10883519 214853100 1
10883519 214854782 1
10883519 214854840 0.5
3828348 214835017 1
3828348 214835747 1
3828348 214587712 1
3828348 643078800 0.5
9905273 214850758 1
9905273 214717888 1
9905273 214718220 1
9905273 214821020 0.5
9905273 214853702 0.5
9905273 214561775 0.5
8774272 214677830 1
8774272 214851742 1
8774272 214852987 1
8774272 214853162 0.5
8774272 214853087 0.5
7979652 214850692 1
7979652 214557223 1
7979652 214850405 1
7979652 214850760 0.5
7979652 214850936 0.5
7979652 214850876 0.5
8581769 214851236 1
8581769 214851122 1
8581769 214651517 1
8581769 214851137 0.5
8581769 214851013 0.5
8581769 214851133 0.5
2902666 214835747 1
2902666 214835019 1
2902666 214573612 1
2902666 214835745 0.5
2902666 214826565 0.5
2902666 214831937 0.5
2902666 214600492 0.5
2902666 214587697 0.5
2902666 214837916 0.5
2902666 214837918 0.5
2294416 214600509 1
2294416 214831948 1
2294416 214717860 1
2294416 214556906 0.5
2294416 214831995 0.5
2294416 214829887 0.5
9656979 214853767 1
9656979 214853730 1
9656979 214853700 1
9656979 214853765 0.5
9656979 214854118 0.5
8086796 214851287 1
8086796 214851150 1
8086796 214851294 1
8086796 214540597 0.5
8086796 214851157 0.5
1630871 214829366 1
1630871 214834880 1
1630871 214828965 1
1630871 214821410 0.5
1630871 214833755 0.5
1630871 214821412 0.5
1630871 214826610 0.5
1630871 214834877 0.5
4846232 214836512 1
4846232 214831970 1
4846232 214839937 1
4846232 214835130 0.5
4846232 214645595 0.5
11199132 214853102 1
11199132 214854782 1
11199132 214853100 1
11199132 214855016 0.5
4979358 214829880 1
4979358 214829887 1
4979358 214847255 1
4979358 214836857 0.5
4979358 214831955 0.5
4979358 214829885 0.5
4979358 214829878 0.5
10855072 214854836 1
10855072 214854823 1
10855072 214854497 1
10855072 214854819 0.5
10855072 214854860 0.5
8156274 214576432 1
8156274 214563212 1
8156274 214827030 1
8156274 214851242 0.5
8156274 214851071 0.5
2802352 214829878 1
2802352 214829885 1
2802352 214831950 1
2802352 214829882 0.5
2802352 214663310 0.5
2802352 214717095 0.5
4653751 214829730 1
4653751 214836855 1
4653751 214587317 1
4653751 214839969 0.5
4653751 214602598 0.5
4653751 214586694 0.5
4653751 214839975 0.5
4653751 214602733 0.5
4653751 214695472 0.5
3173053 214835017 1
3173053 214831967 1
3173053 214832124 1
3173053 214587712 0.5
3173053 214743495 0.5
3173053 214743497 0.5
3173053 214835475 0.5
3173053 214829852 0.5
3173053 214832115 0.5
3173053 214836926 0.5
3173053 214821407 0.5
9924233 214845962 1
9924233 214846119 1
9924233 214849010 1
9924233 214553257 0.5
9820869 214848980 1
9820869 214853420 1
9820869 214850945 1
9820869 214717507 0.5
9820869 214853702 0.5
9820869 214831946 0.5
9820869 214853707 0.5
9820869 214711438 0.5
9820869 214819472 0.5
9820869 214829878 0.5
9820869 214743352 0.5
9820869 214832619 0.5
5307169 214844398 1
5307169 214844372 1
5307169 214826949 1
5307169 214845917 0.5
5307169 214602733 0.5
7074504 214829775 1
7074504 214849078 1
7074504 214748289 1
7074504 214548744 0.5
7074504 214828970 0.5
994001 214821302 1
994001 214821305 1
994001 214821401 1
994001 214551626 0.5
994001 214821315 0.5
994001 214717286 0.5
994001 214586694 0.5
994001 214821341 0.5
1700563 214826610 1
1700563 214834880 1
1700563 214829366 1
1700563 214833755 0.5
2562777 214829880 1
2562777 214829882 1
2562777 214829887 1
2562777 214826835 0.5
2562777 214829878 0.5
8854234 214853075 1
8854234 214853165 1
8854234 214853107 1
8854234 214678376 0.5
8854234 214853128 0.5
8854234 214678387 0.5
8854234 214851742 0.5
8854234 214853160 0.5
5905871 214846457 1
5905871 214846472 1
5905871 214846425 1
5905871 214846419 0.5
5905871 214820197 0.5
8743644 214851326 1
8743644 214853090 1
8743644 214853105 1
8743644 214851075 0.5
8743644 214851581 0.5
11229919 214857568 1
11229919 214857570 1
11229919 214857562 1
11229919 214857260 0.5
11229919 214857549 0.5
11229919 214716671 0.5
3091169 214826565 1
3091169 214835019 1
3091169 214554662 1
3091169 214832792 0.5
3091169 214835745 0.5
3091169 214717860 0.5
3091169 214642805 0.5
1802978 214835752 1
1802978 214831965 1
1802978 214826979 1
1802978 214819430 0.5
1051363 214717286 1
1051363 214821401 1
1051363 214586694 1
1051363 214826837 0.5
8248036 214851071 1
8248036 214851017 1
8248036 214851590 1
8248036 214851324 0.5
8639206 214853085 1
8639206 214851326 1
8639206 214853090 1
8639206 214851028 0.5
10570471 214854536 1
10570471 214854354 1
10570471 214854352 1
10570471 214853113 0.5
10050684 214854358 1
10050684 214854264 1
10050684 214854335 1
10050684 214567329 0.5
3064554 214835019 1
3064554 214835747 1
3064554 214826565 1
3064554 214577025 0.5
4156199 214832015 1
4156199 214839347 1
4156199 214845129 1
4156199 214820938 0.5
4156199 214838102 0.5
4156199 214829102 0.5
8091027 214700002 1
8091027 214846033 1
8091027 214831948 1
8091027 214850304 0.5
8091027 214684736 0.5
8091027 214846029 0.5
8091027 214832015 0.5
8091027 214850743 0.5
8091027 214846012 0.5
8091027 214829887 0.5
9956082 214853698 1
9956082 214853767 1
9956082 214853730 1
9956082 214853707 0.5
9956082 214696676 0.5
9173747 214853135 1
9173747 214853195 1
9173747 214853233 1
9173747 214853227 0.5
9173747 214853188 0.5
9173747 214850790 0.5
4606917 214640353 1
4606917 214839356 1
4606917 214839973 1
4606917 214535685 0.5
6118137 214586443 1
6118137 214845135 1
6118137 214846318 1
6118137 214564320 0.5
6118137 214848313 0.5
6118137 214849010 0.5
6118137 214839973 0.5
6118137 214846007 0.5
1111167 214821032 1
1111167 214826921 1
1111167 214829396 1
1111167 214821350 0.5
9894654 214854264 1
9894654 214853855 1
9894654 214854268 1
9894654 214567329 0.5
9894654 214854262 0.5
9894654 214854060 0.5
9894654 214853996 0.5
9894654 214567215 0.5
9894654 214854358 0.5
3468043 214844394 1
3468043 214844439 1
3468043 214612708 1
3468043 214612704 0.5
3468043 214551626 0.5
3468043 214821339 0.5
11023118 214854731 1
11023118 214854118 1
11023118 214640516 1
11023118 214854352 0.5
11023118 214835473 0.5
10746642 214854536 1
10746642 214854352 1
10746642 214853244 1
10746642 214644320 0.5
10746642 214859825 0.5
10746642 214820394 0.5
10746642 214851564 0.5
10746642 214510445 0.5
10746642 214857167 0.5
10746642 214854577 0.5
10746642 214854354 0.5
10746642 214854579 0.5
5784343 214849010 1
5784343 214829739 1
5784343 214846029 1
5784343 214553257 0.5
5784343 214845965 0.5
8021803 214853242 1
8021803 214853210 1
8021803 214851750 1
8021803 214853225 0.5
8021803 214853182 0.5
8021803 214853222 0.5
10683161 214684785 1
10683161 214567333 1
10683161 214567327 1
10683161 214684762 0.5
10683161 214853726 0.5
10683161 214854262 0.5
10683161 214854510 0.5
10173211 214853722 1
10173211 214853713 1
10173211 214853702 1
10173211 214853698 0.5
10173211 214853707 0.5
10173211 214853767 0.5
7023426 214844456 1
7023426 214844447 1
7023426 214844445 1
7023426 214551626 0.5
7023426 214844458 0.5
7023426 214821309 0.5
3361567 214835167 1
3361567 214821017 1
3361567 214834877 1
3361567 214836932 0.5
3361567 214829387 0.5
3361567 214707853 0.5
3361567 214677615 0.5
3361567 214821015 0.5
3361567 214556025 0.5
7889699 214849365 1
7889699 214850621 1
7889699 214848613 1
7889699 214834880 0.5
7889699 214821032 0.5
7889699 214537490 0.5
9696037 214857204 1
9696037 214835004 1
9696037 214701787 1
9696037 214712235 0.5
8725286 214850730 1
8725286 214509401 1
8725286 214851287 1
8725286 214509403 0.5
8475431 214851748 1
8475431 214853184 1
8475431 214853188 1
8475431 214853227 0.5
8475431 214853195 0.5
8475431 214848997 0.5
8475431 214844342 0.5
8475431 214853233 0.5
6649919 214849020 1
6649919 214848952 1
6649919 214851009 1
6649919 214848954 0.5
6649919 214849022 0.5
10656276 214853113 1
10656276 214854352 1
10656276 214854536 1
10656276 214854579 0.5
2497327 214829878 1
2497327 214837916 1
2497327 214829887 1
2497327 214829392 0.5
2497327 214835132 0.5
8055698 214851583 1
8055698 214851071 1
8055698 214851242 1
8055698 214580293 0.5
8055698 214851590 0.5
9945909 214849455 1
9945909 214854354 1
9945909 214849462 1
9945909 214853435 0.5
9945909 214849363 0.5
9945909 214853132 0.5
8897336 214851069 1
8897336 214853379 1
8897336 214851122 1
8897336 214643340 0.5
8897336 214603140 0.5
8897336 214851326 0.5
9282362 214853865 1
9282362 214853992 1
9282362 214854146 1
9282362 214853715 0.5
574267 214821302 1
574267 214821339 1
574267 214716577 1
574267 214821315 0.5
574267 214577512 0.5
574267 214717097 0.5
574267 214577518 0.5
574267 214551607 0.5
574267 214827005 0.5
10048316 214853700 1
10048316 214853713 1
10048316 214853698 1
10048316 214853702 0.5
5788201 214846312 1
5788201 214846318 1
5788201 214676377 1
5788201 214650635 0.5
5788201 214819427 0.5
5788201 214587013 0.5
1303368 214835743 1
1303368 214829004 1
1303368 214691557 1
1303368 214586825 0.5
7174988 214850325 1
7174988 214850295 1
7174988 214850282 1
7174988 214849753 0.5
7174988 214716935 0.5
2340843 214753513 1
2340843 214748302 1
2340843 214748338 1
2340843 214748297 0.5
2340843 214836515 0.5
10767188 214854536 1
10767188 214854262 1
10767188 214854352 1
10767188 214854264 0.5
10767188 214854354 0.5
10767188 214567327 0.5
7730189 214851013 1
7730189 214851009 1
7730189 214850792 1
7730189 214849762 0.5
7730189 214843494 0.5
7730189 214555500 0.5
7730189 214849738 0.5
7730189 214832780 0.5
7730189 214748334 0.5
4260709 214829797 1
4260709 214836883 1
4260709 214829747 1
4260709 214839932 0.5
2338023 214831952 1
2338023 214835165 1
2338023 214714757 1
2338023 214819468 0.5
4588981 214832143 1
4588981 214838107 1
4588981 214826945 1
4588981 214831944 0.5
4588981 214838096 0.5
4588981 214826942 0.5
4588981 214831942 0.5
7017328 214850282 1
7017328 214850295 1
7017328 214850291 1
7017328 214850310 0.5
8072529 214716746 1
8072529 214851161 1
8072529 214695399 1
8072529 214851587 0.5
8072529 214848613 0.5
8072529 214819412 0.5
8072529 214851575 0.5
8072529 214685049 0.5
8072529 214851579 0.5
8072529 214716671 0.5
439162 214601040 1
439162 214601042 1
439162 214821290 1
439162 214535985 0.5
439162 214826810 0.5
439162 214826955 0.5
7375739 214850295 1
7375739 214850282 1
7375739 214850285 1
7375739 214849757 0.5
7375739 214850310 0.5
7375739 214850287 0.5
8334422 214849395 1
8334422 214851236 1
8334422 214851581 1
8334422 214835019 0.5
8334422 214849252 0.5
10773373 214854536 1
10773373 214853244 1
10773373 214853113 1
10773373 214820394 0.5
4916039 214531937 1
4916039 214836512 1
4916039 214836932 1
4916039 214718177 0.5
4916039 214573288 0.5
4916039 214643049 0.5
4916039 214677615 0.5
4916039 214676019 0.5
4916039 214821022 0.5
4916039 214832150 0.5
4916039 214718167 0.5
4916039 214826747 0.5
4916039 214819550 0.5
7306111 214849736 1
7306111 214849734 1
7306111 214849762 1
7306111 214849738 0.5
6198147 214829878 1
6198147 214848377 1
6198147 214848410 1
6198147 214848337 0.5
6198147 214838227 0.5
6198147 214844347 0.5
6198147 214829366 0.5
6198147 214821017 0.5
5770116 214832015 1
5770116 214845587 1
5770116 214845354 1
5770116 214718255 0.5
5770116 214557217 0.5
5770116 214850402 0.5
5770116 214846447 0.5
5770116 214849001 0.5
3696449 214836932 1
3696449 214838227 1
3696449 214834880 1
3696449 214836924 0.5
3696449 214835109 0.5
3696449 214539110 0.5
9667647 214849010 1
9667647 214853165 1
9667647 214845962 1
9667647 214853128 0.5
9667647 214852987 0.5
2618251 214831950 1
2618251 214829885 1
2618251 214831946 1
2618251 214829882 0.5
2618251 214829878 0.5
7615436 214850621 1
7615436 214850936 1
7615436 214564382 1
7615436 214849408 0.5
7615436 214573305 0.5
7615436 214850762 0.5
7615436 214848302 0.5
7615436 214586694 0.5
7891858 214850756 1
7891858 214850936 1
7891858 214850938 1
7891858 214718220 0.5
7891858 214850765 0.5
9520927 214839913 1
9520927 214854060 1
9520927 214854065 1
9520927 214738464 0.5
9520927 214580424 0.5
9520927 214746380 0.5
9520927 214848157 0.5
9520927 214853340 0.5
9429919 214853713 1
9429919 214853702 1
9429919 214853700 1
9429919 214853225 0.5
10847141 214835117 1
10847141 214853340 1
10847141 214858680 1
10847141 214835000 0.5
6411213 214848613 1
6411213 214848851 1
6411213 214848808 1
6411213 214561402 0.5
6411213 214515830 0.5
8663976 214848596 1
8663976 214678376 1
8663976 214853263 1
8663976 214853248 0.5
8663976 214851073 0.5
8663976 214835167 0.5
290972 214716937 1
290972 214717003 1
290972 214821302 1
290972 214716980 0.5
6966186 214848380 1
6966186 214848337 1
6966186 214848958 1
6966186 214850362 0.5
6966186 214835109 0.5
8248236 214575193 1
8248236 214676306 1
8248236 214567408 1
8248236 214851748 0.5
8248236 214853094 0.5
8248236 214851080 0.5
8248236 214558192 0.5
8248236 214851575 0.5
8248236 214851161 0.5
1448877 214829034 1
1448877 214834877 1
1448877 214834880 1
1448877 214695399 0.5
5077941 214837280 1
5077941 214838092 1
5077941 214832156 1
5077941 214829887 0.5
21432 214826700 1
21432 214826801 1
21432 214826702 1
21432 214820441 0.5
21432 214708370 0.5
4207547 214835968 1
4207547 214836146 1
4207547 214836352 1
4207547 214835786 0.5
9337796 214849809 1
9337796 214853325 1
9337796 214700002 1
9337796 214511015 0.5
10660807 214854268 1
10660807 214854264 1
10660807 214854510 1
10660807 214567333 0.5
10660807 214854262 0.5
10660807 214567327 0.5
2413513 214533022 1
2413513 214829878 1
2413513 214829887 1
2413513 214829051 0.5
6847436 214849132 1
6847436 214849100 1
6847436 214849093 1
6847436 214849331 0.5
6847436 214667859 0.5
8903629 214853094 1
8903629 214853085 1
8903629 214853090 1
8903629 214853248 0.5
6159318 214832653 1
6159318 214716982 1
6159318 214717003 1
6159318 214717005 0.5
8809633 214678376 1
8809633 214853128 1
8809633 214851742 1
8809633 214848926 0.5
4797404 214847261 1
4797404 214839962 1
4797404 214832147 1
4797404 214847255 0.5
2211481 214836330 1
2211481 214829666 1
2211481 214826908 1
2211481 214819430 0.5
2211481 214821032 0.5
2211481 214826953 0.5
2211481 214835019 0.5
2211481 214819760 0.5
2211481 214819762 0.5
2211481 214783352 0.5
2980841 214835017 1
2980841 214602600 1
2980841 214835019 1
2980841 214831959 0.5
4077394 214632272 1
4077394 214820220 1
4077394 214845129 1
4077394 214580360 0.5
4077394 214829747 0.5
4077394 214848772 0.5
2378734 214829878 1
2378734 214829880 1
2378734 214829887 1
2378734 214638474 0.5
2378734 214829882 0.5
2378734 214829885 0.5
2507761 214829878 1
2507761 214829885 1
2507761 214829882 1
2507761 214826955 0.5
2507761 214831948 0.5
2507761 214640094 0.5
2507761 214829887 0.5
10315168 214854298 1
10315168 214853767 1
10315168 214848658 1
10315168 214846530 0.5
10315168 214829799 0.5
10315168 214853730 0.5
10315168 214853709 0.5
10315168 214820402 0.5
10315168 214846067 0.5
10315168 214854517 0.5
10315168 214706102 0.5
10315168 214853722 0.5
10315168 214854527 0.5
10315168 214851581 0.5
10315168 214717562 0.5
8113142 214851013 1
8113142 214851099 1
8113142 214851133 1
8113142 214849031 0.5
3933353 214836947 1
3933353 214835109 1
3933353 214826990 1
3933353 214560587 0.5
5326522 214829880 1
5326522 214831948 1
5326522 214831946 1
5326522 214845579 0.5
5326522 214829878 0.5
1737736 214821407 1
1737736 214829396 1
1737736 214821350 1
1737736 214829664 0.5
1737736 214579875 0.5
1737736 214557223 0.5
1737736 214698446 0.5
1737736 214821392 0.5
1737736 214717880 0.5
6112671 214717087 1
6112671 214846470 1
6112671 214846127 1
6112671 214846367 0.5
9653259 214845962 1
9653259 214677830 1
9653259 214851742 1
9653259 214581611 0.5
9653259 214821410 0.5
9653259 214850947 0.5
9653259 214846318 0.5
9653259 214826990 0.5
9157644 214851326 1
9157644 214853090 1
9157644 214853085 1
9157644 214853096 0.5
9157644 214844347 0.5
9157644 214848997 0.5
9015292 214844321 1
9015292 214853265 1
9015292 214828952 1
9015292 214853192 0.5
3607572 214829882 1
3607572 214838102 1
3607572 214717286 1
3607572 214829321 0.5
3607572 214839587 0.5
3607572 214831948 0.5
3607572 214706102 0.5
3607572 214687852 0.5
3785003 214838225 1
3785003 214836926 1
3785003 214838227 1
3785003 214839617 0.5
3785003 214835109 0.5
3785003 214743335 0.5
3785003 214820396 0.5
3785003 214832780 0.5
3785003 214746382 0.5
3785003 214839600 0.5
3785003 214832023 0.5
3785003 214829786 0.5
3785003 214838111 0.5
2700316 214834867 1
2700316 214835017 1
2700316 214835019 1
2700316 214826818 0.5
2700316 214664777 0.5
2700316 214826955 0.5
2700316 214821292 0.5
2700316 214829878 0.5
2700316 214684730 0.5
4740126 214839973 1
4740126 214839975 1
4740126 214835745 1
4740126 214835111 0.5
11529247 214854815 1
11529247 214854819 1
11529247 214686879 1
11529247 214848658 0.5
10071077 214718160 1
10071077 214717888 1
10071077 214850758 1
10071077 214850771 0.5
8614952 214853096 1
8614952 214853105 1
8614952 214851326 1
8614952 214853090 0.5
8614952 214853085 0.5
8614952 214853094 0.5
9559082 214842405 1
9559082 214853248 1
9559082 214849010 1
9559082 214581611 0.5
1258539 214828995 1
1258539 214835743 1
1258539 214829327 1
1258539 214512425 0.5
1258539 214601233 0.5
1258539 214826610 0.5
1258539 214844953 0.5
1258539 214821305 0.5
1258539 214829019 0.5
8076171 214853173 1
8076171 214849757 1
8076171 214844400 1
8076171 214849760 0.5
8076171 214849738 0.5
6751278 214836249 1
6751278 214836566 1
6751278 214849295 1
6751278 214836339 0.5
7558193 214846029 1
7558193 214844394 1
7558193 214829822 1
7558193 214684736 0.5
7558193 214563337 0.5
7558193 214561494 0.5
7558193 214829887 0.5
10708021 214854227 1
10708021 214854223 1
10708021 214854300 1
10708021 214696897 0.5
10708021 214851099 0.5
8684602 214839611 1
8684602 214853132 1
8684602 214853242 1
8684602 214853210 0.5
8684602 214853237 0.5
8684602 214853222 0.5
8927253 214853077 1
8927253 214832655 1
8927253 214853090 1
8927253 214853094 0.5
8927253 214853096 0.5
8927253 214853195 0.5
8927253 214852980 0.5
8927253 214716984 0.5
8927253 214851326 0.5
2913342 214714757 1
2913342 214829880 1
2913342 214831948 1
2913342 214602600 0.5
2913342 214831937 0.5
2913342 214829882 0.5
10634303 214567329 1
10634303 214567215 1
10634303 214567327 1
10634303 214854264 0.5
10634303 214854268 0.5
10634303 214567333 0.5
10634303 214854262 0.5
10634303 214854549 0.5
7153723 214850936 1
7153723 214850621 1
7153723 214849365 1
7153723 214831205 0.5
7153723 214850760 0.5
7153723 214850743 0.5
7153723 214830105 0.5
7153723 214744222 0.5
7153723 214850405 0.5
11099202 214716973 1
11099202 214853100 1
11099202 214510445 1
11099202 214853094 0.5
9263628 214836977 1
9263628 214821373 1
9263628 214836980 1
9263628 214854152 0.5
9263628 214853767 0.5
3158199 214602600 1
3158199 214835019 1
3158199 214836885 1
3158199 214586668 0.5
8434764 214851080 1
8434764 214851161 1
8434764 214685049 1
8434764 214851234 0.5
8434764 214832567 0.5
5641297 214846033 1
5641297 214846029 1
5641297 214849010 1
5641297 214536185 0.5
7571299 214850295 1
7571299 214850282 1
7571299 214849796 1
7571299 214850287 0.5
4306004 214712237 1
4306004 214832143 1
4306004 214826983 1
4306004 214829792 0.5
4306004 214835120 0.5
4306004 214700002 0.5
4306004 214826891 0.5
4306004 214684717 0.5
4306004 214711087 0.5
4306004 214711408 0.5
4306004 214600470 0.5
4306004 214820186 0.5
4306004 214743515 0.5
8033367 214851581 1
8033367 214851322 1
8033367 214848658 1
8033367 214851242 0.5
4818482 214743515 1
4818482 214839596 1
4818482 214684702 1
4818482 214829792 0.5
9028701 214852978 1
9028701 214853077 1
9028701 214853210 1
9028701 214853225 0.5
9028701 214554131 0.5
9028701 214853237 0.5
584806 214839600 1
584806 214829321 1
584806 214826998 1
584806 214832780 0.5
1225832 214827005 1
1225832 214827000 1
1225832 214774685 1
1225832 214827007 0.5
4487356 214835462 1
4487356 214711295 1
4487356 214836932 1
4487356 214603138 0.5
4487356 214602729 0.5
4487356 214826953 0.5
4487356 214836330 0.5
4487356 214835469 0.5
4487356 214748336 0.5
4487356 214676019 0.5
4487356 214602806 0.5
4487356 214648247 0.5
2224579 214835017 1
2224579 214835745 1
2224579 214587712 1
2224579 214829887 0.5
2224579 214821022 0.5
2224579 214558807 0.5
5200061 214839356 1
5200061 214832010 1
5200061 214678987 1
5200061 214744768 0.5
5200061 214835552 0.5
5200061 214542759 0.5
3996786 214838227 1
3996786 214835109 1
3996786 214826990 1
3996786 214831974 0.5
1506494 214821410 1
1506494 214826589 1
1506494 214821412 1
1506494 214834880 0.5
1506494 214826610 0.5
3859576 214586668 1
3859576 214831967 1
3859576 214839932 1
3859576 214667912 0.5
3859576 214829379 0.5
5391481 214835428 1
5391481 214835426 1
5391481 214835473 1
5391481 214601233 0.5
605059 214820402 1
605059 214744775 1
605059 214820396 1
605059 214800272 0.5
605059 214819430 0.5
605059 214820392 0.5
605059 214826955 0.5
605059 214819760 0.5
605059 214819762 0.5
605059 214821300 0.5
605059 214819376 0.5
605059 214826715 0.5
605059 214725532 0.5
10007676 214853722 1
10007676 214853353 1
10007676 214854300 1
10007676 214853994 0.5
10007676 214845583 0.5
10007676 214854352 0.5
10007676 214854545 0.5
10007676 214853435 0.5
10007676 214854174 0.5
5557373 214836536 1
5557373 214829878 1
5557373 214829887 1
5557373 214845352 0.5
5303424 214844400 1
5303424 214844372 1
5303424 214844370 1
5303424 214844398 0.5
3939467 214836947 1
3939467 214847649 1
3939467 214838113 1
3939467 214829799 0.5
3939467 214832780 0.5
3939467 214574670 0.5
3939467 214748336 0.5
3939467 214657305 0.5
3939467 214838111 0.5
10689677 214853735 1
10689677 214853728 1
10689677 214854313 1
10689677 214851135 0.5
10689677 214840412 0.5
10689677 214687685 0.5
10689677 214846391 0.5
7353491 214849194 1
7353491 214832158 1
7353491 214849809 1
7353491 214849807 0.5
7353491 214849247 0.5
7353491 214849775 0.5
2816878 214836847 1
2816878 214820396 1
2816878 214821332 1
2816878 214827035 0.5
78999 214826801 1
78999 214826700 1
78999 214587560 1
78999 214820402 0.5
78999 214552382 0.5
78999 214706102 0.5
8694946 214853094 1
8694946 214853105 1
8694946 214853248 1
8694946 214853096 0.5
8694946 214853090 0.5
8694946 214852978 0.5
10763427 214711537 1
10763427 214743367 1
10763427 214854159 1
10763427 214853992 0.5
10763427 214837288 0.5
10763427 214854146 0.5
10763427 214853762 0.5
10763427 214854165 0.5
11216036 214853100 1
11216036 214854840 1
11216036 214854785 1
11216036 214850949 0.5
11216036 214845579 0.5
11216036 214850285 0.5
11216036 214846031 0.5
11216036 214829880 0.5
11216036 214838107 0.5
8805544 214695399 1
8805544 214851238 1
8805544 214848602 1
8805544 214849404 0.5
9782441 214853735 1
9782441 214854352 1
9782441 214850739 1
9782441 214853728 0.5
9782441 214851585 0.5
9782441 214839587 0.5
9782441 214853385 0.5
9782441 214846061 0.5
9782441 214826610 0.5
9782441 214577334 0.5
9782441 214853113 0.5
9782441 214561402 0.5
9782441 214854298 0.5
7173293 214850743 1
7173293 214850405 1
7173293 214564382 1
7173293 214849393 0.5
7931054 214850700 1
7931054 214835017 1
7931054 214850625 1
7931054 214601233 0.5
1643702 214691557 1
1643702 214691587 1
1643702 214840899 1
1643702 214844070 0.5
1643702 214695399 0.5
6064541 214558192 1
6064541 214848832 1
6064541 214684942 1
6064541 214827005 0.5
6064541 214844409 0.5
6064541 214848851 0.5
6064541 214848165 0.5
6064541 214848375 0.5
5205188 214837286 1
5205188 214848174 1
5205188 214832156 1
5205188 214837280 0.5
5205188 214839962 0.5
5205188 214587317 0.5
1577951 214826610 1
1577951 214834880 1
1577951 214821410 1
1577951 214833755 0.5
1577951 214821412 0.5
11068618 214854720 1
11068618 214854722 1
11068618 214854716 1
11068618 214853081 0.5
5473483 214844370 1
5473483 214844396 1
5473483 214844400 1
5473483 214844398 0.5
3453133 214559726 1
3453133 214829825 1
3453133 214829887 1
3453133 214837442 0.5
3453133 214837483 0.5
3453133 214837485 0.5
3453133 214837487 0.5
3453133 214836851 0.5
3453133 214826975 0.5
10546723 214854118 1
10546723 214854075 1
10546723 214819599 1
10546723 214850945 0.5
10546723 214850949 0.5
10546723 214743367 0.5
10546723 214854345 0.5
10546723 214844396 0.5
10546723 214844400 0.5
10546723 214850942 0.5
2387157 214831948 1
2387157 214829882 1
2387157 214829878 1
2387157 214829880 0.5
3677398 214838227 1
3677398 214835109 1
3677398 214826990 1
3677398 214711280 0.5
3677398 214838111 0.5
3677398 214829765 0.5
3677398 214836926 0.5
3677398 214743335 0.5
5024634 214819468 1
5024634 214820400 1
5024634 214829799 1
5024634 214644320 0.5
5024634 214819760 0.5
5024634 214800272 0.5
5024634 214820402 0.5
5024634 214557217 0.5
5215456 214827026 1
5215456 214839943 1
5215456 214826825 1
5215456 214839973 0.5
1598692 214834880 1
1598692 214826610 1
1598692 214834877 1
1598692 214829387 0.5
5068008 214835109 1
5068008 214826990 1
5068008 214829765 1
5068008 214835426 0.5
5068008 214696899 0.5
5068008 214819562 0.5
5068008 214698577 0.5
5068008 214585586 0.5
5068008 214556025 0.5
5312004 214835426 1
5312004 214835428 1
5312004 214826949 1
5312004 214835473 0.5
5312004 214601233 0.5
910572 214839386 1
910572 214827002 1
910572 214586743 1
910572 214837442 0.5
910572 214826619 0.5
910572 214826927 0.5
910572 214837483 0.5
910572 214837485 0.5
910572 214837487 0.5
910572 214819376 0.5
910572 214821300 0.5
910572 214717877 0.5
910572 214826615 0.5
910572 214826617 0.5
910572 214746427 0.5
910572 214826908 0.5
910572 214827005 0.5
6120686 214846117 1
6120686 214846119 1
6120686 214845962 1
6120686 214845971 0.5
3998959 214834880 1
3998959 214826610 1
3998959 214834877 1
3998959 214838227 0.5
3998959 214835109 0.5
3998959 214821015 0.5
10098462 214849807 1
10098462 214854264 1
10098462 214684785 1
10098462 214854510 0.5
5260531 214844370 1
5260531 214835428 1
5260531 214835064 1
5260531 214845590 0.5
5260531 214845583 0.5
9796852 214854510 1
9796852 214854262 1
9796852 214853865 1
9796852 214853413 0.5
9796852 214853996 0.5
9796852 214684785 0.5
9796852 214850741 0.5
9796852 214854165 0.5
9796852 214643036 0.5
9796852 214567327 0.5
10568951 214854585 1
10568951 214854534 1
10568951 214854547 1
10568951 214820456 0.5
10568951 214820394 0.5
10568951 214854510 0.5
10568951 214854579 0.5
10568951 214850741 0.5
10568951 214849464 0.5
10568951 214854300 0.5
10568951 214567327 0.5
7314681 214849466 1
7314681 214850743 1
7314681 214850936 1
7314681 214602598 0.5
7314681 214829775 0.5
11099386 214855016 1
11099386 214853102 1
11099386 214854785 1
11099386 214764598 0.5
603349 214753513 1
603349 214748291 1
603349 214748293 1
603349 214748304 0.5
603349 214826955 0.5
7478528 214850771 1
7478528 214850936 1
7478528 214850700 1
7478528 214564382 0.5
7478528 214648252 0.5
7478528 214850621 0.5
7478528 214821022 0.5
7478528 214675895 0.5
1832193 214829722 1
1832193 214821399 1
1832193 214667912 1
1832193 214821410 0.5
1293571 214821305 1
1293571 214821339 1
1293571 214821307 1
1293571 214821341 0.5
1293571 214844357 0.5
1293571 214821302 0.5
1293571 214821309 0.5
5332182 214744427 1
5332182 214844345 1
5332182 214834877 1
5332182 214711205 0.5
5332182 214835109 0.5
4904199 214652949 1
4904199 214652411 1
4904199 214743367 1
4904199 214837286 0.5
7593224 214853758 1
7593224 214851120 1
7593224 214853173 1
7593224 214853177 0.5
2661642 214819721 1
2661642 214748336 1
2661642 214839600 1
2661642 214826977 0.5
2661642 214712130 0.5
2661642 214743495 0.5
2661642 214601229 0.5
2661642 214584047 0.5
2661642 214706102 0.5
2661642 214558807 0.5
2661642 214835002 0.5
2499851 214829880 1
2499851 214836519 1
2499851 214831948 1
2499851 214829882 0.5
9899276 214853994 1
9899276 214848165 1
9899276 214853992 1
9899276 214854146 0.5
9899276 214698446 0.5
9899276 214584047 0.5
9899276 214854354 0.5
9899276 214854165 0.5
9899276 214853113 0.5
9899276 214849082 0.5
4162434 214834877 1
4162434 214600492 1
4162434 214831967 1
4162434 214835745 0.5
4162434 214829797 0.5
4162434 214657318 0.5
4162434 214839975 0.5
4162434 214791688 0.5
4162434 214820810 0.5
4162434 214819691 0.5
4162434 214601229 0.5
4162434 214820392 0.5
4162434 214602598 0.5
4162434 214826934 0.5
4162434 214553561 0.5
4162434 214828985 0.5
4162434 214587317 0.5
8537358 214851167 1
8537358 214851238 1
8537358 214851028 1
8537358 214851242 0.5
8537358 214832604 0.5
1643796 214744779 1
1643796 214832722 1
1643796 214819599 1
1643796 214579875 0.5
1643796 214662692 0.5
1643796 214821397 0.5
1643796 214829657 0.5
1643796 214835002 0.5
1643796 214717436 0.5
9452162 214850945 1
9452162 214853420 1
9452162 214853426 1
9452162 214850949 0.5
9452162 214853767 0.5
9452162 214853422 0.5
9452162 214574672 0.5
9452162 214853428 0.5
9452162 214574670 0.5
9371623 214853342 1
9371623 214850949 1
9371623 214853422 1
9371623 214850945 0.5
9106308 214851163 1
9106308 214716654 1
9106308 214851161 1
9106308 214851585 0.5
9106308 214851234 0.5
9106308 214853182 0.5
9106308 214850743 0.5
3575472 214826951 1
3575472 214826623 1
3575472 214836330 1
3575472 214837882 0.5
3575472 214835469 0.5
3575472 214835462 0.5
3575472 214744775 0.5
9946399 214854080 1
9946399 214718220 1
9946399 214854551 1
9946399 214854221 0.5
1899811 214567376 1
1899811 214712229 1
1899811 214691216 1
1899811 214834871 0.5
9393446 214849020 1
9393446 214849284 1
9393446 214850936 1
9393446 214851290 0.5
9393446 214665277 0.5
11009323 214854797 1
11009323 214854782 1
11009323 214854789 1
11009323 214853342 0.5
2124338 214821317 1
2124338 214834880 1
2124338 214826610 1
2124338 214587041 0.5
2124338 214821410 0.5
2124338 214695399 0.5
2124338 214685857 0.5
2124338 214833755 0.5
2124338 214826589 0.5
4433204 214829878 1
4433204 214831946 1
4433204 214836845 1
4433204 214819400 0.5
4433204 214838105 0.5
4433204 214820938 0.5
4433204 214826715 0.5
4433204 214673295 0.5
2649397 214831946 1
2649397 214829878 1
2649397 214711438 1
2649397 214673295 0.5
1944888 214829368 1
1944888 214829381 1
1944888 214829379 1
1944888 214821399 0.5
1944888 214826711 0.5
10138937 214854345 1
10138937 214854555 1
10138937 214854517 1
10138937 214849807 0.5
10138937 214853767 0.5
10229053 214853702 1
10229053 214853700 1
10229053 214718385 1
10229053 214829280 0.5
10229053 214854504 0.5
10229053 214853698 0.5
5801278 214846367 1
5801278 214846472 1
5801278 214846460 1
5801278 214561434 0.5
5801278 214603140 0.5
5801278 214820197 0.5
2532676 214829878 1
2532676 214829887 1
2532676 214554371 1
2532676 214829880 0.5
2532676 214835124 0.5
2532676 214819430 0.5
2532676 214831959 0.5
11251013 214853102 1
11251013 214854840 1
11251013 214855016 1
11251013 214854808 0.5
11251013 214853154 0.5
11181332 214854787 1
11181332 214854785 1
11181332 214854808 1
11181332 214714755 0.5
11181332 214854733 0.5
11181332 214854830 0.5
6939978 214846112 1
6939978 214846427 1
6939978 214846415 1
6939978 214846466 0.5
6939978 214553735 0.5
4941131 214826833 1
4941131 214839973 1
4941131 214839971 1
4941131 214844345 0.5
4941131 214581427 0.5
9950543 214684785 1
9950543 214854352 1
9950543 214854510 1
9950543 214567333 0.5
9950543 214854545 0.5
9950543 214854262 0.5
9950543 214853113 0.5
9950543 214684762 0.5
9950543 214567327 0.5
9950543 214854495 0.5
10296657 214854782 1
10296657 214854853 1
10296657 214854840 1
10296657 214853081 0.5
10296657 214854722 0.5
10296657 214850287 0.5
6407511 214848656 1
6407511 214710097 1
6407511 214848795 1
6407511 214839973 0.5
6407511 214848605 0.5
6714596 214700990 1
6714596 214829045 1
6714596 214546110 1
6714596 214574777 0.5
2338138 214829880 1
2338138 214829885 1
2338138 214831950 1
2338138 214826752 0.5
2338138 214718398 0.5
2338138 214711318 0.5
2338138 214684734 0.5
2338138 214711087 0.5
1439587 214834880 1
1439587 214826610 1
1439587 214821399 1
1439587 214835002 0.5
1439587 214821397 0.5
4054586 214839932 1
4054586 214835107 1
4054586 214569707 1
4054586 214819760 0.5
4054586 214535985 0.5
4054586 214836075 0.5
4054586 214836883 0.5
4054586 214839975 0.5
5516638 214844355 1
5516638 214844396 1
5516638 214829775 1
5516638 214657318 0.5
5176671 214838092 1
5176671 214838094 1
5176671 214820810 1
5176671 214819640 0.5
5176671 214746377 0.5
5176671 214819374 0.5
7538022 214851150 1
7538022 214851294 1
7538022 214853092 1
7538022 214718212 0.5
10204521 214848986 1
10204521 214845583 1
10204521 214853212 1
10204521 214854532 0.5
10204521 214848682 0.5
10204521 214718385 0.5
10204521 214718387 0.5
10204521 214829850 0.5
10204521 214854538 0.5
5645543 214848305 1
5645543 214848298 1
5645543 214849010 1
5645543 214846033 0.5
2461036 214829878 1
2461036 214829882 1
2461036 214831946 1
2461036 214686082 0.5
7279982 214844398 1
7279982 214849734 1
7279982 214849766 1
7279982 214849762 0.5
7279982 214844396 0.5
11486578 214853102 1
11486578 214853100 1
11486578 214684717 1
11486578 214854840 0.5
11486578 214854782 0.5
10277992 214854585 1
10277992 214854579 1
10277992 214854300 1
10277992 214850872 0.5
10277992 214819577 0.5
10277992 214850741 0.5
10277992 214854534 0.5
8729974 214853165 1
8729974 214845962 1
8729974 214851744 1
8729974 214853087 0.5
10980729 214853102 1
10980729 214686879 1
10980729 214686864 1
10980729 214854785 0.5
10980729 214854853 0.5
1072362 214829100 1
1072362 214834877 1
1072362 214820392 1
1072362 214829366 0.5
7255616 214678987 1
7255616 214828882 1
7255616 214851120 1
7255616 214853177 0.5
7255616 214853175 0.5
6376834 214848322 1
6376834 214846475 1
6376834 214844370 1
6376834 214542345 0.5
6376834 214826906 0.5
6376834 214606749 0.5
6376834 214585597 0.5
8275331 214851317 1
8275331 214685049 1
8275331 214853186 1
8275331 214851234 0.5
8275331 214851587 0.5
8275331 214853188 0.5
8275331 214851080 0.5
8275331 214851165 0.5
8275331 214849363 0.5
8275331 214853242 0.5
8275331 214853210 0.5
8275331 214716671 0.5
4736388 214839973 1
4736388 214845131 1
4736388 214832147 1
4736388 214826951 0.5
2626951 214836517 1
2626951 214834867 1
2626951 214826833 1
2626951 214819760 0.5
2626951 214835019 0.5
2626951 214554371 0.5
2626951 214819762 0.5
9414024 214853420 1
9414024 214853698 1
9414024 214853702 1
9414024 214853430 0.5
8838541 214708063 1
8838541 214696824 1
8838541 214839943 1
8838541 214717331 0.5
8838541 214853437 0.5
8838541 214717262 0.5
9584016 214854313 1
9584016 214686086 1
9584016 214854212 1
9584016 214602240 0.5
9584016 214685795 0.5
9584016 214844252 0.5
9584016 214587013 0.5
8256408 214551626 1
8256408 214844439 1
8256408 214839347 1
8256408 214612704 0.5
8256408 214850722 0.5
8256408 214844456 0.5
8256408 214821309 0.5
8256408 214554358 0.5
8256408 214821341 0.5
8256408 214708063 0.5
4834707 214839973 1
4834707 214839962 1
4834707 214820400 1
4834707 214839587 0.5
4834707 214553700 0.5
4834707 214710152 0.5
4834707 214829385 0.5
4834707 214531659 0.5
4834707 214839960 0.5
4834707 214705691 0.5
4834707 214829852 0.5
4834707 214839965 0.5
5035246 214829880 1
5035246 214831948 1
5035246 214819395 1
5035246 214832154 0.5
5035246 214829882 0.5
1967513 214835750 1
1967513 214829385 1
1967513 214748336 1
1967513 214557217 0.5
1967513 214829366 0.5
1967513 214832559 0.5
1967513 214543922 0.5
1967513 214573590 0.5
1967513 214579288 0.5
1967513 214677401 0.5
1967513 214831967 0.5
1967513 214696997 0.5
3624351 214831944 1
3624351 214835109 1
3624351 214573288 1
3624351 214829762 0.5
3624351 214828963 0.5
3624351 214836932 0.5
3624351 214820392 0.5
3624351 214829387 0.5
3624351 214821410 0.5
3624351 214826990 0.5
3624351 214839600 0.5
3624351 214838227 0.5
3624351 214718169 0.5
3624351 214556218 0.5
3624351 214829788 0.5
988576 214843903 1
988576 214691400 1
988576 214840822 1
988576 214842433 0.5
988576 214843980 0.5
988576 214843449 0.5
2391462 214587028 1
2391462 214829887 1
2391462 214831948 1
2391462 214716930 0.5
2391462 214716932 0.5
2391462 214829878 0.5
2391462 214716935 0.5
2569457 214829887 1
2569457 214831955 1
2569457 214826983 1
2569457 214600509 0.5
11105708 214854731 1
11105708 214850387 1
11105708 214678455 1
11105708 214717286 0.5
11105708 214853100 0.5
11105708 214677615 0.5
11105708 214838225 0.5
11105708 214821017 0.5
11105708 214854718 0.5
8035757 214668667 1
8035757 214514291 1
8035757 214514265 1
8035757 214632146 0.5
7589199 214835019 1
7589199 214844398 1
7589199 214677615 1
7589199 214850552 0.5
7589199 214587697 0.5
7558579 214850940 1
7558579 214850621 1
7558579 214850720 1
7558579 214850792 0.5
7558579 214829385 0.5
7558579 214851011 0.5
7558579 214850619 0.5
7558579 214744779 0.5
6487476 214848980 1
6487476 214848337 1
6487476 214848330 1
6487476 214829765 0.5
6487476 214835109 0.5
2063798 214829861 1
2063798 214829707 1
2063798 214829670 1
2063798 214829705 0.5
2063798 214832717 0.5
2063798 214829865 0.5
7265721 214829775 1
7265721 214850304 1
7265721 214849247 1
7265721 214849136 0.5
7265721 214819378 0.5
7265721 214586694 0.5
5860794 214835426 1
5860794 214846035 1
5860794 214845879 1
5860794 214748336 0.5
5860794 214829739 0.5
5860794 214849252 0.5
5860794 214839973 0.5
5860794 214835019 0.5
5860794 214556334 0.5
5860794 214849072 0.5
5860794 214835473 0.5
5860794 214835475 0.5
5860794 214845412 0.5
5860794 214836926 0.5
5860794 214845887 0.5
4724157 214831970 1
4724157 214829325 1
4724157 214839356 1
4724157 214840235 0.5
4724157 214538820 0.5
8832133 214851122 1
8832133 214846447 1
8832133 214675895 1
8832133 214846530 0.5
8832133 214849252 0.5
8832133 214849247 0.5
5541694 214709970 1
5541694 214834869 1
5541694 214706147 1
5541694 214530506 0.5
5541694 214819772 0.5
8531397 214853132 1
8531397 214850304 1
8531397 214853225 1
8531397 214851328 0.5
8531397 214850848 0.5
8531397 214853222 0.5
8531397 214845352 0.5
8531397 214744779 0.5
8531397 214849010 0.5
8531397 214849395 0.5
8531397 214851028 0.5
8531397 214853210 0.5
8531397 214853242 0.5
8531397 214684736 0.5
8531397 214829887 0.5
6335942 214848950 1
6335942 214848622 1
6335942 214848596 1
6335942 214846065 0.5
6335942 214846470 0.5
4273608 214839965 1
4273608 214839960 1
4273608 214832145 1
4273608 214839973 0.5
4443594 214831970 1
4443594 214839382 1
4443594 214836512 1
4443594 214827015 0.5
10675661 214854536 1
10675661 214854354 1
10675661 214854515 1
10675661 214854577 0.5
10907087 214853102 1
10907087 214853100 1
10907087 214854782 1
10907087 214854785 0.5
10907087 214700002 0.5
10907087 214854795 0.5
10907087 214854853 0.5
10907087 214855016 0.5
10907087 214854793 0.5
10907087 214712235 0.5
10907087 214854797 0.5
10907087 214859246 0.5
10907087 214854800 0.5
10907087 214854840 0.5
10907087 214854789 0.5
3815254 214836924 1
3815254 214829765 1
3815254 214835167 1
3815254 214829762 0.5
3815254 214829786 0.5
3815254 214826990 0.5
3988046 214838227 1
3988046 214829762 1
3988046 214820220 1
3988046 214834880 0.5
3988046 214826610 0.5
3988046 214836947 0.5
6448599 214844398 1
6448599 214848630 1
6448599 214848656 1
6448599 214839969 0.5
6448599 214845885 0.5
6448599 214826977 0.5
7216606 214850315 1
7216606 214850295 1
7216606 214850291 1
7216606 214850285 0.5
9108963 214716714 1
9108963 214716746 1
9108963 214685049 1
9108963 214851080 0.5
495078 214821020 1
495078 214819547 1
495078 214819550 1
495078 214580162 0.5
495078 214820805 0.5
495078 214549346 0.5
495078 214819374 0.5
495078 214553844 0.5
495078 214684046 0.5
495078 214821015 0.5
495078 214821017 0.5
495078 214559259 0.5
495078 214677429 0.5
6239719 214640019 1
6239719 214829042 1
6239719 214829032 1
6239719 214820197 0.5
1338858 214829660 1
1338858 214819599 1
1338858 214829385 1
1338858 214829852 0.5
1338858 214835750 0.5
5375468 214585633 1
5375468 214746377 1
5375468 214844355 1
5375468 214827035 0.5
8424941 214685049 1
8424941 214684942 1
8424941 214716671 1
8424941 214851161 0.5
8424941 214851163 0.5
8424941 214851028 0.5
10599919 214854352 1
10599919 214854264 1
10599919 214854268 1
10599919 214850739 0.5
3497458 214837882 1
3497458 214835475 1
3497458 214744775 1
3497458 214820392 0.5
3497458 214832115 0.5
3497458 214586668 0.5
3497458 214609325 0.5
8605177 214853094 1
8605177 214851326 1
8605177 214853248 1
8605177 214853096 0.5
11159379 214854512 1
11159379 214854731 1
11159379 214853702 1
11159379 214845131 0.5
11159379 214556334 0.5
4105727 214839932 1
4105727 214835745 1
4105727 214836887 1
4105727 214835019 0.5
10208772 214829730 1
10208772 214850947 1
10208772 214853077 1
10208772 214853242 0.5
10208772 214853420 0.5
10208772 214853210 0.5
10208772 214853237 0.5
11433471 214714755 1
11433471 214854782 1
11433471 214690839 1
11433471 214854733 0.5
11054601 214864880 1
11054601 214853156 1
11054601 214854853 1
11054601 214853102 0.5
10591758 214725508 1
10591758 214853767 1
10591758 214853700 1
10591758 214516065 0.5
10591758 214853707 0.5
10591758 214587815 0.5
5141859 214820805 1
5141859 214836853 1
5141859 214821401 1
5141859 214826977 0.5
5141859 214850402 0.5
5141859 214845435 0.5
5141859 214586694 0.5
5141859 214717286 0.5
5141859 214845131 0.5
5141859 214684942 0.5
5141859 214829775 0.5
5141859 214717522 0.5
5141859 214828980 0.5
5141859 214587317 0.5
5141859 214558807 0.5
5141859 214716667 0.5
5141859 214839932 0.5
8623196 214853090 1
8623196 214851326 1
8623196 214853085 1
8623196 214853105 0.5
8519194 214851080 1
8519194 214716746 1
8519194 214851161 1
8519194 214851234 0.5
4382236 214839932 1
4382236 214577057 1
4382236 214600492 1
4382236 214819760 0.5
4863518 214839969 1
4863518 214839971 1
4863518 214839973 1
4863518 214839960 0.5
4863518 214832145 0.5
4863518 214839975 0.5
4416742 214845131 1
4416742 214839973 1
4416742 214839967 1
4416742 214839969 0.5
4416742 214839971 0.5
7157288 214849738 1
7157288 214849762 1
7157288 214849736 1
7157288 214844400 0.5
10874414 214854787 1
10874414 214854840 1
10874414 214578350 1
10874414 214851167 0.5
10874414 214820938 0.5
10874414 214849747 0.5
10874414 214725549 0.5
10874414 214561991 0.5
1115696 214587317 1
1115696 214821335 1
1115696 214828982 1
1115696 214829100 0.5
1115696 214829053 0.5
6412552 214819490 1
6412552 214848380 1
6412552 214848337 1
6412552 214696897 0.5
6412552 214835722 0.5
6412552 214844402 0.5
1058739 214821305 1
1058739 214821302 1
1058739 214821309 1
1058739 214551626 0.5
9014839 214851150 1
9014839 214851294 1
9014839 214845954 1
9014839 214700992 0.5
9014839 214829765 0.5
6370874 214743515 1
6370874 214587328 1
6370874 214848982 1
6370874 214700002 0.5
6370874 214712237 0.5
5287874 214676377 1
5287874 214846119 1
5287874 214845962 1
5287874 214849010 0.5
5287874 214845587 0.5
5287874 214559660 0.5
5287874 214829765 0.5
5287874 214845965 0.5
689729 214826621 1
689729 214826617 1
689729 214826619 1
689729 214821300 0.5
5621314 214846464 1
5621314 214848317 1
5621314 214840410 1
5621314 214846475 0.5
5621314 214846327 0.5
3669573 214829379 1
3669573 214832747 1
3669573 214835017 1
3669573 214674401 0.5
3669573 214835747 0.5
3669573 214717286 0.5
3669573 214819430 0.5
3669573 214826977 0.5
3669573 214577387 0.5
3669573 214586668 0.5
3669573 214602598 0.5
3669573 214839600 0.5
3669573 214640017 0.5
3669573 214828980 0.5
3669573 214716641 0.5
3669573 214829366 0.5
3669573 214831959 0.5
3669573 214553561 0.5
3669573 214554332 0.5
3669573 214831967 0.5
2946632 214606813 1
2946632 214831948 1
2946632 214826833 1
2946632 214831946 0.5
2946632 214712130 0.5
2946632 214586469 0.5
2946632 214716902 0.5
2946632 214819562 0.5
2946632 214600492 0.5
2946632 214748336 0.5
2946632 214601233 0.5
2946632 214717562 0.5
2946632 214707995 0.5
2946632 214612730 0.5
2946632 214585695 0.5
339077 214819438 1
339077 214811752 1
339077 214826627 1
339077 214819496 0.5
339077 214819359 0.5
339077 214717003 0.5
339077 214826799 0.5
6342227 214845954 1
6342227 214509125 1
6342227 214848847 1
6342227 214551780 0.5
8912677 214853077 1
8912677 214853090 1
8912677 214852980 1
8912677 214851326 0.5
2593503 214829882 1
2593503 214829878 1
2593503 214829887 1
2593503 214829394 0.5
8633944 214744260 1
8633944 214850287 1
8633944 214850310 1
8633944 214846014 0.5
7175772 214849766 1
7175772 214849807 1
7175772 214850282 1
7175772 214849352 0.5
7175772 214849747 0.5
5791332 214846472 1
5791332 214609325 1
5791332 214846035 1
5791332 214835428 0.5
548457 214821309 1
548457 214821339 1
548457 214821302 1
548457 214821305 0.5
548457 214821307 0.5
8926142 214853077 1
8926142 214853094 1
8926142 214852980 1
8926142 214853090 0.5
8926142 214853085 0.5
8926142 214851326 0.5
2473583 214829887 1
2473583 214743350 1
2473583 214835124 1
2473583 214831965 0.5
11042416 214853707 1
11042416 214853698 1
11042416 214853702 1
11042416 214829280 0.5
11042416 214854332 0.5
4288113 214696637 1
4288113 214839594 1
4288113 214832143 1
4288113 214829792 0.5
4288113 214706452 0.5
4288113 214839596 0.5
4288113 214826942 0.5
4288113 214838662 0.5
10801951 214854840 1
10801951 214854787 1
10801951 214853100 1
10801951 214855016 0.5
10801951 214854808 0.5
2823802 214835747 1
2823802 214835019 1
2823802 214835745 1
2823802 214826977 0.5
2823802 214831948 0.5
2823802 214835087 0.5
2823802 214831952 0.5
2823802 214601233 0.5
2823802 214831967 0.5
7061636 214850366 1
7061636 214684715 1
7061636 214849809 1
7061636 214850282 0.5
7061636 214850285 0.5
4228734 214509401 1
4228734 214709970 1
4228734 214612738 1
4228734 214829360 0.5
7210944 214829792 1
7210944 214849809 1
7210944 214684715 1
7210944 214743515 0.5
11169412 214854842 1
11169412 214854800 1
11169412 214854789 1
11169412 214858680 0.5
6057607 214845954 1
6057607 214846010 1
6057607 214846119 1
6057607 214676377 0.5
6057607 214586443 0.5
3985032 214829765 1
3985032 214835167 1
3985032 214835109 1
3985032 214838227 0.5
3985032 214836924 0.5
5139892 214845354 1
5139892 214832154 1
5139892 214845581 1
5139892 214837280 0.5
5139892 214826818 0.5
5139892 214829882 0.5
10032781 214854230 1
10032781 214853992 1
10032781 214853715 1
10032781 214854510 0.5
8480402 214849239 1
8480402 214848337 1
8480402 214667857 1
8480402 214821410 0.5
8480402 214835109 0.5
8480402 214846535 0.5
8480402 214848330 0.5
8480402 214829387 0.5
8480402 214600492 0.5
8480402 214665277 0.5
8480402 214834877 0.5
8480402 214838227 0.5
8480402 214844340 0.5
8480402 214556025 0.5
8480402 214844345 0.5
8480402 214844347 0.5
8480402 214848380 0.5
8480402 214851101 0.5
4431507 214839969 1
4431507 214845131 1
4431507 214826998 1
4431507 214835747 0.5
4431507 214839973 0.5
4431507 214602598 0.5
4431507 214748336 0.5
4431507 214587317 0.5
4431507 214839960 0.5
4431507 214553561 0.5
4431507 214829852 0.5
10788501 214718169 1
10788501 214850743 1
10788501 214677615 1
10788501 214821022 0.5
10788501 214850758 0.5
9780887 214854545 1
9780887 214853930 1
9780887 214854300 1
9780887 214854547 0.5
9780887 214821397 0.5
10100376 214854298 1
10100376 214854600 1
10100376 214854515 1
10100376 214853698 0.5
10100376 214854532 0.5
10100376 214853925 0.5
10100376 214850758 0.5
10100376 214854538 0.5
10100376 214854540 0.5
10100376 214718160 0.5
10100376 214850771 0.5
10100376 214854581 0.5
10100376 214706102 0.5
2434713 214829878 1
2434713 214711312 1
2434713 214684736 1
2434713 214826627 0.5
5969562 214848165 1
5969562 214845982 1
5969562 214584047 1
5969562 214845958 0.5
9991791 214718160 1
9991791 214561775 1
9991791 214845590 1
9991791 214819777 0.5
9991791 214846475 0.5
9991791 214718379 0.5
9991791 214708029 0.5
5168799 214819627 1
5168799 214831955 1
5168799 214831946 1
5168799 214829878 0.5
4427427 214587317 1
4427427 214845131 1
4427427 214828980 1
4427427 214563337 0.5
4427427 214839973 0.5
4427427 214602598 0.5
6231717 214848615 1
6231717 214848975 1
6231717 214846406 1
6231717 214839973 0.5
10237608 214567327 1
10237608 214567333 1
10237608 214567329 1
10237608 214567215 0.5
10237608 214854545 0.5
10237608 214854549 0.5
10237608 214854264 0.5
10237608 214684762 0.5
10237608 214854268 0.5
9680553 214854118 1
9680553 214853702 1
9680553 214853456 1
9680553 214853865 0.5
9680553 214853707 0.5
9680553 214854165 0.5
8531529 214644665 1
8531529 214851285 1
8531529 214851122 1
8531529 214828952 0.5
8531529 214850402 0.5
8531529 214851101 0.5
7358128 214853177 1
7358128 214849766 1
7358128 214853758 1
7358128 214853175 0.5
5494728 214835109 1
5494728 214829765 1
5494728 214845585 1
5494728 214667912 0.5
5494728 214716641 0.5
10827446 214854795 1
10827446 214854840 1
10827446 214854797 1
10827446 214854793 0.5
10827446 214854853 0.5
3481272 214821407 1
3481272 214832124 1
3481272 214832115 1
3481272 214835122 0.5
11165371 214853102 1
11165371 214854782 1
11165371 214855016 1
11165371 214854836 0.5
9817796 214853090 1
9817796 214853248 1
9817796 214851326 1
9817796 214853077 0.5
1698423 214834880 1
1698423 214712126 1
1698423 214828976 1
1698423 214833755 0.5
4173516 214836887 1
4173516 214839399 1
4173516 214826951 1
4173516 214839969 0.5
4173516 214829797 0.5
4173516 214826623 0.5
4142798 214640015 1
4142798 214839641 1
4142798 214839399 1
4142798 214832012 0.5
9809249 214851326 1
9809249 214853698 1
9809249 214853702 1
9809249 214853707 0.5
9809249 214853094 0.5
6577872 214665277 1
6577872 214667859 1
6577872 214849284 1
6577872 214849331 0.5
6577872 214849239 0.5
10063569 214853454 1
10063569 214853424 1
10063569 214853722 1
10063569 214853422 0.5
10063569 214850942 0.5
9201217 214853252 1
9201217 214853165 1
9201217 214853347 1
9201217 214853128 0.5
9201217 214849010 0.5
9201217 214846125 0.5
248441 214826627 1
248441 214826955 1
248441 214826801 1
248441 214716924 0.5
248441 214826891 0.5
248441 214826700 0.5
248441 214548103 0.5
5412568 214835473 1
5412568 214844372 1
5412568 214844400 1
5412568 214835428 0.5
5412568 214826949 0.5
5412568 214835070 0.5
5412568 214844407 0.5
4499626 214836530 1
4499626 214821285 1
4499626 214829360 1
4499626 214711284 0.5
9492189 214853077 1
9492189 214852980 1
9492189 214564387 1
9492189 214850848 0.5
9492189 214677401 0.5
9492189 214852978 0.5
9492189 214850411 0.5
1986231 214829882 1
1986231 214829880 1
1986231 214831946 1
1986231 214829878 0.5
2545379 214540127 1
2545379 214829878 1
2545379 214829887 1
2545379 214829882 0.5
4702011 214612901 1
4702011 214838109 1
4702011 214839594 1
4702011 214836512 0.5
4702011 214677984 0.5
4702011 214840235 0.5
4702011 214589606 0.5
4702011 214826747 0.5
6123242 214846067 1
6123242 214846127 1
6123242 214845885 1
6123242 214844353 0.5
6123242 214839587 0.5
6123242 214559940 0.5
6123242 214574672 0.5
6123242 214838225 0.5
6123242 214846421 0.5
6123242 214838137 0.5
6123242 214839932 0.5
6123242 214836926 0.5
5703406 214835070 1
5703406 214835462 1
5703406 214835064 1
5703406 214601233 0.5
5703406 214835426 0.5
5703406 214826949 0.5
8752879 214554982 1
8752879 214851129 1
8752879 214851101 1
8752879 214851585 0.5
8752879 214853227 0.5
8752879 214853233 0.5
8752879 214851097 0.5
8752879 214849018 0.5
8752879 214850876 0.5
8752879 214716671 0.5
3098353 214587712 1
3098353 214642805 1
3098353 214835019 1
3098353 214835017 0.5
1558259 214834877 1
1558259 214826805 1
1558259 214829387 1
1558259 214834880 0.5
1558259 214826610 0.5
1558259 214833755 0.5
1558259 214826589 0.5
1558259 214829366 0.5
5019383 214835747 1
5019383 214587712 1
5019383 214829797 1
5019383 214829852 0.5
5019383 214839973 0.5
885034 214829310 1
885034 214613743 1
885034 214827013 1
885034 214539110 0.5
8892156 214853242 1
8892156 214851750 1
8892156 214853237 1
8892156 214853225 0.5
8892156 214853210 0.5
8892156 214853227 0.5
7962366 214840378 1
7962366 214835126 1
7962366 214829792 1
7962366 214587328 0.5
7962366 214712237 0.5
4851456 214601229 1
4851456 214829797 1
4851456 214553565 1
4851456 214839971 0.5
4851456 214839975 0.5
472833 214826700 1
472833 214826705 1
472833 214826608 1
472833 214826801 0.5
8453892 214850936 1
8453892 214850741 1
8453892 214850621 1
8453892 214564382 0.5
9015046 214716654 1
9015046 214716746 1
9015046 214716714 1
9015046 214851028 0.5
5374593 214844370 1
5374593 214844398 1
5374593 214844396 1
5374593 214844400 0.5
6344458 214551902 1
6344458 214846007 1
6344458 214850402 1
6344458 214846530 0.5
6344458 214845380 0.5
6344458 214839973 0.5
6344458 214844400 0.5
6344458 214845587 0.5
6344458 214848695 0.5
6344458 214828985 0.5
6344458 214612730 0.5
4722443 214844439 1
4722443 214844394 1
4722443 214711295 1
4722443 214551617 0.5
4722443 214684710 0.5
4722443 214819400 0.5
4722443 214832012 0.5
4722443 214718255 0.5
4722443 214821339 0.5
4722443 214821309 0.5
1306242 214828995 1
1306242 214826953 1
1306242 214829317 1
1306242 214829100 0.5
1306242 214691396 0.5
7597838 214851135 1
7597838 214849327 1
7597838 214850743 1
7597838 214846475 0.5
7597838 214850771 0.5
7597838 214850709 0.5
7597838 214846391 0.5
7597838 214850936 0.5
7597838 214850555 0.5
3223314 214819550 1
3223314 214834877 1
3223314 214820807 1
3223314 214834880 0.5
3223314 214821410 0.5
3223314 214833755 0.5
3223314 214826589 0.5
3223314 214554982 0.5
749121 214827020 1
749121 214821309 1
749121 214821315 1
749121 214821272 0.5
749121 214774685 0.5
9986009 214853767 1
9986009 214820396 1
9986009 214748336 1
9986009 214854298 0.5
9986009 214839587 0.5
9986009 214846061 0.5
9986009 214706102 0.5
145177 214821292 1
145177 214821277 1
145177 214821285 1
145177 214535621 0.5
10813211 214684785 1
10813211 214567215 1
10813211 214567329 1
10813211 214853156 0.5
10323741 214854510 1
10323741 214567327 1
10323741 214854262 1
10323741 214567329 0.5
2535199 214829878 1
2535199 214829887 1
2535199 214712242 1
2535199 214819811 0.5
2535199 214712244 0.5
669476 214826912 1
669476 214828987 1
669476 214571188 1
669476 214684841 0.5
669476 214684845 0.5
5394213 214718162 1
5394213 214832567 1
5394213 214829722 1
5394213 214847936 0.5
5763036 214850876 1
5763036 214850870 1
5763036 214850880 1
5763036 214845960 0.5
5763036 214641592 0.5
2934571 214834867 1
2934571 214835747 1
2934571 214836532 1
2934571 214587712 0.5
2934571 214835017 0.5
2934571 214835019 0.5
1189676 214821309 1
1189676 214584992 1
1189676 214717097 1
1189676 214533026 0.5
1189676 214844394 0.5
1189676 214561997 0.5
1189676 214844465 0.5
1189676 214586711 0.5
1189676 214684730 0.5
10065712 214684785 1
10065712 214854358 1
10065712 214854262 1
10065712 214567333 0.5
1546037 214826610 1
1546037 214834877 1
1546037 214834880 1
1546037 214829387 0.5
9711414 214850304 1
9711414 214853338 1
9711414 214826835 1
9711414 214684736 0.5
9711414 214850947 0.5
9711414 214853321 0.5
9711414 214712237 0.5
9711414 214853340 0.5
9711414 214829887 0.5
10084151 214854268 1
10084151 214684785 1
10084151 214854264 1
10084151 214854174 0.5
10084151 214854358 0.5
10084151 214554950 0.5
714552 214748300 1
714552 214753513 1
714552 214748302 1
714552 214753507 0.5
6660404 214848832 1
6660404 214844400 1
6660404 214848954 1
6660404 214848808 0.5
6660404 214838831 0.5
2502458 214718377 1
2502458 214558704 1
2502458 214553762 1
2502458 214834873 0.5
2502458 214774685 0.5
2502458 214829711 0.5
4529979 214847255 1
4529979 214587317 1
4529979 214839962 1
4529979 214602598 0.5
4529979 214832147 0.5
4529979 214836853 0.5
4529979 214837494 0.5
4529979 214601272 0.5
4529979 214828985 0.5
4529979 214716671 0.5
2438973 214829882 1
2438973 214831948 1
2438973 214581489 1
2438973 214835128 0.5
2438973 214686082 0.5
2438973 214831946 0.5
2438973 214829878 0.5
2438973 214826983 0.5
2903872 214835122 1
2903872 214829392 1
2903872 214835107 1
2903872 214832128 0.5
2903872 214832555 0.5
2903872 214557223 0.5
5014092 214839973 1
5014092 214587317 1
5014092 214602598 1
5014092 214836857 0.5
5014092 214602802 0.5
5014092 214829850 0.5
10805744 214853130 1
10805744 214581611 1
10805744 214677830 1
10805744 214819393 0.5
9000774 214853090 1
9000774 214852980 1
9000774 214853077 1
9000774 214853248 0.5
9000774 214851080 0.5
9000774 214851317 0.5
9000774 214716671 0.5
5177163 214839937 1
5177163 214831970 1
5177163 214836512 1
5177163 214826728 0.5
5177163 214645595 0.5
6305612 214561457 1
6305612 214602806 1
6305612 214574672 1
6305612 214696897 0.5
6305612 214561434 0.5
1625938 214743495 1
1625938 214826874 1
1625938 214829850 1
1625938 214820392 0.5
1625938 214684108 0.5
1625938 214832780 0.5
1625938 214829820 0.5
1625938 214557279 0.5
8025941 214853190 1
8025941 214851748 1
8025941 214849102 1
8025941 214850720 0.5
8025941 214835019 0.5
8025941 214573310 0.5
8025941 214744779 0.5
8025941 214829799 0.5
7602006 214850743 1
7602006 214850771 1
7602006 214850700 1
7602006 214748336 0.5
7602006 214677615 0.5
6483799 214849322 1
6483799 214849318 1
6483799 214849320 1
6483799 214849185 0.5
6483799 214846530 0.5
7557941 214850405 1
7557941 214850936 1
7557941 214850741 1
7557941 214850621 0.5
7557941 214850743 0.5
4532063 214829852 1
4532063 214845131 1
4532063 214826951 1
4532063 214839973 0.5
8442512 214851748 1
8442512 214853135 1
8442512 214853233 1
8442512 214851097 0.5
8442512 214684942 0.5
8442512 214850405 0.5
8442512 214981102 0.5
9643874 214850949 1
9643874 214850945 1
9643874 214850942 1
9643874 214853420 0.5
780131 214748304 1
780131 214748295 1
780131 214753507 1
780131 214748291 0.5
6412134 214848845 1
6412134 214848596 1
6412134 214848384 1
6412134 214558258 0.5
6412134 214848607 0.5
1525616 214826705 1
1525616 214552387 1
1525616 214819490 1
1525616 214596107 0.5
9958376 214853722 1
9958376 214853767 1
9958376 214853700 1
9958376 214854152 0.5
9958376 214853713 0.5
9958376 214853730 0.5
9958376 214853707 0.5
5085042 214840483 1
5085042 214844030 1
5085042 214843895 1
5085042 214843873 0.5
5085042 214843905 0.5
10212768 214853767 1
10212768 214853698 1
10212768 214853722 1
10212768 214854152 0.5
10212768 214853707 0.5
8384372 214714721 1
8384372 214851135 1
8384372 214691563 1
8384372 214836830 0.5
8384372 214846391 0.5
4595578 214836926 1
4595578 214839969 1
4595578 214602733 1
4595578 214826977 0.5
4595578 214835747 0.5
4595578 214839975 0.5
4595578 214838137 0.5
4595578 214837882 0.5
4595578 214839932 0.5
9455484 214853422 1
9455484 214850949 1
9455484 214850942 1
9455484 214853152 0.5
9455484 214850947 0.5
9455484 214853428 0.5
10049173 214853702 1
10049173 214853700 1
10049173 214853767 1
10049173 214846344 0.5
10049173 214850947 0.5
5492949 214844370 1
5492949 214844396 1
5492949 214845583 1
5492949 214832150 0.5
7892867 214849001 1
7892867 214716982 1
7892867 214832023 1
7892867 214848997 0.5
4302726 214845129 1
4302726 214632272 1
4302726 214831970 1
4302726 214836924 0.5
4302726 214835167 0.5
10000263 214854579 1
10000263 214854534 1
10000263 214854300 1
10000263 214854547 0.5
4022788 214839341 1
4022788 214845127 1
4022788 214829771 1
4022788 214829773 0.5
5012803 214826825 1
5012803 214844349 1
5012803 214826833 1
5012803 214840091 0.5
1779604 214833755 1
1779604 214834880 1
1779604 214834877 1
1779604 214826610 0.5
1779604 214829387 0.5
8246553 214853225 1
8246553 214853186 1
8246553 214853242 1
8246553 214853210 0.5
8246553 214853237 0.5
8246553 214850677 0.5
1046853 214580293 1
1046853 214580291 1
1046853 214580304 1
1046853 214714880 0.5
5791648 214846001 1
5791648 214846447 1
5791648 214845984 1
5791648 214836330 0.5
8107938 214851131 1
8107938 214716671 1
8107938 214851163 1
8107938 214851097 0.5
8107938 214716714 0.5
5159921 214743352 1
5159921 214832156 1
5159921 214845577 1
5159921 214838105 0.5
5159921 214845354 0.5
5159921 214829878 0.5
5159921 214844327 0.5
5960348 214848845 1
5960348 214849018 1
5960348 214834867 1
5960348 214832792 0.5
5960348 214684108 0.5
5960348 214829765 0.5
573889 214705757 1
573889 214706441 1
573889 214829737 1
573889 214829312 0.5
573889 214574754 0.5
573889 214709685 0.5
573889 214546102 0.5
11421612 214854536 1
11421612 214853244 1
11421612 214854352 1
11421612 214854354 0.5
2320301 214829878 1
2320301 214831946 1
2320301 214829882 1
2320301 214835124 0.5
8198472 214851122 1
8198472 214851581 1
8198472 214851135 1
8198472 214846067 0.5
7713284 214850758 1
7713284 214850771 1
7713284 214853175 1
7713284 214829090 0.5
7713284 214850756 0.5
7713284 214580424 0.5
7713284 214850765 0.5
7713284 214556334 0.5
7713284 214846127 0.5
7713284 214851120 0.5
7713284 214835473 0.5
7713284 214587317 0.5
7713284 214850936 0.5
7713284 214850938 0.5
7713284 214829850 0.5
8122292 214850852 1
8122292 214850415 1
8122292 214850422 1
8122292 214850625 0.5
8122292 214651517 0.5
2045257 214829846 1
2045257 214829865 1
2045257 214844420 1
2045257 214829861 0.5
2045257 214829863 0.5
6311868 214826662 1
6311868 214848330 1
6311868 214748336 1
6311868 214848337 0.5
6311868 214829852 0.5
6311868 214846061 0.5
6311868 214836926 0.5
6311868 214743495 0.5
7671741 214850936 1
7671741 214850711 1
7671741 214850771 1
7671741 214651777 0.5
7671741 214850743 0.5
7671741 214560615 0.5
5479278 214835426 1
5479278 214835473 1
5479278 214836926 1
5479278 214835012 0.5
5479278 214826949 0.5
5479278 214718158 0.5
5479278 214575667 0.5
5479278 214836885 0.5
5479278 214845405 0.5
7184322 214853177 1
7184322 214853758 1
7184322 214853175 1
7184322 214848658 0.5
3790787 214587697 1
3790787 214835017 1
3790787 214835109 1
3790787 214826990 0.5
7986166 214853177 1
7986166 214853175 1
7986166 214853758 1
7986166 214851120 0.5
7986166 214828882 0.5
7986166 214853173 0.5
2502598 214831948 1
2502598 214829878 1
2502598 214837916 1
2502598 214837918 0.5
2000839 214826670 1
2000839 214828970 1
2000839 214716110 1
2000839 214601233 0.5
2000839 214832722 0.5
2645961 214831946 1
2645961 214712235 1
2645961 214829878 1
2645961 214581489 0.5
2645961 214819770 0.5
2645961 214602605 0.5
1047483 214827000 1
1047483 214827005 1
1047483 214834865 1
1047483 214827007 0.5
9240568 214853420 1
9240568 214821373 1
9240568 214850942 1
9240568 214850949 0.5
5981096 214846466 1
5981096 214846417 1
5981096 214845960 1
5981096 214846427 0.5
1662932 214819526 1
1662932 214826874 1
1662932 214791635 1
1662932 214717085 0.5
10510297 214854733 1
10510297 214853100 1
10510297 214854840 1
10510297 214854785 0.5
10510297 214714755 0.5
10510297 214854356 0.5
9560026 214844327 1
9560026 214684730 1
9560026 214850942 1
9560026 214853248 0.5
9560026 214853090 0.5
9560026 214829878 0.5
3989473 214836530 1
3989473 214709201 1
3989473 214839347 1
3989473 214573312 0.5
9128274 214711438 1
9128274 214651517 1
9128274 214849734 1
9128274 214849760 0.5
9128274 214829797 0.5
9128274 214846344 0.5
9128274 214846121 0.5
9128274 214849194 0.5
9128274 214662742 0.5
9128274 214828982 0.5
9128274 214738455 0.5
9128274 214555262 0.5
10131442 214849395 1
10131442 214853767 1
10131442 214820396 1
10131442 214850792 0.5
10131442 214854577 0.5
10131442 214554675 0.5
10131442 214851133 0.5
10131442 214853702 0.5
8105299 214685049 1
8105299 214851080 1
8105299 214851161 1
8105299 214851587 0.5
1014614 214571904 1
1014614 214748338 1
1014614 214826814 1
1014614 214601233 0.5
1014614 214826610 0.5
1014614 214826996 0.5
1014614 214840421 0.5
1014614 214829366 0.5
8540154 214852978 1
8540154 214853135 1
8540154 214853227 1
8540154 214853077 0.5
8163323 214716714 1
8163323 214716746 1
8163323 214716671 1
8163323 214848615 0.5
8163323 214829737 0.5
8163323 214850315 0.5
8163323 214831948 0.5
8163323 214716654 0.5
8163323 214709685 0.5
8163323 214838102 0.5
8163323 214846012 0.5
8163323 214705757 0.5
3731452 214826938 1
3731452 214829799 1
3731452 214829769 1
3731452 214832128 0.5
2422781 214829878 1
2422781 214831948 1
2422781 214829882 1
2422781 214829880 0.5
