10551297 214854354 1
10551297 214854352 1
10551297 214853855 1
10551297 214853413 0.5
10551297 214853852 0.5
10551297 214684785 0.5
10551297 214684762 0.5
10551297 214854268 0.5
10551297 214853726 0.5
10551297 214854495 0.5
6436867 214848832 1
6436867 214848808 1
6436867 214848851 1
6436867 214848956 0.5
10270724 214854352 1
10270724 214854536 1
10270724 214854540 1
10270724 214684785 0.5
10270724 214684762 0.5
10270724 214854358 0.5
2154573 214835574 1
2154573 214835572 1
2154573 214835550 1
2154573 214832720 0.5
5105683 214848324 1
5105683 214837286 1
5105683 214836956 1
5105683 214560585 0.5
5105683 214826818 0.5
5105683 214554954 0.5
7258132 214846072 1
7258132 214846112 1
7258132 214850351 1
7258132 214829792 0.5
9651387 214853420 1
9651387 214853422 1
9651387 214850945 1
9651387 214850949 0.5
4534294 214836857 1
4534294 214839973 1
4534294 214848176 1
4534294 214839600 0.5
4534294 214839967 0.5
4548631 214835167 1
4548631 214826990 1
4548631 214835109 1
4548631 214829765 0.5
6742042 214849292 1
6742042 214849050 1
6742042 214849123 1
6742042 214850304 0.5
6742042 214602598 0.5
6742042 214563335 0.5
6742042 214820844 0.5
6742042 214849738 0.5
6742042 214845420 0.5
6742042 214587317 0.5
11237409 214854857 1
11237409 214854517 1
11237409 214854223 1
11237409 214853722 0.5
11237409 214854583 0.5
3938339 214836932 1
3938339 214835109 1
3938339 214838227 1
3938339 214838137 0.5
6870022 214849344 1
6870022 214850400 1
6870022 214845585 1
6870022 214849312 0.5
6870022 214667857 0.5
6870022 214691282 0.5
2247604 214829878 1
2247604 214829882 1
2247604 214831946 1
2247604 214829885 0.5
11247661 214854352 1
11247661 214854300 1
11247661 214854547 1
11247661 214853113 0.5
7211057 214850743 1
7211057 214850938 1
7211057 214829362 1
7211057 214850848 0.5
7211057 214509401 0.5
7211057 214850771 0.5
7211057 214850756 0.5
7211057 214849807 0.5
2277429 214829878 1
2277429 214829887 1
2277429 214718396 1
2277429 214718398 0.5
10864111 214712242 1
10864111 214854707 1
10864111 214853072 1
10864111 214854716 0.5
10864111 214853102 0.5
7346232 214850282 1
7346232 214850291 1
7346232 214850310 1
7346232 214850295 0.5
10931551 214853244 1
10931551 214853732 1
10931551 214853735 1
10931551 214853724 0.5
10931551 214854731 0.5
10931551 214680467 0.5
10931551 214851326 0.5
6027326 214846385 1
6027326 214846067 1
6027326 214846127 1
6027326 214846460 0.5
243782 214820387 1
243782 214837485 1
243782 214844040 1
243782 214837442 0.5
243782 214837483 0.5
243782 214832552 0.5
243782 214743497 0.5
243782 214569707 0.5
243782 214601218 0.5
243782 214712242 0.5
243782 214684502 0.5
2562119 214829878 1
2562119 214829885 1
2562119 214831946 1
2562119 214829887 0.5
6813772 214848658 1
6813772 214849020 1
6813772 214851009 1
6813772 214849046 0.5
4405329 214845131 1
4405329 214602733 1
4405329 214839973 1
4405329 214839969 0.5
4405329 214839975 0.5
5658706 214846117 1
5658706 214846119 1
5658706 214832019 1
5658706 214819586 0.5
49236 214716984 1
49236 214832557 1
49236 214684046 1
49236 214791632 0.5
49236 214680705 0.5
3838038 214835109 1
3838038 214836932 1
3838038 214826990 1
3838038 214821032 0.5
3838038 214559960 0.5
3838038 214557701 0.5
3838038 214684046 0.5
3838038 214821397 0.5
775183 214826908 1
775183 214826876 1
775183 214821401 1
775183 214829321 0.5
775183 214826998 0.5
775183 214717286 0.5
775183 214706102 0.5
4792414 214839967 1
4792414 214839960 1
4792414 214602598 1
4792414 214746427 0.5
4792414 214577450 0.5
4792414 214687847 0.5
4792414 214836926 0.5
4792414 214557095 0.5
2412641 214829885 1
2412641 214829878 1
2412641 214831946 1
2412641 214829880 0.5
2656357 214829878 1
2656357 214829885 1
2656357 214831946 1
2656357 214829882 0.5
3903598 214838111 1
3903598 214838225 1
3903598 214838128 1
3903598 214832780 0.5
3903598 214550820 0.5
3903598 214820452 0.5
3903598 214839982 0.5
3903598 214829799 0.5
2805873 214831976 1
2805873 214834867 1
2805873 214835165 1
2805873 214827035 0.5
2805873 214516708 0.5
2805873 214516749 0.5
10057842 214853698 1
10057842 214853702 1
10057842 214853677 1
10057842 214854152 0.5
10057842 214853762 0.5
3002486 214832128 1
3002486 214832126 1
3002486 214835107 1
3002486 214826563 0.5
3002486 214642805 0.5
9938281 214853865 1
9938281 214850790 1
9938281 214684785 1
9938281 214854172 0.5
9938281 214854579 0.5
9938281 214849468 0.5
9938281 214567333 0.5
9938281 214854262 0.5
9336954 214853992 1
9336954 214853865 1
9336954 214854146 1
9336954 214854118 0.5
5163777 214835426 1
5163777 214835070 1
5163777 214844370 1
5163777 214844355 0.5
4210813 214829765 1
4210813 214847649 1
4210813 214835167 1
4210813 214702905 0.5
4210813 214538574 0.5
1663102 214834877 1
1663102 214834880 1
1663102 214826610 1
1663102 214821412 0.5
1663102 214829387 0.5
1663102 214711280 0.5
1663102 214829366 0.5
1663102 214833755 0.5
1663102 214712126 0.5
3242007 214834867 1
3242007 214829310 1
3242007 214832126 1
3242007 214832128 0.5
3242007 214848707 0.5
3242007 214837916 0.5
3242007 214837918 0.5
9240716 214829880 1
9240716 214850949 1
9240716 214850942 1
9240716 214650508 0.5
9240716 214853420 0.5
9240716 214853454 0.5
8363653 214850730 1
8363653 214850747 1
8363653 214853092 1
8363653 214853261 0.5
9486484 214850945 1
9486484 214850949 1
9486484 214850947 1
9486484 214853130 0.5
9486484 214581611 0.5
9486484 214853420 0.5
749717 214819762 1
749717 214820400 1
749717 214819760 1
749717 214826872 0.5
749717 214684843 0.5
2259094 214587697 1
2259094 214829887 1
2259094 214835747 1
2259094 214829880 0.5
2259094 214835017 0.5
2259094 214601233 0.5
5275801 214571402 1
5275801 214844342 1
5275801 214844398 1
5275801 214844400 0.5
5275801 214844396 0.5
5275801 214846031 0.5
4216993 214820261 1
4216993 214829310 1
4216993 214820233 1
4216993 214820263 0.5
5644457 214835019 1
5644457 214849001 1
5644457 214846447 1
5644457 214835473 0.5
5644457 214586694 0.5
9210567 214853282 1
9210567 214853381 1
9210567 214844398 1
9210567 214853400 0.5
9210567 214844400 0.5
7098541 214850291 1
7098541 214850282 1
7098541 214850295 1
7098541 214846033 0.5
7098541 214819410 0.5
7098541 214668219 0.5
7098541 214829885 0.5
8894216 214853096 1
8894216 214853105 1
8894216 214853094 1
8894216 214851326 0.5
4419759 214602598 1
4419759 214836855 1
4419759 214839962 1
4419759 214845131 0.5
4419759 214829775 0.5
95944 214725551 1
95944 214826608 1
95944 214820441 1
95944 214820938 0.5
10977651 214853113 1
10977651 214819599 1
10977651 214854352 1
10977651 214854536 0.5
10977651 214854577 0.5
10977651 214820394 0.5
10977651 214573310 0.5
11143349 214854716 1
11143349 214854720 1
11143349 214851757 1
11143349 214853081 0.5
11143349 214854722 0.5
11143349 214853083 0.5
11143349 214854815 0.5
5464251 214832567 1
5464251 214826945 1
5464251 214835473 1
5464251 214845984 0.5
5464251 214844345 0.5
5464251 214834877 0.5
5464251 214846007 0.5
4116017 214826893 1
4116017 214826829 1
4116017 214826844 1
4116017 214832012 0.5
11499712 214855016 1
11499712 214853102 1
11499712 214854782 1
11499712 214850310 0.5
11499712 214859246 0.5
3758277 214836932 1
3758277 214836924 1
3758277 214835109 1
3758277 214707853 0.5
3758277 214745317 0.5
5744838 214845971 1
5744838 214846318 1
5744838 214845939 1
5744838 214582200 0.5
10942663 214853102 1
10942663 214854840 1
10942663 214853754 1
10942663 214854787 0.5
2745036 214835017 1
2745036 214835745 1
2745036 214600492 1
2745036 214587712 0.5
2745036 214561466 0.5
2745036 214835747 0.5
2901526 214844364 1
2901526 214700002 1
2901526 214684702 1
2901526 214552687 0.5
1700043 214834877 1
1700043 214826610 1
1700043 214834880 1
1700043 214833755 0.5
1700043 214826589 0.5
8760008 214851579 1
8760008 214851165 1
8760008 214684942 1
8760008 214836536 0.5
8760008 214716671 0.5
1726669 214833755 1
1726669 214834877 1
1726669 214827000 1
1726669 214834880 0.5
1726669 214676962 0.5
1726669 214819562 0.5
1726669 214753515 0.5
1726669 214819762 0.5
1726669 214819760 0.5
1726669 214569714 0.5
1726669 214826837 0.5
1726669 214586743 0.5
1726669 214826621 0.5
1726669 214821022 0.5
4298961 214829670 1
4298961 214842480 1
4298961 214826608 1
4298961 214829672 0.5
4298961 214820235 0.5
10113163 214718169 1
10113163 214850758 1
10113163 214850771 1
10113163 214718160 0.5
10113163 214860675 0.5
10113163 214821020 0.5
10113163 214561775 0.5
3061972 214837882 1
3061972 214835747 1
3061972 214844439 1
3061972 214587712 0.5
9472721 214850949 1
9472721 214853338 1
9472721 214850947 1
9472721 214853422 0.5
11444943 214854210 1
11444943 214854354 1
11444943 214854579 1
11444943 214783350 0.5
11444943 214850792 0.5
11444943 214854547 0.5
11444943 214573590 0.5
11444943 214850936 0.5
11444943 214819577 0.5
972154 214829392 1
972154 214826610 1
972154 214829366 1
972154 214587028 0.5
4974821 214684372 1
4974821 214832017 1
4974821 214826833 1
4974821 214839971 0.5
4591847 214839971 1
4591847 214845131 1
4591847 214839975 1
4591847 214839973 0.5
9488616 214851279 1
9488616 214840378 1
9488616 214826987 1
9488616 214800270 0.5
9488616 214857830 0.5
9488616 214853143 0.5
9275909 214853325 1
9275909 214853435 1
9275909 214854176 1
9275909 214853730 0.5
9275909 214564387 0.5
9275909 214853700 0.5
9275909 214845958 0.5
9275909 214851750 0.5
9275909 214850855 0.5
9275909 214835561 0.5
9275909 214820394 0.5
9275909 214832619 0.5
9275909 214853996 0.5
9275909 214854125 0.5
9275909 214744779 0.5
9275909 214853852 0.5
9275909 214853846 0.5
9275909 214853210 0.5
9275909 214850940 0.5
529106 214748297 1
529106 214748300 1
529106 214753507 1
529106 214748338 0.5
1364206 214834880 1
1364206 214834877 1
1364206 214826610 1
1364206 214829387 0.5
1364206 214833755 0.5
7665904 214850700 1
7665904 214846333 1
7665904 214849157 1
7665904 214849250 0.5
7665904 214848950 0.5
7665904 214846344 0.5
7665904 214600492 0.5
7665904 214573357 0.5
7665904 214583670 0.5
7665904 214844184 0.5
7665904 214844345 0.5
7665904 214716667 0.5
7665904 214834877 0.5
2055288 214600509 1
2055288 214831948 1
2055288 214829887 1
2055288 214743497 0.5
2055288 214540127 0.5
2055288 214829878 0.5
2055288 214557817 0.5
9505018 214853420 1
9505018 214850947 1
9505018 214853422 1
9505018 214850949 0.5
1458434 214834880 1
1458434 214826589 1
1458434 214834877 1
1458434 214826610 0.5
1458434 214829053 0.5
1458434 214829366 0.5
1458434 214820807 0.5
6416643 214849070 1
6416643 214850357 1
6416643 214848600 1
6416643 214846419 0.5
6416643 214712124 0.5
6416643 214582181 0.5
6416643 214848926 0.5
6416643 214579839 0.5
9578756 214853342 1
9578756 214711307 1
9578756 214853422 1
9578756 214853420 0.5
8192262 214851590 1
8192262 214711267 1
8192262 214839954 1
8192262 214853092 0.5
8192262 214851238 0.5
8192262 214676945 0.5
8192262 214819412 0.5
8192262 214668761 0.5
8192262 214851167 0.5
2449677 214836517 1
2449677 214829394 1
2449677 214829887 1
2449677 214586432 0.5
2449677 214553702 0.5
2449677 214819719 0.5
2449677 214831946 0.5
2449677 214835111 0.5
2449677 214832780 0.5
2449677 214543922 0.5
2449677 214602740 0.5
2449677 214695285 0.5
1335566 214601042 1
1335566 214601040 1
1335566 214696430 1
1335566 214696432 0.5
1067281 214821305 1
1067281 214717331 1
1067281 214821302 1
1067281 214821309 0.5
8696083 214853094 1
8696083 214851326 1
8696083 214853085 1
8696083 214853090 0.5
1360149 214829366 1
1360149 214833755 1
1360149 214643681 1
1360149 214714721 0.5
1360149 214826827 0.5
1360149 214534798 0.5
5452056 214838225 1
5452056 214835473 1
5452056 214834877 1
5452056 214826610 0.5
530094 214774685 1
530094 214706216 1
530094 214774676 1
530094 214630042 0.5
9066788 214853248 1
9066788 214853105 1
9066788 214853085 1
9066788 214852980 0.5
293 214826705 1
293 214826803 1
293 214821285 1
293 214820383 0.5
9410854 214851097 1
9410854 214851748 1
9410854 214853135 1
9410854 214743339 0.5
9410854 214854172 0.5
9410854 214849247 0.5
5401308 214844345 1
5401308 214846001 1
5401308 214540072 1
5401308 214839973 0.5
5401308 214554982 0.5
5401308 214540136 0.5
5401308 214846033 0.5
5401308 214826994 0.5
5401308 214844340 0.5
4276524 214839596 1
4276524 214838102 1
4276524 214845131 1
4276524 214839969 0.5
4276524 214839973 0.5
4276524 214839975 0.5
4276524 214832015 0.5
4276524 214839960 0.5
4276524 214829775 0.5
4276524 214839932 0.5
549171 214821305 1
549171 214827009 1
549171 214821309 1
549171 214821302 0.5
9906484 214853698 1
9906484 214853767 1
9906484 214853430 1
9906484 214853707 0.5
9906484 214853347 0.5
9906484 214844402 0.5
9132343 214853075 1
9132343 214852982 1
9132343 214853265 1
9132343 214853128 0.5
9132343 214853355 0.5
9132343 214851742 0.5
9132343 214677830 0.5
3955002 214836932 1
3955002 214835109 1
3955002 214838227 1
3955002 214829762 0.5
3955002 214537541 0.5
3955002 214819526 0.5
3955002 214554707 0.5
3955002 214826874 0.5
3955002 214585597 0.5
3955002 214835167 0.5
2644362 214640516 1
2644362 214828972 1
2644362 214821317 1
2644362 214580154 0.5
2644362 214560420 0.5
4149568 214829790 1
4149568 214838105 1
4149568 214838098 1
4149568 214712120 0.5
4149568 214826623 0.5
4149568 214836926 0.5
4149568 214826990 0.5
4149568 214553565 0.5
1771841 214717085 1
1771841 214826904 1
1771841 214826906 1
1771841 214826953 0.5
5937054 214684715 1
5937054 214711307 1
5937054 214848298 1
5937054 214680459 0.5
5937054 214848980 0.5
5937054 214826829 0.5
5937054 214711438 0.5
5862331 214846415 1
5862331 214846412 1
5862331 214848313 1
5862331 214819760 0.5
5862331 214846127 0.5
5862331 214836926 0.5
5862331 214839975 0.5
2777418 214554510 1
2777418 214842735 1
2777418 214600995 1
2777418 214680705 0.5
2777418 214577732 0.5
2777418 214826750 0.5
2777418 214706460 0.5
6101327 214846117 1
6101327 214846010 1
6101327 214849072 1
6101327 214845971 0.5
5695827 214844355 1
5695827 214837918 1
5695827 214844394 1
5695827 214844439 0.5
4897108 214837280 1
4897108 214836956 1
4897108 214838092 1
4897108 214837288 0.5
4897108 214845435 0.5
4897108 214832156 0.5
4897108 214837286 0.5
8253781 214851161 1
8253781 214851575 1
8253781 214851234 1
8253781 214851587 0.5
4931926 214845579 1
4931926 214826835 1
4931926 214845356 1
4931926 214826945 0.5
4931926 214718398 0.5
4931926 214600470 0.5
4931926 214829880 0.5
4931926 214838107 0.5
4931926 214684734 0.5
7565157 214746377 1
7565157 214836956 1
7565157 214829878 1
7565157 214556216 0.5
7565157 214827035 0.5
7565157 214836883 0.5
7051609 214850754 1
7051609 214677615 1
7051609 214850936 1
7051609 214850409 0.5
7051609 214851011 0.5
7051609 214850756 0.5
7051609 214850765 0.5
7051609 214850790 0.5
4854108 214839973 1
4854108 214839960 1
4854108 214831944 1
4854108 214838096 0.5
4854108 214838105 0.5
4854108 214829797 0.5
10071483 214851748 1
10071483 214853865 1
10071483 214853233 1
10071483 214850692 0.5
10071483 214850405 0.5
10071483 214853992 0.5
10071483 214853135 0.5
10071483 214850760 0.5
10071483 214853715 0.5
10071483 214854165 0.5
6201654 214846464 1
6201654 214846468 1
6201654 214846479 1
6201654 214846427 0.5
6201654 214846415 0.5
6789484 214835428 1
6789484 214849239 1
6789484 214849127 1
6789484 214834880 0.5
6789484 214843680 0.5
6789484 214849245 0.5
6789484 214839358 0.5
6789484 214840991 0.5
3633518 214826990 1
3633518 214836932 1
3633518 214835109 1
3633518 214838227 0.5
6226288 214848380 1
6226288 214848847 1
6226288 214850362 1
6226288 214848956 0.5
8474993 214851317 1
8474993 214851161 1
8474993 214851080 1
8474993 214849404 0.5
3414387 214829379 1
3414387 214834867 1
3414387 214832792 1
3414387 214602600 0.5
3414387 214554332 0.5
3414387 214586668 0.5
3414387 214609325 0.5
3414387 214836870 0.5
10832253 214854159 1
10832253 214845980 1
10832253 214854789 1
10832253 214848305 0.5
10832253 214645708 0.5
10832253 214854358 0.5
10832253 214826983 0.5
6448533 214716641 1
6448533 214848641 1
6448533 214717412 1
6448533 214844370 0.5
6448533 214716626 0.5
11004292 214854512 1
11004292 214859139 1
11004292 214854720 1
11004292 214835713 0.5
10330518 214854536 1
10330518 214854264 1
10330518 214684785 1
10330518 214567329 0.5
10330518 214854352 0.5
10330518 214850422 0.5
10330518 214684762 0.5
10330518 214854075 0.5
10330518 214853726 0.5
9593921 214854118 1
9593921 214854032 1
9593921 214854146 1
9593921 214850760 0.5
9593921 214854172 0.5
6469356 214846117 1
6469356 214845971 1
6469356 214819393 1
6469356 214835109 0.5
6469356 214709702 0.5
6469356 214838505 0.5
6469356 214581611 0.5
6469356 214601197 0.5
6469356 214530555 0.5
6469356 214649951 0.5
2900862 214829878 1
2900862 214829887 1
2900862 214716971 1
2900862 214717867 0.5
2900862 214706150 0.5
10312076 214640353 1
10312076 214854345 1
10312076 214849807 1
10312076 214854555 0.5
11121038 214854716 1
11121038 214853081 1
11121038 214854720 1
11121038 214854722 0.5
11121038 214853083 0.5
11121038 214710013 0.5
11121038 214853079 0.5
6418831 214714790 1
6418831 214848337 1
6418831 214848607 1
6418831 214848377 0.5
6418831 214848330 0.5
6418831 214848956 0.5
6418831 214835109 0.5
6418831 214848380 0.5
7589232 214850938 1
7589232 214850700 1
7589232 214850743 1
7589232 214676306 0.5
8538516 214851581 1
8538516 214851125 1
8538516 214850387 1
8538516 214577450 0.5
8538516 214846067 0.5
3318166 214835475 1
3318166 214832124 1
3318166 214839617 1
3318166 214829280 0.5
3318166 214696997 0.5
3318166 214831959 0.5
3318166 214839600 0.5
3318166 214650609 0.5
3318166 214832722 0.5
3318166 214586743 0.5
3318166 214561496 0.5
3318166 214821401 0.5
3318166 214837882 0.5
3318166 214821407 0.5
3318166 214612730 0.5
3318166 214586469 0.5
2480538 214829880 1
2480538 214829882 1
2480538 214831946 1
2480538 214826818 0.5
6920604 214848596 1
6920604 214561775 1
6920604 214821020 1
6920604 214849331 0.5
6920604 214535051 0.5
6920604 214650566 0.5
6920604 214835167 0.5
3304949 214827011 1
3304949 214826752 1
3304949 214829310 1
3304949 214826728 0.5
3304949 214587384 0.5
3304949 214645295 0.5
10476956 214853454 1
10476956 214854853 1
10476956 214853424 1
10476956 214850945 0.5
10476956 214717511 0.5
10476956 214819400 0.5
10476956 214831946 0.5
10476956 214673295 0.5
10476956 214850287 0.5
10476956 214846014 0.5
997806 214551607 1
997806 214716710 1
997806 214821339 1
997806 214834880 0.5
997806 214839600 0.5
997806 214819430 0.5
997806 214586694 0.5
997806 214829321 0.5
997806 214829387 0.5
997806 214832780 0.5
997806 214800272 0.5
997806 214826610 0.5
997806 214828982 0.5
997806 214833755 0.5
997806 214834877 0.5
8251826 214851163 1
8251826 214684942 1
8251826 214851131 1
8251826 214851592 0.5
8251826 214851579 0.5
678629 214827020 1
678629 214820441 1
678629 214821272 1
678629 214826702 0.5
2681269 214835019 1
2681269 214835017 1
2681269 214834867 1
2681269 214829666 0.5
2681269 214832115 0.5
10116427 214853722 1
10116427 214854298 1
10116427 214853435 1
10116427 214854176 0.5
10116427 214853698 0.5
10116427 214853702 0.5
10116427 214850743 0.5
4712892 214839596 1
4712892 214829792 1
4712892 214684702 1
4712892 214650508 0.5
1403326 214834877 1
1403326 214826610 1
1403326 214834880 1
1403326 214833755 0.5
4082153 214831970 1
4082153 214829767 1
4082153 214839587 1
4082153 214820402 0.5
5058294 214832017 1
5058294 214845577 1
5058294 214845579 1
5058294 214845435 0.5
5058294 214838092 0.5
7514566 214850936 1
7514566 214850621 1
7514566 214849363 1
7514566 214850848 0.5
7514566 214850726 0.5
7514566 214850855 0.5
7514566 214850762 0.5
7514566 214850938 0.5
7514566 214820394 0.5
7514566 214564382 0.5
8851911 214853107 1
8851911 214851737 1
8851911 214705792 1
8851911 214853128 0.5
8851911 214853165 0.5
8882634 214851326 1
8882634 214853094 1
8882634 214853248 1
8882634 214851122 0.5
8882634 214851013 0.5
7539151 214850938 1
7539151 214850936 1
7539151 214850756 1
7539151 214850790 0.5
7539151 214850743 0.5
4422104 214839975 1
4422104 214845131 1
4422104 214602733 1
4422104 214839971 0.5
4422104 214602598 0.5
4574236 214587697 1
4574236 214829100 1
4574236 214839971 1
4574236 214820402 0.5
4574236 214839587 0.5
1786959 214680369 1
1786959 214820400 1
1786959 214820402 1
1786959 214826872 0.5
1786959 214600989 0.5
3494364 214835475 1
3494364 214839617 1
3494364 214826951 1
3494364 214837882 0.5
9212387 214567329 1
9212387 214853726 1
9212387 214849462 1
9212387 214819599 0.5
1995238 214826621 1
1995238 214826612 1
1995238 214553844 1
1995238 214560587 0.5
1995238 214829366 0.5
1995238 214821015 0.5
7600617 214853173 1
7600617 214851120 1
7600617 214853758 1
7600617 214828882 0.5
9271786 214845962 1
9271786 214678376 1
9271786 214536193 1
9271786 214853165 0.5
7662059 214850938 1
7662059 214850741 1
7662059 214850936 1
7662059 214850619 0.5
7662059 214851011 0.5
7662059 214850621 0.5
8966636 214853242 1
8966636 214851750 1
8966636 214853132 1
8966636 214853237 0.5
8610533 214851326 1
8610533 214851122 1
8610533 214853105 1
8610533 214574672 0.5
8610533 214696897 0.5
8610533 214564380 0.5
9183732 214846378 1
9183732 214839596 1
9183732 214849753 1
9183732 214853420 0.5
9183732 214845502 0.5
5273684 214844398 1
5273684 214839982 1
5273684 214846121 1
5273684 214835473 0.5
5273684 214844355 0.5
5273684 214579837 0.5
5273684 214826990 0.5
5273684 214846447 0.5
9206271 214850945 1
9206271 214853460 1
9206271 214820345 1
9206271 214853713 0.5
9206271 214577450 0.5
4981248 214832156 1
4981248 214836956 1
4981248 214826820 1
4981248 214554954 0.5
4981248 214646612 0.5
9189891 214835017 1
9189891 214835747 1
9189891 214826565 1
9189891 214587712 0.5
348676 214820396 1
348676 214819760 1
348676 214820392 1
348676 214820400 0.5
348676 214819762 0.5
348676 214684843 0.5
348676 214725532 0.5
348676 214744775 0.5
9261573 214853848 1
9261573 214854176 1
9261573 214854148 1
9261573 214853994 0.5
9261573 214853767 0.5
9261573 214853413 0.5
9261573 214850855 0.5
10807814 214854789 1
10807814 214853340 1
10807814 214704180 1
10807814 214687685 0.5
10807814 214854583 0.5
3518209 214826938 1
3518209 214829769 1
3518209 214839341 1
3518209 214748336 0.5
3518209 214838225 0.5
7619081 214850771 1
7619081 214850743 1
7619081 214850936 1
7619081 214851011 0.5
3804149 214602598 1
3804149 214829280 1
3804149 214838111 1
3804149 214668185 0.5
3804149 214563337 0.5
3804149 214743369 0.5
10654223 214854579 1
10654223 214854300 1
10654223 214854585 1
10654223 214854547 0.5
10654223 214854534 0.5
1573393 214834880 1
1573393 214826610 1
1573393 214821412 1
1573393 214833755 0.5
1573393 214826589 0.5
7715347 214850938 1
7715347 214587028 1
7715347 214826752 1
7715347 214850936 0.5
7715347 214849455 0.5
2914838 214587712 1
2914838 214834867 1
2914838 214826587 1
2914838 214554662 0.5
1212951 214826927 1
1212951 214826934 1
1212951 214826932 1
1212951 214684845 0.5
8524313 214851290 1
8524313 214819412 1
8524313 214850304 1
8524313 214849344 0.5
8524313 214820197 0.5
8524313 214643340 0.5
8524313 214848622 0.5
8524313 214851024 0.5
8524313 214587671 0.5
8524313 214829887 0.5
11364893 214854210 1
11364893 214854313 1
11364893 214854257 1
11364893 214854080 0.5
6025759 214846417 1
6025759 214846415 1
6025759 214642100 1
6025759 214718169 0.5
6025759 214821022 0.5
6025759 214846318 0.5
5038993 214840091 1
5038993 214837288 1
5038993 214838092 1
5038993 214837280 0.5
5038993 214560585 0.5
5038993 214846442 0.5
5038993 214845577 0.5
5038993 214826833 0.5
2306593 214829666 1
2306593 214821392 1
2306593 214826979 1
2306593 214826921 0.5
2306593 214826994 0.5
2306593 214554332 0.5
2710054 214835747 1
2710054 214835745 1
2710054 214835019 1
2710054 214587712 0.5
2710054 214835017 0.5
2710054 214600492 0.5
3923381 214821277 1
3923381 214821285 1
3923381 214820938 1
3923381 214826713 0.5
3923381 214829102 0.5
2283954 214829878 1
2283954 214829887 1
2283954 214829882 1
2283954 214831965 0.5
10754607 214854579 1
10754607 214819577 1
10754607 214854842 1
10754607 214853724 0.5
10754607 214832156 0.5
10754607 214648247 0.5
10273328 214854268 1
10273328 214853242 1
10273328 214854264 1
10273328 214854536 0.5
10273328 214853852 0.5
11266609 214864880 1
11266609 214853102 1
11266609 214853100 1
11266609 214855016 0.5
11266609 214854787 0.5
11266609 214854819 0.5
11266609 214854855 0.5
8403506 214851099 1
8403506 214851236 1
8403506 214851013 1
8403506 214851137 0.5
8403506 214853094 0.5
8403506 214851122 0.5
8403506 214748334 0.5
8403506 214851133 0.5
8403506 214748336 0.5
8403506 214819762 0.5
8403506 214829850 0.5
8403506 214851581 0.5
11256243 214853100 1
11256243 214854838 1
11256243 214848658 1
11256243 214854731 0.5
11256243 214710013 0.5
6509108 214849070 1
6509108 214668667 1
6509108 214849076 1
6509108 214587712 0.5
6509108 214835747 0.5
6509108 214846029 0.5
6509108 214848605 0.5
6509108 214846031 0.5
6509108 214632146 0.5
6509108 214829885 0.5
8970806 214853077 1
8970806 214852980 1
8970806 214853105 1
8970806 214853096 0.5
8970806 214853090 0.5
8970806 214851326 0.5
7670327 214851581 1
7670327 214851013 1
7670327 214845885 1
7670327 214849252 0.5
2255417 214829880 1
2255417 214829878 1
2255417 214835572 1
2255417 214819760 0.5
2255417 214819762 0.5
2255417 214748295 0.5
2370107 214829887 1
2370107 214829882 1
2370107 214829878 1
2370107 214829880 0.5
4522558 214651777 1
4522558 214676036 1
4522558 214821339 1
4522558 214839937 0.5
4522558 214551493 0.5
11293247 214853090 1
11293247 214852980 1
11293247 214853077 1
11293247 214853094 0.5
9943617 214854268 1
9943617 214854264 1
9943617 214854358 1
9943617 214854148 0.5
5415491 214846061 1
5415491 214846447 1
5415491 214848997 1
5415491 214845986 0.5
5415491 214839971 0.5
5415491 214602733 0.5
5415491 214846031 0.5
5415491 214838225 0.5
5415491 214845917 0.5
5415491 214846014 0.5
9118276 214851232 1
9118276 214851163 1
9118276 214851238 1
9118276 214580424 0.5
9118276 214716746 0.5
9118276 214602806 0.5
9118276 214851322 0.5
9118276 214564380 0.5
9118276 214851290 0.5
4664758 214602598 1
4664758 214829280 1
4664758 214829775 1
4664758 214828985 0.5
4664758 214587317 0.5
4664758 214586694 0.5
4664758 214836853 0.5
9683339 214853420 1
9683339 214711307 1
9683339 214850949 1
9683339 214853122 0.5
9683339 214853428 0.5
9683339 214853422 0.5
6210123 214848613 1
6210123 214848808 1
6210123 214558192 1
6210123 214848832 0.5
6210123 214848851 0.5
3988046 214838227 1
3988046 214829762 1
3988046 214820220 1
3988046 214834880 0.5
3988046 214826610 0.5
3988046 214836947 0.5
9005649 214845962 1
9005649 214849010 1
9005649 214678376 1
9005649 214846312 0.5
9005649 214853165 0.5
9597522 214853420 1
9597522 214850945 1
9597522 214850942 1
9597522 214821373 0.5
9278222 214850692 1
9278222 214850405 1
9278222 214853865 1
9278222 214854017 0.5
9278222 214854146 0.5
9278222 214851748 0.5
9278222 214853135 0.5
9278222 214839962 0.5
9278222 214564382 0.5
10758742 214854579 1
10758742 214854300 1
10758742 214854585 1
10758742 214712242 0.5
10758742 214709685 0.5
10758742 214854838 0.5
9849431 214850947 1
9849431 214853321 1
9849431 214853420 1
9849431 214851553 0.5
5943897 214846460 1
5943897 214846367 1
5943897 214846470 1
5943897 214846472 0.5
5943897 214846127 0.5
5943897 214846419 0.5
5943897 214846421 0.5
5943897 214832023 0.5
5943897 214826904 0.5
9601629 214850942 1
9601629 214853321 1
9601629 214853330 1
9601629 214821371 0.5
9601629 214705734 0.5
9799391 214854352 1
9799391 214854536 1
9799391 214853113 1
9799391 214684785 0.5
9799391 214684762 0.5
9799391 214854174 0.5
9799391 214854358 0.5
9799391 214853855 0.5
3773541 214835109 1
3773541 214838227 1
3773541 214836924 1
3773541 214556025 0.5
3773541 214836932 0.5
2844432 214561558 1
2844432 214829767 1
2844432 214709638 1
2844432 214826818 0.5
2844432 214579220 0.5
2844432 214641967 0.5
9318526 214853420 1
9318526 214850947 1
9318526 214853396 1
9318526 214846432 0.5
9318526 214829878 0.5
10656356 214854534 1
10656356 214854300 1
10656356 214854547 1
10656356 214853698 0.5
10656356 214854579 0.5
10656356 214853102 0.5
10105726 214853698 1
10105726 214853767 1
10105726 214853707 1
10105726 214853762 0.5
10105726 214853700 0.5
10105726 214853722 0.5
11240038 214853100 1
11240038 214854787 1
11240038 214854793 1
11240038 214855016 0.5
2372199 214829878 1
2372199 214829051 1
2372199 214831948 1
2372199 214725532 0.5
2372199 214829882 0.5
2372199 214694156 0.5
10078824 214853113 1
10078824 214849057 1
10078824 214854352 1
10078824 214854536 0.5
580711 214684702 1
580711 214743515 1
580711 214684717 1
580711 214600989 0.5
580711 214826627 0.5
580711 214704180 0.5
580711 214712237 0.5
580711 214717511 0.5
2830957 214834867 1
2830957 214835019 1
2830957 214835132 1
2830957 214829392 0.5
2474607 214831955 1
2474607 214717515 1
2474607 214829880 1
2474607 214686082 0.5
2474607 214829878 0.5
2474607 214826983 0.5
7047792 214849745 1
7047792 214846072 1
7047792 214850705 1
7047792 214846112 0.5
7047792 214839617 0.5
7047792 214644650 0.5
7047792 214849466 0.5
7047792 214838589 0.5
5535848 214836339 1
5535848 214646745 1
5535848 214846065 1
5535848 214836249 0.5
5535848 214845962 0.5
5535848 214573305 0.5
5535848 214836050 0.5
5535848 214846119 0.5
4620914 214845131 1
4620914 214587317 1
4620914 214839960 1
4620914 214829280 0.5
4620914 214839969 0.5
4620914 214586694 0.5
4620914 214839973 0.5
4620914 214602598 0.5
4620914 214839975 0.5
4620914 214829775 0.5
4620914 214839600 0.5
4620914 214836855 0.5
6344467 214846312 1
6344467 214845962 1
6344467 214846119 1
6344467 214559660 0.5
11026878 214835004 1
11026878 214835000 1
11026878 214684762 1
11026878 214854545 0.5
11026878 214853147 0.5
11026878 214853100 0.5
11026878 214854358 0.5
3547766 214829887 1
3547766 214831948 1
3547766 214540127 1
3547766 214831946 0.5
3547766 214829878 0.5
9276026 214850949 1
9276026 214850942 1
9276026 214711307 1
9276026 214853454 0.5
9672127 214849194 1
9672127 214844398 1
9672127 214850700 1
9672127 214829280 0.5
9672127 214851137 0.5
9672127 214853698 0.5
9672127 214853381 0.5
9672127 214846344 0.5
9672127 214853420 0.5
9672127 214850705 0.5
9672127 214586743 0.5
9672127 214848185 0.5
9672127 214851133 0.5
9672127 214839967 0.5
10740357 214854536 1
10740357 214853113 1
10740357 214854577 1
10740357 214854352 0.5
10740357 214850739 0.5
2335366 214642153 1
2335366 214831948 1
2335366 214829878 1
2335366 214829051 0.5
11053703 214853362 1
11053703 214712242 1
11053703 214582942 1
11053703 214698476 0.5
2058889 214748336 1
2058889 214744535 1
2058889 214826711 1
2058889 214706465 0.5
2058889 214606980 0.5
2058889 214829366 0.5
2058889 214819526 0.5
2058889 214542345 0.5
2058889 214642314 0.5
2058889 214577355 0.5
2058889 214718158 0.5
2058889 214711952 0.5
2058889 214820210 0.5
2058889 214662742 0.5
2513546 214831950 1
2513546 214831948 1
2513546 214829885 1
2513546 214716977 0.5
2513546 214829882 0.5
2513546 214716971 0.5
4360844 214829797 1
4360844 214839975 1
4360844 214560587 1
4360844 214839973 0.5
5661326 214819528 1
5661326 214846117 1
5661326 214645987 1
5661326 214650564 0.5
5661326 214846312 0.5
5661326 214553257 0.5
5661326 214845965 0.5
5661326 214846318 0.5
5661326 214645871 0.5
5661326 214845971 0.5
5368467 214844396 1
5368467 214844400 1
5368467 214832150 1
5368467 214844355 0.5
2046613 214840597 1
2046613 214716973 1
2046613 214831931 1
2046613 214582950 0.5
2046613 214717007 0.5
8831769 214852980 1
8831769 214853105 1
8831769 214853210 1
8831769 214851137 0.5
4811416 214839973 1
4811416 214835087 1
4811416 214836857 1
4811416 214826977 0.5
4811416 214819760 0.5
4811416 214829797 0.5
4811416 214835019 0.5
4811416 214716110 0.5
4811416 214838137 0.5
4811416 214839600 0.5
4811416 214828985 0.5
4811416 214587317 0.5
4811416 214577387 0.5
4811416 214839960 0.5
4811416 214668185 0.5
4811416 214829850 0.5
4811416 214612730 0.5
9085594 214850711 1
9085594 214851101 1
9085594 214850700 1
9085594 214851585 0.5
9085594 214851290 0.5
9085594 214851159 0.5
9085594 214848337 0.5
9085594 214846535 0.5
4547716 214717539 1
4547716 214839596 1
4547716 214706452 1
4547716 214847968 0.5
4547716 214820184 0.5
4547716 214839975 0.5
4694693 214839973 1
4694693 214829287 1
4694693 214836926 1
4694693 214839960 0.5
4694693 214838225 0.5
4694693 214572234 0.5
4694693 214586694 0.5
4694693 214828985 0.5
10922 214826621 1
10922 214826615 1
10922 214826612 1
10922 214826617 0.5
4690592 214839358 1
4690592 214836512 1
4690592 214838107 1
4690592 214838096 0.5
4690592 214632272 0.5
6535853 214826822 1
6535853 214850715 1
6535853 214573230 1
6535853 214561558 0.5
6535853 214851118 0.5
6535853 214553702 0.5
11254446 214853102 1
11254446 214854785 1
11254446 214854840 1
11254446 214712240 0.5
11254446 214820188 0.5
11254446 214684730 0.5
11254446 214853100 0.5
6326959 214848337 1
6326959 214573277 1
6326959 214573288 1
6326959 214561472 0.5
6326959 214744427 0.5
6326959 214848849 0.5
6326959 214531659 0.5
6326959 214848945 0.5
6326959 214717498 0.5
6326959 214849022 0.5
10691249 214846391 1
10691249 214854551 1
10691249 214854257 1
10691249 214687475 0.5
6881814 214848849 1
6881814 214848945 1
6881814 214849312 1
6881814 214829387 0.5
6881814 214849020 0.5
6881814 214849022 0.5
6881814 214849046 0.5
6881814 214849239 0.5
9575092 214850942 1
9575092 214853454 1
9575092 214848185 1
9575092 214850295 0.5
9575092 214743367 0.5
9575092 214853420 0.5
9575092 214850949 0.5
9575092 214853767 0.5
9702073 214853420 1
9702073 214853330 1
9702073 214853396 1
9702073 214853152 0.5
9702073 214850942 0.5
9702073 214853422 0.5
1505978 214826610 1
1505978 214829366 1
1505978 214826996 1
1505978 214826921 0.5
1505978 214819770 0.5
1505978 214829387 0.5
1505978 214833755 0.5
10795707 214853085 1
10795707 214853096 1
10795707 214853105 1
10795707 214852980 0.5
6154698 214846312 1
6154698 214846119 1
6154698 214845879 1
6154698 214845954 0.5
6154698 214820443 0.5
6154698 214846010 0.5
6154698 214846318 0.5
9798336 214853713 1
9798336 214853730 1
9798336 214853767 1
9798336 214854152 0.5
9798336 214853698 0.5
9798336 214853707 0.5
976331 214829336 1
976331 214701212 1
976331 214753507 1
976331 214601542 0.5
11005366 214712237 1
11005366 214854707 1
11005366 214853072 1
11005366 214849132 0.5
7402186 214838128 1
7402186 214743352 1
7402186 214844327 1
7402186 214554296 0.5
7402186 214709147 0.5
7402186 214826805 0.5
4913246 214845577 1
4913246 214845356 1
4913246 214840091 1
4913246 214845352 0.5
4301602 214601021 1
4301602 214601012 1
4301602 214601010 1
4301602 214601019 0.5
1567438 214834880 1
1567438 214829385 1
1567438 214826610 1
1567438 214820458 0.5
11236813 214854352 1
11236813 214850940 1
11236813 214853113 1
11236813 214854731 0.5
11236813 214744779 0.5
11236813 214848658 0.5
11236813 214849391 0.5
9898706 214850792 1
9898706 214849395 1
9898706 214648250 1
9898706 214853435 0.5
9898706 214648252 0.5
9898706 214821397 0.5
9898706 214850790 0.5
1700563 214826610 1
1700563 214834880 1
1700563 214829366 1
1700563 214833755 0.5
11000533 214854857 1
11000533 214853100 1
11000533 214854840 1
11000533 214857568 0.5
11000533 214857570 0.5
11000533 214854731 0.5
11000533 214854830 0.5
11000533 214848658 0.5
11000533 214854842 0.5
9116143 214853094 1
9116143 214851326 1
9116143 214853128 1
9116143 214853090 0.5
9116143 214851317 0.5
5223129 214844342 1
5223129 214835109 1
5223129 214829850 1
5223129 214836932 0.5
5223129 214845583 0.5
5223129 214698418 0.5
5223129 214844345 0.5
5223129 214838137 0.5
5223129 214844347 0.5
5223129 214829852 0.5
8823247 214852978 1
8823247 214853162 1
8823247 214840483 1
8823247 214640012 0.5
4303582 214845131 1
4303582 214820938 1
4303582 214839973 1
4303582 214829102 0.5
4303582 214602598 0.5
4303582 214829775 0.5
2971771 214829885 1
2971771 214829880 1
2971771 214831948 1
2971771 214829878 0.5
8391462 214853128 1
8391462 214678376 1
8391462 214851290 1
8391462 214552522 0.5
789222 214829321 1
789222 214819376 1
789222 214820400 1
789222 214819721 0.5
789222 214826876 0.5
8612586 214846391 1
8612586 214851135 1
8612586 214850771 1
8612586 214556840 0.5
8612586 214846475 0.5
8612586 214846389 0.5
8612586 214836830 0.5
8612586 214850743 0.5
5284647 214844355 1
5284647 214844398 1
5284647 214844372 1
5284647 214844400 0.5
5284647 214844370 0.5
5284647 214844396 0.5
11159656 214854720 1
11159656 214854718 1
11159656 214853079 1
11159656 214851757 0.5
1732392 214829042 1
1732392 214821339 1
1732392 214827011 1
1732392 214826747 0.5
9209982 214853420 1
9209982 214853422 1
9209982 214850945 1
9209982 214846112 0.5
9209982 214850947 0.5
9209982 214850310 0.5
437923 214826955 1
437923 214826835 1
437923 214826627 1
437923 214826715 0.5
11506424 214854716 1
11506424 214854720 1
11506424 214710013 1
11506424 214853081 0.5
11506424 214712244 0.5
1948149 214829707 1
1948149 214552387 1
1948149 214826705 1
1948149 214826608 0.5
1948149 214820265 0.5
3257622 214836847 1
3257622 214840584 1
3257622 214691563 1
3257622 214832128 0.5
3257622 214839740 0.5
3257622 214844932 0.5
3257622 214832126 0.5
3730901 214836877 1
3730901 214838122 1
3730901 214774685 1
3730901 214561457 0.5
3730901 214583610 0.5
3730901 214541355 0.5
3730901 214829745 0.5
7179009 214850938 1
7179009 214564387 1
7179009 214850739 1
7179009 214850848 0.5
7179009 214743339 0.5
7179009 214744779 0.5
7179009 214850940 0.5
7179009 214819599 0.5
11541251 214542345 1
11541251 214686879 1
11541251 214538572 1
11541251 214686864 0.5
4662023 214836330 1
4662023 214839973 1
4662023 214845806 1
4662023 214826977 0.5
4662023 214838225 0.5
4662023 214839587 0.5
4662023 214557095 0.5
4662023 214819721 0.5
4662023 214684843 0.5
4662023 214832145 0.5
4662023 214601233 0.5
4662023 214690110 0.5
4662023 214829850 0.5
4662023 214827007 0.5
4662023 214836926 0.5
4662023 214831967 0.5
2288671 214829878 1
2288671 214829885 1
2288671 214831946 1
2288671 214556218 0.5
2288671 214821407 0.5
10275596 214854815 1
10275596 214850619 1
10275596 214564387 1
10275596 214854819 0.5
10275596 214853381 0.5
10275596 214854731 0.5
10275596 214854767 0.5
10275596 214854770 0.5
10275596 214849363 0.5
10275596 214854838 0.5
10275596 214853113 0.5
9374477 214853424 1
9374477 214853454 1
9374477 214850942 1
9374477 214853340 0.5
9374477 214848302 0.5
9374477 214850287 0.5
11023118 214854731 1
11023118 214854118 1
11023118 214640516 1
11023118 214854352 0.5
11023118 214835473 0.5
3894033 214835017 1
3894033 214826565 1
3894033 214826670 1
3894033 214577025 0.5
3894033 214838225 0.5
3894033 214602802 0.5
3894033 214668270 0.5
3894033 214557095 0.5
2548499 214829878 1
2548499 214831948 1
2548499 214829887 1
2548499 214829880 0.5
2458388 214829887 1
2458388 214829878 1
2458388 214711312 1
2458388 214829880 0.5
9532901 214853420 1
9532901 214850942 1
9532901 214850947 1
9532901 214853454 0.5
6458134 214848980 1
6458134 214848982 1
6458134 214848973 1
6458134 214831955 0.5
6458134 214819627 0.5
7766809 214821341 1
7766809 214821315 1
7766809 214844394 1
7766809 214821309 0.5
7766809 214533022 0.5
7766809 214844439 0.5
10595098 214567329 1
10595098 214854358 1
10595098 214567215 1
10595098 214854264 0.5
10595098 214684785 0.5
10595098 214854268 0.5
10595098 214853855 0.5
5323548 214844345 1
5323548 214844342 1
5323548 214835426 1
5323548 214836328 0.5
5323548 214844340 0.5
6569434 214848656 1
6569434 214848958 1
6569434 214848851 1
6569434 214848613 0.5
6986527 214848849 1
6986527 214848658 1
6986527 214665277 1
6986527 214849022 0.5
2704161 214835017 1
2704161 214826818 1
2704161 214826947 1
2704161 214587697 0.5
2704161 214835019 0.5
2704161 214835747 0.5
10568814 214853422 1
10568814 214849747 1
10568814 214850945 1
10568814 214709662 0.5
9194278 214853347 1
9194278 214849764 1
9194278 214849230 1
9194278 214849344 0.5
9194278 214558258 0.5
9194278 214718379 0.5
9194278 214853158 0.5
860967 214613743 1
860967 214711297 1
860967 214827013 1
860967 214821300 0.5
860967 214690110 0.5
860967 214826615 0.5
8807214 214853242 1
8807214 214853132 1
8807214 214853237 1
8807214 214853222 0.5
8807214 214853182 0.5
9177904 214851585 1
9177904 214853355 1
9177904 214852978 1
9177904 214851326 0.5
9177904 214552522 0.5
9177904 214853094 0.5
9177904 214853190 0.5
1513267 214834880 1
1513267 214833755 1
1513267 214834877 1
1513267 214829387 0.5
11019061 214858680 1
11019061 214835000 1
11019061 214857551 1
11019061 214850304 0.5
11019061 214829878 0.5
11019061 214853454 0.5
9116471 214716746 1
9116471 214851080 1
9116471 214851161 1
9116471 214716671 0.5
9116471 214851163 0.5
9116471 214848851 0.5
9116471 214851575 0.5
10013496 214853096 1
10013496 214853085 1
10013496 214853105 1
10013496 214853094 0.5
10013496 214851326 0.5
9229113 214853342 1
9229113 214850945 1
9229113 214743821 1
9229113 214853158 0.5
9229113 214853340 0.5
9229113 214853420 0.5
9229113 214853422 0.5
9229113 214831955 0.5
9229113 214853454 0.5
9229113 214851150 0.5
8631098 214851326 1
8631098 214853105 1
8631098 214852980 1
8631098 214853096 0.5
8631098 214852978 0.5
8631098 214853077 0.5
574267 214821302 1
574267 214821339 1
574267 214716577 1
574267 214821315 0.5
574267 214577512 0.5
574267 214717097 0.5
574267 214577518 0.5
574267 214551607 0.5
574267 214827005 0.5
7691071 214848971 1
7691071 214826715 1
7691071 214849070 1
7691071 214850310 0.5
7691071 214819400 0.5
7691071 214839594 0.5
7691071 214845356 0.5
7691071 214850285 0.5
7691071 214846031 0.5
7691071 214706428 0.5
6649647 214849745 1
6649647 214846065 1
6649647 214848622 1
6649647 214846470 0.5
1499972 214834880 1
1499972 214834877 1
1499972 214826610 1
1499972 214829387 0.5
2373772 214829878 1
2373772 214829885 1
2373772 214686082 1
2373772 214835124 0.5
3353548 214651777 1
3353548 214832792 1
3353548 214837918 1
3353548 214829379 0.5
3353548 214554118 0.5
3353548 214667912 0.5
3353548 214837916 0.5
3353548 214586668 0.5
3353548 214554332 0.5
5112654 214832150 1
5112654 214838227 1
5112654 214711348 1
5112654 214821410 0.5
8852307 214853094 1
8852307 214853248 1
8852307 214853085 1
8852307 214853096 0.5
8852307 214853090 0.5
8852307 214853077 0.5
8852307 214851326 0.5
8246107 214851581 1
8246107 214848602 1
8246107 214851122 1
8246107 214846067 0.5
8246107 214851133 0.5
8246107 214717247 0.5
8937616 214852978 1
8937616 214853077 1
8937616 214852980 1
8937616 214716080 0.5
8937616 214559960 0.5
8937616 214832747 0.5
8937616 214844347 0.5
2311011 214831957 1
2311011 214829878 1
2311011 214831946 1
2311011 214829882 0.5
5837711 214820443 1
5837711 214845879 1
5837711 214845954 1
5837711 214845971 0.5
5837711 214582200 0.5
5837711 214645987 0.5
5837711 214650564 0.5
5837711 214846117 0.5
7093099 214849239 1
7093099 214849331 1
7093099 214849312 1
7093099 214665277 0.5
9128819 214851748 1
9128819 214853135 1
9128819 214853227 1
9128819 214853188 0.5
9128819 214761189 0.5
527221 214827009 1
527221 214821339 1
527221 214828978 1
527221 214716902 0.5
527221 214828980 0.5
527221 214828982 0.5
527221 214582170 0.5
527221 214716667 0.5
527221 214826908 0.5
527221 214579839 0.5
9455558 214853154 1
9455558 214853147 1
9455558 214853379 1
9455558 214850713 0.5
9455558 214674767 0.5
512889 214827007 1
512889 214827005 1
512889 214826925 1
512889 214827000 0.5
512889 214834865 0.5
512889 214714794 0.5
512889 214651427 0.5
9063297 214851737 1
9063297 214820443 1
9063297 214850372 1
9063297 214853096 0.5
10849631 214864880 1
10849631 214853102 1
10849631 214854842 1
10849631 214854840 0.5
7424902 214849466 1
7424902 214849762 1
7424902 214849738 1
7424902 214849736 0.5
7424902 214844402 0.5
7424902 214849734 0.5
2329482 214820377 1
2329482 214832730 1
2329482 214820231 1
2329482 214829707 0.5
2128784 214717798 1
2128784 214595139 1
2128784 214691426 1
2128784 214710152 0.5
9228331 214849155 1
9228331 214573350 1
9228331 214651517 1
9228331 214849080 0.5
684948 214820192 1
684948 214709634 1
684948 214819376 1
684948 214844297 0.5
6278299 214848337 1
6278299 214712126 1
6278299 214848950 1
6278299 214848622 0.5
9268132 214853420 1
9268132 214850949 1
9268132 214850942 1
9268132 214696802 0.5
9268132 214859139 0.5
9268132 214743515 0.5
9268132 214701787 0.5
5587881 214846119 1
5587881 214846117 1
5587881 214845962 1
5587881 214849072 0.5
5587881 214845954 0.5
5587881 214845971 0.5
5587881 214832019 0.5
5587881 214845135 0.5
6017522 214848982 1
6017522 214848626 1
6017522 214714721 1
6017522 214848656 0.5
6017522 214643681 0.5
6017522 214558192 0.5
6017522 214838225 0.5
502699 214826615 1
502699 214826617 1
502699 214826621 1
502699 214826619 0.5
2184109 214835750 1
2184109 214829660 1
2184109 214829664 1
2184109 214709792 0.5
2184109 214835752 0.5
2184109 214832722 0.5
5750014 214845986 1
5750014 214846033 1
5750014 214848997 1
5750014 214846014 0.5
3093426 214835122 1
3093426 214538747 1
3093426 214836875 1
3093426 214835107 0.5
3093426 214709735 0.5
3093426 214716746 0.5
3093426 214832555 0.5
3093426 214834867 0.5
3093426 214836830 0.5
11230136 214857549 1
11230136 214857257 1
11230136 214857810 1
11230136 214857568 0.5
11230136 214854536 0.5
11230136 214716645 0.5
1416121 214829657 1
1416121 214744779 1
1416121 214820394 1
1416121 214753515 0.5
1416121 214829852 0.5
1416121 214829846 0.5
9290682 214853340 1
9290682 214850949 1
9290682 214839913 1
9290682 214831955 0.5
9290682 214820214 0.5
10056773 214819599 1
10056773 214854268 1
10056773 214854264 1
10056773 214853852 0.5
10056773 214853996 0.5
10056773 214854148 0.5
10056773 214684785 0.5
9445877 214853366 1
9445877 214850949 1
9445877 214850947 1
9445877 214853152 0.5
9445877 214853456 0.5
9445877 214829730 0.5
9445877 214691471 0.5
11122507 214712242 1
11122507 214855209 1
11122507 214854857 1
11122507 214855016 0.5
11122507 214854332 0.5
5772228 214846119 1
5772228 214676377 1
5772228 214845954 1
5772228 214845962 0.5
10040481 214853698 1
10040481 214853722 1
10040481 214854172 1
10040481 214853707 0.5
10050506 214853852 1
10050506 214564387 1
10050506 214853700 1
10050506 214553537 0.5
10050506 214853094 0.5
10050506 214853702 0.5
10050506 214820394 0.5
10050506 214853132 0.5
10050506 214853113 0.5
10050506 214677401 0.5
10050506 214850938 0.5
10050506 214853182 0.5
8039372 214851161 1
8039372 214685049 1
8039372 214851080 1
8039372 214716671 0.5
8039372 214851234 0.5
8039372 214851575 0.5
8039372 214716746 0.5
8039372 214851317 0.5
8100813 214716746 1
8100813 214851163 1
8100813 214716671 1
8100813 214851592 0.5
8100813 214851131 0.5
8100813 214684942 0.5
11217873 214850304 1
11217873 214829878 1
11217873 214829880 1
11217873 214853100 0.5
11217873 214854853 0.5
7211989 214853758 1
7211989 214828882 1
7211989 214853175 1
7211989 214853177 0.5
5393366 214844370 1
5393366 214846065 1
5393366 214826565 1
5393366 214832128 0.5
5393366 214844372 0.5
5393366 214844355 0.5
5393366 214844396 0.5
5014488 214515825 1
5014488 214838092 1
5014488 214684372 1
5014488 214613915 0.5
5014488 214602830 0.5
10224601 214854230 1
10224601 214854495 1
10224601 214837288 1
10224601 214853728 0.5
10224601 214854300 0.5
10224601 214853092 0.5
10224601 214854345 0.5
10224601 214845583 0.5
10224601 214684762 0.5
10224601 214836956 0.5
10224601 214853726 0.5
8641499 214684942 1
8641499 214850760 1
8641499 214853135 1
8641499 214716671 0.5
8641499 214853227 0.5
8641499 214853195 0.5
8641499 214579875 0.5
8641499 214853233 0.5
4084167 214831942 1
4084167 214832012 1
4084167 214832015 1
4084167 214831944 0.5
10714618 214854517 1
10714618 214854515 1
10714618 214854527 1
10714618 214854600 0.5
10714618 214854532 0.5
10714618 214854495 0.5
7552426 214853173 1
7552426 214851120 1
7552426 214850936 1
7552426 214853758 0.5
2264878 214829885 1
2264878 214831950 1
2264878 214829887 1
2264878 214714757 0.5
2264878 214540127 0.5
275428 214826801 1
275428 214691293 1
275428 214840813 1
275428 214691332 0.5
6726632 214849046 1
6726632 214849022 1
6726632 214848945 1
6726632 214851009 0.5
11119784 214652216 1
11119784 214854720 1
11119784 214853081 1
11119784 214819410 0.5
11119784 214854716 0.5
5893111 214846067 1
5893111 214846367 1
5893111 214846460 1
5893111 214846472 0.5
5893111 214664777 0.5
5893111 214846127 0.5
5893111 214838225 0.5
5893111 214826904 0.5
5893111 214838137 0.5
5893111 214561434 0.5
3245049 214836530 1
3245049 214826990 1
3245049 214835109 1
3245049 214838227 0.5
11155266 214510445 1
11155266 214854804 1
11155266 214853083 1
11155266 214851757 0.5
10687483 214854534 1
10687483 214854300 1
10687483 214853702 1
10687483 214853353 0.5
10687483 214821397 0.5
10687483 214684785 0.5
1320129 214834880 1
1320129 214826610 1
1320129 214744775 1
1320129 214839600 0.5
1320129 214826563 0.5
1320129 214717860 0.5
2642432 214829878 1
2642432 214829882 1
2642432 214826983 1
2642432 214600509 0.5
4563481 214839971 1
4563481 214839973 1
4563481 214848178 1
4563481 214836330 0.5
4563481 214602598 0.5
3073029 214835745 1
3073029 214835747 1
3073029 214844394 1
3073029 214821305 0.5
3073029 214835017 0.5
7050253 214849738 1
7050253 214849757 1
7050253 214846333 1
7050253 214849736 0.5
6020111 214839932 1
6020111 214846127 1
6020111 214846408 1
6020111 214829720 0.5
6020111 214663091 0.5
6020111 214836926 0.5
6020111 214832023 0.5
7951062 214850720 1
7951062 214850754 1
7951062 214850756 1
7951062 214846472 0.5
7951062 214850762 0.5
7951062 214851011 0.5
7951062 214849395 0.5
2366489 214831948 1
2366489 214829878 1
2366489 214829882 1
2366489 214829880 0.5
2366489 214829887 0.5
2366489 214831946 0.5
2366489 214587547 0.5
2366489 214664767 0.5
4037148 214831942 1
4037148 214540125 1
4037148 214838096 1
4037148 214831944 0.5
4037148 214847968 0.5
3160582 214826874 1
3160582 214832557 1
3160582 214667912 1
3160582 214826953 0.5
3160582 214829379 0.5
3160582 214718387 0.5
3160582 214791635 0.5
6282417 214849286 1
6282417 214684108 1
6282417 214849327 1
6282417 214567331 0.5
805933 214821277 1
805933 214826801 1
805933 214717331 1
805933 214748334 0.5
5328501 214602598 1
5328501 214839965 1
5328501 214839962 1
5328501 214829280 0.5
5328501 214835428 0.5
5328501 214835462 0.5
5328501 214691630 0.5
5328501 214546991 0.5
5328501 214508304 0.5
5328501 214602354 0.5
5328501 214587317 0.5
5328501 214826998 0.5
5328501 214828985 0.5
5328501 214702905 0.5
4666419 214831944 1
4666419 214838096 1
4666419 214706428 1
4666419 214711295 0.5
4666419 214540479 0.5
10326878 214854264 1
10326878 214854230 1
10326878 214854268 1
10326878 214854345 0.5
10326878 214853726 0.5
10326878 214854358 0.5
10326878 214684785 0.5
6147599 214848165 1
6147599 214850872 1
6147599 214850876 1
6147599 214850880 0.5
6147599 214837483 0.5
6147599 214845980 0.5
10048569 214854264 1
10048569 214567329 1
10048569 214854268 1
10048569 214567333 0.5
6581187 214849102 1
6581187 214849031 1
6581187 214509401 1
6581187 214845960 0.5
6581187 214837442 0.5
6581187 214850876 0.5
6581187 214849391 0.5
3605567 214836932 1
3605567 214826990 1
3605567 214835109 1
3605567 214838227 0.5
4561984 214826951 1
4561984 214839960 1
4561984 214839973 1
4561984 214839975 0.5
4561984 214602598 0.5
4561984 214829287 0.5
7486529 214850936 1
7486529 214564387 1
7486529 214850938 1
7486529 214829666 0.5
7486529 214564382 0.5
5690434 214846119 1
5690434 214845917 1
5690434 214845984 1
5690434 214845986 0.5
5690434 214848997 0.5
5690434 214849001 0.5
5690434 214846061 0.5
5690434 214826833 0.5
5690434 214844370 0.5
8752196 214678376 1
8752196 214853128 1
8752196 214848596 1
8752196 214650594 0.5
8752196 214845478 0.5
8752196 214846119 0.5
8752196 214853165 0.5
8752196 214848302 0.5
8752196 214561775 0.5
8752196 214849010 0.5
8752196 214850771 0.5
8752196 214851577 0.5
8752196 214848926 0.5
8752196 214835167 0.5
3259463 214836041 1
3259463 214837914 1
3259463 214837905 1
3259463 214836050 0.5
3259463 214836339 0.5
3259463 214836146 0.5
9796134 214854733 1
9796134 214738457 1
9796134 214572264 1
9796134 214853353 0.5
9796134 214853730 0.5
9796134 214853430 0.5
8723533 214691426 1
8723533 214691390 1
8723533 214843479 1
8723533 214691308 0.5
8723533 214840813 0.5
2112592 214667912 1
2112592 214829379 1
2112592 214836328 1
2112592 214836330 0.5
2112592 214602806 0.5
2112592 214743495 0.5
5737558 214820443 1
5737558 214846119 1
5737558 214845962 1
5737558 214845965 0.5
5737558 214846117 0.5
5711858 214848157 1
5711858 214844370 1
5711858 214846061 1
5711858 214582175 0.5
1492059 214829390 1
1492059 214829396 1
1492059 214834880 1
1492059 214832780 0.5
1492059 214829053 0.5
1326172 214829392 1
1326172 214695399 1
1326172 214829387 1
1326172 214833755 0.5
4832351 214845131 1
4832351 214839969 1
4832351 214700002 1
4832351 214829850 0.5
4832351 214829287 0.5
4832351 214826951 0.5
11478112 214687475 1
11478112 214854583 1
11478112 214851135 1
11478112 214840412 0.5
11478112 214687685 0.5
11478112 214846391 0.5
5686371 214844372 1
5686371 214844398 1
5686371 214844396 1
5686371 214845984 0.5
33893 214821277 1
33893 214826893 1
33893 214826715 1
33893 214835120 0.5
33893 214581489 0.5
33893 214712235 0.5
33893 214602605 0.5
33893 214821279 0.5
7097447 214853175 1
7097447 214832023 1
7097447 214835426 1
7097447 214839973 0.5
7097447 214819430 0.5
7097447 214560615 0.5
7097447 214850743 0.5
7097447 214582346 0.5
7097447 214849031 0.5
7097447 214680718 0.5
7097447 214601233 0.5
7097447 214846007 0.5
7097447 214826711 0.5
7097447 214577450 0.5
7097447 214612730 0.5
7097447 214835070 0.5
2249834 214829880 1
2249834 214831946 1
2249834 214831948 1
2249834 214748336 0.5
2249834 214835087 0.5
2249834 214835111 0.5
3877999 214579226 1
3877999 214577057 1
3877999 214832780 1
3877999 214838227 0.5
3503218 214829012 1
3503218 214835019 1
3503218 214836830 1
3503218 214687685 0.5
4258931 214839975 1
4258931 214839971 1
4258931 214839973 1
4258931 214836050 0.5
4258931 214826623 0.5
6763637 214846417 1
6763637 214846067 1
6763637 214845887 1
6763637 214667857 0.5
6763637 214845587 0.5
6763637 214844340 0.5
6763637 214848377 0.5
6763637 214845917 0.5
6763637 214838227 0.5
10169463 214567329 1
10169463 214567215 1
10169463 214854268 1
10169463 214684785 0.5
10169463 214853726 0.5
10089592 214853330 1
10089592 214853366 1
10089592 214853632 1
10089592 214712240 0.5
10089592 214854180 0.5
7677049 214851581 1
7677049 214717247 1
7677049 214851283 1
7677049 214844347 0.5
11201659 214845962 1
11201659 214846119 1
11201659 214853165 1
11201659 214855209 0.5
11201659 214854770 0.5
11201659 214850420 0.5
11201659 214835167 0.5
2045489 214602605 1
2045489 214826715 1
2045489 214819530 1
2045489 214684710 0.5
2045489 214717511 0.5
2045489 214831946 0.5
2045489 214673295 0.5
2045489 214711408 0.5
2045489 214711318 0.5
2045489 214820186 0.5
7921438 214587508 1
7921438 214850282 1
7921438 214850295 1
7921438 214710836 0.5
2720902 214835019 1
2720902 214826565 1
2720902 214834867 1
2720902 214680710 0.5
9692353 214853420 1
9692353 214711307 1
9692353 214853422 1
9692353 214848337 0.5
2540803 214829878 1
2540803 214831946 1
2540803 214829885 1
2540803 214829880 0.5
2540803 214829882 0.5
9245661 214850291 1
9245661 214668667 1
9245661 214853402 1
9245661 214851714 0.5
8063511 214708303 1
8063511 214853758 1
8063511 214850940 1
8063511 214713950 0.5
9409682 214853424 1
9409682 214844402 1
9409682 214844372 1
9409682 214844396 0.5
9409682 214853454 0.5
3073176 214829878 1
3073176 214829887 1
3073176 214831946 1
3073176 214829882 0.5
3073176 214835019 0.5
3073176 214834877 0.5
11236507 214854332 1
11236507 214855209 1
11236507 214687845 1
11236507 214848757 0.5
6866076 214849312 1
6866076 214849314 1
6866076 214665277 1
6866076 214834880 0.5
6866076 214834877 0.5
9626782 214853428 1
9626782 214850942 1
9626782 214850949 1
9626782 214850947 0.5
9626782 214853420 0.5
9626782 214853454 0.5
9712801 214853713 1
9712801 214853767 1
9712801 214853698 1
9712801 214853848 0.5
9712801 214850855 0.5
8240291 214851099 1
8240291 214849153 1
8240291 214849247 1
8240291 214829280 0.5
8240291 214696897 0.5
8240291 214845986 0.5
8240291 214845131 0.5
8240291 214586694 0.5
8240291 214851137 0.5
8240291 214851581 0.5
8240291 214849001 0.5
8240291 214850743 0.5
8240291 214577387 0.5
8240291 214743495 0.5
8240291 214845583 0.5
8240291 214717522 0.5
8240291 214846067 0.5
8240291 214832023 0.5
8240291 214586743 0.5
8240291 214839932 0.5
8240291 214851133 0.5
1690788 214533022 1
1690788 214821341 1
1690788 214612704 1
1690788 214684160 0.5
1690788 214551617 0.5
1690788 214821315 0.5
1690788 214844452 0.5
1690788 214640237 0.5
1690788 214844441 0.5
1690788 214821307 0.5
8412326 214851122 1
8412326 214851099 1
8412326 214851236 1
8412326 214851313 0.5
8412326 214844347 0.5
726184 214826872 1
726184 214826837 1
726184 214826876 1
726184 214821401 0.5
726184 214826908 0.5
6050332 214846119 1
6050332 214845962 1
6050332 214849010 1
6050332 214845971 0.5
5981354 214846479 1
5981354 214836530 1
5981354 214838109 1
5981354 214846415 0.5
4524231 214845131 1
4524231 214839969 1
4524231 214839973 1
4524231 214829287 0.5
4524231 214839975 0.5
4524231 214835469 0.5
4524231 214602733 0.5
4524231 214848176 0.5
4524231 214836853 0.5
10652844 214854510 1
10652844 214684762 1
10652844 214854262 1
10652844 214567333 0.5
10652844 214684785 0.5
10652844 214829737 0.5
10652844 214837873 0.5
10652844 214709685 0.5
10652844 214840732 0.5
10652844 214567327 0.5
6241461 214848622 1
6241461 214846535 1
6241461 214849012 1
6241461 214848832 0.5
6241461 214848613 0.5
11398327 214858854 1
11398327 214858856 1
11398327 214859306 1
11398327 214708280 0.5
11398327 214858689 0.5
11398327 214858850 0.5
11398327 214859859 0.5
1922233 214712126 1
1922233 214701343 1
1922233 214834880 1
1922233 214826670 0.5
1922233 214581879 0.5
5049531 214844327 1
5049531 214712051 1
5049531 214844332 1
5049531 214844330 0.5
1242302 214833309 1
1242302 214553855 1
1242302 214828978 1
1242302 214557176 0.5
1242302 214821371 0.5
5199041 214845579 1
5199041 214845581 1
5199041 214845352 1
5199041 214696612 0.5
10881576 214854853 1
10881576 214864880 1
10881576 214855209 1
10881576 214853094 0.5
10881576 214851326 0.5
3670902 214838227 1
3670902 214835109 1
3670902 214820220 1
3670902 214836947 0.5
3670902 214651517 0.5
3670902 214835167 0.5
3670902 214832023 0.5
2213064 214829878 1
2213064 214686082 1
2213064 214748336 1
2213064 214829664 0.5
2213064 214821392 0.5
2213064 214821322 0.5
2213064 214711408 0.5
2213064 214835124 0.5
2213064 214826587 0.5
8666313 214853090 1
8666313 214851326 1
8666313 214853094 1
8666313 214853096 0.5
8666313 214852978 0.5
6968183 214849003 1
6968183 214844372 1
6968183 214850304 1
6968183 214587328 0.5
6968183 214849762 0.5
6968183 214844355 0.5
6968183 214849192 0.5
6968183 214844398 0.5
6968183 214848757 0.5
6968183 214820377 0.5
6968183 214849466 0.5
6968183 214849245 0.5
10839248 214846029 1
10839248 214853102 1
10839248 214853342 1
10839248 214854853 0.5
10839248 214850282 0.5
10839248 214845579 0.5
10839248 214853420 0.5
10839248 214829880 0.5
10839248 214838107 0.5
10839248 214706428 0.5
10839248 214684734 0.5
11031761 214853102 1
11031761 214854782 1
11031761 214854785 1
11031761 214854840 0.5
10374364 214854352 1
10374364 214854354 1
10374364 214854358 1
10374364 214853113 0.5
10349791 214854536 1
10349791 214854352 1
10349791 214854538 1
10349791 214854534 0.5
10349791 214820456 0.5
10349791 214820394 0.5
10349791 214854577 0.5
10349791 214854547 0.5
10349791 214559960 0.5
10349791 214853113 0.5
10349791 214854515 0.5
10349791 214854300 0.5
10349791 214854579 0.5
6352097 214849070 1
6352097 214848615 1
6352097 214848795 1
6352097 214849076 0.5
9790138 214853852 1
9790138 214854125 1
9790138 214717867 1
9790138 214854176 0.5
9790138 214854148 0.5
9790138 214853413 0.5
9790138 214838094 0.5
9790138 214853435 0.5
9790138 214854172 0.5
2333928 214831950 1
2333928 214829885 1
2333928 214826612 1
2333928 214826623 0.5
8060138 214851028 1
8060138 214716671 1
8060138 214716746 1
8060138 214716581 0.5
4715224 214845579 1
4715224 214845356 1
4715224 214845581 1
4715224 214845577 0.5
5035246 214829880 1
5035246 214831948 1
5035246 214819395 1
5035246 214832154 0.5
5035246 214829882 0.5
9077999 214852980 1
9077999 214853077 1
9077999 214851326 1
9077999 214853090 0.5
9077999 214853085 0.5
2098416 214821399 1
2098416 214826908 1
2098416 214834877 1
2098416 214839600 0.5
2098416 214833755 0.5
2098416 214554332 0.5
2098416 214826837 0.5
2098416 214819430 0.5
2569457 214829887 1
2569457 214831955 1
2569457 214826983 1
2569457 214600509 0.5
10577138 214853102 1
10577138 214854842 1
10577138 214855209 1
10577138 214855016 0.5
4847486 214839956 1
4847486 214832147 1
4847486 214839967 1
4847486 214839960 0.5
4847486 214839965 0.5
9189588 214846119 1
9189588 214678376 1
9189588 214575763 1
9189588 214853657 0.5
9189588 214845962 0.5
9189588 214821373 0.5
9189588 214851742 0.5
9189588 214835167 0.5
1121531 214516790 1
1121531 214516768 1
1121531 214546136 1
1121531 214684513 0.5
5703311 214846061 1
5703311 214846065 1
5703311 214846033 1
5703311 214748336 0.5
3591426 214836830 1
3591426 214836795 1
3591426 214829771 1
3591426 214832115 0.5
3591426 214832124 0.5
5720619 214820443 1
5720619 214845939 1
5720619 214845135 1
5720619 214581761 0.5
5182724 214585633 1
5182724 214839384 1
5182724 214832010 1
5182724 214712675 0.5
9067781 214853165 1
9067781 214851742 1
9067781 214853128 1
9067781 214853087 0.5
3357961 214835462 1
3357961 214580291 1
3357961 214837438 1
3357961 214554585 0.5
3357961 214702905 0.5
1426702 214821332 1
1426702 214834880 1
1426702 214829392 1
1426702 214826610 0.5
1426702 214832722 0.5
5099053 214692581 1
5099053 214826987 1
5099053 214844330 1
5099053 214844327 0.5
6976787 214849082 1
6976787 214665277 1
6976787 214837288 1
6976787 214834880 0.5
6976787 214843680 0.5
6976787 214691522 0.5
6976787 214553702 0.5
6976787 214849286 0.5
6976787 214838094 0.5
6976787 214700885 0.5
6976787 214849239 0.5
6976787 214695193 0.5
6976787 214849050 0.5
6976787 214849275 0.5
6976787 214743356 0.5
3859734 214835167 1
3859734 214718207 1
3859734 214836795 1
3859734 214838227 0.5
3187992 214831948 1
3187992 214829887 1
3187992 214829878 1
3187992 214836534 0.5
9071898 214853165 1
9071898 214853130 1
9071898 214678387 1
9071898 214853128 0.5
9071898 214819393 0.5
9071898 214845962 0.5
9071898 214677830 0.5
3902747 214836932 1
3902747 214835109 1
3902747 214718207 1
3902747 214574150 0.5
3902747 214829852 0.5
3902747 214642314 0.5
3902747 214829387 0.5
3902747 214829366 0.5
3902747 214712507 0.5
3902747 214836924 0.5
6791237 214851009 1
6791237 214849046 1
6791237 214849127 1
6791237 214849312 0.5
6791237 214845971 0.5
6791237 214846318 0.5
8035617 214851028 1
8035617 214852982 1
8035617 214853237 1
8035617 214510783 0.5
9780388 214854352 1
9780388 214853113 1
9780388 214854536 1
9780388 214820394 0.5
9780388 214853735 0.5
8725801 214851577 1
8725801 214853165 1
8725801 214853278 1
8725801 214849344 0.5
8725801 214853096 0.5
8725801 214851024 0.5
8725801 214829765 0.5
8725801 214695399 0.5
6681903 214848954 1
6681903 214849022 1
6681903 214848941 1
6681903 214849020 0.5
6681903 214849046 0.5
4158768 214829797 1
4158768 214839932 1
4158768 214819760 1
4158768 214847968 0.5
4158768 214838096 0.5
4158768 214839587 0.5
4158768 214684843 0.5
4158768 214832145 0.5
2304579 214716110 1
2304579 214826666 1
2304579 214826711 1
2304579 214843905 0.5
2304579 214674463 0.5
2304579 214819777 0.5
3171639 214836932 1
3171639 214580377 1
3171639 214832747 1
3171639 214516136 0.5
3171639 214838137 0.5
3171639 214516027 0.5
3171639 214820220 0.5
3171639 214746382 0.5
3011896 214837916 1
3011896 214835017 1
3011896 214835132 1
3011896 214587712 0.5
3011896 214836330 0.5
3011896 214835019 0.5
410937 214834865 1
410937 214826876 1
410937 214826872 1
410937 214826912 0.5
410937 214716902 0.5
410937 214800262 0.5
410937 214577518 0.5
410937 214827026 0.5
410937 214826998 0.5
410937 214821401 0.5
10990909 214854804 1
10990909 214854356 1
10990909 214854857 1
10990909 214712242 0.5
10990909 214849100 0.5
10990909 214684762 0.5
10990909 214854830 0.5
10990909 214853726 0.5
1927733 214753515 1
1927733 214831965 1
1927733 214748336 1
1927733 214820392 0.5
1927733 214831946 0.5
1927733 214748334 0.5
3177794 214826990 1
3177794 214835109 1
3177794 214820452 1
3177794 214829762 0.5
3177794 214838227 0.5
3177794 214831935 0.5
8369476 214748336 1
8369476 214850402 1
8369476 214849001 1
8369476 214853758 0.5
10431713 214854577 1
10431713 214854352 1
10431713 214854536 1
10431713 214853113 0.5
10431713 214854354 0.5
10431713 214850739 0.5
10431713 214853855 0.5
7327049 214853173 1
7327049 214851120 1
7327049 214849734 1
7327049 214849762 0.5
7327049 214839962 0.5
2233674 214831950 1
2233674 214829885 1
2233674 214836553 1
2233674 214783352 0.5
2692886 214835019 1
2692886 214834867 1
2692886 214587697 1
2692886 214835745 0.5
8832339 214846391 1
8832339 214853096 1
8832339 214853085 1
8832339 214853077 0.5
8832339 214851135 0.5
8512057 214716581 1
8512057 214851161 1
8512057 214851080 1
8512057 214851028 0.5
2338138 214829880 1
2338138 214829885 1
2338138 214831950 1
2338138 214826752 0.5
2338138 214718398 0.5
2338138 214711318 0.5
2338138 214684734 0.5
2338138 214711087 0.5
5782074 214845954 1
5782074 214849072 1
5782074 214821384 1
5782074 214835747 0.5
5782074 214846312 0.5
5782074 214835017 0.5
5782074 214845962 0.5
5782074 214844400 0.5
5782074 214849010 0.5
5782074 214832019 0.5
5782074 214579837 0.5
5782074 214579839 0.5
8873312 214853135 1
8873312 214853195 1
8873312 214853220 1
8873312 214696897 0.5
8873312 214851748 0.5
8873312 214850405 0.5
8873312 214819526 0.5
8873312 214853233 0.5
8873312 214853096 0.5
8873312 214853227 0.5
8873312 214853105 0.5
8873312 214585586 0.5
8873312 214848986 0.5
8873312 214850621 0.5
4339043 214839973 1
4339043 214839971 1
4339043 214839967 1
4339043 214587317 0.5
8848741 214851326 1
8848741 214853094 1
8848741 214853090 1
8848741 214853085 0.5
2844006 214602600 1
2844006 214826565 1
2844006 214835745 1
2844006 214832792 0.5
2844006 214601233 0.5
2844006 214600492 0.5
2844006 214587697 0.5
11515239 214850945 1
11515239 214829880 1
11515239 214850942 1
11515239 214846012 0.5
11515239 214831948 0.5
11515239 214846014 0.5
11515239 214838102 0.5
10341736 214854354 1
10341736 214850947 1
10341736 214850945 1
10341736 214853713 0.5
10341736 214850942 0.5
11124967 214853100 1
11124967 214854782 1
11124967 214854785 1
11124967 214854800 0.5
11124967 214864880 0.5
11124967 214744258 0.5
11124967 214854789 0.5
11124967 214853102 0.5
5578092 214821382 1
5578092 214845939 1
5578092 214849010 1
5578092 214845954 0.5
5578092 214840483 0.5
5578092 214845965 0.5
5813613 214838227 1
5813613 214835109 1
5813613 214668249 1
5813613 214676962 0.5
6266222 214846466 1
6266222 214846412 1
6266222 214826904 1
6266222 214846367 0.5
6266222 214846417 0.5
6266222 214846427 0.5
6266222 214846468 0.5
6266222 214846479 0.5
7404911 214850351 1
7404911 214850321 1
7404911 214850325 1
7404911 214748282 0.5
7404911 214839958 0.5
9569648 214853428 1
9569648 214853460 1
9569648 214853340 1
9569648 214850949 0.5
3487092 214836851 1
3487092 214829012 1
3487092 214836830 1
3487092 214819762 0.5
3487092 214687685 0.5
3487092 214836534 0.5
3487092 214836885 0.5
7885374 214677615 1
7885374 214676375 1
7885374 214675895 1
7885374 214651777 0.5
2643318 214829878 1
2643318 214831946 1
2643318 214829885 1
2643318 214829882 0.5
2643318 214831965 0.5
6120824 214846318 1
6120824 214849072 1
6120824 214821384 1
6120824 214819393 0.5
6120824 214676377 0.5
10641036 214854534 1
10641036 214854547 1
10641036 214854579 1
10641036 214854785 0.5
10641036 214854300 0.5
10641036 214853102 0.5
10641036 214819577 0.5
5066119 214839960 1
5066119 214829287 1
5066119 214835469 1
5066119 214748336 0.5
2600328 214831946 1
2600328 214829887 1
2600328 214829878 1
2600328 214831967 0.5
2600328 214819762 0.5
2600328 214836515 0.5
2600328 214835165 0.5
2600328 214829885 0.5
9589997 214853852 1
9589997 214854148 1
9589997 214850855 1
9589997 214850792 0.5
9589997 214853435 0.5
10300816 214567329 1
10300816 214854268 1
10300816 214854264 1
10300816 214567327 0.5
10300816 214854510 0.5
10300816 214567215 0.5
7679378 214850762 1
7679378 214850756 1
7679378 214850938 1
7679378 214850411 0.5
7679378 214844398 0.5
5502357 214844396 1
5502357 214844400 1
5502357 214844398 1
5502357 214844402 0.5
5502357 214835747 0.5
2003543 214840597 1
2003543 214835550 1
2003543 214835124 1
2003543 214831959 0.5
5234074 214845590 1
5234074 214844355 1
5234074 214844370 1
5234074 214835064 0.5
5234074 214835426 0.5
5234074 214835070 0.5
10204572 214853353 1
10204572 214853730 1
10204572 214853767 1
10204572 214854152 0.5
4825669 214839971 1
4825669 214836855 1
4825669 214839967 1
4825669 214829280 0.5
4825669 214602598 0.5
2729542 214602600 1
2729542 214834867 1
2729542 214835019 1
2729542 214832792 0.5
87462 214832557 1
87462 214829282 1
87462 214821020 1
87462 214819552 0.5
87462 214819547 0.5
6444456 214846067 1
6444456 214848971 1
6444456 214711205 1
6444456 214595137 0.5
6444456 214699044 0.5
6444456 214846535 0.5
6444456 214709807 0.5
6444456 214838225 0.5
6444456 214829042 0.5
6444456 214846389 0.5
6444456 214848695 0.5
6444456 214848609 0.5
6444456 214848847 0.5
6444456 214712126 0.5
6159786 214849001 1
6159786 214846029 1
6159786 214829878 1
6159786 214829880 0.5
6159786 214845986 0.5
6159786 214829882 0.5
9375661 214850942 1
9375661 214853454 1
9375661 214853420 1
9375661 214853422 0.5
7527858 214851028 1
7527858 214851097 1
7527858 214851131 1
7527858 214540106 0.5
7527858 214851579 0.5
7527858 214851163 0.5
2686393 214835747 1
2686393 214835017 1
2686393 214829387 1
2686393 214820392 0.5
2244027 214831946 1
2244027 214686082 1
2244027 214835019 1
2244027 214829880 0.5
2244027 214538572 0.5
2231541 214844458 1
2231541 214844439 1
2231541 214551626 1
2231541 214612704 0.5
2231541 214533026 0.5
10919361 214857830 1
10919361 214712237 1
10919361 214712235 1
10919361 214700000 0.5
10919361 214700002 0.5
10919361 214701787 0.5
6261499 214848982 1
6261499 214848971 1
6261499 214700000 1
6261499 214744258 0.5
6261499 214712235 0.5
2954698 214587697 1
2954698 214835019 1
2954698 214837882 1
2954698 214826977 0.5
2954698 214557095 0.5
2954698 214668270 0.5
2954698 214828980 0.5
2954698 214587317 0.5
2954698 214831959 0.5
2954698 214821332 0.5
9000398 214853094 1
9000398 214853248 1
9000398 214853105 1
9000398 214853096 0.5
9000398 214853085 0.5
3878199 214831970 1
3878199 214839937 1
3878199 214538994 1
3878199 214826728 0.5
3878199 214645595 0.5
3878199 214551748 0.5
3878199 214645295 0.5
9250274 214853396 1
9250274 214853360 1
9250274 214839913 1
9250274 214828970 0.5
9250274 214828963 0.5
9250274 214849327 0.5
5164522 214820261 1
5164522 214820274 1
5164522 214833802 1
5164522 214820272 0.5
5164522 214613915 0.5
10798571 214853100 1
10798571 214854785 1
10798571 214854840 1
10798571 214712244 0.5
9960326 214853722 1
9960326 214853730 1
9960326 214675888 1
9960326 214853707 0.5
3024366 214844394 1
3024366 214844439 1
3024366 214821309 1
3024366 214844456 0.5
3024366 214821305 0.5
1785327 214826610 1
1785327 214834877 1
1785327 214834880 1
1785327 214829387 0.5
1785327 214821412 0.5
5930238 214846417 1
5930238 214846127 1
5930238 214846067 1
5930238 214706102 0.5
10515053 214567215 1
10515053 214567329 1
10515053 214567327 1
10515053 214567333 0.5
9782441 214853735 1
9782441 214854352 1
9782441 214850739 1
9782441 214853728 0.5
9782441 214851585 0.5
9782441 214839587 0.5
9782441 214853385 0.5
9782441 214846061 0.5
9782441 214826610 0.5
9782441 214577334 0.5
9782441 214853113 0.5
9782441 214561402 0.5
9782441 214854298 0.5
9684477 214828997 1
9684477 214509401 1
9684477 214853420 1
9684477 214567078 0.5
4457931 214832147 1
4457931 214839973 1
4457931 214839962 1
4457931 214587317 0.5
8787456 214851737 1
8787456 214853261 1
8787456 214839611 1
8787456 214835561 0.5
8787456 214848302 0.5
1398016 214834877 1
1398016 214834880 1
1398016 214826610 1
1398016 214833755 0.5
1398016 214821410 0.5
1398016 214829387 0.5
1398016 214821412 0.5
1398016 214826589 0.5
1302238 214832657 1
1302238 214832655 1
1302238 214716982 1
1302238 214716984 0.5
1302238 214716999 0.5
3114499 214835017 1
3114499 214835019 1
3114499 214835747 1
3114499 214829392 0.5
3114499 214587697 0.5
3114499 214834867 0.5
5094916 214836956 1
5094916 214838098 1
5094916 214832012 1
5094916 214561472 0.5
5094916 214561475 0.5
5094916 214510820 0.5
5094916 214838107 0.5
5094916 214826835 0.5
5094916 214829880 0.5
5094916 214826715 0.5
3554823 214836875 1
3554823 214836830 1
3554823 214820400 1
3554823 214820392 0.5
3554823 214835475 0.5
3554823 214586668 0.5
672051 214709634 1
672051 214826876 1
672051 214717286 1
672051 214826872 0.5
672051 214743369 0.5
672051 214819490 0.5
672051 214826908 0.5
672051 214664919 0.5
4809303 214839973 1
4809303 214845131 1
4809303 214601233 1
4809303 214819760 0.5
4809303 214839971 0.5
4809303 214826977 0.5
4809303 214711657 0.5
4809303 214839969 0.5
4809303 214569707 0.5
4809303 214602733 0.5
4809303 214845806 0.5
4809303 214826927 0.5
4809303 214839600 0.5
4809303 214835475 0.5
4809303 214684843 0.5
4809303 214684502 0.5
4809303 214838137 0.5
4809303 214845435 0.5
4809303 214844413 0.5
5469709 214844370 1
5469709 214835473 1
5469709 214845583 1
5469709 214845577 0.5
5469709 214845579 0.5
5469709 214844398 0.5
5469709 214844400 0.5
5469709 214829878 0.5
5469709 214582172 0.5
5469709 214579839 0.5
8631823 214846432 1
8631823 214850713 1
8631823 214846468 1
8631823 214846425 0.5
8631823 214846421 0.5
8631823 214561775 0.5
726546 214826621 1
726546 214716902 1
726546 214826837 1
726546 214717003 0.5
726546 214826925 0.5
726546 214553936 0.5
726546 214834865 0.5
726546 214821300 0.5
726546 214821302 0.5
6434324 214849275 1
6434324 214849284 1
6434324 214849314 1
6434324 214846535 0.5
2903574 214826837 1
2903574 214829379 1
2903574 214821401 1
2903574 214829280 0.5
2903574 214837483 0.5
2903574 214826998 0.5
9547287 214853420 1
9547287 214853422 1
9547287 214711307 1
9547287 214850942 0.5
9547287 214850949 0.5
9547287 214853454 0.5
10776088 214853735 1
10776088 214684762 1
10776088 214853728 1
10776088 214854268 0.5
10776088 214567333 0.5
10776088 214854262 0.5
10776088 214853726 0.5
4892932 214838094 1
4892932 214836956 1
4892932 214527519 1
4892932 214844336 0.5
8986138 214851750 1
8986138 214853132 1
8986138 214853237 1
8986138 214851080 0.5
8986138 214851161 0.5
8986138 214853210 0.5
8986138 214853222 0.5
6679471 214839973 1
6679471 214848375 1
6679471 214832604 1
6679471 214717048 0.5
6679471 214848371 0.5
6679471 214829390 0.5
6723101 214571188 1
6723101 214668667 1
6723101 214848613 1
6723101 214558192 0.5
6723101 214848851 0.5
6657566 214718372 1
6657566 214849132 1
6657566 214849342 1
6657566 214579220 0.5
6657566 214743367 0.5
7419426 214850285 1
7419426 214850282 1
7419426 214850304 1
7419426 214845577 0.5
7419426 214850315 0.5
7419426 214850287 0.5
7419426 214846033 0.5
7419426 214826835 0.5
7419426 214718398 0.5
7419426 214838107 0.5
7419426 214684734 0.5
8080987 214851317 1
8080987 214851581 1
8080987 214849080 1
8080987 214851137 0.5
8080987 214851234 0.5
8080987 214851236 0.5
8080987 214851592 0.5
8080987 214716746 0.5
8080987 214851165 0.5
8080987 214851028 0.5
8080987 214851133 0.5
8080987 214716671 0.5
9145467 214853094 1
9145467 214853105 1
9145467 214853248 1
9145467 214852978 0.5
9145467 214853077 0.5
9145467 214853085 0.5
532251 214826615 1
532251 214839313 1
532251 214826612 1
532251 214826872 0.5
532251 214826837 0.5
2725418 214820392 1
2725418 214839617 1
2725418 214836830 1
2725418 643078800 0.5
2725418 214835017 0.5
2725418 214835747 0.5
1457707 214834877 1
1457707 214826610 1
1457707 214826612 1
1457707 214833755 0.5
10355634 214853420 1
10355634 214853342 1
10355634 214848298 1
10355634 214853340 0.5
7199326 214836879 1
7199326 214850304 1
7199326 214846344 1
7199326 214845984 0.5
7199326 214849250 0.5
7199326 214826623 0.5
7199326 214829797 0.5
7199326 214836855 0.5
10599991 214854585 1
10599991 214854300 1
10599991 214854579 1
10599991 214819577 0.5
11161148 214854855 1
11161148 214853079 1
11161148 214744050 1
11161148 214851757 0.5
11161148 214848658 0.5
11161148 214712244 0.5
11161148 214853083 0.5
11161148 214854716 0.5
11161148 214854718 0.5
8889921 214853105 1
8889921 214853085 1
8889921 214853096 1
8889921 214852980 0.5
4390469 214831942 1
4390469 214847968 1
4390469 214831944 1
4390469 214826623 0.5
8719942 214853109 1
8719942 214678387 1
8719942 214853111 1
8719942 214853169 0.5
8719942 214581611 0.5
8719942 214811758 0.5
8719942 214677830 0.5
3855463 214836926 1
3855463 214838225 1
3855463 214838137 1
3855463 214819760 0.5
3855463 214835107 0.5
3855463 214832780 0.5
3855463 214748334 0.5
3855463 214839600 0.5
3855463 214832145 0.5
3855463 214835475 0.5
3855463 214837882 0.5
3855463 214835002 0.5
3855463 214831967 0.5
4728396 214587317 1
4728396 214836853 1
4728396 214602598 1
4728396 214828985 0.5
4728396 214586694 0.5
4728396 214829775 0.5
7881968 214849757 1
7881968 214844372 1
7881968 214849760 1
7881968 214844396 0.5
7396942 214844400 1
7396942 214844372 1
7396942 214844355 1
7396942 214819378 0.5
7396942 214849757 0.5
3829343 214835109 1
3829343 214826990 1
3829343 214838227 1
3829343 214836932 0.5
11245153 214854842 1
11245153 214854857 1
11245153 214859246 1
11245153 214854802 0.5
11245153 214854819 0.5
11245153 214854855 0.5
9521083 214853420 1
9521083 214853422 1
9521083 214850947 1
9521083 214850949 0.5
5674596 214837286 1
5674596 214832156 1
5674596 214846065 1
5674596 214837280 0.5
5674596 214836956 0.5
5674596 214838092 0.5
5674596 214829797 0.5
366183 214826608 1
366183 214684513 1
366183 214664919 1
366183 214820237 0.5
8457131 214564380 1
8457131 214851581 1
8457131 214851135 1
8457131 214851290 0.5
8457131 214851099 0.5
8457131 214851236 0.5
7519859 214849031 1
7519859 214845131 1
7519859 214826565 1
7519859 214829280 0.5
7519859 214829850 0.5
3628662 214821285 1
3628662 214829079 1
3628662 214821277 1
3628662 214820227 0.5
6871583 214832619 1
6871583 214838094 1
6871583 214836517 1
6871583 214844400 0.5
6871583 214849286 0.5
6871583 214849738 0.5
6871583 214684108 0.5
6871583 214849136 0.5
6871583 214819380 0.5
6871583 214651580 0.5
6871583 214850366 0.5
7306516 214849762 1
7306516 214849775 1
7306516 214849753 1
7306516 214849247 0.5
7901119 214551776 1
7901119 214826743 1
7901119 214848847 1
7901119 214826730 0.5
7901119 214853754 0.5
7901119 214676306 0.5
7901119 214850743 0.5
2541183 214829880 1
2541183 214831948 1
2541183 214540127 1
2541183 214831952 0.5
2541183 214829882 0.5
8986241 214852978 1
8986241 214852980 1
8986241 214853105 1
8986241 214851326 0.5
8986241 214853085 0.5
8986241 214853094 0.5
10012292 214850758 1
10012292 214854358 1
10012292 214853992 1
10012292 214717888 0.5
10012292 214850936 0.5
10012292 214531074 0.5
10012292 214819577 0.5
2172551 214791632 1
2172551 214717087 1
2172551 214826977 1
2172551 214820803 0.5
2172551 214743495 0.5
2172551 214667912 0.5
2172551 214600492 0.5
2172551 214832557 0.5
2172551 214557009 0.5
2172551 214716626 0.5
2172551 214791635 0.5
2172551 214695285 0.5
2172551 214829366 0.5
2172551 214829368 0.5
2172551 214668281 0.5
2172551 214516027 0.5
2172551 214554332 0.5
2172551 214717085 0.5
10459093 214700002 1
10459093 214853321 1
10459093 214567327 1
10459093 214854262 0.5
10459093 214567333 0.5
10459093 214854510 0.5
3251852 214836075 1
3251852 214836050 1
3251852 214836358 1
3251852 214836352 0.5
3251852 214836146 0.5
5786864 214829790 1
5786864 214514274 1
5786864 214846425 1
5786864 214829880 0.5
5786864 214711307 0.5
5786864 214848309 0.5
6321806 214836506 1
6321806 214848926 1
6321806 214711247 1
6321806 214835109 0.5
6321806 214848656 0.5
6321806 214848337 0.5
6321806 214848630 0.5
6321806 214561402 0.5
6321806 214848380 0.5
3296918 214834877 1
3296918 214834880 1
3296918 214836795 1
3296918 214554332 0.5
3296918 214595150 0.5
4175812 214602598 1
4175812 214826713 1
4175812 214836855 1
4175812 214836857 0.5
4175812 214839973 0.5
2178717 214829882 1
2178717 214829887 1
2178717 214829368 1
2178717 214829666 0.5
2178717 214821399 0.5
2178717 214826711 0.5
3624606 214838109 1
3624606 214835167 1
3624606 214829765 1
3624606 214836870 0.5
5953183 214846061 1
5953183 214846065 1
5953183 214848997 1
5953183 214845984 0.5
5953183 214696897 0.5
5953183 214845986 0.5
5953183 214839971 0.5
5953183 214826565 0.5
5953183 214846033 0.5
5953183 214836330 0.5
5953183 214643362 0.5
5953183 214846447 0.5
5953183 214748336 0.5
5953183 214832145 0.5
5953183 214698418 0.5
5953183 214848159 0.5
5953183 214845917 0.5
5953183 214839973 0.5
8726176 214850938 1
8726176 214850790 1
8726176 214850936 1
8726176 214851097 0.5
8726176 214849395 0.5
8726176 214849462 0.5
8726176 214612895 0.5
870051 214821285 1
870051 214821292 1
870051 214821277 1
870051 214821290 0.5
870051 214820383 0.5
870051 214820231 0.5
8503238 214651777 1
8503238 214747352 1
8503238 214846404 1
8503238 214572182 0.5
756337 214827005 1
756337 214826925 1
756337 214826912 1
756337 214827000 0.5
7233226 214853145 1
7233226 214848973 1
7233226 214848980 1
7233226 214850310 0.5
7233226 214848305 0.5
7233226 214819400 0.5
7233226 214684715 0.5
7233226 214832012 0.5
7233226 214711438 0.5
7233226 214673295 0.5
7233226 214846033 0.5
7233226 214831955 0.5
7233226 214850366 0.5
7233226 214829887 0.5
5478059 214831946 1
5478059 214835548 1
5478059 214829878 1
5478059 214835552 0.5
5478059 214696897 0.5
5478059 214698420 0.5
3917491 214826990 1
3917491 214838227 1
3917491 214836932 1
3917491 214711280 0.5
3917491 214835109 0.5
3917491 214831974 0.5
3917491 214718199 0.5
115998 214821292 1
115998 214821290 1
115998 214821285 1
115998 214826702 0.5
10888888 214854722 1
10888888 214712244 1
10888888 214854699 1
10888888 214712242 0.5
10888888 214716671 0.5
3679934 214826990 1
3679934 214835109 1
3679934 214835167 1
3679934 214838227 0.5
5179993 214845577 1
5179993 214837286 1
5179993 214837288 1
5179993 214838092 0.5
10027543 214853754 1
10027543 214853848 1
10027543 214853413 1
10027543 214851553 0.5
128713 214821277 1
128713 214821290 1
128713 214826627 1
128713 214587028 0.5
9422538 214853381 1
9422538 214853147 1
9422538 214853417 1
9422538 214853156 0.5
9422538 214849764 0.5
10063569 214853454 1
10063569 214853424 1
10063569 214853722 1
10063569 214853422 0.5
10063569 214850942 0.5
3673813 214820270 1
3673813 214820263 1
3673813 214820231 1
3673813 214821290 0.5
7705924 214849136 1
7705924 214849194 1
7705924 214849078 1
7705924 214849738 0.5
3591898 214586668 1
3591898 214821032 1
3591898 214821392 1
3591898 214826561 0.5
3591898 214829666 0.5
3591898 214820454 0.5
3591898 214667912 0.5
3591898 214835017 0.5
3591898 214826711 0.5
8664797 214852980 1
8664797 214853085 1
8664797 214853077 1
8664797 214853105 0.5
8664797 214852978 0.5
8664797 214853094 0.5
5513756 214711348 1
5513756 214712126 1
5513756 214712124 1
5513756 214556025 0.5
6358758 214848950 1
6358758 214846530 1
6358758 214829392 1
6358758 214850880 0.5
6358758 214839962 0.5
6358758 214850870 0.5
7933674 214849320 1
7933674 214849318 1
7933674 214850938 1
7933674 214850411 0.5
7933674 214716645 0.5
5926636 214850876 1
5926636 214845982 1
5926636 214845958 1
5926636 214850880 0.5
5926636 214837442 0.5
5926636 214837483 0.5
5926636 214584047 0.5
3674644 214829773 1
3674644 214829765 1
3674644 214829769 1
3674644 214820220 0.5
9432816 214853165 1
9432816 214845954 1
9432816 214853075 1
9432816 214846312 0.5
9432816 214582200 0.5
9432816 214601197 0.5
8318708 214851028 1
8318708 214851097 1
8318708 214851317 1
8318708 214850741 0.5
503548 214613743 1
503548 214711297 1
503548 214827013 1
503548 214826619 0.5
8046334 214851326 1
8046334 214853096 1
8046334 214853085 1
8046334 214853090 0.5
8345344 214851155 1
8345344 214716581 1
8345344 214716671 1
8345344 214851577 0.5
8345344 214851579 0.5
8345344 214851131 0.5
8345344 214851165 0.5
8345344 214851097 0.5
2739158 214835132 1
2739158 214835745 1
2739158 214829657 1
2739158 214820458 0.5
2608769 214831948 1
2608769 214831946 1
2608769 214829878 1
2608769 214638474 0.5
2608769 214829887 0.5
9586443 214850947 1
9586443 214853460 1
9586443 214850945 1
9586443 214853428 0.5
9586443 214853422 0.5
4361997 214838107 1
4361997 214684513 1
4361997 214838096 1
4361997 214829850 0.5
4361997 214586694 0.5
9559824 214853722 1
9559824 214853730 1
9559824 214853700 1
9559824 214853707 0.5
5223709 214836956 1
5223709 214820396 1
5223709 214838094 1
5223709 214708370 0.5
5223709 214845587 0.5
5223709 214827005 0.5
5223709 214829102 0.5
145177 214821292 1
145177 214821277 1
145177 214821285 1
145177 214535621 0.5
10442523 214854358 1
10442523 214853724 1
10442523 214854549 1
10442523 214583287 0.5
10442523 214854060 0.5
10442523 214854174 0.5
10442523 214845583 0.5
4775323 214826990 1
4775323 214835109 1
4775323 214838227 1
4775323 214821017 0.5
4775323 214554982 0.5
718621 214837490 1
718621 214837483 1
718621 214837485 1
718621 214837487 0.5
7896862 214829765 1
7896862 214850938 1
7896862 214556563 1
7896862 214714794 0.5
7896862 214850692 0.5
7896862 214853173 0.5
7896862 214612895 0.5
6680351 214849020 1
6680351 214848849 1
6680351 214848986 1
6680351 214835426 0.5
9955104 214853767 1
9955104 214853726 1
9955104 214854354 1
9955104 214820345 0.5
9955104 214850762 0.5
9955104 214850758 0.5
2996006 214835132 1
2996006 214835747 1
2996006 214826565 1
2996006 214829880 0.5
2316072 214573230 1
2316072 214578823 1
2316072 214834871 1
2316072 214575279 0.5
8592642 214851131 1
8592642 214851579 1
8592642 214851163 1
8592642 214851236 0.5
8592642 214851133 0.5
8592642 214851581 0.5
7243741 214706216 1
7243741 214849295 1
7243741 214845133 1
7243741 214641412 0.5
4077363 214826942 1
4077363 214832143 1
4077363 214838096 1
4077363 214831944 0.5
5664564 214846031 1
5664564 214846033 1
5664564 214846029 1
5664564 214836879 0.5
11224886 214854782 1
11224886 214853102 1
11224886 214854774 1
11224886 214854840 0.5
11224886 214835473 0.5
11224886 214846530 0.5
11224886 214836330 0.5
11224886 214846127 0.5
2333321 214829880 1
2333321 214829887 1
2333321 214829882 1
2333321 214831967 0.5
2333321 214831959 0.5
5957427 214846425 1
5957427 214846415 1
5957427 214846427 1
5957427 214844372 0.5
7894844 214853657 1
7894844 214835126 1
7894844 214712235 1
7894844 214587328 0.5
536381 214821339 1
536381 214821307 1
536381 214826621 1
536381 214826617 0.5
536381 214717877 0.5
4892482 214838092 1
4892482 214837286 1
4892482 214837288 1
4892482 214837280 0.5
3645252 214842735 1
3645252 214835109 1
3645252 214826990 1
3645252 214826713 0.5
3645252 214600492 0.5
3645252 214826750 0.5
3645252 214509142 0.5
3645252 214826623 0.5
1476421 214821412 1
1476421 214834877 1
1476421 214834880 1
1476421 214821410 0.5
1476421 214826589 0.5
815756 214684115 1
815756 214685795 1
815756 214686086 1
815756 214546121 0.5
10948429 214854707 1
10948429 214853072 1
10948429 214854780 1
10948429 214696470 0.5
9251469 214850949 1
9251469 214850942 1
9251469 214853338 1
9251469 214853420 0.5
2602638 214821285 1
2602638 214821367 1
2602638 214832717 1
2602638 214973182 0.5
5144406 214533020 1
5144406 214684372 1
5144406 214821309 1
5144406 214839937 0.5
5144406 214844458 0.5
5144406 214840235 0.5
5144406 214612708 0.5
5144406 214821339 0.5
8886103 214853165 1
8886103 214581611 1
8886103 214852987 1
8886103 214846312 0.5
10949962 214700000 1
10949962 214831946 1
10949962 214551926 1
10949962 214680371 0.5
1421726 214834877 1
1421726 214829387 1
1421726 214826610 1
1421726 214834880 0.5
1421726 214833755 0.5
1421726 214821407 0.5
5906759 214602598 1
5906759 214829280 1
5906759 214836855 1
5906759 214583670 0.5
5906759 214828982 0.5
5906759 214586743 0.5
5906759 214601229 0.5
5906759 214846417 0.5
5906759 214587317 0.5
5906759 214848950 0.5
5906759 214832023 0.5
5906759 214717850 0.5
5002443 214838092 1
5002443 214836956 1
5002443 214829887 1
5002443 214829850 0.5
5002443 214836855 0.5
2349561 214829387 1
2349561 214833755 1
2349561 214834877 1
2349561 214680720 0.5
2349561 214696948 0.5
2349561 214680722 0.5
2349561 214835124 0.5
2349561 214553844 0.5
7669614 214684717 1
7669614 214651554 1
7669614 214853122 1
7669614 214561485 0.5
7669614 214850743 0.5
5598447 214846029 1
5598447 214846065 1
5598447 214846031 1
5598447 214846033 0.5
4341616 214826942 1
4341616 214839594 1
4341616 214744258 1
4341616 214712235 0.5
4341616 214602605 0.5
4487028 214845806 1
4487028 214845131 1
4487028 214839973 1
4487028 214820392 0.5
4487028 214839960 0.5
4487028 214845435 0.5
4487028 214668281 0.5
954229 214587317 1
954229 214820810 1
954229 214819430 1
954229 214832780 0.5
5776362 214846033 1
5776362 214846408 1
5776362 214845971 1
5776362 214845984 0.5
5776362 214829797 0.5
5776362 214848262 0.5
5776362 214849001 0.5
5776362 214684108 0.5
5776362 214845583 0.5
5776362 214844372 0.5
5776362 214829878 0.5
5776362 214846007 0.5
5776362 214829720 0.5
5776362 214845917 0.5
9408382 214854017 1
9408382 214853865 1
9408382 214851163 1
9408382 214850945 0.5
9408382 214850947 0.5
9408382 214557223 0.5
9408382 214853420 0.5
9408382 214853422 0.5
9408382 214853715 0.5
9408382 214853428 0.5
9408382 214850942 0.5
9408382 214831955 0.5
9408382 214853340 0.5
9408382 214853342 0.5
9408382 214854165 0.5
10645377 214567215 1
10645377 214854358 1
10645377 214567327 1
10645377 214567333 0.5
10645377 214684785 0.5
10645377 214854549 0.5
10645377 214684762 0.5
10645377 214854268 0.5
10645377 214853726 0.5
10645377 214853855 0.5
4515092 214632146 1
4515092 214839594 1
4515092 214826942 1
4515092 214848176 0.5
4515092 214836881 0.5
4515092 214838102 0.5
4515092 214586694 0.5
547334 214748293 1
547334 214753513 1
547334 214748297 1
547334 214748338 0.5
547334 214748302 0.5
5724141 214826893 1
5724141 214711312 1
5724141 214829882 1
5724141 214848300 0.5
5724141 214711307 0.5
5724141 214826891 0.5
5724141 214845581 0.5
2293401 214820270 1
2293401 214820263 1
2293401 214820231 1
2293401 214832730 0.5
10628558 214854352 1
10628558 214854354 1
10628558 214854527 1
10628558 214848658 0.5
10628558 214853767 0.5
9658759 214853420 1
9658759 214850947 1
9658759 214853426 1
9658759 214848185 0.5
9658759 214853422 0.5
5791648 214846001 1
5791648 214846447 1
5791648 214845984 1
5791648 214836330 0.5
6193059 214845917 1
6193059 214846530 1
6193059 214846121 1
6193059 214846033 0.5
6193059 214829882 0.5
6193059 214829885 0.5
6193059 214845887 0.5
5261221 214844398 1
5261221 214844342 1
5261221 214844355 1
5261221 214844340 0.5
5261221 214832150 0.5
6713671 214667857 1
6713671 214849239 1
6713671 214849312 1
6713671 214849331 0.5
6713671 214849012 0.5
8549166 214665277 1
8549166 214667859 1
8549166 214832619 1
8549166 214829387 0.5
8549166 214849284 0.5
8549166 214554950 0.5
724911 214826912 1
724911 214827000 1
724911 214716707 1
724911 214827005 0.5
724911 214827007 0.5
9723824 214844402 1
9723824 214821373 1
9723824 214844400 1
9723824 214853152 0.5
9723824 214705734 0.5
9723824 214582950 0.5
10544798 214712242 1
10544798 214854682 1
10544798 214854770 1
10544798 214853081 0.5
10544798 214710013 0.5
9394103 214853263 1
9394103 214853165 1
9394103 214852987 1
9394103 214853128 0.5
9394103 214852985 0.5
9394103 214853130 0.5
9394103 214582387 0.5
9394103 214691420 0.5
11188154 214853102 1
11188154 214854785 1
11188154 214854789 1
11188154 214854840 0.5
11210683 214853094 1
11210683 214853248 1
11210683 214854491 1
11210683 214852978 0.5
5130172 214838094 1
5130172 214836956 1
5130172 214684372 1
5130172 214839377 0.5
147786 214581690 1
147786 214829285 1
147786 214821279 1
147786 214820237 0.5
147786 214687685 0.5
6369214 214848945 1
6369214 214849022 1
6369214 214849046 1
6369214 214848954 0.5
6369214 214849020 0.5
9743349 214853420 1
9743349 214850947 1
9743349 214853400 1
9743349 214853422 0.5
6059971 214580304 1
6059971 214846385 1
6059971 214580293 1
6059971 214545939 0.5
3099297 214835469 1
3099297 214836885 1
3099297 214826623 1
3099297 214839617 0.5
3099297 214836330 0.5
3099297 214509013 0.5
3099297 214554585 0.5
1138634 214551607 1
1138634 214821339 1
1138634 214821307 1
1138634 214821315 0.5
8087506 214851013 1
8087506 214851099 1
8087506 214851122 1
8087506 214851133 0.5
8087506 214850630 0.5
10661844 214854517 1
10661844 214854581 1
10661844 214854532 1
10661844 214854298 0.5
10661844 214839587 0.5
8032213 214851080 1
8032213 214851317 1
8032213 214851161 1
8032213 214848851 0.5
8032213 214851028 0.5
6645719 214848384 1
6645719 214848596 1
6645719 214848337 1
6645719 214849314 0.5
6645719 214558258 0.5
6645719 214829765 0.5
6645719 214849239 0.5
6645719 214848845 0.5
8288221 214851748 1
8288221 214850792 1
8288221 214853237 1
8288221 214850848 0.5
8288221 214853184 0.5
8288221 214853195 0.5
8288221 214564387 0.5
8288221 214850405 0.5
8288221 214850790 0.5
8288221 214569707 0.5
8288221 214853227 0.5
8288221 214853132 0.5
8288221 214580240 0.5
8288221 214535985 0.5
8288221 214851317 0.5
8288221 214684502 0.5
8288221 214853233 0.5
8288221 214559960 0.5
8288221 214677401 0.5
8288221 214853242 0.5
8288221 214850619 0.5
8288221 214853182 0.5
5421024 214829878 1
5421024 214829887 1
5421024 214835473 1
5421024 214838225 0.5
5421024 214826949 0.5
5421024 214832150 0.5
5421024 214846029 0.5
7344101 214580304 1
7344101 214580293 1
7344101 214846385 1
7344101 214580291 0.5
7344101 214845420 0.5
9990118 214853698 1
9990118 214853730 1
9990118 214853767 1
9990118 214853707 0.5
3756008 214640353 1
3756008 214829797 1
3756008 214829801 1
3756008 214829666 0.5
3756008 214744779 0.5
3756008 214821032 0.5
3756008 214553257 0.5
3756008 214753515 0.5
3756008 214820812 0.5
3756008 214820402 0.5
3756008 214716110 0.5
3756008 214553810 0.5
3756008 214826807 0.5
8492128 214850938 1
8492128 214851317 1
8492128 214743339 1
8492128 214851234 0.5
8492128 214851587 0.5
8492128 214851080 0.5
8492128 214850792 0.5
8492128 214716746 0.5
8492128 214851315 0.5
8492128 214561485 0.5
8492128 214851313 0.5
8492128 214848851 0.5
8492128 214850743 0.5
8492128 214851097 0.5
8492128 214853242 0.5
8492128 214853210 0.5
9705458 214573350 1
9705458 214844396 1
9705458 214849155 1
9705458 214845806 0.5
10342387 214848377 1
10342387 214848380 1
10342387 214853385 1
10342387 214848337 0.5
10342387 214851290 0.5
4737017 214839965 1
4737017 214832147 1
4737017 214839596 1
4737017 214832128 0.5
4737017 214832555 0.5
4737017 214602598 0.5
6996803 214849239 1
6996803 214849331 1
6996803 214849466 1
6996803 214849003 0.5
6996803 214848945 0.5
6996803 214829387 0.5
6996803 214849230 0.5
6996803 214849745 0.5
6996803 214849342 0.5
2486271 214829878 1
2486271 214831950 1
2486271 214516749 1
2486271 214829882 0.5
