11360256 214854772 1
11360256 214854821 1
11360256 214857260 1
11360256 214854512 0.5
3795627 214836075 1
3795627 214836050 1
3795627 214835968 1
3795627 214836352 0.5
3795627 214836133 0.5
10461189 214854354 1
10461189 214854585 1
10461189 214854536 1
10461189 214853096 0.5
10461189 214853105 0.5
10461189 214820394 0.5
10461189 214850739 0.5
9342989 214853428 1
9342989 214850949 1
9342989 214853338 1
9342989 214853420 0.5
6836238 214846029 1
6836238 214831946 1
6836238 214850315 1
6836238 214845352 0.5
6836238 214826715 0.5
6836238 214850310 0.5
6520847 214848337 1
6520847 214848622 1
6520847 214839617 1
6520847 214845984 0.5
6520847 214829765 0.5
2145624 214706462 1
2145624 214819376 1
2145624 214820402 1
2145624 214586694 0.5
2145624 214820392 0.5
2145624 214836330 0.5
2145624 214684843 0.5
2145624 214819760 0.5
2145624 214819762 0.5
2145624 214553844 0.5
2145624 214826837 0.5
8163904 214851238 1
8163904 214686857 1
8163904 214853128 1
8163904 214851242 0.5
8163904 214853165 0.5
8163904 214851122 0.5
8163904 214819412 0.5
8163904 214548885 0.5
8163904 214853115 0.5
747546 214680369 1
747546 214684702 1
747546 214819387 1
747546 214711408 0.5
747546 214717003 0.5
747546 214718396 0.5
747546 214709741 0.5
747546 214711318 0.5
5658651 214821035 1
5658651 214845879 1
5658651 214820443 1
5658651 214821384 0.5
9619488 214701787 1
9619488 214857830 1
9619488 214850304 1
9619488 214829880 0.5
9619488 214826987 0.5
9619488 214850285 0.5
9619488 214853454 0.5
6043683 214846367 1
6043683 214846460 1
6043683 214848322 1
6043683 214846472 0.5
1357708 214826610 1
1357708 214829387 1
1357708 214829752 1
1357708 214834877 0.5
11544622 214857549 1
11544622 214857260 1
11544622 214857568 1
11544622 214850760 0.5
11544622 214857547 0.5
11544622 214854165 0.5
9590421 214853263 1
9590421 214853130 1
9590421 214850758 1
9590421 214836932 0.5
9590421 214853094 0.5
9590421 214853128 0.5
9590421 214708040 0.5
9590421 214675888 0.5
9590421 214851313 0.5
9590421 214849010 0.5
9590421 214836947 0.5
9590421 214561494 0.5
9590421 214850743 0.5
9590421 214846312 0.5
9590421 214852987 0.5
9590421 214836924 0.5
7346232 214850282 1
7346232 214850291 1
7346232 214850310 1
7346232 214850295 0.5
2336829 214829885 1
2336829 214829878 1
2336829 214831950 1
2336829 214829882 0.5
8345662 214850621 1
8345662 214851011 1
8345662 214849365 1
8345662 214850720 0.5
8345662 214821032 0.5
8345662 214581592 0.5
8345662 214850405 0.5
8345662 214564382 0.5
5972032 214850870 1
5972032 214846067 1
5972032 214846389 1
5972032 214850880 0.5
5972032 214839975 0.5
3981377 214836947 1
3981377 214829788 1
3981377 214837438 1
3981377 214839982 0.5
5181508 214826987 1
5181508 214844402 1
5181508 214839975 1
5181508 214844409 0.5
5181508 214838092 0.5
5181508 214844398 0.5
2562119 214829878 1
2562119 214829885 1
2562119 214831946 1
2562119 214829887 0.5
10483786 214853698 1
10483786 214853767 1
10483786 214853700 1
10483786 214853094 0.5
7574426 214846404 1
7574426 214850315 1
7574426 214850287 1
7574426 214850368 0.5
7574426 214849745 0.5
7574426 214850405 0.5
7574426 214850621 0.5
3549261 214836795 1
3549261 214836050 1
3549261 214826938 1
3549261 214836075 0.5
3549261 214613741 0.5
3549261 214595150 0.5
6215761 214848315 1
6215761 214848328 1
6215761 214848330 1
6215761 214850865 0.5
6215761 214846427 0.5
6215761 214848380 0.5
8968478 214601040 1
8968478 214601042 1
8968478 214832604 1
8968478 214564451 0.5
5689428 214846033 1
5689428 214831948 1
5689428 214846012 1
5689428 214846029 0.5
6139577 214845962 1
6139577 214846119 1
6139577 214846117 1
6139577 214582200 0.5
6139577 214846318 0.5
3987553 214835109 1
3987553 214835167 1
3987553 214826990 1
3987553 214838107 0.5
3987553 214838227 0.5
1676987 214826994 1
1676987 214829396 1
1676987 214826921 1
1676987 214680705 0.5
1676987 214826561 0.5
6240356 214845583 1
6240356 214844342 1
6240356 214844340 1
6240356 214845954 0.5
6240356 214829765 0.5
6240356 214845585 0.5
6240356 214573288 0.5
6240356 214848330 0.5
6240356 214602731 0.5
6240356 214821410 0.5
6240356 214848337 0.5
6240356 214835167 0.5
9025639 214853165 1
9025639 214853128 1
9025639 214853107 1
9025639 214581761 0.5
9025639 214557313 0.5
9025639 214842382 0.5
9025639 214851742 0.5
9025639 214553257 0.5
9025639 214559660 0.5
9025639 214848302 0.5
9025639 214840757 0.5
9025639 214853075 0.5
9025639 214508942 0.5
9025639 214668249 0.5
9025639 214811739 0.5
9025639 214853087 0.5
9025639 214838503 0.5
9025639 214678376 0.5
9025639 214601197 0.5
9025639 214811758 0.5
9025639 214640893 0.5
9025639 214849010 0.5
9025639 214845939 0.5
9025639 214853109 0.5
9025639 214853111 0.5
9025639 214842365 0.5
10264682 214854819 1
10264682 214854767 1
10264682 214854497 1
10264682 214854731 0.5
10264682 214854125 0.5
9220203 214853402 1
9220203 214853426 1
9220203 214853340 1
9220203 214851082 0.5
10047402 214851750 1
10047402 214853994 1
10047402 214853996 1
10047402 214853848 0.5
10047402 214854176 0.5
6359163 214848958 1
6359163 214849018 1
6359163 214846393 1
6359163 214836868 0.5
6359163 214850822 0.5
6359163 214716710 0.5
6359163 214676081 0.5
6359163 214834873 0.5
6359163 214561402 0.5
6359163 214613915 0.5
6344163 214510445 1
6344163 214510460 1
6344163 214712242 1
6344163 214849132 0.5
7626773 214685049 1
7626773 214851587 1
7626773 214554675 1
7626773 214848851 0.5
7626773 214579875 0.5
7626773 214684725 0.5
9474179 214853420 1
9474179 214850947 1
9474179 214853422 1
9474179 214850949 0.5
9325249 214850949 1
9325249 214853422 1
9325249 214850942 1
9325249 214853711 0.5
9519241 214850945 1
9519241 214711307 1
9519241 214853342 1
9519241 214850947 0.5
6351268 214849076 1
6351268 214849070 1
6351268 214848692 1
6351268 214848977 0.5
6351268 214848980 0.5
7684236 214850726 1
7684236 214850936 1
7684236 214850692 1
7684236 214821022 0.5
7684236 214850870 0.5
7684236 214850743 0.5
1724559 214748336 1
1724559 214833755 1
1724559 214828976 1
1724559 214791688 0.5
1724559 214826872 0.5
1724559 214712130 0.5
1724559 214714732 0.5
1724559 214725532 0.5
7467154 214850621 1
7467154 214850720 1
7467154 214850705 1
7467154 214850760 0.5
7467154 214850709 0.5
5785283 214820265 1
5785283 214820261 1
5785283 214820233 1
5785283 214820259 0.5
3942549 214829788 1
3942549 214836947 1
3942549 214829786 1
3942549 214831974 0.5
5787086 214846119 1
5787086 214846117 1
5787086 214553257 1
5787086 214845984 0.5
5787086 214839587 0.5
5787086 214846312 0.5
5787086 214845965 0.5
5787086 214846318 0.5
5787086 214849010 0.5
5787086 214819640 0.5
5787086 214676377 0.5
5787086 214839932 0.5
5787086 214845917 0.5
5275801 214571402 1
5275801 214844342 1
5275801 214844398 1
5275801 214844400 0.5
5275801 214844396 0.5
5275801 214846031 0.5
10672283 214854735 1
10672283 214854737 1
10672283 214854583 1
10672283 214687685 0.5
7275718 214677615 1
7275718 214849247 1
7275718 214849250 1
7275718 214849136 0.5
7275718 214651777 0.5
7275718 214821017 0.5
7275718 214850700 0.5
7275718 214849031 0.5
9070759 214853165 1
9070759 214677830 1
9070759 214678387 1
9070759 214853169 0.5
9070759 214853130 0.5
1794218 214718398 1
1794218 214684717 1
1794218 214828974 1
1794218 214819395 0.5
1794218 214840421 0.5
1794218 214718246 0.5
1794218 214717515 0.5
1794218 214829366 0.5
1794218 214835000 0.5
1794218 214826844 0.5
5963947 214819779 1
5963947 214846029 1
5963947 214602598 1
5963947 214577450 0.5
604332 214826627 1
604332 214826715 1
604332 214826955 1
604332 214826606 0.5
5542062 214834880 1
5542062 214834877 1
5542062 214712126 1
5542062 214832150 0.5
5542062 214835167 0.5
7702706 214850938 1
7702706 214850700 1
7702706 214850936 1
7702706 214850771 0.5
7702706 214850756 0.5
7702706 214850726 0.5
11020467 214854782 1
11020467 214854853 1
11020467 214854795 1
11020467 214835000 0.5
9746614 214853342 1
9746614 214853420 1
9746614 214850947 1
9746614 214850304 0.5
5843128 214845917 1
5843128 214835745 1
5843128 214676075 1
5843128 214845135 0.5
5843128 214826990 0.5
5843128 214676079 0.5
1227124 214828970 1
1227124 214828991 1
1227124 214545879 1
1227124 214696897 0.5
1227124 214695167 0.5
2072762 214829880 1
2072762 214829882 1
2072762 214831957 1
2072762 214711312 0.5
2072762 214556212 0.5
2072762 214829887 0.5
3549371 214595150 1
3549371 214838137 1
3549371 214829852 1
3549371 214748336 0.5
3549371 214839600 0.5
3549371 214829850 0.5
3549371 214835109 0.5
1464508 214826610 1
1464508 214834880 1
1464508 214834877 1
1464508 214800272 0.5
1464508 214833755 0.5
1464508 214820458 0.5
1464508 214744779 0.5
1464508 214602806 0.5
7569597 214850771 1
7569597 214675895 1
7569597 214676306 1
7569597 214849250 0.5
7569597 214850767 0.5
3844287 214835109 1
3844287 214826990 1
3844287 214832023 1
3844287 214826932 0.5
3844287 214538484 0.5
3844287 214702905 0.5
3844287 214826927 0.5
5771458 214582200 1
5771458 214846010 1
5771458 214846014 1
5771458 214831946 0.5
5771458 214819490 0.5
5452491 214844396 1
5452491 214844402 1
5452491 214844400 1
5452491 214819430 0.5
5452491 214582172 0.5
5452491 214602733 0.5
5452491 214844398 0.5
5452491 214835473 0.5
5452491 214821401 0.5
5452491 214712124 0.5
5452491 214845887 0.5
4546756 214829790 1
4546756 214838098 1
4546756 214826942 1
4546756 214838105 0.5
4546756 214838102 0.5
9465643 214853454 1
9465643 214853422 1
9465643 214850942 1
9465643 214850947 0.5
9465643 214853420 0.5
9465643 214850949 0.5
6115533 214846127 1
6115533 214714779 1
6115533 214849001 1
6115533 214844398 0.5
6115533 214748336 0.5
6115533 214846067 0.5
6115533 214829102 0.5
6115533 214586743 0.5
6115533 214553561 0.5
6115533 214717562 0.5
6115533 214829852 0.5
6115533 214587317 0.5
9633998 214853420 1
9633998 214850947 1
9633998 214711307 1
9633998 214853422 0.5
1495248 214826895 1
1495248 214828970 1
1495248 214834877 1
1495248 214826610 0.5
9007313 214850332 1
9007313 214853165 1
9007313 214853128 1
9007313 214852987 0.5
9007313 214557322 0.5
9007313 214581611 0.5
9007313 214678387 0.5
9007313 214553587 0.5
10592468 214854517 1
10592468 214854495 1
10592468 214854527 1
10592468 214853730 0.5
10592468 214845583 0.5
10592468 214853767 0.5
3330767 214820400 1
3330767 214826951 1
3330767 214836885 1
3330767 214587712 0.5
10137821 214820844 1
10137821 214684785 1
10137821 214854735 1
10137821 214854358 0.5
10137821 214684762 0.5
10137821 214853726 0.5
10137821 214853413 0.5
10137821 214854262 0.5
880863 214837485 1
880863 214837483 1
880863 214839386 1
880863 214826912 0.5
880863 214826925 0.5
11026664 214853096 1
11026664 214853105 1
11026664 214853248 1
11026664 214854345 0.5
11026664 214853094 0.5
2337004 214831967 1
2337004 214829880 1
2337004 214829882 1
2337004 214829852 0.5
2337004 214829850 0.5
2337004 214835124 0.5
2337004 214829885 0.5
2337004 214743495 0.5
8808686 214853077 1
8808686 214852980 1
8808686 214853105 1
8808686 214853248 0.5
8808686 214853096 0.5
8808686 214851326 0.5
8808686 214853085 0.5
8808686 214853094 0.5
3823858 214838227 1
3823858 214826990 1
3823858 214829773 1
3823858 214836795 0.5
4287187 214838105 1
4287187 214705997 1
4287187 214829887 1
4287187 214838096 0.5
6971579 214849312 1
6971579 214848849 1
6971579 214667857 1
6971579 214844409 0.5
6971579 214665277 0.5
6971579 214834877 0.5
6971579 214849239 0.5
10750201 214854532 1
10750201 214854819 1
10750201 214854356 1
10750201 214854298 0.5
10750201 214854731 0.5
10750201 214853925 0.5
10750201 214854174 0.5
3547387 214829882 1
3547387 214831948 1
3547387 214829880 1
3547387 214684734 0.5
3547387 214710146 0.5
3547387 214717515 0.5
3547387 214684730 0.5
3547387 214711318 0.5
1378556 214537775 1
1378556 214828995 1
1378556 214748259 1
1378556 214556840 0.5
1378556 214840415 0.5
4552962 214839973 1
4552962 214829287 1
4552962 214829887 1
4552962 214826951 0.5
5472517 214844340 1
5472517 214844345 1
5472517 214844342 1
5472517 214838227 0.5
5472517 214845380 0.5
5472517 214832150 0.5
5472517 214845435 0.5
4832351 214845131 1
4832351 214839969 1
4832351 214700002 1
4832351 214829850 0.5
4832351 214829287 0.5
4832351 214826951 0.5
559376 214826912 1
559376 214828987 1
559376 214821315 1
559376 214826998 0.5
839957 214827013 1
839957 214826617 1
839957 214826619 1
839957 214576890 0.5
839957 214821300 0.5
10555671 214848849 1
10555671 214854358 1
10555671 214849468 1
10555671 214572448 0.5
10555671 214695553 0.5
10555671 214837873 0.5
10555671 214854731 0.5
10555671 214859246 0.5
10555671 214854352 0.5
10555671 214684785 0.5
10555671 214705747 0.5
10555671 214854549 0.5
10555671 214849464 0.5
10555671 214820345 0.5
10555671 214686547 0.5
10555671 214854545 0.5
10555671 214705757 0.5
2826523 214826623 1
2826523 214836527 1
2826523 214836776 1
2826523 214836534 0.5
2826523 214800270 0.5
2826523 214677615 0.5
2826523 214831952 0.5
2826523 214835505 0.5
2826523 214829878 0.5
5964062 214834880 1
5964062 214848375 1
5964062 214848613 1
5964062 214846127 0.5
3784069 214832557 1
3784069 214829765 1
3784069 214835167 1
3784069 214836924 0.5
3784069 214826610 0.5
3784069 214538484 0.5
3784069 214835109 0.5
3784069 214826990 0.5
5906721 214850880 1
5906721 214850870 1
5906721 214850876 1
5906721 214845960 0.5
10688803 214854515 1
10688803 214851581 1
10688803 214854527 1
10688803 214854581 0.5
9410854 214851097 1
9410854 214851748 1
9410854 214853135 1
9410854 214743339 0.5
9410854 214854172 0.5
9410854 214849247 0.5
2611932 214829878 1
2611932 214835574 1
2611932 214835572 1
2611932 214829394 0.5
1686237 214834875 1
1686237 214819577 1
1686237 214821392 1
1686237 214829664 0.5
1686237 214716120 0.5
1686237 214826994 0.5
1686237 214684046 0.5
1686237 214563335 0.5
6563208 214849331 1
6563208 214849239 1
6563208 214849284 1
6563208 214848656 0.5
6563208 214665277 0.5
10058719 214854065 1
10058719 214738457 1
10058719 214819775 1
10058719 214854060 0.5
10058719 214716909 0.5
481594 214712272 1
481594 214819376 1
481594 214820402 1
481594 214691117 0.5
481594 214827007 0.5
6426941 214848596 1
6426941 214848384 1
6426941 214848845 1
6426941 214835167 0.5
10801473 214854840 1
10801473 214854782 1
10801473 214853102 1
10801473 214855016 0.5
10801473 214859246 0.5
2304329 214829880 1
2304329 214829887 1
2304329 214829882 1
2304329 214829885 0.5
2304329 214831950 0.5
2056522 214743350 1
2056522 214835548 1
2056522 214835552 1
2056522 214565522 0.5
7608653 214557279 1
7608653 214849247 1
7608653 214820345 1
7608653 214678987 0.5
7608653 214850700 0.5
7608653 214849747 0.5
7608653 214586694 0.5
3938701 214831946 1
3938701 214684710 1
3938701 214829878 1
3938701 214684736 0.5
3938701 214712507 0.5
3938701 214826715 0.5
3938701 214717511 0.5
3938701 214832012 0.5
3938701 214829885 0.5
3938701 214838098 0.5
3938701 214684730 0.5
3938701 214703771 0.5
3938701 214829882 0.5
3938701 214829887 0.5
7782738 214833339 1
7782738 214850621 1
7782738 214850743 1
7782738 214849055 0.5
1358612 214829392 1
1358612 214826563 1
1358612 214835752 1
1358612 214709792 0.5
1358612 214744779 0.5
7565652 214850694 1
7565652 214561775 1
7565652 214850938 1
7565652 214853122 0.5
7565652 214714794 0.5
7565652 214716654 0.5
7565652 214851028 0.5
7565652 214836885 0.5
7565652 214851322 0.5
2536616 214829878 1
2536616 214831946 1
2536616 214829887 1
2536616 214829885 0.5
4905309 214821309 1
4905309 214684372 1
4905309 214829381 1
4905309 214701219 0.5
4905309 214612708 0.5
4905309 214602830 0.5
9955683 214854495 1
9955683 214854358 1
9955683 214854549 1
9955683 214854536 0.5
9955683 214853994 0.5
9955683 214854352 0.5
9955683 214854545 0.5
9955683 214854268 0.5
9955683 214853855 0.5
3644817 214829850 1
3644817 214838137 1
3644817 214600492 1
3644817 214836926 0.5
3644817 214657318 0.5
4315502 214829792 1
4315502 214836879 1
4315502 214838096 1
4315502 214748336 0.5
4315502 214829852 0.5
4315502 214820402 0.5
4315502 214839587 0.5
4315502 214687852 0.5
5615983 214844394 1
5615983 214821313 1
5615983 214533020 1
5615983 214844439 0.5
1644919 214743515 1
1644919 214684702 1
1644919 214829392 1
1644919 214680369 0.5
1644919 214829366 0.5
8483194 214716671 1
8483194 214851080 1
8483194 214851131 1
8483194 214851234 0.5
8483194 214552142 0.5
8483194 214851575 0.5
8483194 214851161 0.5
8483194 214851579 0.5
8483194 214851165 0.5
3879293 214838227 1
3879293 214836932 1
3879293 214835109 1
3879293 214836924 0.5
5382148 214844370 1
5382148 214748336 1
5382148 214839973 1
5382148 214839969 0.5
5382148 214835428 0.5
5382148 214743335 0.5
5382148 214602733 0.5
5382148 214601233 0.5
5382148 214844372 0.5
5382148 214835745 0.5
5382148 214848185 0.5
9386316 214819747 1
9386316 214854551 1
9386316 214854212 1
9386316 214628923 0.5
10860454 214859240 1
10860454 214857204 1
10860454 214857551 1
10860454 214858680 0.5
10860454 214859139 0.5
9689474 214853338 1
9689474 214850949 1
9689474 214850947 1
9689474 214831955 0.5
9689474 214853340 0.5
5929348 214846031 1
5929348 214848298 1
5929348 214845958 1
5929348 214848992 0.5
5929348 214826891 0.5
5929348 214848165 0.5
5929348 214845579 0.5
5929348 214846029 0.5
5929348 214838096 0.5
5929348 214601272 0.5
5929348 214632146 0.5
5929348 214826835 0.5
5929348 214829880 0.5
5929348 214831955 0.5
5929348 214838107 0.5
5929348 214829885 0.5
5929348 214718398 0.5
5929348 214829887 0.5
7591318 214850936 1
7591318 214850940 1
7591318 214853122 1
7591318 214716971 0.5
7591318 214564387 0.5
7591318 214850619 0.5
7591318 214716977 0.5
8114567 214851161 1
8114567 214716671 1
8114567 214851080 1
8114567 214716714 0.5
8114567 214851317 0.5
10752393 214684762 1
10752393 214567329 1
10752393 214854268 1
10752393 214854264 0.5
10752393 214853852 0.5
10752393 214853242 0.5
10752393 214854148 0.5
10752393 214854358 0.5
11028877 214854853 1
11028877 214855153 1
11028877 214855151 1
11028877 214854860 0.5
7932304 214850938 1
7932304 214850767 1
7932304 214699412 1
7932304 214844400 0.5
8659346 214853096 1
8659346 214853105 1
8659346 214853094 1
8659346 214853077 0.5
8845716 214853225 1
8845716 214851748 1
8845716 214845973 1
8845716 214853210 0.5
8845716 214853182 0.5
8845716 214853135 0.5
2288022 214829880 1
2288022 214831946 1
2288022 214829882 1
2288022 214829878 0.5
2319428 214835087 1
2319428 214829887 1
2319428 214831967 1
2319428 214748336 0.5
2319428 214716110 0.5
10017519 214857830 1
10017519 214853460 1
10017519 214700000 1
10017519 214744258 0.5
10017519 214712235 0.5
648602 214584939 1
648602 214584907 1
648602 214826803 1
648602 214841640 0.5
648602 214820383 0.5
648602 214535621 0.5
648602 214716982 0.5
648602 214829085 0.5
4624812 214829287 1
4624812 214839960 1
4624812 214839943 1
4624812 214839377 0.5
4624812 214584939 0.5
11256243 214853100 1
11256243 214854838 1
11256243 214848658 1
11256243 214854731 0.5
11256243 214710013 0.5
5681589 214846119 1
5681589 214845962 1
5681589 214845917 1
5681589 214849010 0.5
5681589 214832019 0.5
7440829 214846112 1
7440829 214849344 1
7440829 214846072 1
7440829 214543922 0.5
7440829 214848997 0.5
7440829 214845583 0.5
10100333 214854510 1
10100333 214854262 1
10100333 214684785 1
10100333 214854146 0.5
10100333 214567333 0.5
10100333 214854358 0.5
10100333 214567327 0.5
11028928 214853102 1
11028928 214854785 1
11028928 214853083 1
11028928 214854716 0.5
11028928 214853079 0.5
11028928 214853100 0.5
11028928 214710013 0.5
11028928 214690839 0.5
8640963 214844394 1
8640963 214844456 1
8640963 214844439 1
8640963 214840562 0.5
3915169 214836947 1
3915169 214829788 1
3915169 214829771 1
3915169 214838126 0.5
2730443 214832730 1
2730443 214821277 1
2730443 214821285 1
2730443 214821290 0.5
11252172 214854707 1
11252172 214854789 1
11252172 214854800 1
11252172 214714755 0.5
5843406 214839973 1
5843406 214835747 1
5843406 214826565 1
5843406 214835017 0.5
5843406 214840483 0.5
5843406 214848997 0.5
5843406 214846007 0.5
4704721 214839967 1
4704721 214829070 1
4704721 214832143 1
4704721 214836887 0.5
2525654 214748293 1
2525654 214748338 1
2525654 214748297 1
2525654 214652889 0.5
2525654 214829882 0.5
2525654 214657595 0.5
2525654 214639348 0.5
993762 214829321 1
993762 214587712 1
993762 214587697 1
993762 214819762 0.5
993762 214600492 0.5
993762 214706102 0.5
993762 214716110 0.5
9080571 214852987 1
9080571 214849010 1
9080571 214853263 1
9080571 214853162 0.5
9080571 214586443 0.5
10645989 214854495 1
10645989 214854354 1
10645989 214854545 1
10645989 214837494 0.5
10645989 214684502 0.5
10645989 214853930 0.5
10645989 214854262 0.5
10645989 214854549 0.5
10645989 214854358 0.5
10645989 214847255 0.5
10645989 214847261 0.5
2482663 214716746 1
2482663 214826563 1
2482663 214821407 1
2482663 214553537 0.5
2482663 214684841 0.5
2482663 214684845 0.5
2482663 214552142 0.5
2482663 214557223 0.5
2367977 214829878 1
2367977 214831948 1
2367977 214831946 1
2367977 214829051 0.5
11391399 214853083 1
11391399 214854722 1
11391399 214854731 1
11391399 214854720 0.5
11391399 214849100 0.5
11391399 214851757 0.5
11391399 214853079 0.5
11391399 214853081 0.5
11391399 214854718 0.5
2595309 214836519 1
2595309 214821392 1
2595309 214554270 1
2595309 214829664 0.5
2595309 214837490 0.5
2595309 214821407 0.5
2595309 214837487 0.5
8036846 214774665 1
8036846 214850422 1
8036846 214850732 1
8036846 214851017 0.5
8036846 214672942 0.5
3010717 214835017 1
3010717 214835747 1
3010717 214835019 1
3010717 214609325 0.5
3010717 214613893 0.5
4170226 214844439 1
4170226 214821309 1
4170226 214844394 1
4170226 214551626 0.5
5755384 214846001 1
5755384 214845986 1
5755384 214848997 1
5755384 214845917 0.5
11098617 214678376 1
11098617 214853102 1
11098617 214857185 1
11098617 214696434 0.5
11098617 214646612 0.5
11098617 214853165 0.5
3087103 214835019 1
3087103 214835745 1
3087103 214834867 1
3087103 214587712 0.5
3087103 214835017 0.5
3087103 214835747 0.5
2912766 214835019 1
2912766 214835747 1
2912766 214835017 1
2912766 214587712 0.5
9945599 214853707 1
9945599 214853722 1
9945599 214853730 1
9945599 214853702 0.5
5097993 214844398 1
5097993 214844372 1
5097993 214844396 1
5097993 214844400 0.5
5097993 214845380 0.5
5097993 214743335 0.5
8581931 214851737 1
8581931 214853092 1
8581931 214819412 1
8581931 214564320 0.5
8581931 214686857 0.5
8581931 214851290 0.5
8581931 214851238 0.5
553484 214691632 1
553484 214842575 1
553484 214691484 1
553484 214826816 0.5
553484 214691681 0.5
553484 214826627 0.5
553484 214691428 0.5
553484 214684513 0.5
553484 214551613 0.5
553484 214838750 0.5
7643662 214846344 1
7643662 214849466 1
7643662 214845984 1
7643662 214836855 0.5
9470482 214540070 1
9470482 214853420 1
9470482 214540127 1
9470482 214567100 0.5
9470482 214839596 0.5
8124949 214851028 1
8124949 214716714 1
8124949 214851080 1
8124949 214748334 0.5
8124949 214848375 0.5
1427992 214834877 1
1427992 214826610 1
1427992 214829366 1
1427992 214821294 0.5
8958491 214852978 1
8958491 214853077 1
8958491 214852980 1
8958491 214853105 0.5
8958491 214853090 0.5
8958491 214851326 0.5
8958491 214853085 0.5
8958491 214853094 0.5
3582496 214821309 1
3582496 214835019 1
3582496 214826565 1
3582496 214828985 0.5
3582496 214826998 0.5
3582496 214657318 0.5
4294064 214845131 1
4294064 214602733 1
4294064 214848176 1
4294064 214839969 0.5
4294064 214839971 0.5
4294064 214829287 0.5
4294064 214542759 0.5
4294064 214848178 0.5
4294064 214587317 0.5
4294064 214836857 0.5
4294064 214828985 0.5
8311217 214851077 1
8311217 214851075 1
8311217 214845806 1
8311217 214835137 0.5
8311217 214853094 0.5
8311217 214676306 0.5
8311217 214851099 0.5
8311217 214851133 0.5
8311217 214838111 0.5
5409322 214821277 1
5409322 214844372 1
5409322 214844396 1
5409322 214835473 0.5
5720619 214820443 1
5720619 214845939 1
5720619 214845135 1
5720619 214581761 0.5
2705964 214839617 1
2705964 214826623 1
2705964 214601229 1
2705964 214829280 0.5
2705964 214718117 0.5
2705964 214826951 0.5
2705964 214643340 0.5
2705964 214718385 0.5
2705964 214717850 0.5
2705964 214690110 0.5
2705964 214579839 0.5
9147826 214853077 1
9147826 214853105 1
9147826 214852980 1
9147826 214853096 0.5
7185502 214716707 1
7185502 214832604 1
7185502 214846333 1
7185502 214680722 0.5
7185502 214820396 0.5
7185502 214829775 0.5
8448777 214684942 1
8448777 214851131 1
8448777 214851097 1
8448777 214851592 0.5
8448777 214716746 0.5
8448777 214851163 0.5
6957629 214848324 1
6957629 214848746 1
6957629 214643036 1
6957629 214645785 0.5
6957629 214645970 0.5
6957629 214832619 0.5
6957629 214684108 0.5
5610046 214644662 1
5610046 214531620 1
5610046 214674658 1
5610046 214685857 0.5
5610046 214836075 0.5
5610046 214836133 0.5
5610046 214819430 0.5
6586943 214849320 1
6586943 214849322 1
6586943 214849318 1
6586943 214849192 0.5
6586943 214849185 0.5
6586943 214849179 0.5
10334784 214854298 1
10334784 214853767 1
10334784 214853732 1
10334784 214853724 0.5
11248197 214857562 1
11248197 214857570 1
11248197 214858333 1
11248197 214857268 0.5
8059467 214851131 1
8059467 214848302 1
8059467 214854470 1
8059467 214574672 0.5
8059467 214716110 0.5
8059467 214821382 0.5
8059467 214851133 0.5
2680858 214835019 1
2680858 214834880 1
2680858 214826587 1
2680858 214711271 0.5
7793237 214851236 1
7793237 214848656 1
7793237 214846333 1
7793237 214834880 0.5
7793237 214849250 0.5
7793237 214849284 0.5
7793237 214826949 0.5
7793237 214557009 0.5
7793237 214680722 0.5
7793237 214583670 0.5
7793237 214612730 0.5
7793237 214826623 0.5
9796182 214853353 1
9796182 214844355 1
9796182 214820400 1
9796182 214853713 0.5
9796182 214853722 0.5
9796182 214846460 0.5
2576983 214843989 1
2576983 214821371 1
2576983 214831946 1
2576983 214843905 0.5
2576983 214829887 0.5
10812516 214853100 1
10812516 214854791 1
10812516 214854782 1
10812516 214854840 0.5
10812516 214854808 0.5
10812516 214853102 0.5
5673566 214845986 1
5673566 214846119 1
5673566 214845962 1
5673566 214845420 0.5
5673566 214848997 0.5
4663903 214845131 1
4663903 214839971 1
4663903 214748336 1
4663903 214828985 0.5
4663903 214839969 0.5
4663903 214839962 0.5
4663903 214839973 0.5
4663903 214602733 0.5
7156322 214846312 1
7156322 214553257 1
7156322 214849010 1
7156322 214581611 0.5
7156322 214819393 0.5
7156322 214819427 0.5
7156322 214846318 0.5
7156322 214553587 0.5
7016123 214846412 1
7016123 214849031 1
7016123 214846479 1
7016123 214846466 0.5
7016123 214829797 0.5
7016123 214849736 0.5
7016123 214846530 0.5
7016123 214846447 0.5
7016123 214800272 0.5
7016123 214846417 0.5
7016123 214846415 0.5
7016123 214845885 0.5
473702 214832653 1
473702 214716984 1
473702 214832655 1
473702 214717007 0.5
1849959 214834869 1
1849959 214695399 1
1849959 214829752 1
1849959 214565512 0.5
1849959 214832720 0.5
1849959 214829034 0.5
5509738 214835167 1
5509738 214829765 1
5509738 214835426 1
5509738 214845579 0.5
7946866 214850692 1
7946866 214850870 1
7946866 214850700 1
7946866 214557223 0.5
5304948 214845590 1
5304948 214829765 1
5304948 214835167 1
5304948 214850402 0.5
5304948 214845412 0.5
5304948 214835109 0.5
5304948 214826990 0.5
5304948 214821410 0.5
5304948 214844398 0.5
5304948 214835475 0.5
5304948 214836853 0.5
5304948 214835064 0.5
5304948 214845435 0.5
5304948 214839932 0.5
5304948 214829797 0.5
7086709 214849734 1
7086709 214849760 1
7086709 214844355 1
7086709 214844396 0.5
9669238 214853338 1
9669238 214850949 1
9669238 214853340 1
9669238 214853428 0.5
9669238 214831955 0.5
9669238 214853420 0.5
9669238 214853422 0.5
291447 214821285 1
291447 214821277 1
291447 214821292 1
291447 214826702 0.5
8909433 214851326 1
8909433 214853090 1
8909433 214853248 1
8909433 214853105 0.5
8909433 214853085 0.5
8909433 214853094 0.5
10725482 214854300 1
10725482 214854579 1
10725482 214854585 1
10725482 214849464 0.5
10725482 214819577 0.5
10725482 214850741 0.5
5436031 214840091 1
5436031 214836956 1
5436031 214669730 1
5436031 214834877 0.5
4649408 214839971 1
4649408 214839960 1
4649408 214839965 1
4649408 214839969 0.5
4649408 214839975 0.5
10646977 214567329 1
10646977 214854815 1
10646977 214567327 1
10646977 214849464 0.5
10646977 214854262 0.5
10646977 214567333 0.5
10646977 214854510 0.5
12931 214821290 1
12931 214826816 1
12931 214826608 1
12931 214826705 0.5
10435209 214854532 1
10435209 214853925 1
10435209 214694156 1
10435209 214854146 0.5
10435209 214854172 0.5
10435209 214854165 0.5
9167504 214853077 1
9167504 214851326 1
9167504 214852980 1
9167504 214853085 0.5
9063534 214846127 1
9063534 214848658 1
9063534 214846067 1
9063534 214839587 0.5
9063534 214743495 0.5
9063534 214753515 0.5
9063534 214748336 0.5
9063534 214845457 0.5
9063534 214831967 0.5
5202583 214839587 1
5202583 214602733 1
5202583 214829321 1
5202583 214578326 0.5
5202583 214706102 0.5
5202583 214832015 0.5
7406233 214678880 1
7406233 214849337 1
7406233 214850396 1
7406233 214849329 0.5
7406233 214850398 0.5
9122459 214852980 1
9122459 214853105 1
9122459 214853077 1
9122459 214853096 0.5
9122459 214853085 0.5
7600797 214844458 1
7600797 214854630 1
7600797 214717005 1
7600797 214854632 0.5
7600797 214832655 0.5
7600797 214844456 0.5
7600797 214716980 0.5
7600797 214844441 0.5
7600797 214821309 0.5
7600797 214716926 0.5
8518304 214853186 1
8518304 214853242 1
8518304 214853225 1
8518304 214853210 0.5
8518304 214853190 0.5
11025063 214853102 1
11025063 214835000 1
11025063 214639464 1
11025063 214835004 0.5
11025063 214857204 0.5
11025063 214857551 0.5
5804714 214844368 1
5804714 214714760 1
5804714 214563335 1
5804714 214846457 0.5
5804714 214554450 0.5
5804714 214850775 0.5
8891051 214853094 1
8891051 214853105 1
8891051 214853090 1
8891051 214853096 0.5
8891051 214853085 0.5
10885341 214854785 1
10885341 214853102 1
10885341 214853362 1
10885341 214854720 0.5
10885341 214853081 0.5
10105523 214853707 1
10105523 214853698 1
10105523 214853767 1
10105523 214854152 0.5
10105523 214853353 0.5
10105523 214574670 0.5
11125428 214853100 1
11125428 214864880 1
11125428 214854840 1
11125428 214855016 0.5
11125428 214854332 0.5
11125428 214859246 0.5
204678 214826627 1
204678 214541582 1
204678 214744260 1
204678 214826835 0.5
204678 214583947 0.5
4694712 214587317 1
4694712 214602598 1
4694712 214831970 1
4694712 214839943 0.5
10298043 214861498 1
10298043 214846391 1
10298043 214840001 1
10298043 214851135 0.5
10298043 214687685 0.5
10298043 214836830 0.5
10298043 214854583 0.5
10570428 214853113 1
10570428 214854536 1
10570428 214854515 1
10570428 214854354 0.5
699069 214586923 1
699069 214819528 1
699069 214603138 1
699069 214530264 0.5
699069 214602731 0.5
699069 214602735 0.5
10064576 214718220 1
10064576 214718169 1
10064576 214854060 1
10064576 214718160 0.5
10064576 214853730 0.5
10064576 214853700 0.5
10064576 214853698 0.5
10064576 214853722 0.5
490272 214821285 1
490272 214820383 1
490272 214827009 1
490272 214684841 0.5
490272 214709690 0.5
490272 214826803 0.5
490272 214709645 0.5
490272 214826615 0.5
2278082 214586576 1
2278082 214829366 1
2278082 214676019 1
2278082 214642314 0.5
2278082 214707883 0.5
2278082 214535094 0.5
4762307 214839975 1
4762307 214839960 1
4762307 214828991 1
4762307 214820402 0.5
4762307 214839932 0.5
6273732 214848605 1
6273732 214829390 1
6273732 214848656 1
6273732 214848992 0.5
1274567 214821305 1
1274567 214821309 1
1274567 214821341 1
1274567 214821302 0.5
7535313 214850936 1
7535313 214850771 1
7535313 214850792 1
7535313 214651777 0.5
1843924 214829852 1
1843924 214819376 1
1843924 214587712 1
1843924 214834880 0.5
1843924 214706102 0.5
1843924 214586743 0.5
2470613 214835512 1
2470613 214829878 1
2470613 214551613 1
2470613 214829880 0.5
2470613 214835124 0.5
2980569 214835019 1
2980569 643078800 1
2980569 214820396 1
2980569 214820392 0.5
2980569 214553865 0.5
2980569 214821401 0.5
2980569 214819430 0.5
2980569 214831959 0.5
10195723 214853767 1
10195723 214853730 1
10195723 214853698 1
10195723 214853707 0.5
2499293 214819526 1
2499293 214826874 1
2499293 214718387 1
2499293 214791635 0.5
9738974 214835745 1
9738974 214835747 1
9738974 214839594 1
9738974 214835017 0.5
9149832 214851326 1
9149832 214853094 1
9149832 214853420 1
9149832 214853090 0.5
9149832 214853454 0.5
10062564 214853726 1
10062564 214854268 1
10062564 214567329 1
10062564 214853732 0.5
10062564 214567333 0.5
10062564 214854262 0.5
10062564 214819599 0.5
10062564 214684785 0.5
10062564 214854358 0.5
10062564 214854495 0.5
11182824 214854838 1
11182824 214854785 1
11182824 214853102 1
11182824 214854860 0.5
7472629 214850790 1
7472629 214850938 1
7472629 214850936 1
7472629 214850405 0.5
11135726 214849250 1
11135726 214854733 1
11135726 214853698 1
11135726 214575665 0.5
11135726 214836855 0.5
3128047 214836330 1
3128047 214835550 1
3128047 214829852 1
3128047 214826977 0.5
3128047 214674701 0.5
3128047 214743495 0.5
2654966 214829880 1
2654966 214829878 1
2654966 214829887 1
2654966 214831948 0.5
7195346 214684717 1
7195346 214846031 1
7195346 214849745 1
7195346 214717850 0.5
7195346 214717436 0.5
7195346 214850285 0.5
8033017 214852978 1
8033017 214851326 1
8033017 214853085 1
8033017 214853090 0.5
6185722 214846367 1
6185722 214846460 1
6185722 214845585 1
6185722 214846472 0.5
6185722 214820197 0.5
6185722 214846110 0.5
6185722 214848165 0.5
6945682 214848849 1
6945682 214849020 1
6945682 214848658 1
6945682 214643681 0.5
6945682 214849284 0.5
6945682 214848945 0.5
6945682 214848947 0.5
6945682 214849046 0.5
6945682 214849239 0.5
6945682 214848954 0.5
6945682 214848986 0.5
6945682 214849022 0.5
9427714 214844400 1
9427714 214744775 1
9427714 214820396 1
9427714 214853353 0.5
9427714 214851290 0.5
9427714 214853713 0.5
11333419 214832657 1
11333419 214716950 1
11333419 214854630 1
11333419 214854632 0.5
11333419 214832653 0.5
11333419 214716943 0.5
11333419 214717007 0.5
11333419 214832655 0.5
11333419 214717005 0.5
2622219 214829880 1
2622219 214829885 1
2622219 214831950 1
2622219 214829882 0.5
3691278 214838227 1
3691278 214836932 1
3691278 214835109 1
3691278 214835167 0.5
7293717 214826990 1
7293717 214849284 1
7293717 214606948 1
7293717 214573288 0.5
7293717 214844345 0.5
7293717 214829387 0.5
7293717 214707995 0.5
7293717 214554982 0.5
8844421 214853094 1
8844421 214851326 1
8844421 214853132 1
8844421 214853248 0.5
8844421 214853222 0.5
8844421 214853227 0.5
8844421 214853135 0.5
8844421 214852978 0.5
8844421 214853237 0.5
4410144 214714663 1
4410144 214829765 1
4410144 214835109 1
4410144 214581536 0.5
4410144 214835137 0.5
4410144 214684843 0.5
4410144 214829383 0.5
4410144 214553544 0.5
4410144 214718379 0.5
4410144 214819762 0.5
4410144 214738453 0.5
4410144 214835167 0.5
2710832 214826565 1
2710832 214829364 1
2710832 214602600 1
2710832 214834867 0.5
3069171 214835747 1
3069171 214587712 1
3069171 214834877 1
3069171 214834880 0.5
3069171 214553257 0.5
3069171 214819586 0.5
3069171 214833755 0.5
3069171 214657322 0.5
2761513 214748338 1
2761513 214753513 1
2761513 214748302 1
2761513 214835124 0.5
8475438 214849001 1
8475438 214850705 1
8475438 214849136 1
8475438 214586694 0.5
8475438 214600492 0.5
8475438 214844342 0.5
8475438 214846391 0.5
8475438 214832792 0.5
8475438 214844347 0.5
8235823 214846312 1
8235823 214668219 1
8235823 214651785 1
8235823 214819393 0.5
8235823 214842345 0.5
8235823 214581611 0.5
8235823 214645871 0.5
8235823 214850771 0.5
8235823 214840762 0.5
8235823 214849055 0.5
3783477 214835167 1
3783477 214839596 1
3783477 214829765 1
3783477 214829771 0.5
3783477 214829773 0.5
4878132 214835167 1
4878132 214832557 1
4878132 214836924 1
4878132 214821024 0.5
4878132 214708040 0.5
4878132 214821020 0.5
4878132 214718160 0.5
5389114 214844400 1
5389114 214844372 1
5389114 214844370 1
5389114 214835473 0.5
5389114 214844355 0.5
5389114 214844398 0.5
5389114 214844345 0.5
6669869 214849318 1
6669869 214849322 1
6669869 214849179 1
6669869 214509401 0.5
6669869 214846301 0.5
9691964 214853428 1
9691964 214853420 1
9691964 214850945 1
9691964 214850947 0.5
2325312 214834867 1
2325312 214835019 1
2325312 214837918 1
2325312 214835111 0.5
2325312 214832780 0.5
2325312 214819760 0.5
2325312 214819762 0.5
2325312 214835124 0.5
2325312 214837916 0.5
2325312 214831967 0.5
2315201 214829887 1
2315201 214829882 1
2315201 214829878 1
2315201 214829885 0.5
6214473 214848375 1
6214473 214848808 1
6214473 214848851 1
6214473 214848832 0.5
6521677 214846419 1
6521677 214846029 1
6521677 214846014 1
6521677 214829280 0.5
6521677 214846305 0.5
6521677 214848971 0.5
6521677 214714757 0.5
6521677 214819430 0.5
6521677 214697291 0.5
6521677 214577387 0.5
6521677 214837483 0.5
6521677 214829887 0.5
5311674 214844345 1
5311674 214844342 1
5311674 214844347 1
5311674 214844340 0.5
1411928 214834877 1
1411928 214826610 1
1411928 214829387 1
1411928 214834880 0.5
1147743 214834880 1
1147743 214826610 1
1147743 214828976 1
1147743 214829321 0.5
1147743 214829387 0.5
1147743 214554277 0.5
1147743 214829366 0.5
1147743 214820805 0.5
7149712 214850282 1
7149712 214850295 1
7149712 214850315 1
7149712 214849155 0.5
7149712 214850285 0.5
7149712 214850310 0.5
1321827 214834877 1
1321827 214826610 1
1321827 214829366 1
1321827 214829387 0.5
928612 214826912 1
928612 214827009 1
928612 214826705 1
928612 214571188 0.5
3509093 214835503 1
3509093 214587712 1
3509093 214835475 1
3509093 214831937 0.5
3509093 214820402 0.5
3509093 214829083 0.5
3509093 214820197 0.5
9630566 214700002 1
9630566 214853325 1
9630566 214853460 1
9630566 214859139 0.5
9630566 214831946 0.5
9630566 214850315 0.5
9630566 214831948 0.5
9630566 214826987 0.5
9630566 214849809 0.5
9630566 214850942 0.5
570216 214826844 1
570216 214718398 1
570216 214819530 1
570216 214711408 0.5
570216 214684730 0.5
570216 214826891 0.5
570216 214718396 0.5
570216 214711318 0.5
3433321 214835167 1
3433321 214838137 1
3433321 214829765 1
3433321 214836877 0.5
3433321 214835109 0.5
6486162 214848337 1
6486162 214848950 1
6486162 214835109 1
6486162 214846121 0.5
6486162 214829387 0.5
6486162 214554283 0.5
10244974 214687685 1
10244974 214854536 1
10244974 214854352 1
10244974 214850792 0.5
10244974 214853113 0.5
10244974 214853852 0.5
10244974 214819599 0.5
10894281 214854795 1
10894281 214854722 1
10894281 214854720 1
10894281 214853081 0.5
10894281 214851757 0.5
10568564 214849745 1
10568564 214846432 1
10568564 214846258 1
10568564 214853698 0.5
10568564 214851748 0.5
10568564 214853992 0.5
10568564 214854731 0.5
10568564 214835426 0.5
10568564 214981102 0.5
10568564 214854352 0.5
10568564 214581587 0.5
10568564 214854510 0.5
2442103 214821335 1
2442103 214831957 1
2442103 214738457 1
2442103 214820392 0.5
2442103 214601233 0.5
2442103 214835124 0.5
2442103 214831959 0.5
2442103 214827032 0.5
2442103 214829882 0.5
2442103 214831965 0.5
10659211 214854268 1
10659211 214854264 1
10659211 214854358 1
10659211 214854352 0.5
1522557 214834877 1
1522557 214834880 1
1522557 214826610 1
1522557 214829387 0.5
1522557 214833755 0.5
8717184 214851326 1
8717184 214853090 1
8717184 214853248 1
8717184 214844396 0.5
4680171 214839962 1
4680171 214848174 1
4680171 214845806 1
4680171 214819760 0.5
4680171 214839960 0.5
4680171 214836330 0.5
4680171 214573123 0.5
4680171 214837494 0.5
4983219 214646507 1
4983219 214838094 1
4983219 214829672 1
4983219 214643945 0.5
4983219 214694330 0.5
8783681 214844394 1
8783681 214853077 1
8783681 214851131 1
8783681 214821305 0.5
8783681 214853233 0.5
8783681 214716671 0.5
8783681 214832655 0.5
6388619 214848695 1
6388619 214848622 1
6388619 214848950 1
6388619 214844372 0.5
6388619 214849076 0.5
8999821 214853242 1
8999821 214852978 1
8999821 214851750 1
8999821 214716746 0.5
8999821 214853077 0.5
8999821 214853094 0.5
2128784 214717798 1
2128784 214595139 1
2128784 214691426 1
2128784 214710152 0.5
5389203 214844396 1
5389203 214844400 1
5389203 214835473 1
5389203 214602733 0.5
2640788 214829882 1
2640788 214831948 1
2640788 214829878 1
2640788 214829887 0.5
10636182 214854536 1
10636182 214854534 1
10636182 214854352 1
10636182 214835000 0.5
10636182 214853113 0.5
10636182 214854354 0.5
10636182 214850741 0.5
10636182 214854542 0.5
211097 214826621 1
211097 214826619 1
211097 214826998 1
211097 214743335 0.5
211097 214826927 0.5
211097 214827000 0.5
211097 214821300 0.5
211097 214826837 0.5
211097 214826934 0.5
211097 214826872 0.5
211097 214717562 0.5
211097 214746427 0.5
211097 214827005 0.5
211097 214827007 0.5
4830106 214845131 1
4830106 214602598 1
4830106 214839971 1
4830106 214839975 0.5
3851167 214826623 1
3851167 214738457 1
3851167 214836924 1
3851167 214829745 0.5
6031314 214848337 1
6031314 214835017 1
6031314 214846410 1
6031314 214848808 0.5
3687238 214835167 1
3687238 214829765 1
3687238 214836851 1
3687238 214835745 0.5
3687238 214838225 0.5
3687238 214832124 0.5
3687238 214836133 0.5
3687238 214717007 0.5
9460646 214851585 1
9460646 214853385 1
9460646 214853383 1
9460646 214851232 0.5
9460646 214835109 0.5
9460646 214850726 0.5
9460646 214854152 0.5
9460646 214848337 0.5
9460646 214556025 0.5
9460646 214851290 0.5
9460646 214853852 0.5
9460646 214561402 0.5
8688552 214853195 1
8688552 214853233 1
8688552 214853227 1
8688552 214853184 0.5
8688552 214853225 0.5
8688552 214848613 0.5
1142928 214828980 1
1142928 214821395 1
1142928 214829008 1
1142928 214820392 0.5
1142928 214829053 0.5
1142928 214586694 0.5
1142928 214586743 0.5
528479 214828987 1
528479 214826912 1
528479 214826617 1
528479 214558192 0.5
528479 214558080 0.5
1380167 214821317 1
1380167 214834877 1
1380167 214821412 1
1380167 214834880 0.5
6568876 214848656 1
6568876 214848337 1
6568876 214846535 1
6568876 214848328 0.5
6679471 214839973 1
6679471 214848375 1
6679471 214832604 1
6679471 214717048 0.5
6679471 214848371 0.5
6679471 214829390 0.5
2157489 214829846 1
2157489 214829711 1
2157489 214829705 1
2157489 214832717 0.5
2319284 214831967 1
2319284 214826977 1
2319284 214829878 1
2319284 214829882 0.5
4864841 214842435 1
4864841 214842577 1
4864841 214843905 1
4864841 214843449 0.5
4864841 214691677 0.5
4864841 214748310 0.5
4864841 214843903 0.5
10920889 214853460 1
10920889 214854787 1
10920889 214855153 1
10920889 214854860 0.5
7742394 214850936 1
7742394 214850621 1
7742394 214819577 1
7742394 214850720 0.5
7742394 214820454 0.5
7742394 214850760 0.5
7742394 214675895 0.5
7742394 214573305 0.5
7742394 214850557 0.5
7742394 214564382 0.5
4207547 214835968 1
4207547 214836146 1
4207547 214836352 1
4207547 214835786 0.5
3580862 214551607 1
3580862 214844439 1
3580862 214821305 1
3580862 214844465 0.5
3580862 214612706 0.5
3580862 214821315 0.5
3580862 214550542 0.5
4885664 214826825 1
4885664 214839973 1
4885664 214844349 1
4885664 214845380 0.5
4885664 214838094 0.5
4885664 214845806 0.5
10508501 214853767 1
10508501 214854527 1
10508501 214851581 1
10508501 214738464 0.5
10508501 214748257 0.5
10508501 214687685 0.5
10508501 214595150 0.5
10508501 214748336 0.5
10508501 214848945 0.5
10508501 214848658 0.5
10508501 214854583 0.5
10508501 214717498 0.5
9898949 214854358 1
9898949 214853735 1
9898949 214854549 1
9898949 214853700 0.5
9898949 214850949 0.5
9898949 214853996 0.5
9898949 214853422 0.5
9898949 214854174 0.5
9898949 214837494 0.5
9898949 214850942 0.5
9898949 214854495 0.5
10714054 214854547 1
10714054 214854585 1
10714054 214854300 1
10714054 214861498 0.5
10714054 214850741 0.5
10714054 214854534 0.5
8328136 214685049 1
8328136 214851080 1
8328136 214851161 1
8328136 214848851 0.5
8328136 214851234 0.5
8328136 214851587 0.5
8328136 214851575 0.5
2634697 214826623 1
2634697 214831965 1
2634697 214821407 1
2634697 214716752 0.5
2634697 214687565 0.5
2634697 214828982 0.5
2634697 214738455 0.5
2657226 214829878 1
2657226 214829882 1
2657226 214826983 1
2657226 214686082 0.5
2657226 214712235 0.5
2657226 214831948 0.5
2657226 214831946 0.5
2657226 214701787 0.5
1057741 214833755 1
1057741 214829387 1
1057741 214826610 1
1057741 214834880 0.5
2542542 214829885 1
2542542 214686082 1
2542542 214829887 1
2542542 214831952 0.5
2542542 214829882 0.5
2542542 214538572 0.5
2542542 214829878 0.5
3898944 214829079 1
3898944 214836830 1
3898944 214821285 1
3898944 214820227 0.5
6104016 214848808 1
6104016 214714794 1
6104016 214848832 1
6104016 214848322 0.5
6104016 214700987 0.5
6104016 214846460 0.5
6104016 214716671 0.5
10582947 214854705 1
10582947 214854819 1
10582947 214853094 1
10582947 214852978 0.5
6159318 214832653 1
6159318 214716982 1
6159318 214717003 1
6159318 214717005 0.5
10154974 214854358 1
10154974 214854268 1
10154974 214854264 1
10154974 214567329 0.5
4088997 214826945 1
4088997 214838107 1
4088997 214838098 1
4088997 214684736 0.5
4088997 214838096 0.5
4088997 214831942 0.5
4088997 214829887 0.5
7126417 214849292 1
7126417 214849344 1
7126417 214849764 1
7126417 214667912 0.5
7126417 214509401 0.5
7126417 214844355 0.5
181217 214748336 1
181217 214709666 1
181217 214744535 1
181217 214819721 0.5
181217 214717562 0.5
181217 214554765 0.5
181217 214821022 0.5
181217 214743495 0.5
6867742 214849344 1
6867742 214849284 1
6867742 214849331 1
6867742 214696897 0.5
6867742 214829387 0.5
6867742 214849230 0.5
6867742 214848945 0.5
6867742 214826610 0.5
6867742 214667859 0.5
6867742 214849046 0.5
6867742 214848954 0.5
6867742 214849022 0.5
3881126 214829773 1
3881126 214829771 1
3881126 214826938 1
3881126 214582350 0.5
9075687 214850754 1
9075687 214851742 1
9075687 214853165 1
9075687 214849344 0.5
9075687 214853128 0.5
9075687 214850765 0.5
9075687 214851313 0.5
9075687 214676019 0.5
9075687 214851315 0.5
9075687 214836924 0.5
9075687 214680467 0.5
9075687 214853087 0.5
10865642 214853100 1
10865642 214854840 1
10865642 214854782 1
10865642 214854682 0.5
10865642 214680371 0.5
9380843 214853379 1
9380843 214853417 1
9380843 214853347 1
9380843 214846468 0.5
2991571 214587712 1
2991571 214835747 1
2991571 214748336 1
2991571 214819721 0.5
2991571 214835017 0.5
2991571 214743495 0.5
4390397 214839973 1
4390397 214602598 1
4390397 214845131 1
4390397 214839969 0.5
4390397 214839592 0.5
4390397 214839600 0.5
4390397 214834867 0.5
4390397 214839960 0.5
4390397 214821401 0.5
4390397 214839932 0.5
9329649 214853420 1
9329649 214850945 1
9329649 214850947 1
9329649 214850949 0.5
5512179 214846033 1
5512179 214839973 1
5512179 214846061 1
5512179 214835017 0.5
5512179 214836330 0.5
5512179 214846447 0.5
5512179 214846007 0.5
5512179 214845917 0.5
5512179 214845887 0.5
7986166 214853177 1
7986166 214853175 1
7986166 214853758 1
7986166 214851120 0.5
7986166 214828882 0.5
7986166 214853173 0.5
8348663 214849740 1
8348663 214849001 1
8348663 214748336 1
8348663 214826994 0.5
8348663 214849764 0.5
8348663 214716982 0.5
9790457 214853424 1
9790457 214850945 1
9790457 214848986 1
9790457 214718387 0.5
10290172 214854264 1
10290172 214854268 1
10290172 214684762 1
10290172 214684785 0.5
10290172 214854354 0.5
10290172 214854300 0.5
10290172 214854549 0.5
10290172 214854358 0.5
10231978 214850942 1
10231978 214849807 1
10231978 214556218 1
10231978 214577340 0.5
2858817 214839617 1
2858817 214837882 1
2858817 214835122 1
2858817 214835475 0.5
2858817 214612730 0.5
2858817 214835019 0.5
2858817 214826623 0.5
2858817 214836847 0.5
1760259 214829396 1
1760259 214718210 1
1760259 214821410 1
1760259 214711280 0.5
1760259 214559960 0.5
1760259 214835021 0.5
8639492 214853077 1
8639492 214852978 1
8639492 214852980 1
8639492 214853096 0.5
8639492 214853094 0.5
737229 214837485 1
737229 214837442 1
737229 214753507 1
737229 214837483 0.5
737229 214698446 0.5
5199703 214838092 1
5199703 214840091 1
5199703 214837280 1
5199703 214694330 0.5
5199703 214646507 0.5
5199703 214838094 0.5
9157644 214851326 1
9157644 214853090 1
9157644 214853085 1
9157644 214853096 0.5
9157644 214844347 0.5
9157644 214848997 0.5
10896557 214853100 1
10896557 214853102 1
10896557 214854800 1
10896557 214864880 0.5
10896557 214855016 0.5
10896557 214854853 0.5
4592472 214839962 1
4592472 214832147 1
4592472 214839965 1
4592472 214821407 0.5
5278739 214844398 1
5278739 214844370 1
5278739 214835109 1
5278739 214844345 0.5
5278739 214836330 0.5
5278739 214845587 0.5
5278739 214844372 0.5
5278739 214844342 0.5
10476564 214567329 1
10476564 214854264 1
10476564 214854268 1
10476564 214567215 0.5
9592669 214853420 1
9592669 214853422 1
9592669 214850942 1
9592669 214711307 0.5
2319193 214829885 1
2319193 214717095 1
2319193 214831948 1
2319193 214829878 0.5
7552031 214850938 1
7552031 214850411 1
7552031 214850848 1
7552031 214850936 0.5
7552031 214820394 0.5
7552031 214850621 0.5
11102384 214644159 1
11102384 214854583 1
11102384 214688115 1
11102384 214853402 0.5
11102384 214854682 0.5
3866142 214838227 1
3866142 214829799 1
3866142 214745317 1
3866142 214651517 0.5
9329811 214853428 1
9329811 214853420 1
9329811 214850947 1
9329811 214850942 0.5
1614887 214834880 1
1614887 214821015 1
1614887 214826619 1
1614887 214826621 0.5
9465533 214850942 1
9465533 214850949 1
9465533 214853420 1
9465533 214853454 0.5
6155442 214845590 1
6155442 214846412 1
6155442 214846475 1
6155442 214819777 0.5
6155442 214718182 0.5
6155442 214561775 0.5
6155442 214836885 0.5
6155442 214826904 0.5
6155442 214826906 0.5
6155442 214846367 0.5
10591278 214850949 1
10591278 214853422 1
10591278 214850942 1
10591278 214846031 0.5
6451037 214845984 1
6451037 214839617 1
6451037 214846344 1
6451037 214848950 0.5
561081 214753507 1
561081 214753513 1
561081 214753505 1
561081 214557217 0.5
561081 214826955 0.5
4336692 214839973 1
4336692 214836947 1
4336692 214587712 1
4336692 214819760 0.5
4336692 214839932 0.5
4336692 214826990 0.5
4336692 214839975 0.5
8793144 214564380 1
8793144 214711247 1
8793144 214851101 1
8793144 214851585 0.5
8793144 214571010 0.5
8793144 214581761 0.5
8793144 214845954 0.5
8793144 214842382 0.5
8793144 214826990 0.5
8793144 214848926 0.5
8793144 214840483 0.5
8793144 214553257 0.5
8793144 214559660 0.5
8793144 214819640 0.5
8793144 214845939 0.5
8793144 214840757 0.5
8793144 214844342 0.5
8793144 214557313 0.5
8793144 214840762 0.5
8793144 214844347 0.5
8793144 214712124 0.5
8793144 214840760 0.5
8793144 214829765 0.5
8793144 214552522 0.5
8793144 214716110 0.5
8793144 214582200 0.5
8793144 214851159 0.5
8793144 214668249 0.5
8793144 214851290 0.5
8793144 214811739 0.5
8793144 214851292 0.5
8793144 214835167 0.5
8793144 214564320 0.5
8793144 214554982 0.5
8793144 214853094 0.5
8793144 214838503 0.5
8793144 214842345 0.5
8793144 214581611 0.5
8793144 214601197 0.5
8793144 214811758 0.5
8793144 214842365 0.5
8793144 214851313 0.5
8793144 214851315 0.5
8793144 214851577 0.5
8793144 214640893 0.5
8793144 214571006 0.5
8793144 214718207 0.5
10355133 214853454 1
10355133 214850368 1
10355133 214850287 1
10355133 214853424 0.5
10355133 214861455 0.5
10355133 214854853 0.5
10355133 214848967 0.5
3759163 214835019 1
3759163 214834867 1
3759163 214835747 1
3759163 214587712 0.5
2169916 214829664 1
2169916 214821392 1
2169916 214829666 1
2169916 214832722 0.5
4676674 214836512 1
4676674 214826893 1
4676674 214685867 1
4676674 214821017 0.5
4676674 214821022 0.5
4359237 214716937 1
4359237 214821339 1
4359237 214819410 1
4359237 214716977 0.5
4359237 214716971 0.5
4359237 214716926 0.5
4359237 214554358 0.5
4359237 214551607 0.5
2499656 214829878 1
2499656 214829051 1
2499656 214827062 1
2499656 214819468 0.5
10057911 214854268 1
10057911 214854510 1
10057911 214854264 1
10057911 214567329 0.5
10057911 214567215 0.5
2851918 214835019 1
2851918 214835132 1
2851918 214826947 1
2851918 214826780 0.5
786616 214838503 1
786616 214668590 1
786616 214712126 1
786616 214538951 0.5
1760339 214834877 1
1760339 214826610 1
1760339 214821328 1
1760339 214833755 0.5
1760339 214585554 0.5
1760339 214829387 0.5
1760339 214829366 0.5
5737558 214820443 1
5737558 214846119 1
5737558 214845962 1
5737558 214845965 0.5
5737558 214846117 0.5
5816506 214846033 1
5816506 214845984 1
5816506 214846065 1
5816506 214820377 0.5
8045662 214839617 1
8045662 214850402 1
8045662 214845583 1
8045662 214848322 0.5
10202207 214851097 1
10202207 214839617 1
10202207 214848178 1
10202207 214845984 0.5
10202207 214577450 0.5
10202207 214854172 0.5
10202207 214846415 0.5
5686371 214844372 1
5686371 214844398 1
5686371 214844396 1
5686371 214845984 0.5
7986276 214677615 1
7986276 214651777 1
7986276 214561775 1
7986276 214821020 0.5
4482918 214845131 1
4482918 214829287 1
4482918 214835469 1
4482918 214839600 0.5
4482918 214836857 0.5
4482918 214602598 0.5
10444988 214854536 1
10444988 214853713 1
10444988 214853722 1
10444988 214853700 0.5
10444988 214853767 0.5
10444988 214853353 0.5
10444988 214820394 0.5
10444988 214574672 0.5
10444988 214850739 0.5
10444988 214853852 0.5
1088618 214821305 1
1088618 214821302 1
1088618 214821313 1
1088618 214821341 0.5
1088618 214844454 0.5
9124978 214852978 1
9124978 214852980 1
9124978 214853077 1
9124978 214853096 0.5
5571699 214835019 1
5571699 214835745 1
5571699 214829668 1
5571699 214829670 0.5
529598 214716932 1
529598 214716928 1
529598 214716984 1
529598 214716969 0.5
529598 214716986 0.5
529598 214716988 0.5
529598 214716982 0.5
529598 214716999 0.5
10447813 214850792 1
10447813 214850619 1
10447813 214854352 1
10447813 214854577 0.5
10447813 214853435 0.5
501208 214826908 1
501208 214826625 1
501208 214826998 1
501208 214826872 0.5
501208 214821300 0.5
501208 214717562 0.5
501208 214826876 0.5
501208 214664919 0.5
8139909 214845585 1
8139909 214845583 1
8139909 214835064 1
8139909 214835019 0.5
8139909 214648254 0.5
9329799 214854176 1
9329799 214853381 1
9329799 214853848 1
9329799 214853152 0.5
9329799 214853435 0.5
9329799 214854148 0.5
9329799 214853413 0.5
9329799 214850855 0.5
9329799 214554793 0.5
9329799 214853994 0.5
9329799 214853420 0.5
9329799 214584047 0.5
9329799 214853428 0.5
9329799 214821371 0.5
9329799 214853852 0.5
9329799 214850949 0.5
2288778 214829878 1
2288778 214600509 1
2288778 214831948 1
2288778 214829880 0.5
8858764 214853096 1
8858764 214853085 1
8858764 214853105 1
8858764 214852980 0.5
8858764 214853094 0.5
1537168 214821335 1
1537168 214826610 1
1537168 214834880 1
1537168 214641962 0.5
1537168 214826563 0.5
1537168 214585554 0.5
904338 214558192 1
904338 214828987 1
904338 214826912 1
904338 214684845 0.5
904338 214826927 0.5
8417652 214851161 1
8417652 214685049 1
8417652 214851080 1
8417652 214851234 0.5
8417652 214851163 0.5
8417652 214851317 0.5
10214548 214556728 1
10214548 214829730 1
10214548 214819747 1
10214548 214849796 0.5
3021974 214834867 1
3021974 214826565 1
3021974 214835017 1
3021974 214680705 0.5
4824216 214839956 1
4824216 214602598 1
4824216 214587317 1
4824216 214839977 0.5
7715997 214717003 1
7715997 214717005 1
7715997 214855183 1
7715997 214854632 0.5
7715997 214832657 0.5
1373723 214821341 1
1373723 214612751 1
1373723 214612708 1
1373723 214551624 0.5
9780388 214854352 1
9780388 214853113 1
9780388 214854536 1
9780388 214820394 0.5
9780388 214853735 0.5
3880109 214836932 1
3880109 214835167 1
3880109 214829765 1
3880109 214836924 0.5
3880109 214835012 0.5
3880109 214832557 0.5
3286196 214829882 1
3286196 214829885 1
3286196 214829878 1
3286196 214711408 0.5
3286196 214820184 0.5
8072393 214853094 1
8072393 214853105 1
8072393 214851326 1
8072393 214714665 0.5
8072393 214853090 0.5
9674612 214850949 1
9674612 214850711 1
9674612 214850947 1
9674612 214853420 0.5
1733818 214826610 1
1733818 214834880 1
1733818 214834877 1
1733818 214833755 0.5
1733818 214687685 0.5
1733818 214712126 0.5
1733818 214826589 0.5
4041916 214533553 1
4041916 214839939 1
4041916 214831944 1
4041916 214509172 0.5
4041916 214664758 0.5
4041916 214664735 0.5
4113598 214839641 1
4113598 214748310 1
4113598 214839975 1
4113598 214834880 0.5
4113598 214826990 0.5
4113598 214656422 0.5
4113598 214834877 0.5
7186223 214839581 1
7186223 214743367 1
7186223 214687839 1
7186223 214684108 0.5
5478059 214831946 1
5478059 214835548 1
5478059 214829878 1
5478059 214835552 0.5
5478059 214696897 0.5
5478059 214698420 0.5
5283921 214848997 1
5283921 214845887 1
5283921 214845581 1
5283921 214845984 0.5
5283921 214845480 0.5
5283921 214849001 0.5
5283921 214829739 0.5
5283921 214832145 0.5
5283921 214845917 0.5
5958361 214712237 1
5958361 214820214 1
5958361 214684702 1
5958361 214846033 0.5
2891981 214832126 1
2891981 214835107 1
2891981 214832128 1
2891981 214832555 0.5
8895696 214853242 1
8895696 214853132 1
8895696 214853135 1
8895696 214853227 0.5
8895696 214851748 0.5
8895696 214853222 0.5
8895696 214853225 0.5
8895696 214853195 0.5
8895696 214853237 0.5
8895696 214685049 0.5
8895696 214853210 0.5
11087058 214830557 1
11087058 214853081 1
11087058 214854857 1
11087058 214830384 0.5
11087058 214854682 0.5
11087058 214854819 0.5
11087058 214861498 0.5
2090197 214829657 1
2090197 214819599 1
2090197 214820394 1
2090197 214829664 0.5
2090197 214829385 0.5
2090197 214744779 0.5
2090197 214832722 0.5
2090197 214819770 0.5
2090197 214829660 0.5
189254 214819472 1
189254 214685242 1
189254 214711078 1
189254 214684730 0.5
189254 214694330 0.5
189254 214821279 0.5
337112 214826702 1
337112 214826897 1
337112 214826955 1
337112 214826889 0.5
337112 214691426 0.5
11037918 214854840 1
11037918 214855016 1
11037918 214864880 1
11037918 214853362 0.5
11037918 214854819 0.5
10290399 214684115 1
10290399 214854080 1
10290399 214854257 1
10290399 214854313 0.5
2645216 214829882 1
2645216 214829878 1
2645216 214829885 1
2645216 214829880 0.5
2645216 214835137 0.5
10718439 214853767 1
10718439 214854538 1
10718439 214854600 1
10718439 214556216 0.5
10718439 214556212 0.5
10991681 214848658 1
10991681 214854838 1
10991681 214854731 1
10991681 214854356 0.5
10991681 214854815 0.5
6716659 214836926 1
6716659 214844345 1
6716659 214846001 1
6716659 214553561 0.5
6716659 214845954 0.5
6716659 214665277 0.5
6716659 214834877 0.5
6716659 214849333 0.5
11265271 214853420 1
11265271 214853454 1
11265271 214829878 1
11265271 214848605 0.5
3732728 214836932 1
3732728 214836947 1
3732728 214837882 1
3732728 214553561 0.5
11008249 214853735 1
11008249 214854174 1
11008249 214853724 1
11008249 214567215 0.5
11008249 214567327 0.5
10231036 214684785 1
10231036 214567327 1
10231036 214567333 1
10231036 214854262 0.5
10231036 214854510 0.5
10231036 214854358 0.5
10231036 214854549 0.5
10884743 214853102 1
10884743 214854782 1
10884743 214850282 1
10884743 214853100 0.5
10884743 214854853 0.5
10884743 214850285 0.5
7601409 214851587 1
7601409 214851234 1
7601409 214716746 1
7601409 214851080 0.5
7601409 214851073 0.5
7601409 214848851 0.5
7601409 214716654 0.5
7601409 214851161 0.5
9213186 214853852 1
9213186 214853996 1
9213186 214854148 1
9213186 214853413 0.5
9213186 214853702 0.5
9213186 214854152 0.5
9213186 214854118 0.5
9213186 214853994 0.5
9213186 214584047 0.5
9213186 214853848 0.5
9213186 214853722 0.5
8207621 214850932 1
8207621 214851080 1
8207621 214851317 1
8207621 214851234 0.5
10420097 214853713 1
10420097 214853767 1
10420097 214853700 1
10420097 214853730 0.5
10420097 214684785 0.5
10420097 214850741 0.5
10420097 214854358 0.5
10420097 214854264 0.5
10420097 214684762 0.5
10420097 214848315 0.5
10420097 214854300 0.5
2661642 214819721 1
2661642 214748336 1
2661642 214839600 1
2661642 214826977 0.5
2661642 214712130 0.5
2661642 214743495 0.5
2661642 214601229 0.5
2661642 214584047 0.5
2661642 214706102 0.5
2661642 214558807 0.5
2661642 214835002 0.5
5990381 214845590 1
5990381 214846419 1
5990381 214834867 1
5990381 214667912 0.5
5990381 214819438 0.5
771343 214835743 1
771343 214821309 1
771343 214580291 1
771343 214829083 0.5
1559827 214648247 1
1559827 214717562 1
1559827 214821320 1
1559827 214587317 0.5
4535573 214821305 1
4535573 214821341 1
4535573 214821309 1
4535573 214844458 0.5
4992918 214712051 1
4992918 214844325 1
4992918 214844332 1
4992918 214826818 0.5
4992918 214844327 0.5
7836952 214850792 1
7836952 214850790 1
7836952 214850726 1
7836952 214850692 0.5
6989082 214848947 1
6989082 214848941 1
6989082 214665277 1
6989082 214848945 0.5
6989082 214848954 0.5
6989082 214849022 0.5
6989082 214849239 0.5
2043389 214829705 1
2043389 214832717 1
2043389 214829863 1
2043389 214829857 0.5
11117853 214850945 1
11117853 214850711 1
11117853 214854497 1
11117853 214849250 0.5
11117853 214711556 0.5
11117853 214738455 0.5
11117853 214854065 0.5
11117853 214836855 0.5
11117853 214854840 0.5
11117853 214854782 0.5
4224149 214826737 1
4224149 214836512 1
4224149 214831970 1
4224149 214839937 0.5
4224149 214589698 0.5
4224149 214645595 0.5
4224149 214538951 0.5
4803873 214845806 1
4803873 214826983 1
4803873 214600509 1
4803873 214630042 0.5
4803873 214829882 0.5
5183366 214718207 1
5183366 214844325 1
5183366 214826825 1
5183366 214600387 0.5
5183366 214847940 0.5
5183366 214692581 0.5
5183366 214845581 0.5
1738896 214834877 1
1738896 214834880 1
1738896 214826610 1
1738896 214829280 0.5
1738896 214587712 0.5
1738896 214717286 0.5
1738896 214587697 0.5
1738896 214829321 0.5
1738896 214829387 0.5
1738896 214714732 0.5
1738896 214554637 0.5
1738896 214800272 0.5
1738896 214718385 0.5
1738896 214601233 0.5
1738896 214586743 0.5
1738896 214557313 0.5
1738896 214558807 0.5
1738896 214833755 0.5
10748807 214854358 1
10748807 214567329 1
10748807 214567215 1
10748807 214854545 0.5
10748807 214854495 0.5
10748807 214854549 0.5
10748807 214567327 0.5
7200048 214835167 1
7200048 214561775 1
7200048 214748310 1
7200048 214819640 0.5
7200048 214848380 0.5
7200048 214846119 0.5
9979189 214853430 1
9979189 214853713 1
9979189 214854118 1
9979189 214854152 0.5
9979189 214853353 0.5
3384163 214836875 1
3384163 214832124 1
3384163 214842577 1
3384163 214832115 0.5
3384163 214836851 0.5
3384163 214836847 0.5
9390644 214853420 1
9390644 214853422 1
9390644 214850947 1
9390644 214853147 0.5
9390644 214850949 0.5
9590076 214853420 1
9590076 214850945 1
9590076 214853340 1
9590076 214744258 0.5
9590076 214831955 0.5
9590076 214705734 0.5
8744257 214853096 1
8744257 214853105 1
8744257 214853263 1
8744257 214851326 0.5
2481476 214829878 1
2481476 214829887 1
2481476 214551900 1
2481476 214612704 0.5
2481476 214844439 0.5
2481476 214829051 0.5
2481476 214510447 0.5
8811404 214849102 1
8811404 214829070 1
8811404 214651517 1
8811404 214717539 0.5
8811404 214851077 0.5
6757706 214667859 1
6757706 214848849 1
6757706 214828961 1
6757706 214560585 0.5
6757706 214848954 0.5
10116427 214853722 1
10116427 214854298 1
10116427 214853435 1
10116427 214854176 0.5
10116427 214853698 0.5
10116427 214853702 0.5
10116427 214850743 0.5
1412428 214834880 1
1412428 214829387 1
1412428 214712126 1
1412428 214833755 0.5
884046 214602605 1
884046 214717511 1
884046 214819400 1
884046 214716710 0.5
7347538 214850756 1
7347538 214850936 1
7347538 214677615 1
7347538 214718177 0.5
7347538 214836133 0.5
7347538 214743339 0.5
7347538 214717875 0.5
7347538 214718165 0.5
7347538 214717880 0.5
7347538 214850621 0.5
4142422 214584939 1
4142422 214833802 1
4142422 214821277 1
4142422 214821290 0.5
4142422 214829707 0.5
11341369 214854785 1
11341369 214854823 1
11341369 214714755 1
11341369 214857568 0.5
11341369 214864880 0.5
11341369 214854210 0.5
11341369 214836515 0.5
8896087 214853090 1
8896087 214851326 1
8896087 214853085 1
8896087 214853096 0.5
8896087 214853094 0.5
4152668 214826713 1
4152668 214848178 1
4152668 214839967 1
4152668 214763113 0.5
4152668 214845131 0.5
4152668 214820402 0.5
4152668 214717877 0.5
4152668 214828985 0.5
4152668 214836857 0.5
4152668 214831959 0.5
3770923 214836877 1
3770923 214839984 1
3770923 214645708 1
3770923 214643036 0.5
3770923 214836924 0.5
3770923 214613741 0.5
3770923 214836830 0.5
3770923 214845127 0.5
10380859 214854352 1
10380859 214854354 1
10380859 214854536 1
10380859 214853113 0.5
6138752 214831948 1
6138752 214848307 1
6138752 214846031 1
6138752 214829880 0.5
6138752 214845418 0.5
6138752 214849010 0.5
11054438 214853102 1
11054438 214864880 1
11054438 214854787 1
11054438 214854785 0.5
5991188 214845960 1
5991188 214848656 1
5991188 214829720 1
5991188 214839973 0.5
5991188 214846408 0.5
5991188 214844400 0.5
5991188 214846419 0.5
5991188 214848695 0.5
5991188 214846462 0.5
7062893 214849796 1
7062893 214845133 1
7062893 214850398 1
7062893 214849389 0.5
2667889 214829878 1
2667889 214831946 1
2667889 214829887 1
2667889 214705155 0.5
5127539 214819468 1
5127539 214839971 1
5127539 214748336 1
5127539 214839960 0.5
5127539 214836330 0.5
5127539 214839973 0.5
9854328 214853242 1
9854328 214850726 1
9854328 214853852 1
9854328 214567329 0.5
9854328 214851234 0.5
9854328 214854148 0.5
9854328 214556840 0.5
9854328 214853994 0.5
9854328 214853186 0.5
9854328 214685049 0.5
9854328 214853182 0.5
5281146 214844396 1
5281146 214850402 1
5281146 214844402 1
5281146 214757441 0.5
5281146 214744427 0.5
5281146 214845587 0.5
8717696 214846117 1
8717696 214849010 1
8717696 214678387 1
8717696 214677830 0.5
8717696 214853111 0.5
9252226 214853132 1
9252226 214853242 1
9252226 214705734 1
9252226 214851317 0.5
9252226 214853222 0.5
2350341 214831948 1
2350341 214829878 1
2350341 214829885 1
2350341 214829882 0.5
8234374 214853096 1
8234374 214853105 1
8234374 214853085 1
8234374 214852980 0.5
8234374 214853094 0.5
2583943 214831946 1
2583943 214829878 1
2583943 214829885 1
2583943 214829882 0.5
2583943 214829887 0.5
8865619 214851326 1
8865619 214853090 1
8865619 214853096 1
8865619 214853105 0.5
6233483 214835167 1
6233483 214848609 1
6233483 214848596 1
6233483 214553257 0.5
6233483 214718379 0.5
6233483 214711348 0.5
6233483 214829765 0.5
8643983 214846475 1
8643983 214853094 1
8643983 214851326 1
8643983 214853248 0.5
8643983 214849762 0.5
8643983 214839932 0.5
8643983 214846333 0.5
8643983 214845583 0.5
10444177 214848845 1
10444177 214851315 1
10444177 214850754 1
10444177 214849344 0.5
10444177 214718220 0.5
10444177 214850765 0.5
9074926 214851750 1
9074926 214853222 1
9074926 214853132 1
9074926 214853210 0.5
9074926 214853225 0.5
9074926 214552142 0.5
9074926 214651517 0.5
9074926 214850739 0.5
9074926 214853237 0.5
9074926 214853242 0.5
9074926 214851581 0.5
9074926 214853182 0.5
8631702 214850942 1
8631702 214848157 1
8631702 214853212 1
8631702 214714794 0.5
8631702 214853422 0.5
8631702 214716654 0.5
8631702 214827005 0.5
9303447 214850942 1
9303447 214853420 1
9303447 214853422 1
9303447 214851073 0.5
9700763 214716986 1
9700763 214853165 1
9700763 214846119 1
9700763 214717001 0.5
9700763 214851577 0.5
9700763 214835167 0.5
9700763 214716967 0.5
3513756 214834867 1
3513756 214829390 1
3513756 214829310 1
3513756 214642560 0.5
3513756 214664728 0.5
3513756 214664735 0.5
11138462 214854720 1
11138462 214853081 1
11138462 214854716 1
11138462 214712240 0.5
11138462 214710013 0.5
11138462 214854718 0.5
11138462 214853079 0.5
7804321 214851080 1
7804321 214851161 1
7804321 214717003 1
7804321 214716926 0.5
7804321 214851234 0.5
7804321 214849363 0.5
7804321 214717005 0.5
7804321 214716982 0.5
4128167 214842555 1
4128167 214839356 1
4128167 214738453 1
4128167 214836067 0.5
4605359 214839641 1
4605359 214843980 1
4605359 214843905 1
4605359 214842410 0.5
4605359 214842435 0.5
4605359 214839356 0.5
5481613 214844439 1
5481613 214677615 1
5481613 214835167 1
5481613 214821305 0.5
5148081 214606393 1
5148081 214845356 1
5148081 214838092 1
5148081 214837280 0.5
5148081 214819400 0.5
5148081 214629272 0.5
5148081 214629251 0.5
5148081 214718255 0.5
9649586 214853420 1
9649586 214853342 1
9649586 214853379 1
9649586 214848688 0.5
9649586 214850949 0.5
6987189 214849239 1
6987189 214849331 1
6987189 214667857 1
6987189 214665277 0.5
3046841 214573612 1
3046841 214837916 1
3046841 214837918 1
3046841 214836322 0.5
3046841 214585676 0.5
3046841 214580287 0.5
5524922 214829887 1
5524922 214831948 1
5524922 214838102 1
5524922 214846012 0.5
5524922 214845354 0.5
5524922 214820186 0.5
5524922 214846029 0.5
2915753 214835747 1
2915753 214835475 1
2915753 214837882 1
2915753 214667970 0.5
8097257 214851575 1
8097257 214685049 1
8097257 214716671 1
8097257 214851161 0.5
8097257 214716714 0.5
8097257 214851317 0.5
6020608 214839932 1
6020608 214846127 1
6020608 214846457 1
6020608 214846472 0.5
6020608 214836926 0.5
11240903 214853422 1
11240903 214853420 1
11240903 214853160 1
11240903 214821377 0.5
11240903 214851238 0.5
11240903 214854785 0.5
11240903 214706167 0.5
11240903 214853454 0.5
11240903 214854223 0.5
11240903 214851281 0.5
11240903 214686547 0.5
11240903 214850295 0.5
11240903 214853263 0.5
9645513 214850949 1
9645513 214853460 1
9645513 214853428 1
9645513 214850945 0.5
9645513 214853420 0.5
9645513 214850942 0.5
9645513 214853422 0.5
4457931 214832147 1
4457931 214839973 1
4457931 214839962 1
4457931 214587317 0.5
1574209 214645005 1
1574209 214587028 1
1574209 214834877 1
1574209 214641962 0.5
357839 214826829 1
357839 214826891 1
357839 214826893 1
357839 214826955 0.5
357839 214826715 0.5
8050129 214850694 1
8050129 214595139 1
8050129 214850747 1
8050129 214850732 0.5
8050129 214850852 0.5
8050129 214695478 0.5
8050129 214668761 0.5
4447699 214602598 1
4447699 214836855 1
4447699 214829775 1
4447699 214829280 0.5
4447699 214826977 0.5
4447699 214586694 0.5
4447699 214839969 0.5
4447699 214577387 0.5
4447699 214602733 0.5
4447699 214587317 0.5
4447699 214838137 0.5
4447699 214821401 0.5
4447699 214827005 0.5
9053652 214716714 1
9053652 214716671 1
9053652 214685049 1
9053652 214851080 0.5
9053652 214716746 0.5
9053652 214716654 0.5
9053652 214848851 0.5
9053652 214851575 0.5
9053652 214851161 0.5
3763669 214836924 1
3763669 214820452 1
3763669 214839982 1
3763669 214836932 0.5
4984279 214838092 1
4984279 214837288 1
4984279 214836956 1
4984279 214837286 0.5
8811993 214685049 1
8811993 214853237 1
8811993 214853242 1
8811993 214850726 0.5
8811993 214850792 0.5
8811993 214716746 0.5
8811993 214684845 0.5
8811993 214554675 0.5
8811993 214851317 0.5
8811993 214853210 0.5
8811993 214716714 0.5
7689692 214846119 1
7689692 214849010 1
7689692 214845962 1
7689692 214508942 0.5
6322426 214848980 1
6322426 214848973 1
6322426 214848982 1
6322426 214849076 0.5
8674783 214853094 1
8674783 214853105 1
8674783 214832653 1
8674783 214849361 0.5
8674783 214716746 0.5
8674783 214851097 0.5
8674783 214832655 0.5
10405456 214854585 1
10405456 214854146 1
10405456 214853767 1
10405456 214853113 0.5
10405456 214850741 0.5
10405456 214698446 0.5
6265728 214716707 1
6265728 214848808 1
6265728 214676079 1
6265728 214848832 0.5
5495718 214835109 1
5495718 214826990 1
5495718 214826610 1
5495718 214834880 0.5
5495718 214838227 0.5
1574376 214834877 1
1574376 214834880 1
1574376 214826610 1
1574376 214821410 0.5
1574376 214821412 0.5
1574376 214826589 0.5
7710972 214748310 1
7710972 214849740 1
7710972 214849757 1
7710972 214846425 0.5
7710972 214716982 0.5
7710972 214820231 0.5
5745234 214835745 1
5745234 214849001 1
5745234 214845131 1
5745234 214829280 0.5
5745234 214717522 0.5
8272794 214716671 1
8272794 214851163 1
8272794 214851131 1
8272794 214851579 0.5
8272794 214851317 0.5
10692079 214686879 1
10692079 214854838 1
10692079 214686864 1
10692079 214854731 0.5
10997234 214857562 1
10997234 214857568 1
10997234 214857570 1
10997234 214857015 0.5
8510963 214509401 1
8510963 214718216 1
8510963 214850767 1
8510963 214582541 0.5
8510963 214716935 0.5
148981 214826801 1
148981 214826606 1
148981 214652216 1
148981 214826627 0.5
148981 214705117 0.5
148981 214826702 0.5
8537591 214853242 1
8537591 214853210 1
8537591 214851148 1
8537591 214853186 0.5
8537591 214851590 0.5
8537591 214851750 0.5
8537591 214853225 0.5
8537591 214552142 0.5
8537591 214851161 0.5
8537591 214685049 0.5
8537591 214827005 0.5
8537591 214853182 0.5
8537591 214716671 0.5
3091962 214829880 1
3091962 214831948 1
3091962 214829882 1
3091962 214831946 0.5
3091962 214829885 0.5
2303484 214829880 1
2303484 214829882 1
2303484 214829887 1
2303484 214829885 0.5
2303484 214831950 0.5
6298463 214848701 1
6298463 214848808 1
6298463 214587032 1
6298463 214848950 0.5
6298463 214848622 0.5
6298463 214839975 0.5
4875781 214826889 1
4875781 214831952 1
4875781 214712079 1
4875781 214744260 0.5
3554823 214836875 1
3554823 214836830 1
3554823 214820400 1
3554823 214820392 0.5
3554823 214835475 0.5
3554823 214586668 0.5
9130583 214851750 1
9130583 214853132 1
9130583 214851748 1
9130583 214853242 0.5
9130583 214853237 0.5
9130583 214853222 0.5
10679822 214854795 1
10679822 214854853 1
10679822 214853102 1
10679822 214854785 0.5
2962959 214832792 1
2962959 214834867 1
2962959 214602600 1
2962959 214609325 0.5
697874 214827013 1
697874 214711297 1
697874 214826998 1
697874 214553604 0.5
697874 214551748 0.5
11234836 214853102 1
11234836 214864880 1
11234836 214855209 1
11234836 214854347 0.5
11234836 214854332 0.5
5774872 214680360 1
5774872 214846117 1
5774872 214845971 1
5774872 214582200 0.5
5774872 214819586 0.5
2002459 214820231 1
2002459 214820259 1
2002459 214820270 1
2002459 214829705 0.5
2002459 214828995 0.5
2002459 214820377 0.5
2002459 214820265 0.5
2180639 214829705 1
2180639 214829711 1
2180639 214829672 1
2180639 214826705 0.5
9492862 214853342 1
9492862 214853420 1
9492862 214850942 1
9492862 214850947 0.5
2455472 214846057 1
2455472 214829878 1
2455472 214573590 1
2455472 214829880 0.5
2455472 214826563 0.5
2334244 214820377 1
2334244 214821277 1
2334244 214820263 1
2334244 214832728 0.5
5281321 214844400 1
5281321 214845583 1
5281321 214845412 1
5281321 214845585 0.5
5281321 214832150 0.5
5281321 214844398 0.5
9147948 214853090 1
9147948 214853248 1
9147948 214853094 1
9147948 214853085 0.5
9147948 214851326 0.5
10272303 214854298 1
10272303 214854527 1
10272303 214854515 1
10272303 214753515 0.5
10272303 214848658 0.5
10272303 214832023 0.5
10272303 214829850 0.5
10272303 214829852 0.5
10272303 214854819 0.5
10272303 214839973 0.5
10272303 214846127 0.5
10272303 214853430 0.5
10272303 214846007 0.5
10272303 214853184 0.5
10272303 214706102 0.5
10272303 214853707 0.5
10272303 214853709 0.5
10272303 214716110 0.5
10272303 214534607 0.5
10272303 214717522 0.5
10272303 214839587 0.5
10272303 214850405 0.5
10272303 214687847 0.5
10272303 214853353 0.5
10272303 214577387 0.5
10272303 214854517 0.5
10272303 214851581 0.5
6006323 214839975 1
6006323 214839973 1
6006323 214835017 1
6006323 214845984 0.5
6006323 214829666 0.5
6006323 214835747 0.5
6006323 214845380 0.5
6006323 214832780 0.5
6006323 214609325 0.5
6006323 214848622 0.5
6006323 214748334 0.5
6006323 214845587 0.5
6006323 214834867 0.5
6006323 214612730 0.5
6006323 214845885 0.5
6006323 214831967 0.5
2658627 214829885 1
2658627 214829882 1
2658627 214829887 1
2658627 214827035 0.5
2658627 214819430 0.5
7872056 214850938 1
7872056 214850771 1
7872056 214850743 1
7872056 214514640 0.5
7872056 214573305 0.5
8607289 214853242 1
8607289 214851750 1
8607289 214853132 1
8607289 214853210 0.5
8607289 214853237 0.5
6428219 214714794 1
6428219 214829392 1
6428219 214829390 1
6428219 214662755 0.5
5306293 214844370 1
5306293 214845585 1
5306293 214845590 1
5306293 214835428 0.5
253506 214826702 1
253506 214821277 1
253506 214821285 1
253506 214821290 0.5
253506 214826627 0.5
253506 214826900 0.5
253506 214826799 0.5
1007542 214821302 1
1007542 214842577 1
1007542 214821309 1
1007542 214584907 0.5
1007542 214584939 0.5
11389196 214857570 1
11389196 214857568 1
11389196 214857562 1
11389196 214854808 0.5
11389196 214849055 0.5
10468938 214538572 1
10468938 214538574 1
10468938 214714755 1
10468938 214854512 0.5
10468938 214696897 0.5
10468938 214844355 0.5
10468938 214853156 0.5
10468938 214854821 0.5
10468938 214854857 0.5
10468938 214854538 0.5
10468938 214574670 0.5
10468938 214574672 0.5
10468938 214542345 0.5
10468938 214853147 0.5
10468938 214686879 0.5
1928779 214714721 1
1928779 214834869 1
1928779 214828963 1
1928779 214554384 0.5
1928779 214828970 0.5
306769 214826615 1
306769 214826621 1
306769 214826612 1
306769 214826617 0.5
306769 214826619 0.5
8617554 214853135 1
8617554 214845585 1
8617554 214564387 1
8617554 214853225 0.5
8617554 214845587 0.5
8617554 214853182 0.5
7351894 214848330 1
7351894 214826990 1
7351894 214835109 1
7351894 214834880 0.5
7351894 214667857 0.5
7351894 214821410 0.5
7351894 214849333 0.5
7351894 214665277 0.5
7589468 214716971 1
7589468 214850621 1
7589468 214848309 1
7589468 214716977 0.5
7589468 214716982 0.5
7589468 214855183 0.5
9079738 214853085 1
9079738 214851326 1
9079738 214853090 1
9079738 214851137 0.5
5862331 214846415 1
5862331 214846412 1
5862331 214848313 1
5862331 214819760 0.5
5862331 214846127 0.5
5862331 214836926 0.5
5862331 214839975 0.5
6406758 214848337 1
6406758 214848384 1
6406758 214846535 1
6406758 214848410 0.5
6406758 214829765 0.5
6406758 214826990 0.5
4615782 214826990 1
4615782 214838227 1
4615782 214829799 1
4615782 214839600 0.5
4615782 214839587 0.5
4615782 214716902 0.5
4615782 214586694 0.5
4615782 214829321 0.5
4615782 214826610 0.5
4615782 214800272 0.5
4615782 214820402 0.5
4615782 214826876 0.5
9483891 214853338 1
9483891 214850947 1
9483891 214853454 1
9483891 214853413 0.5
9483891 214850942 0.5
4078526 214826945 1
4078526 214826942 1
4078526 214600475 1
4078526 214632146 0.5
4078526 214823548 0.5
4078526 214838098 0.5
4078526 214600470 0.5
5666422 214844439 1
5666422 214844441 1
5666422 214844458 1
5666422 214844456 0.5
5666422 214821309 0.5
2819706 214832124 1
2819706 214832128 1
2819706 214832115 1
2819706 214834873 0.5
2819706 214835122 0.5
2819706 214573123 0.5
2819706 214835107 0.5
2819706 214829390 0.5
3901053 214838227 1
3901053 214826990 1
3901053 214602806 1
3901053 214561496 0.5
3901053 214707883 0.5
3901053 214643340 0.5
3901053 214581941 0.5
4222229 214826945 1
4222229 214838107 1
4222229 214838102 1
4222229 214712235 0.5
4222229 214602605 0.5
10331779 214854536 1
10331779 214854300 1
10331779 214748282 1
10331779 214853113 0.5
10331779 214854341 0.5
10331779 214850422 0.5
1334917 214826610 1
1334917 214834877 1
1334917 214829387 1
1334917 214800272 0.5
1334917 214833755 0.5
3853959 214743495 1
3853959 214832023 1
3853959 214835087 1
3853959 214835017 0.5
3853959 214716110 0.5
3853959 214706102 0.5
3853959 214586743 0.5
3853959 214717562 0.5
3853959 214746427 0.5
4961928 214844400 1
4961928 214844398 1
4961928 214848176 1
4961928 214835473 0.5
4961928 214839977 0.5
8628644 214820443 1
8628644 214853165 1
8628644 214853128 1
8628644 214678376 0.5
8628644 214819393 0.5
8628644 214845962 0.5
8628644 214853130 0.5
8628644 214853160 0.5
5455502 214844342 1
5455502 214844370 1
5455502 214844398 1
5455502 214835473 0.5
2511087 214829887 1
2511087 214829880 1
2511087 214831946 1
2511087 214829878 0.5
2074256 214819762 1
2074256 214819760 1
2074256 214829852 1
2074256 214829366 0.5
4306337 214839965 1
4306337 214838096 1
4306337 214829878 1
4306337 214829880 0.5
4392059 214832792 1
4392059 214602598 1
4392059 214587317 1
4392059 214602600 0.5
4392059 214834867 0.5
4392059 214829765 0.5
4392059 214826998 0.5
4392059 214839975 0.5
6766237 214835167 1
6766237 214846070 1
6766237 214561775 1
6766237 214560615 0.5
6766237 214697096 0.5
6766237 214829771 0.5
6766237 214848596 0.5
6766237 214846007 0.5
6766237 214846072 0.5
6766237 214606749 0.5
6766237 214561438 0.5
10389151 214854538 1
10389151 214854300 1
10389151 214854585 1
10389151 214854515 0.5
10389151 214854579 0.5
10389151 214850741 0.5
521889 214837485 1
521889 214838831 1
521889 214821305 1
521889 214837442 0.5
521889 214837483 0.5
521889 214698446 0.5
521889 214837487 0.5
521889 214837490 0.5
521889 214826615 0.5
521889 214826619 0.5
7063202 214850743 1
7063202 214850938 1
7063202 214850936 1
7063202 214821024 0.5
7063202 214850771 0.5
7063202 214850709 0.5
7063202 214821022 0.5
7947939 214850625 1
7947939 214850747 1
7947939 214838124 1
7947939 214546025 0.5
11166068 214853102 1
11166068 214854840 1
11166068 214746427 1
11166068 214829280 0.5
11166068 214849760 0.5
11166068 214857570 0.5
11166068 214854347 0.5
11166068 214744775 0.5
11166068 214602731 0.5
11166068 214854540 0.5
11166068 214849250 0.5
11166068 214854733 0.5
11166068 214854731 0.5
11166068 214543922 0.5
11166068 214854581 0.5
11166068 214836855 0.5
11166068 214820345 0.5
11166068 214680467 0.5
11166068 214854174 0.5
8312491 214850619 1
8312491 214850938 1
8312491 214564387 1
8312491 214850848 0.5
1093296 214828995 1
1093296 214829006 1
1093296 214828991 1
1093296 214829038 0.5
10652828 214854298 1
10652828 214854495 1
10652828 214854819 1
10652828 214677757 0.5
5799603 214846014 1
5799603 214848309 1
5799603 214846031 1
5799603 214846029 0.5
5734686 214848298 1
5734686 214845984 1
5734686 214846001 1
5734686 214845917 0.5
5734686 214845887 0.5
2336438 214829878 1
2336438 214717507 1
2336438 214831946 1
2336438 214684715 0.5
2336438 214826829 0.5
2336438 214711438 0.5
3481272 214821407 1
3481272 214832124 1
3481272 214832115 1
3481272 214835122 0.5
7417531 214849745 1
7417531 214849466 1
7417531 214837288 1
7417531 214828970 0.5
7417531 214665277 0.5
10516157 214684762 1
10516157 214853726 1
10516157 214684785 1
10516157 214567329 0.5
10516157 214854358 0.5
10516157 214854352 0.5
10516157 214854547 0.5
10516157 214854262 0.5
10516157 214854264 0.5
7007934 214533022 1
7007934 214845131 1
7007934 214826833 1
7007934 214710097 0.5
7007934 214835042 0.5
7007934 214850396 0.5
7007934 214839973 0.5
7007934 214848757 0.5
2696898 214832126 1
2696898 214832128 1
2696898 214832124 1
2696898 214835122 0.5
2696898 214832115 0.5
4094273 214748310 1
4094273 214839639 1
4094273 214826833 1
4094273 214684942 0.5
10445089 214854585 1
10445089 214854547 1
10445089 214854579 1
10445089 214850741 0.5
3086771 214587712 1
3086771 214835017 1
3086771 214835745 1
3086771 214600492 0.5
2610891 214831959 1
2610891 214836517 1
2610891 214678987 1
2610891 214819762 0.5
2610891 214835124 0.5
7055053 214850743 1
7055053 214849363 1
7055053 214850726 1
7055053 214850417 0.5
7361559 214849807 1
7361559 214850291 1
7361559 214850310 1
7361559 214850304 0.5
9029328 214853237 1
9029328 214853242 1
9029328 214853210 1
9029328 214853182 0.5
11163768 214829878 1
11163768 214853420 1
11163768 214850942 1
11163768 214854495 0.5
11163768 214846029 0.5
11163768 214845583 0.5
1332951 214840378 1
1332951 214821332 1
1332951 214834880 1
1332951 214586825 0.5
1332951 214834877 0.5
120536 214827007 1
120536 214827005 1
120536 214827000 1
120536 214577518 0.5
3077412 214834867 1
3077412 214835019 1
3077412 214835745 1
3077412 214601233 0.5
3077412 214835747 0.5
3077412 214600492 0.5
1433311 214834877 1
1433311 214834880 1
1433311 214821410 1
1433311 214820392 0.5
1433311 214829852 0.5
1433311 214748334 0.5
1433311 214800262 0.5
1433311 214743495 0.5
10294224 214684762 1
10294224 214854264 1
10294224 214854268 1
10294224 214854354 0.5
10294224 214567327 0.5
10294224 214567215 0.5
3778274 214606948 1
3778274 214836924 1
3778274 214836926 1
3778274 214838225 0.5
3778274 214831974 0.5
3778274 214718207 0.5
9258723 214853132 1
9258723 214714794 1
9258723 214846344 1
9258723 214851161 0.5
9258723 214852978 0.5
9258723 214582387 0.5
2979557 214837916 1
2979557 214837918 1
2979557 214831940 1
2979557 214836532 0.5
2979557 214835503 0.5
2850536 214667912 1
2850536 214820233 1
2850536 214587547 1
2850536 214821399 0.5
2850536 214557223 0.5
3731728 214551607 1
3731728 214836330 1
3731728 214612751 1
3731728 214819760 0.5
3731728 214819762 0.5
3731728 214684843 0.5
11448043 214854268 1
11448043 214853210 1
11448043 214677401 1
11448043 214853848 0.5
11448043 214568124 0.5
11448043 214851750 0.5
6514413 214838225 1
6514413 214848658 1
6514413 214845587 1
6514413 214828985 0.5
6514413 214846067 0.5
6514413 214602598 0.5
5609199 214845583 1
5609199 214844347 1
5609199 214844355 1
5609199 214582175 0.5
5609199 214845887 0.5
10139379 214853698 1
10139379 214853730 1
10139379 214853767 1
10139379 214853700 0.5
10139379 214853413 0.5
10139379 214854152 0.5
10139379 214853707 0.5
10139379 214853420 0.5
10139379 214853454 0.5
2962356 214844458 1
2962356 214844439 1
2962356 214844394 1
2962356 214551626 0.5
2962356 214533022 0.5
2962356 214551607 0.5
5275381 214836517 1
5275381 214826610 1
5275381 214718162 1
5275381 214834877 0.5
7843578 214850368 1
7843578 214849809 1
7843578 214712235 1
7843578 214700000 0.5
7843578 214744258 0.5
10815231 214854789 1
10815231 214854800 1
10815231 214854797 1
10815231 214848658 0.5
331522 214839313 1
331522 214839995 1
331522 214839997 1
331522 214840001 0.5
331522 214839999 0.5
1246981 214826610 1
1246981 214833755 1
1246981 214829387 1
1246981 214839600 0.5
1246981 214601233 0.5
1246981 214840899 0.5
1246981 214832780 0.5
1246981 214691557 0.5
6588167 214846033 1
6588167 214831955 1
6588167 214711438 1
6588167 214848980 0.5
5689553 214835167 1
5689553 214829765 1
5689553 214609325 1
5689553 214585532 0.5
9105164 214852978 1
9105164 214853077 1
9105164 214852980 1
9105164 214853094 0.5
5670189 214845962 1
5670189 214846312 1
5670189 214846119 1
5670189 214845971 0.5
7294744 214850295 1
7294744 214850282 1
7294744 214850285 1
7294744 214849738 0.5
7294744 214849796 0.5
7294744 214850287 0.5
4392733 214829850 1
4392733 214829797 1
4392733 214829852 1
4392733 214829762 0.5
4392733 214835109 0.5
4392733 214826951 0.5
4392733 214829321 0.5
4392733 214577450 0.5
4392733 214832145 0.5
4392733 214838227 0.5
4392733 214553561 0.5
4392733 214837882 0.5
4392733 214716667 0.5
4392733 214839932 0.5
4392733 214831967 0.5
8064798 214712237 1
8064798 214826987 1
8064798 214840378 1
8064798 214853122 0.5
8064798 214712235 0.5
8064798 214835126 0.5
10118943 214567329 1
10118943 214567327 1
10118943 214567333 1
10118943 214854545 0.5
10118943 214854547 0.5
10118943 214854300 0.5
10118943 214854510 0.5
10118943 214854495 0.5
10835744 214854707 1
10835744 214854699 1
10835744 214712242 1
10835744 214510460 0.5
10145569 214853435 1
10145569 214853994 1
10145569 214854148 1
10145569 214853152 0.5
10145569 214851317 0.5
4067107 214838109 1
4067107 214836512 1
4067107 214811756 1
4067107 214826722 0.5
4067107 214644607 0.5
669476 214826912 1
669476 214828987 1
669476 214571188 1
669476 214684841 0.5
669476 214684845 0.5
4095781 214829790 1
4095781 214826945 1
4095781 214831970 1
4095781 214839592 0.5
4095781 214836881 0.5
11145001 214714755 1
11145001 214849247 1
11145001 214686864 1
11145001 214854819 0.5
11145001 214743495 0.5
11145001 214835473 0.5
11145001 214848658 0.5
11145001 214680725 0.5
11145001 214717562 0.5
11145001 214686879 0.5
11145001 214854815 0.5
5322538 214844398 1
5322538 214835473 1
5322538 214844372 1
5322538 214844396 0.5
777864 214819376 1
777864 214828987 1
777864 214554585 1
777864 214826912 0.5
777864 214718182 0.5
777864 214684841 0.5
777864 214561775 0.5
777864 214743497 0.5
777864 214827000 0.5
777864 214827005 0.5
3660766 214836146 1
3660766 214836133 1
3660766 214835786 1
3660766 214836352 0.5
3660766 214831970 0.5
3660766 214836932 0.5
3660766 214836075 0.5
3660766 214837905 0.5
3660766 214836947 0.5
9582502 214853767 1
9582502 214853698 1
9582502 214853709 1
9582502 214854152 0.5
9582502 214717867 0.5
9582502 214853700 0.5
1230648 214829079 1
1230648 214829085 1
1230648 214834877 1
1230648 214800272 0.5
1230648 214826561 0.5
1230648 214829083 0.5
1230648 214829366 0.5
1230648 214821407 0.5
6523871 214849164 1
6523871 214560500 1
6523871 214848613 1
6523871 214832604 0.5
6523871 214697458 0.5
6523871 214848956 0.5
6523871 214556055 0.5
2856769 214831950 1
2856769 214829885 1
2856769 214820400 1
2856769 214826872 0.5
2856769 214829882 0.5
10465101 214854148 1
10465101 214853846 1
10465101 214851317 1
10465101 214850792 0.5
10465101 214687905 0.5
10465101 214572452 0.5
10465101 214695525 0.5
10465101 214853848 0.5
1048403 214826921 1
1048403 214826994 1
1048403 214826610 1
1048403 214685857 0.5
1048403 214709666 0.5
1048403 214835743 0.5
11085652 214854823 1
11085652 214854819 1
11085652 214854838 1
11085652 214854733 0.5
2365272 214829880 1
2365272 214831948 1
2365272 214748300 1
2365272 214819760 0.5
2365272 214835087 0.5
2365272 214835111 0.5
5703311 214846061 1
5703311 214846065 1
5703311 214846033 1
5703311 214748336 0.5
6602592 214848986 1
6602592 214667859 1
6602592 214848641 1
6602592 214849344 0.5
6602592 214849312 0.5
6602592 214826711 0.5
7466851 214850938 1
7466851 214716343 1
7466851 214850936 1
7466851 214748336 0.5
7466851 214845583 0.5
7466851 214706102 0.5
7466851 214849031 0.5
5052262 214837494 1
5052262 214847255 1
5052262 214847261 1
5052262 214643362 0.5
5052262 214839965 0.5
3942247 214836932 1
3942247 214831948 1
3942247 214613741 1
3942247 214684730 0.5
3942247 214838107 0.5
3942247 214718398 0.5
5395633 214844347 1
5395633 214835473 1
5395633 214844345 1
5395633 214832150 0.5
9129834 214852978 1
9129834 214853077 1
9129834 214852980 1
9129834 214853096 0.5
10259431 214853342 1
10259431 214853102 1
10259431 214850739 1
10259431 214580424 0.5
10259431 214714755 0.5
10259431 214853996 0.5
10259431 214819599 0.5
8939374 214853094 1
8939374 214852978 1
8939374 214853210 1
8939374 214853222 0.5
9583526 214853769 1
9583526 214716714 1
9583526 214760897 1
9583526 214851131 0.5
9583526 214851165 0.5
9583526 214716671 0.5
11059176 214853730 1
11059176 214849247 1
11059176 214853702 1
11059176 214744775 0.5
11059176 214753515 0.5
11059176 214853709 0.5
11059176 214854517 0.5
11059176 214849046 0.5
11059176 214853722 0.5
11059176 214831967 0.5
8806258 214853135 1
8806258 214853195 1
8806258 214853233 1
8806258 214852980 0.5
8806258 214851748 0.5
8806258 214853094 0.5
6766452 214845412 1
6766452 214839617 1
6766452 214848688 1
6766452 214849252 0.5
6766452 214844396 0.5
6766452 214844402 0.5
6766452 214574670 0.5
6766452 214846127 0.5
6766452 214698418 0.5
6766452 214848701 0.5
6766452 214853887 0.5
4554729 214602733 1
4554729 214838137 1
4554729 214839967 1
4554729 214839973 0.5
4554729 214602598 0.5
4554729 214839975 0.5
5674873 214849010 1
5674873 214820443 1
5674873 214846119 1
5674873 214680360 0.5
5674873 214676377 0.5
5674873 214832019 0.5
5674873 214845965 0.5
5674873 214821382 0.5
6084919 214846367 1
6084919 214846460 1
6084919 214846472 1
6084919 214826904 0.5
6084919 214819777 0.5
6084919 214582346 0.5
6084919 214561775 0.5
8193917 214851028 1
8193917 214716581 1
8193917 214851315 1
8193917 214851097 0.5
8193917 214716746 0.5
8847492 214716975 1
8847492 214717003 1
8847492 214716984 1
8847492 214716928 0.5
8847492 214716977 0.5
8847492 214716971 0.5
8847492 214554358 0.5
8847492 214855183 0.5
10811458 214854840 1
10811458 214853102 1
10811458 214854722 1
10811458 214853100 0.5
10368902 214854300 1
10368902 214854547 1
10368902 214854579 1
10368902 214853096 0.5
10368902 214853085 0.5
10357102 214861498 1
10357102 214839997 1
10357102 214839999 1
10357102 214851557 0.5
7285534 214848324 1
7285534 214844439 1
7285534 214684710 1
7285534 214821305 0.5
7285534 214832012 0.5
7285534 214846014 0.5
7285534 214673295 0.5
7838019 214853175 1
7838019 214853758 1
7838019 214853177 1
7838019 214851120 0.5
10781279 214854782 1
10781279 214835000 1
10781279 214853100 1
10781279 214835004 0.5
10781279 214854853 0.5
9244573 214853420 1
9244573 214853340 1
9244573 214850947 1
9244573 214854017 0.5
9244573 214854172 0.5
5408671 214844402 1
5408671 214844396 1
5408671 214844370 1
5408671 214844355 0.5
5408671 214845590 0.5
2062243 214829887 1
2062243 214831957 1
2062243 214540127 1
2062243 214835574 0.5
8824742 214853135 1
8824742 214851748 1
8824742 214853195 1
8824742 214853233 0.5
8824742 214853227 0.5
10702493 214854549 1
10702493 214567215 1
10702493 214567329 1
10702493 214854176 0.5
10702493 214850792 0.5
10702493 214853132 0.5
10702493 214554675 0.5
10702493 214853242 0.5
10702493 214853852 0.5
6916016 214849327 1
6916016 214832619 1
6916016 214641967 1
6916016 214828970 0.5
5264712 214845135 1
5264712 214844372 1
5264712 214844398 1
5264712 214835473 0.5
5264712 214711247 0.5
2535348 214829880 1
2535348 214829882 1
2535348 214829887 1
2535348 214829878 0.5
6571974 214846530 1
6571974 214848656 1
6571974 214844400 1
6571974 214848950 0.5
6655943 214850295 1
6655943 214850291 1
6655943 214844402 1
6655943 214849762 0.5
6655943 214849734 0.5
6655943 214844396 0.5
6655943 214848947 0.5
6655943 214849179 0.5
6655943 214849022 0.5
784328 214716928 1
784328 214716982 1
784328 214717003 1
784328 214716937 0.5
784328 214716971 0.5
11313484 214826623 1
11313484 214850315 1
11313484 214853355 1
11313484 214849250 0.5
11313484 214854733 0.5
6742159 214849239 1
6742159 214849331 1
6742159 214710088 1
6742159 214834880 0.5
6742159 214667857 0.5
6742159 214849284 0.5
6742159 214849333 0.5
11415501 214853992 1
11415501 214853227 1
11415501 214853195 1
11415501 214850760 0.5
11415501 214854017 0.5
1423311 214834880 1
1423311 214834877 1
1423311 214826610 1
1423311 214828970 0.5
1423311 214833755 0.5
1423311 214826589 0.5
9514962 214853321 1
9514962 214850942 1
9514962 214853420 1
9514962 214853342 0.5
10472099 214854264 1
10472099 214854268 1
10472099 214684762 1
10472099 214854148 0.5
10472099 214853158 0.5
10472099 214850758 0.5
10472099 214854536 0.5
10472099 214854352 0.5
10472099 214684785 0.5
10472099 214844402 0.5
10472099 214853852 0.5
10472099 214853726 0.5
9240532 214853698 1
9240532 214854118 1
9240532 214853767 1
9240532 214853722 0.5
9240532 214853702 0.5
7835607 214716671 1
7835607 214851575 1
7835607 214851234 1
7835607 214851080 0.5
7835607 214851161 0.5
6101327 214846117 1
6101327 214846010 1
6101327 214849072 1
6101327 214845971 0.5
902556 214837483 1
902556 214837490 1
902556 214686900 1
902556 214837442 0.5
902556 214717860 0.5
902556 214826955 0.5
902556 214837487 0.5
902556 214540127 0.5
902556 214826835 0.5
902556 214820186 0.5
902556 214711087 0.5
902556 214820188 0.5
902556 214686911 0.5
5912814 214846033 1
5912814 214831944 1
5912814 214829880 1
5912814 214829887 0.5
5912814 214846031 0.5
5912814 214846029 0.5
5912814 214829878 0.5
5912814 214673295 0.5
8728544 214851742 1
8728544 214849010 1
8728544 214677830 1
8728544 214853128 0.5
9783267 214853865 1
9783267 214854146 1
9783267 214853992 1
9783267 214837442 0.5
9783267 214857155 0.5
9783267 214854172 0.5
7036904 214849247 1
7036904 214850304 1
7036904 214850310 1
7036904 214849033 0.5
7036904 214849194 0.5
7036904 214819378 0.5
10444777 214854354 1
10444777 214854352 1
10444777 214854536 1
10444777 214819599 0.5
7045099 214853175 1
7045099 214828882 1
7045099 214853758 1
7045099 214851120 0.5
2758636 214826565 1
2758636 214837918 1
2758636 214573612 1
2758636 214680705 0.5
2758636 214835019 0.5
2758636 214587028 0.5
264173 214826702 1
264173 214821277 1
264173 214821292 1
264173 214538484 0.5
264173 214826799 0.5
1992697 214712229 1
1992697 214831931 1
1992697 214712272 1
1992697 214832696 0.5
11153402 214853102 1
11153402 214854785 1
11153402 214854840 1
11153402 214853113 0.5
1067004 214601542 1
1067004 214834877 1
1067004 214821317 1
1067004 214834880 0.5
1067004 214826610 0.5
1067004 214834875 0.5
3674109 214835167 1
3674109 214829765 1
3674109 214835109 1
3674109 214838227 0.5
2532769 214826908 1
2532769 214829878 1
2532769 214820392 1
2532769 214711408 0.5
2532769 214826955 0.5
