1980417 214829857 1
1980417 214832720 1
1980417 214829855 1
1980417 214557774 0.5
9048066 214853210 1
9048066 214853242 1
9048066 214853132 1
9048066 214853225 0.5
9048066 214853182 0.5
9048066 214853237 0.5
9048066 214853222 0.5
8577028 214853184 1
8577028 214851748 1
8577028 214845583 1
8577028 214853195 0.5
8577028 214853188 0.5
8577028 214853190 0.5
8577028 214851592 0.5
8577028 214853227 0.5
8577028 214853135 0.5
8577028 214579875 0.5
2216017 214829878 1
2216017 214831948 1
2216017 214829882 1
2216017 214829880 0.5
2216017 214829887 0.5
8197804 214851131 1
8197804 214851163 1
8197804 214851097 1
8197804 214846007 0.5
3764234 214835167 1
3764234 214836924 1
3764234 214829765 1
3764234 214836932 0.5
4381092 214839960 1
4381092 214602733 1
4381092 214839969 1
4381092 214845131 0.5
10058554 214853767 1
10058554 214853698 1
10058554 214850945 1
10058554 214850947 0.5
7090192 214850304 1
7090192 214850315 1
7090192 214826715 1
7090192 214832012 0.5
7090192 214850310 0.5
7090192 214832015 0.5
7114771 214849466 1
7114771 214850700 1
7114771 214849363 1
7114771 214850938 0.5
7114771 214820394 0.5
7114771 214849389 0.5
7114771 214850743 0.5
7157288 214849738 1
7157288 214849762 1
7157288 214849736 1
7157288 214844400 0.5
10833942 214854787 1
10833942 214853100 1
10833942 214854840 1
10833942 214578011 0.5
10833942 214850291 0.5
2414617 214829878 1
2414617 214831948 1
2414617 214829885 1
2414617 214829882 0.5
2414617 214829887 0.5
7366682 214850282 1
7366682 214850291 1
7366682 214850310 1
7366682 214850295 0.5
1743081 214834877 1
1743081 214834880 1
1743081 214821332 1
1743081 214826610 0.5
1743081 214826563 0.5
10168349 214853698 1
10168349 214853767 1
10168349 214717888 1
10168349 214612704 0.5
10168349 214853702 0.5
10168349 214844394 0.5
10168349 214718220 0.5
10168349 214718160 0.5
10168349 214844439 0.5
10168349 214718169 0.5
1017888 214587317 1
1017888 214820807 1
1017888 214828980 1
1017888 214834880 0.5
1017888 214586694 0.5
10174497 214851137 1
10174497 214851099 1
10174497 214846061 1
10174497 214853767 0.5
10174497 214836330 0.5
10174497 214743335 0.5
10174497 214845583 0.5
10174497 214819760 0.5
10174497 214819380 0.5
10174497 214832023 0.5
10174497 214838111 0.5
9064492 214852978 1
9064492 214853094 1
9064492 214852980 1
9064492 214853242 0.5
10672819 214853113 1
10672819 214854536 1
10672819 214854300 1
10672819 214854352 0.5
10672819 214854547 0.5
10672819 214854579 0.5
10661942 214854352 1
10661942 214567329 1
10661942 214854358 1
10661942 214854264 0.5
10661942 214854577 0.5
10661942 214854354 0.5
10661942 214853244 0.5
10661942 214854174 0.5
7067704 214849809 1
7067704 214850295 1
7067704 214850315 1
7067704 214850285 0.5
7357109 214848658 1
7357109 214849738 1
7357109 214849757 1
7357109 214849736 0.5
7357109 214849762 0.5
7357109 214844396 0.5
7798112 214854632 1
7798112 214850852 1
7798112 214850747 1
7798112 214844456 0.5
7798112 214844458 0.5
7798112 214832655 0.5
7798112 214554358 0.5
7798112 214844441 0.5
7798112 214551626 0.5
7798112 214533022 0.5
2472004 214836330 1
2472004 214834997 1
2472004 214829878 1
2472004 214832722 0.5
2472004 214602731 0.5
2472004 214603132 0.5
2472004 214743335 0.5
843851 214811752 1
843851 214819438 1
843851 214819496 1
843851 214835739 0.5
843851 214835694 0.5
5361317 214640520 1
5361317 214844398 1
5361317 214844370 1
5361317 214835167 0.5
5361317 214716118 0.5
5361317 214845407 0.5
5515348 214716635 1
5515348 214844396 1
5515348 214844400 1
5515348 214554982 0.5
2424917 214829878 1
2424917 214829882 1
2424917 214831950 1
2424917 214829887 0.5
7311451 214845943 1
7311451 214849093 1
7311451 214711247 1
7311451 214849230 0.5
9115747 214853422 1
9115747 214853424 1
9115747 214853454 1
9115747 214821373 0.5
4399204 214839973 1
4399204 214839356 1
4399204 214832147 1
4399204 214839960 0.5
4399204 214837494 0.5
5660774 214844402 1
5660774 214706147 1
5660774 214845887 1
5660774 214819760 0.5
5660774 214844396 0.5
10688618 214854534 1
10688618 214854579 1
10688618 214854495 1
10688618 214854545 0.5
10688618 214854354 0.5
10688618 214854549 0.5
5331053 214826990 1
5331053 214829390 1
5331053 214844349 1
5331053 214845577 0.5
1399093 214821350 1
1399093 214557223 1
1399093 214821407 1
1399093 214829664 0.5
1399093 214743497 0.5
1399093 214571188 0.5
8757608 214853422 1
8757608 214853454 1
8757608 214853428 1
8757608 214846067 0.5
10018931 214854176 1
10018931 214853994 1
10018931 214853722 1
10018931 214850792 0.5
10018931 214854155 0.5
10018931 214853852 0.5
10018931 214853430 0.5
8570999 214821315 1
8570999 214716932 1
8570999 214716982 1
8570999 214533022 0.5
4047619 214831942 1
4047619 214832015 1
4047619 214845129 1
4047619 214831944 0.5
4047619 214838096 0.5
4047619 214838098 0.5
4047619 214838102 0.5
10193019 214857830 1
10193019 214680371 1
10193019 214850953 1
10193019 214850945 0.5
10193019 214853145 0.5
10193019 214853143 0.5
10752124 214854352 1
10752124 214854536 1
10752124 214853113 1
10752124 214854298 0.5
1663102 214834877 1
1663102 214834880 1
1663102 214826610 1
1663102 214821412 0.5
1663102 214829387 0.5
1663102 214711280 0.5
1663102 214829366 0.5
1663102 214833755 0.5
1663102 214712126 0.5
9840767 214716746 1
9840767 214716714 1
9840767 214565557 1
9840767 214848808 0.5
9840767 214684845 0.5
6350977 214848656 1
6350977 214710097 1
6350977 214848950 1
6350977 214839975 0.5
4511874 214839973 1
4511874 214845131 1
4511874 214839969 1
4511874 214829280 0.5
4511874 214587317 0.5
4511874 214602598 0.5
4511874 214839975 0.5
9308294 214854148 1
9308294 214853435 1
9308294 214850790 1
9308294 214850792 0.5
9308294 214853848 0.5
9308294 214854172 0.5
9308294 214848165 0.5
2625671 214829878 1
2625671 214829885 1
2625671 214829882 1
2625671 214829887 0.5
11367788 214854787 1
11367788 214849132 1
11367788 214864880 1
11367788 214854774 0.5
11367788 214854699 0.5
11367788 214853100 0.5
11367788 214510445 0.5
11367788 214853102 0.5
11367788 214712242 0.5
11367788 214696470 0.5
11367788 214578011 0.5
7995531 214850758 1
7995531 214665277 1
7995531 214748336 1
7995531 214600492 0.5
8749472 214696830 1
8749472 214844420 1
8749472 214706216 1
8749472 214716654 0.5
3331778 214832126 1
3331778 214601233 1
3331778 214832128 1
3331778 214837882 0.5
9416846 214845973 1
9416846 214853115 1
9416846 214851759 1
9416846 214851326 0.5
9416846 214853094 0.5
11009389 214686864 1
11009389 214854512 1
11009389 214854347 1
11009389 214850420 0.5
11009389 214854821 0.5
7696529 214850291 1
7696529 214850282 1
7696529 214632146 1
7696529 214850932 0.5
7696529 214835126 0.5
9268931 214853420 1
9268931 214853422 1
9268931 214850945 1
9268931 214850947 0.5
9486484 214850945 1
9486484 214850949 1
9486484 214850947 1
9486484 214853130 0.5
9486484 214581611 0.5
9486484 214853420 0.5
9916566 214836212 1
9916566 214819438 1
9916566 214835694 1
9916566 214835739 0.5
3293336 214837916 1
3293336 214834867 1
3293336 214832792 1
3293336 214602600 0.5
3293336 214829364 0.5
3293336 214609325 0.5
3293336 214743350 0.5
3971227 214835109 1
3971227 214835167 1
3971227 214707877 1
3971227 214829765 0.5
3971227 214707830 0.5
3971227 214560615 0.5
9218209 214853342 1
9218209 214853420 1
9218209 214853379 1
9218209 214853347 0.5
1902754 214709792 1
1902754 214712229 1
1902754 214831931 1
1902754 214835752 0.5
6006947 214845407 1
6006947 214849070 1
6006947 214826715 1
6006947 214829880 0.5
6006947 214556218 0.5
6006947 214746380 0.5
6006947 214554662 0.5
6006947 214846031 0.5
6267048 214848795 1
6267048 214668667 1
6267048 214848967 1
6267048 214846530 0.5
1271979 214821309 1
1271979 214821341 1
1271979 214821307 1
1271979 214844357 0.5
1767597 214581761 1
1767597 214827009 1
1767597 214753505 1
1767597 214535010 0.5
1767597 214840483 0.5
2969777 214600492 1
2969777 214832124 1
2969777 214837882 1
2969777 214835745 0.5
2969777 214839617 0.5
3643572 214717539 1
3643572 214826990 1
3643572 214835109 1
3643572 214829792 0.5
3643572 214836932 0.5
3643572 214573350 0.5
3643572 214602605 0.5
3643572 214829070 0.5
3643572 214838105 0.5
11114682 214854808 1
11114682 214844355 1
11114682 214854842 1
11114682 214849003 0.5
11114682 214848658 0.5
11114682 214854819 0.5
11114682 214854542 0.5
11114682 214861895 0.5
8951996 214853135 1
8951996 214853184 1
8951996 214850790 1
8951996 214696897 0.5
8951996 214853190 0.5
8951996 214850409 0.5
8951996 214853233 0.5
8951996 214850870 0.5
8951996 214851163 0.5
5420059 214845581 1
5420059 214845577 1
5420059 214845352 1
5420059 214613915 0.5
5420059 214829887 0.5
9261247 214853422 1
9261247 214853420 1
9261247 214850947 1
9261247 214711524 0.5
2446858 214826872 1
2446858 214820392 1
2446858 214826837 1
2446858 214558080 0.5
2446858 214819762 0.5
2446858 214826876 0.5
2446858 214820402 0.5
2446858 214828982 0.5
10389698 214567329 1
10389698 214854264 1
10389698 214684785 1
10389698 214854536 0.5
5091528 214826987 1
5091528 214706452 1
5091528 214684736 1
5091528 214831944 0.5
5091528 214838096 0.5
5091528 214829887 0.5
5091528 214684702 0.5
5091528 214557607 0.5
7499127 214561775 1
7499127 214850711 1
7499127 214850709 1
7499127 214821022 0.5
6115533 214846127 1
6115533 214714779 1
6115533 214849001 1
6115533 214844398 0.5
6115533 214748336 0.5
6115533 214846067 0.5
6115533 214829102 0.5
6115533 214586743 0.5
6115533 214553561 0.5
6115533 214717562 0.5
6115533 214829852 0.5
6115533 214587317 0.5
8393252 214718207 1
8393252 214711267 1
8393252 214821377 1
8393252 214851028 0.5
8393252 214847940 0.5
8393252 214851125 0.5
8393252 214851238 0.5
8393252 214851133 0.5
7586002 214850621 1
7586002 214850936 1
7586002 214850756 1
7586002 214851315 0.5
7586002 214836830 0.5
7586002 214691390 0.5
7586002 214849365 0.5
3061972 214837882 1
3061972 214835747 1
3061972 214844439 1
3061972 214587712 0.5
5868302 214848165 1
5868302 214845982 1
5868302 214641592 1
5868302 214848992 0.5
5868302 214584047 0.5
1718486 214829327 1
1718486 214829330 1
1718486 214829334 1
1718486 214839600 0.5
1718486 214826610 0.5
4641487 214845131 1
4641487 214839969 1
4641487 214836855 1
4641487 214839960 0.5
4641487 214828985 0.5
4641487 214836330 0.5
4641487 214839971 0.5
4641487 214839973 0.5
1013983 214826563 1
1013983 214641962 1
1013983 214826921 1
1013983 214826610 0.5
8615291 214850720 1
8615291 214848658 1
8615291 214849464 1
8615291 214850405 0.5
8615291 214819526 0.5
8615291 214743495 0.5
8615291 214690796 0.5
8615291 214851581 0.5
8615291 214850872 0.5
8615291 214850936 0.5
8615291 214717562 0.5
8615291 214850619 0.5
8615291 214850621 0.5
4509924 214842577 1
4509924 214843905 1
4509924 214576890 1
4509924 214836352 0.5
4509924 214690747 0.5
10637632 214714755 1
10637632 214854823 1
10637632 214854770 1
10637632 214854497 0.5
10637632 214854502 0.5
956649 214833755 1
956649 214834877 1
956649 214834875 1
956649 214557279 0.5
956649 214829366 0.5
956649 214828991 0.5
6054123 214851311 1
6054123 214846466 1
6054123 214846412 1
6054123 214578577 0.5
6054123 214576899 0.5
6054123 214594678 0.5
2564332 214829880 1
2564332 214829882 1
2564332 214829887 1
2564332 214831946 0.5
2564332 214829878 0.5
579823 214839313 1
579823 214839997 1
579823 214839999 1
579823 214840001 0.5
794864 214843520 1
794864 214844023 1
794864 214843524 1
794864 214838750 0.5
6317242 214848337 1
6317242 214848847 1
6317242 214835167 1
6317242 214549346 0.5
7035131 214850287 1
7035131 214850304 1
7035131 214850368 1
7035131 214849736 0.5
7035131 214849738 0.5
901373 214821309 1
901373 214821305 1
901373 214827009 1
901373 214828987 0.5
9578861 214853420 1
9578861 214850945 1
9578861 214850947 1
9578861 214853454 0.5
9578861 214853428 0.5
9578861 214850949 0.5
9578861 214853422 0.5
8159487 214716714 1
8159487 214716581 1
8159487 214716671 1
8159487 214851579 0.5
8159487 214827005 0.5
2060544 214829857 1
2060544 214829855 1
2060544 214819509 1
2060544 214829707 0.5
2403712 214829882 1
2403712 214831946 1
2403712 214829880 1
2403712 214800272 0.5
4552962 214839973 1
4552962 214829287 1
4552962 214829887 1
4552962 214826951 0.5
10658167 214853700 1
10658167 214854579 1
10658167 214853722 1
10658167 214853730 0.5
9578756 214853342 1
9578756 214711307 1
9578756 214853422 1
9578756 214853420 0.5
2583254 214829878 1
2583254 214831948 1
2583254 214829887 1
2583254 214831946 0.5
104492 214826889 1
104492 214826700 1
104492 214826801 1
104492 214800270 0.5
3895562 214836924 1
3895562 214550820 1
3895562 214829801 1
3895562 214708040 0.5
10035587 214853094 1
10035587 214853090 1
10035587 214851326 1
10035587 214853085 0.5
10914071 214854840 1
10914071 214853100 1
10914071 214854797 1
10914071 214853102 0.5
2058523 214716926 1
2058523 214821339 1
2058523 214612751 1
2058523 214832655 0.5
1149499 214821305 1
1149499 214821341 1
1149499 214821339 1
1149499 214821300 0.5
1149499 214826998 0.5
4321571 214845131 1
4321571 214829775 1
4321571 214602598 1
4321571 214839969 0.5
4321571 214587317 0.5
4321571 214839975 0.5
10586404 214854358 1
10586404 214567329 1
10586404 214567215 1
10586404 214854264 0.5
10586404 214854268 0.5
8139499 214685049 1
8139499 214848808 1
8139499 214851080 1
8139499 214716714 0.5
8139499 214851317 0.5
7033129 214844394 1
7033129 214551607 1
7033129 214844439 1
7033129 214844456 0.5
7033129 214844441 0.5
7033129 214551626 0.5
7033129 214821309 0.5
7033129 214821305 0.5
2785888 214829880 1
2785888 214831948 1
2785888 214686082 1
2785888 214829878 0.5
5357277 214844400 1
5357277 214844402 1
5357277 214844396 1
5357277 214640353 0.5
5357277 214696899 0.5
5357277 214714916 0.5
5357277 214551913 0.5
5357277 214844370 0.5
5357277 214829852 0.5
5357277 214717085 0.5
2299362 214829880 1
2299362 214829885 1
2299362 214831948 1
2299362 214601233 0.5
10485026 214854536 1
10485026 214854354 1
10485026 214854352 1
10485026 214853113 0.5
10485026 214854223 0.5
2390324 214829878 1
2390324 214831946 1
2390324 214831967 1
2390324 214819760 0.5
2390324 214819762 0.5
2390324 214831959 0.5
2390324 214835111 0.5
4528437 214839594 1
4528437 214838105 1
4528437 214838098 1
4528437 214826945 0.5
4528437 214838107 0.5
4528437 214829797 0.5
4528437 214831942 0.5
7446838 214848384 1
7446838 214848596 1
7446838 214848377 1
7446838 214848609 0.5
7446838 214850402 0.5
7446838 214839587 0.5
7446838 214829765 0.5
7446838 214848337 0.5
7446838 214537496 0.5
7446838 214835167 0.5
3755401 214835109 1
3755401 214826990 1
3755401 214838227 1
3755401 214676962 0.5
3755401 214829762 0.5
3755401 214829799 0.5
3529016 214829885 1
3529016 214831950 1
3529016 214514291 1
3529016 214753513 0.5
3529016 214558955 0.5
3529016 214717860 0.5
3529016 214748293 0.5
3529016 214514265 0.5
10864954 214854840 1
10864954 214854782 1
10864954 214853100 1
10864954 214853362 0.5
10864954 214854787 0.5
10864954 214854838 0.5
10864954 214853102 0.5
9482556 214853424 1
9482556 214853454 1
9482556 214853422 1
9482556 214850368 0.5
9482556 214848967 0.5
9482556 214845356 0.5
9482556 214850287 0.5
9482556 214850295 0.5
9482556 214848795 0.5
10341673 214743367 1
10341673 214851714 1
10341673 214587437 1
10341673 214536412 0.5
1499454 214834880 1
1499454 214826610 1
1499454 214826563 1
1499454 214829387 0.5
917824 214837485 1
917824 214837442 1
917824 214837487 1
917824 214837483 0.5
917824 214709996 0.5
917824 214708172 0.5
917824 214577387 0.5
917824 214820396 0.5
917824 214698446 0.5
917824 214687447 0.5
917824 214557913 0.5
917824 214705087 0.5
5685572 214849001 1
5685572 214846457 1
5685572 214850876 1
5685572 214846464 0.5
5685572 214642560 0.5
5685572 214850870 0.5
512228 214827009 1
512228 214748300 1
512228 214748304 1
512228 214748291 0.5
512228 214748295 0.5
10105161 214854579 1
10105161 214854300 1
10105161 214854585 1
10105161 214819577 0.5
10105161 214821397 0.5
10105161 214850741 0.5
10105161 214854165 0.5
7229772 214849357 1
7229772 214691291 1
7229772 214850304 1
7229772 214601040 0.5
9482886 214852985 1
9482886 214835537 1
9482886 214832415 1
9482886 214854152 0.5
9482886 214853353 0.5
6912336 214829317 1
6912336 214853754 1
6912336 214839752 1
6912336 214826822 0.5
8253781 214851161 1
8253781 214851575 1
8253781 214851234 1
8253781 214851587 0.5
2249053 214829366 1
2249053 214826615 1
2249053 214826589 1
2249053 214833755 0.5
2249053 214676962 0.5
2249053 214676019 0.5
2249053 214826612 0.5
2249053 214717877 0.5
10969488 214854819 1
10969488 214854857 1
10969488 214853381 1
10969488 214848658 0.5
10969488 214854731 0.5
4102507 214842735 1
4102507 214819760 1
4102507 214836330 1
4102507 214832128 0.5
4102507 214556216 0.5
4102507 214819762 0.5
4102507 214600492 0.5
9279852 214850938 1
9279852 214850743 1
9279852 214850771 1
9279852 214821024 0.5
9279852 214642100 0.5
10577403 214853435 1
10577403 214853846 1
10577403 214853992 1
10577403 214853994 0.5
10577403 214584047 0.5
10606966 214854536 1
10606966 214853113 1
10606966 214819599 1
10606966 214820394 0.5
4571511 214836519 1
4571511 214753513 1
4571511 214748302 1
4571511 214821309 0.5
9048441 214853162 1
9048441 214853094 1
9048441 214853132 1
9048441 214853096 0.5
9048441 214851075 0.5
9048441 214851581 0.5
9048441 214853222 0.5
9298302 214853420 1
9298302 214850949 1
9298302 214850945 1
9298302 214853422 0.5
219523 214667912 1
219523 214821020 1
219523 214820842 1
219523 214826625 0.5
219523 214664919 0.5
9974153 214853702 1
9974153 214853767 1
9974153 214677615 1
9974153 214844400 0.5
9974153 214853730 0.5
9974153 214853707 0.5
9974153 214851326 0.5
2763626 214516749 1
2763626 214829878 1
2763626 214831948 1
2763626 214829880 0.5
2763626 214835124 0.5
3572802 214551493 1
3572802 214753659 1
3572802 214711280 1
3572802 214753657 0.5
3572802 214701343 0.5
3572802 214712126 0.5
3572802 214581879 0.5
4939501 214826833 1
4939501 214844400 1
4939501 214845380 1
4939501 214829850 0.5
7797137 214850402 1
7797137 214835064 1
7797137 214849001 1
7797137 214716928 0.5
7797137 214716971 0.5
7797137 214577387 0.5
7797137 214586694 0.5
7797137 214586743 0.5
2621842 214829878 1
2621842 214829887 1
2621842 214821326 1
2621842 214831967 0.5
11106707 214836326 1
11106707 214854780 1
11106707 214853072 1
11106707 214854707 0.5
5053514 214585633 1
5053514 214839311 1
5053514 214838092 1
5053514 214838094 0.5
9103767 214853210 1
9103767 214853242 1
9103767 214853132 1
9103767 214850940 0.5
9103767 214698420 0.5
8028569 214853096 1
8028569 214853105 1
8028569 214853085 1
8028569 214853248 0.5
8028569 214853090 0.5
8028569 214852980 0.5
8665498 214851750 1
8665498 214853220 1
8665498 214851748 1
8665498 214853225 0.5
8665498 214853242 0.5
8665498 214853210 0.5
8665498 214853182 0.5
1966494 214716671 1
1966494 214553533 1
1966494 214558192 1
1966494 214532801 0.5
7541151 214851097 1
7541151 214850756 1
7541151 214564387 1
7541151 214849018 0.5
7541151 214820394 0.5
7541151 214850411 0.5
7541151 214851077 0.5
7541151 214850619 0.5
11067346 214853362 1
11067346 214855016 1
11067346 214854332 1
11067346 214854836 0.5
4059556 214602605 1
4059556 214838098 1
4059556 214839594 1
4059556 214838102 0.5
10314151 214854733 1
10314151 214560534 1
10314151 214716971 1
10314151 214646306 0.5
10314151 214554950 0.5
10314151 214743367 0.5
10314151 214716973 0.5
10314151 214854159 0.5
10314151 214838227 0.5
10314151 214848377 0.5
10314151 214848380 0.5
723368 214821401 1
723368 214826908 1
723368 214826837 1
723368 214585670 0.5
9851691 214853130 1
9851691 214851742 1
9851691 214853128 1
9851691 214564320 0.5
9851691 214849010 0.5
9851691 214845962 0.5
1008173 214833755 1
1008173 214834877 1
1008173 214820807 1
1008173 214567875 0.5
1008173 214819430 0.5
1008173 214606790 0.5
1008173 214606792 0.5
1008173 214675890 0.5
1008173 214553844 0.5
1008173 214717286 0.5
1008173 214707830 0.5
1008173 214821015 0.5
1008173 214826617 0.5
1008173 214606972 0.5
908543 214826621 1
908543 214554982 1
908543 214821307 1
908543 214826617 0.5
5501344 214844396 1
5501344 214845587 1
5501344 214826949 1
5501344 214844400 0.5
5501344 214844345 0.5
2238903 214554967 1
2238903 214839311 1
2238903 214585633 1
2238903 214516749 0.5
2238903 214829846 0.5
7582139 214850743 1
7582139 214850771 1
7582139 214845581 1
7582139 214845583 0.5
8694204 214853094 1
8694204 214853090 1
8694204 214851326 1
8694204 214853096 0.5
8694204 214853085 0.5
9128383 214853135 1
9128383 214853242 1
9128383 214853184 1
9128383 214853225 0.5
9128383 214853182 0.5
10115521 214853700 1
10115521 214853698 1
10115521 214853722 1
10115521 214853707 0.5
9271748 214853428 1
9271748 214853460 1
9271748 214850947 1
9271748 214844400 0.5
9271748 214711307 0.5
9271748 214678526 0.5
11205064 214853100 1
11205064 214854733 1
11205064 214854830 1
11205064 214864880 0.5
11205064 214574672 0.5
5294537 214826833 1
5294537 214585633 1
5294537 214743352 1
5294537 214561558 0.5
8882634 214851326 1
8882634 214853094 1
8882634 214853248 1
8882634 214851122 0.5
8882634 214851013 0.5
6352097 214849070 1
6352097 214848615 1
6352097 214848795 1
6352097 214849076 0.5
7483469 214850936 1
7483469 214850870 1
7483469 214564382 1
7483469 214850692 0.5
7483469 214850405 0.5
7483469 214850760 0.5
7483469 214850700 0.5
7483469 214850876 0.5
7483469 214850621 0.5
11487698 214684785 1
11487698 214854358 1
11487698 214684762 1
11487698 214743339 0.5
11487698 214853726 0.5
2206798 214829865 1
2206798 214829846 1
2206798 214829861 1
2206798 214832717 0.5
5828287 214848307 1
5828287 214846029 1
5828287 214845984 1
5828287 214848298 0.5
5828287 214846007 0.5
10931707 214853156 1
10931707 214853147 1
10931707 214853154 1
10931707 214854787 0.5
10931707 214854853 0.5
10931707 214854793 0.5
10931707 214853100 0.5
10931707 214854356 0.5
10931707 214854782 0.5
8735203 214844342 1
8735203 214851101 1
8735203 214845973 1
8735203 214851232 0.5
8735203 214564380 0.5
8735203 214552522 0.5
8735203 214851236 0.5
8735203 214829878 0.5
5954021 214846479 1
5954021 214846464 1
5954021 214846468 1
5954021 214819760 0.5
5954021 214846466 0.5
5954021 214846031 0.5
10777062 214845962 1
10777062 214678387 1
10777062 214853109 1
10777062 214819393 0.5
10777062 214678376 0.5
10777062 214581611 0.5
10777062 214690796 0.5
10777062 214853165 0.5
10777062 214848847 0.5
10777062 214853128 0.5
10777062 214849010 0.5
10777062 214853107 0.5
10777062 214819410 0.5
10777062 214718165 0.5
10777062 214846391 0.5
10777062 214582200 0.5
10777062 214854300 0.5
10777062 214851742 0.5
10777062 214551583 0.5
4465127 214826893 1
4465127 214838098 1
4465127 214826945 1
4465127 214839971 0.5
872939 214748304 1
872939 214748291 1
872939 214753507 1
872939 214753505 0.5
2197997 214743495 1
2197997 214834997 1
2197997 214835754 1
2197997 214829385 0.5
5591541 214839311 1
5591541 214839358 1
5591541 214845489 1
5591541 214585633 0.5
8303097 214851322 1
8303097 214851236 1
8303097 214851122 1
8303097 214678989 0.5
6406651 214846530 1
6406651 214838225 1
6406651 214644650 1
6406651 214710097 0.5
6406651 214848695 0.5
8421884 214748336 1
8421884 214851122 1
8421884 214714779 1
8421884 214851137 0.5
8421884 214851236 0.5
8421884 214820396 0.5
8421884 214642100 0.5
8421884 214586743 0.5
8421884 214838111 0.5
8421884 214848159 0.5
2415847 214831950 1
2415847 214829885 1
2415847 214826700 1
2415847 214826801 0.5
5292544 214845590 1
5292544 214508304 1
5292544 214561674 1
5292544 214716641 0.5
5292544 214819526 0.5
5292544 214667912 0.5
5292544 214717397 0.5
5292544 214829368 0.5
5292544 214826906 0.5
5292544 214821020 0.5
5790209 214835017 1
5790209 214835745 1
5790209 214826565 1
5790209 214835019 0.5
8419844 214850282 1
8419844 214850310 1
8419844 214850295 1
8419844 214849796 0.5
4540933 214839969 1
4540933 214587317 1
4540933 214586694 1
4540933 214828985 0.5
4540933 214829850 0.5
4540933 214839967 0.5
4540933 214602598 0.5
4540933 214829775 0.5
4213256 214829775 1
4213256 214821401 1
4213256 214602598 1
4213256 214848176 0.5
4213256 214839969 0.5
4213256 214602733 0.5
381356 214826619 1
381356 214709634 1
381356 214510783 1
381356 214672841 0.5
381356 214820252 0.5
381356 214684845 0.5
277002 214838831 1
277002 214837485 1
277002 214698446 1
277002 214826955 0.5
277002 214826700 0.5
277002 214537541 0.5
277002 214559726 0.5
277002 214826934 0.5
7063639 214850304 1
7063639 214835126 1
7063639 214743515 1
7063639 214700000 0.5
7063639 214587328 0.5
7063639 214700002 0.5
8301074 214849312 1
8301074 214716671 1
8301074 214851579 1
8301074 214850692 0.5
8301074 214851592 0.5
8301074 214556057 0.5
8301074 214851099 0.5
8301074 214564382 0.5
8301074 214820402 0.5
8301074 214819760 0.5
8301074 214819762 0.5
8301074 214819380 0.5
8301074 214571188 0.5
8301074 214848832 0.5
8301074 214586694 0.5
8301074 214848851 0.5
8301074 214851163 0.5
8301074 214848613 0.5
8301074 214717286 0.5
8301074 214662759 0.5
8301074 214849001 0.5
8301074 214836330 0.5
8301074 214829799 0.5
8301074 214846447 0.5
8301074 214819378 0.5
8301074 214851575 0.5
8301074 214827005 0.5
6307758 214849012 1
6307758 214846412 1
6307758 214846466 1
6307758 214582170 0.5
6307758 214579837 0.5
6307758 214846415 0.5
10005016 214853435 1
10005016 214853730 1
10005016 214853702 1
10005016 214854152 0.5
10005016 214853865 0.5
10005016 214854148 0.5
2780149 214835019 1
2780149 214835747 1
2780149 214835132 1
2780149 214587712 0.5
6050332 214846119 1
6050332 214845962 1
6050332 214849010 1
6050332 214845971 0.5
9943586 214854547 1
9943586 214854579 1
9943586 214854300 1
9943586 214852978 0.5
10515547 214855250 1
10515547 214854358 1
10515547 214853735 1
10515547 214572448 0.5
10515547 214567329 0.5
10515547 214854146 0.5
10515547 214854534 0.5
10515547 214695553 0.5
10515547 214854510 0.5
10515547 214684785 0.5
10515547 214686547 0.5
10515547 214850741 0.5
10515547 214854262 0.5
10515547 214853724 0.5
10515547 214853726 0.5
10546609 214853767 1
10546609 214853700 1
10546609 214853698 1
10546609 214718220 0.5
10370841 214854787 1
10370841 214854793 1
10370841 214854853 1
10370841 214853930 0.5
4631087 214839967 1
4631087 214848178 1
4631087 214839962 1
4631087 214836330 0.5
10119732 214853096 1
10119732 214853105 1
10119732 214853085 1
10119732 214851326 0.5
9022009 214853242 1
9022009 214853210 1
9022009 214851750 1
9022009 214853237 0.5
9022009 214853182 0.5
9151034 214853165 1
9151034 214678387 1
9151034 214677830 1
9151034 214853169 0.5
7649851 214850938 1
7649851 214507365 1
7649851 214849018 1
7649851 214849393 0.5
7649851 214849736 0.5
7649851 214848305 0.5
7649851 214850743 0.5
7649851 214850619 0.5
7649851 214850940 0.5
6621756 214849245 1
6621756 214846033 1
6621756 214832012 1
6621756 214844409 0.5
6621756 214684730 0.5
6621756 214821309 0.5
6621756 214829878 0.5
574022 214827005 1
574022 214826837 1
574022 214820394 1
574022 214819762 0.5
574022 214684843 0.5
574022 214827007 0.5
574022 214743335 0.5
2828872 214832017 1
2828872 214829887 1
2828872 214573612 1
2828872 214840899 0.5
2828872 214585676 0.5
2828872 214837918 0.5
5446412 214846447 1
5446412 214846001 1
5446412 214848185 1
5446412 214839969 0.5
1534541 214829390 1
1534541 214826563 1
1534541 214821332 1
1534541 214829657 0.5
1534541 214561674 0.5
1776397 214834880 1
1776397 214821294 1
1776397 214826814 1
1776397 214826610 0.5
1776397 214833755 0.5
8571472 214850938 1
8571472 214850936 1
8571472 214853177 1
8571472 214853175 0.5
11063889 214849753 1
11063889 214854536 1
11063889 214556212 1
11063889 214854352 0.5
11063889 214853186 0.5
9597522 214853420 1
9597522 214850945 1
9597522 214850942 1
9597522 214821373 0.5
6558292 214849012 1
6558292 214848337 1
6558292 214848656 1
6558292 214848328 0.5
6558292 214710097 0.5
6558292 214836519 0.5
6558292 214851032 0.5
6558292 214850953 0.5
10629717 214567327 1
10629717 214853195 1
10629717 214684762 1
10629717 214567333 0.5
10629717 214854545 0.5
10629717 214853227 0.5
10629717 214684785 0.5
10629717 214854549 0.5
10629717 214854262 0.5
6314084 214708044 1
6314084 214848615 1
6314084 214602752 1
6314084 214829745 0.5
6314084 214838130 0.5
6314084 214831948 0.5
4997728 214838094 1
4997728 214832156 1
4997728 214836956 1
4997728 214837280 0.5
4997728 214684372 0.5
4997728 214845131 0.5
4997728 214838092 0.5
4512354 214826983 1
4512354 214826891 1
4512354 214839594 1
4512354 214686082 0.5
4512354 214831955 0.5
7035627 214849775 1
7035627 214849753 1
7035627 214849747 1
7035627 214718252 0.5
8341948 214851232 1
8341948 214851290 1
8341948 214716984 1
8341948 214718252 0.5
8341948 214851101 0.5
8341948 214844342 0.5
8341948 214851159 0.5
11504234 214851326 1
11504234 214857570 1
11504234 214857568 1
11504234 214853090 0.5
11504234 214854731 0.5
11504234 214854332 0.5
9114727 214853077 1
9114727 214852978 1
9114727 214853105 1
9114727 214853096 0.5
9114727 214853090 0.5
9114727 214853094 0.5
7885586 214716926 1
7885586 214748327 1
7885586 214716982 1
7885586 214716986 0.5
7885586 214554358 0.5
2894451 214836877 1
2894451 214774685 1
2894451 214840417 1
2894451 214774667 0.5
2894451 214748259 0.5
2894451 214836875 0.5
2894451 214836830 0.5
2894451 214570895 0.5
2534004 214829863 1
2534004 214820261 1
2534004 214820233 1
2534004 214832717 0.5
8925813 214677830 1
8925813 214851742 1
8925813 214853420 1
8925813 214853428 0.5
8845943 214853094 1
8845943 214852980 1
8845943 214853077 1
8845943 214853096 0.5
8845943 214852978 0.5
8845943 214851326 0.5
3091064 214835745 1
3091064 214835019 1
3091064 214826565 1
3091064 214600492 0.5
8284793 214850932 1
8284793 214685049 1
8284793 214851080 1
8284793 214644320 0.5
8284793 214829383 0.5
8284793 214838122 0.5
8284793 214645003 0.5
8284793 214851150 0.5
8284793 214835694 0.5
8284793 214835739 0.5
8284793 214851133 0.5
8284793 214584926 0.5
11233727 214853102 1
11233727 214854840 1
11233727 214821022 1
11233727 214718160 0.5
11233727 214853385 0.5
11233727 214561402 0.5
11233727 214844345 0.5
11233727 214850743 0.5
4168317 214832015 1
4168317 214838102 1
4168317 214839982 1
4168317 214826938 0.5
4168317 214836947 0.5
4168317 214613741 0.5
367467 214821290 1
367467 214821277 1
367467 214821285 1
367467 214826810 0.5
10431108 214854536 1
10431108 214854352 1
10431108 214854577 1
10431108 214559960 0.5
10431108 214849455 0.5
8264129 214851131 1
8264129 214851097 1
8264129 214851099 1
8264129 214844034 0.5
8264129 214850630 0.5
8264129 214716746 0.5
8264129 214691563 0.5
8264129 214684942 0.5
8264129 214748334 0.5
11022984 214854853 1
11022984 214864880 1
11022984 214853362 1
11022984 214849312 0.5
11022984 214855016 0.5
11022984 214714755 0.5
11022984 214854733 0.5
11022984 214861895 0.5
3509356 214667912 1
3509356 214831967 1
3509356 214586668 1
3509356 214587712 0.5
3509356 214820392 0.5
3509356 214836330 0.5
3509356 214835019 0.5
3509356 214832722 0.5
3509356 214835475 0.5
3509356 214834867 0.5
3509356 214829878 0.5
3509356 214838137 0.5
3509356 214832124 0.5
3509356 214836926 0.5
3509356 214821407 0.5
10197642 214853707 1
10197642 214853702 1
10197642 214853767 1
10197642 214853698 0.5
10197642 214853353 0.5
10197642 214853730 0.5
10197642 214574672 0.5
10197642 214698418 0.5
10197642 214853430 0.5
10197642 214853722 0.5
4360844 214829797 1
4360844 214839975 1
4360844 214560587 1
4360844 214839973 0.5
9134736 214848688 1
9134736 214850700 1
9134736 214828952 1
9134736 214853184 0.5
9134736 214853105 0.5
326289 214844297 1
326289 214820237 1
326289 214705757 1
326289 214582952 0.5
326289 214829737 0.5
326289 214819490 0.5
326289 214709690 0.5
9986709 214853735 1
9986709 214853728 1
9986709 214687845 1
9986709 214675888 0.5
9986709 214556218 0.5
9986709 214687475 0.5
9986709 214846391 0.5
9986709 214677615 0.5
7752343 214844439 1
7752343 214717003 1
7752343 214716928 1
7752343 214532107 0.5
7590552 214850713 1
7590552 214850709 1
7590552 214850711 1
7590552 214849745 0.5
7590552 214846468 0.5
7590552 214579837 0.5
7590552 214846470 0.5
7590552 214579839 0.5
6527428 214849258 1
6527428 214848808 1
6527428 214848941 1
6527428 214848832 0.5
6527428 214834880 0.5
6527428 214848613 0.5
6527428 214563335 0.5
4733599 214839971 1
4733599 214839967 1
4733599 214587317 1
4733599 214836857 0.5
4733599 214839975 0.5
6574754 214848622 1
6574754 214848337 1
6574754 214849239 1
6574754 214561402 0.5
6574754 214829765 0.5
6574754 214848950 0.5
8600227 214846117 1
8600227 214849010 1
8600227 214678387 1
8600227 214851585 0.5
8600227 214848380 0.5
7468876 214850621 1
7468876 214850741 1
7468876 214850940 1
7468876 214744779 0.5
7468876 214564382 0.5
9548457 214853420 1
9548457 214850947 1
9548457 214684736 1
9548457 214846029 0.5
9548457 214853726 0.5
9169582 214678387 1
9169582 214849010 1
9169582 214828952 1
9169582 214853169 0.5
9169582 214846117 0.5
9649949 214850949 1
9649949 214850945 1
9649949 214850947 1
9649949 214853454 0.5
9097672 214850630 1
9097672 214851290 1
9097672 214851581 1
9097672 214848337 0.5
9097672 214677830 0.5
9097672 214709702 0.5
9097672 214743495 0.5
9667252 214711307 1
9667252 214853422 1
9667252 214853420 1
9667252 214853428 0.5
9667252 214850295 0.5
258741 214517450 1
258741 214839795 1
258741 214546136 1
258741 214714927 0.5
10472118 214854536 1
10472118 214853113 1
10472118 214854352 1
10472118 214854497 0.5
9939639 214853852 1
9939639 214853994 1
9939639 214853846 1
9939639 214853722 0.5
9939639 214854148 0.5
3173053 214835017 1
3173053 214831967 1
3173053 214832124 1
3173053 214587712 0.5
3173053 214743495 0.5
3173053 214743497 0.5
3173053 214835475 0.5
3173053 214829852 0.5
3173053 214832115 0.5
3173053 214836926 0.5
3173053 214821407 0.5
6124224 214848808 1
6124224 214848832 1
6124224 214848851 1
6124224 214539206 0.5
5606208 214844372 1
5606208 214832150 1
5606208 214846417 1
5606208 214821410 0.5
5606208 214556342 0.5
1225419 214821307 1
1225419 214821341 1
1225419 214821309 1
1225419 214821305 0.5
1225419 214821302 0.5
5692109 214844400 1
5692109 214839932 1
5692109 214850402 1
5692109 214838137 0.5
5692109 214717286 0.5
2826966 214602600 1
2826966 214834867 1
2826966 214832792 1
2826966 214609325 0.5
10728151 214854300 1
10728151 214854579 1
10728151 214854585 1
10728151 214854534 0.5
8721112 214842735 1
8721112 214844398 1
8721112 214849764 1
8721112 214821371 0.5
9644761 214853379 1
9644761 214853420 1
9644761 214850947 1
9644761 214848952 0.5
11229916 214855016 1
11229916 214854787 1
11229916 214853102 1
11229916 214854840 0.5
10236641 214854527 1
10236641 214837494 1
10236641 214853735 1
10236641 214854545 0.5
10236641 214854549 0.5
4690661 214587317 1
4690661 214710152 1
4690661 214836855 1
4690661 214553700 0.5
8639206 214853085 1
8639206 214851326 1
8639206 214853090 1
8639206 214851028 0.5
2900712 214832115 1
2900712 214832126 1
2900712 214832124 1
2900712 214835122 0.5
2900712 214821407 0.5
6470379 214848950 1
6470379 214848622 1
6470379 214848688 1
6470379 214846415 0.5
6470379 214836855 0.5
6470379 214829765 0.5
6470379 214846470 0.5
6470379 214846127 0.5
7049966 214850285 1
7049966 214849738 1
7049966 214849757 1
7049966 214849762 0.5
7751464 214850938 1
7751464 214853758 1
7751464 214850765 1
7751464 214850726 0.5
7751464 214716982 0.5
6892274 214846389 1
6892274 214844342 1
6892274 214564320 1
6892274 214848337 0.5
6892274 214850282 0.5
6892274 214836875 0.5
6892274 214687685 0.5
6892274 214718169 0.5
5206772 214836525 1
5206772 214819468 1
5206772 214829887 1
5206772 214819775 0.5
9721244 214743515 1
9721244 214853325 1
9721244 214680356 1
9721244 214700002 0.5
9721244 214701787 0.5
9721244 214712237 0.5
2740988 214826565 1
2740988 214835747 1
2740988 214834867 1
2740988 214587712 0.5
2740988 214835017 0.5
2740988 214832792 0.5
2740988 214835019 0.5
1631018 214672942 1
1631018 214709970 1
1631018 214832773 1
1631018 214578836 0.5
1631018 214827030 0.5
1631018 214577612 0.5
1631018 214553773 0.5
1631018 214725542 0.5
8489727 214826662 1
8489727 214851131 1
8489727 214851122 1
8489727 214571188 0.5
1508104 214829657 1
1508104 214829660 1
1508104 214829385 1
1508104 214835002 0.5
1508104 214753515 0.5
7668524 214850771 1
7668524 214850938 1
7668524 214850936 1
7668524 214850743 0.5
7320331 214849466 1
7320331 214587317 1
7320331 214839617 1
7320331 214821309 0.5
7320331 214849031 0.5
3465996 214717511 1
3465996 214829878 1
3465996 214829882 1
3465996 214819400 0.5
3465996 214718396 0.5
3465996 214533022 0.5
3465996 214718255 0.5
7635727 214851236 1
7635727 214851122 1
7635727 214848630 1
7635727 214718252 0.5
7635727 214851581 0.5
2846168 214829878 1
2846168 214831948 1
2846168 214829887 1
2846168 214829880 0.5
2846168 214831946 0.5
2855698 214821305 1
2855698 214821302 1
2855698 214844357 1
2855698 214844439 0.5
7306004 214846112 1
7306004 214849136 1
7306004 214846072 1
7306004 214848658 0.5
7306004 214848947 0.5
3652373 214829797 1
3652373 214838109 1
3652373 214836887 1
3652373 214819760 0.5
3652373 214839587 0.5
3652373 214836932 0.5
3652373 214839932 0.5
3652373 214748336 0.5
3652373 214838225 0.5
3652373 214836924 0.5
1063709 214535010 1
1063709 214819562 1
1063709 214718167 1
1063709 214581761 0.5
1063709 214650626 0.5
1063709 214709702 0.5
1063709 214650632 0.5
1063709 214560587 0.5
1063709 214554637 0.5
1063709 214581485 0.5
1063709 214717877 0.5
1063709 214826615 0.5
1063709 214582200 0.5
1063709 214556025 0.5
1063709 214561402 0.5
1063709 214707995 0.5
1063709 214606972 0.5
10631966 214854300 1
10631966 214854579 1
10631966 214854585 1
10631966 214819577 0.5
10631966 214854547 0.5
10631966 214854534 0.5
2356002 214831946 1
2356002 214835165 1
2356002 214829880 1
2356002 214829878 0.5
9341941 214850949 1
9341941 214711307 1
9341941 214850945 1
9341941 214853422 0.5
2155308 214821309 1
2155308 214821315 1
2155308 214821305 1
2155308 214612706 0.5
2155308 214554699 0.5
2155308 214553732 0.5
2155308 214533022 0.5
2155308 214821302 0.5
400177 214717007 1
400177 214717005 1
400177 214716926 1
400177 214716928 0.5
11397939 214855016 1
11397939 214853102 1
11397939 214864880 1
11397939 214854857 0.5
11397939 214854819 0.5
11397939 214854733 0.5
11397939 214859246 0.5
11397939 214854815 0.5
5841716 214844398 1
5841716 214712124 1
5841716 214845416 1
5841716 214845984 0.5
5841716 214844400 0.5
5841716 214838137 0.5
2020151 214829861 1
2020151 214829707 1
2020151 214829865 1
2020151 214716984 0.5
2020151 214716982 0.5
2020151 214565535 0.5
2530107 214829885 1
2530107 214829880 1
2530107 214829882 1
2530107 214829878 0.5
11199292 214853102 1
11199292 214864880 1
11199292 214854785 1
11199292 214854352 0.5
9292613 214845962 1
9292613 214849010 1
9292613 214846119 1
9292613 214853128 0.5
9292613 214846312 0.5
9292613 214846117 0.5
9292613 214846072 0.5
9519944 214850947 1
9519944 214853420 1
9519944 214853422 1
9519944 214853722 0.5
8718569 214678376 1
8718569 214853107 1
8718569 214851742 1
8718569 214853075 0.5
4366819 214836887 1
4366819 214839587 1
4366819 214847649 1
4366819 214556216 0.5
4366819 214554450 0.5
4366819 214560140 0.5
4366819 214573350 0.5
7983959 214850762 1
7983959 214850938 1
7983959 214561775 1
7983959 214850771 0.5
7983959 214836924 0.5
7983959 214587005 0.5
8305497 214851146 1
8305497 214851017 1
8305497 214668759 1
8305497 214695478 0.5
8305497 214829045 0.5
8305497 214563182 0.5
5820048 214846412 1
5820048 214848410 1
5820048 214826990 1
5820048 214845984 0.5
5820048 214846479 0.5
4420444 214839971 1
4420444 214839977 1
4420444 214845131 1
4420444 214839969 0.5
4420444 214839973 0.5
4420444 214602598 0.5
4420444 214826951 0.5
4420444 214839975 0.5
4420444 214587317 0.5
4420444 214839960 0.5
3861341 214829773 1
3861341 214829769 1
3861341 214595150 1
3861341 214836795 0.5
3861341 214836924 0.5
7163653 214849466 1
7163653 214844398 1
7163653 214846072 1
7163653 214839969 0.5
7163653 214849762 0.5
7163653 214849738 0.5
7163653 214849757 0.5
7163653 214558807 0.5
7163653 214848377 0.5
7163653 214845885 0.5
7163653 214836926 0.5
10111841 214854510 1
10111841 214854262 1
10111841 214853865 1
10111841 214854146 0.5
10111841 214567333 0.5
10111841 214854534 0.5
10111841 214698446 0.5
10111841 214561775 0.5
10111841 214854579 0.5
10111841 214850741 0.5
10111841 214854358 0.5
10111841 214850743 0.5
10111841 214850936 0.5
10111841 214567327 0.5
10111841 214853726 0.5
10111841 214854165 0.5
4866914 214845131 1
4866914 214839973 1
4866914 214835019 1
4866914 214839960 0.5
4866914 214835745 0.5
4866914 214836926 0.5
1393129 214834880 1
1393129 214834877 1
1393129 214717562 1
1393129 214826627 0.5
1393129 214744535 0.5
1393129 214743495 0.5
5673829 214846010 1
5673829 214849072 1
5673829 214535010 1
5673829 214581761 0.5
5673829 214848161 0.5
5673829 214845577 0.5
5673829 214601197 0.5
5673829 214686900 0.5
5673829 214718398 0.5
10060653 214853722 1
10060653 214853700 1
10060653 214853698 1
10060653 214853702 0.5
9679103 214849391 1
9679103 214684730 1
9679103 214684736 1
9679103 214849393 0.5
9491312 214853169 1
9491312 214853165 1
9491312 214581611 1
9491312 214678387 0.5
9491312 214677830 0.5
9491312 214853094 0.5
2374514 214831946 1
2374514 214829878 1
2374514 214829885 1
2374514 214829882 0.5
7977843 214850938 1
7977843 214613705 1
7977843 214651777 1
7977843 214849363 0.5
2730869 214831940 1
2730869 214829364 1
2730869 214835132 1
2730869 214539208 0.5
2730869 214827009 0.5
6746998 214848954 1
6746998 214848945 1
6746998 214851009 1
6746998 214848947 0.5
4484603 214848729 1
4484603 214839947 1
4484603 214835537 1
4484603 214748289 0.5
4484603 214691428 0.5
4484603 214602534 0.5
4484603 214542759 0.5
4484603 214602536 0.5
4484603 214602538 0.5
4484603 214537490 0.5
4484603 214594680 0.5
4484603 214820377 0.5
4484603 214711642 0.5
4484603 214820255 0.5
3652474 214836924 1
3652474 214826990 1
3652474 214835109 1
3652474 214836932 0.5
1338858 214829660 1
1338858 214819599 1
1338858 214829385 1
1338858 214829852 0.5
1338858 214835750 0.5
662399 214613743 1
662399 214612760 1
662399 214827009 1
662399 214548744 0.5
662399 214553936 0.5
662399 214539110 0.5
662399 214826615 0.5
10861443 214510445 1
10861443 214717802 1
10861443 214743821 1
10861443 214676480 0.5
10861443 214712242 0.5
10861443 214712244 0.5
10861443 214853754 0.5
10861443 214744046 0.5
5364614 214844368 1
5364614 214844370 1
5364614 214835167 1
5364614 214829825 0.5
5364614 214558258 0.5
5364614 214711348 0.5
5364614 214829765 0.5
2618251 214831950 1
2618251 214829885 1
2618251 214831946 1
2618251 214829882 0.5
2618251 214829878 0.5
4137872 214832780 1
4137872 214839982 1
4137872 214832145 1
4137872 214829786 0.5
4137872 214839347 0.5
4137872 214836947 0.5
3509137 214836795 1
3509137 214829769 1
3509137 214613741 1
3509137 214595150 0.5
6945682 214848849 1
6945682 214849020 1
6945682 214848658 1
6945682 214643681 0.5
6945682 214849284 0.5
6945682 214848945 0.5
6945682 214848947 0.5
6945682 214849046 0.5
6945682 214849239 0.5
6945682 214848954 0.5
6945682 214848986 0.5
6945682 214849022 0.5
8156051 214851101 1
8156051 214851099 1
8156051 214564380 1
8156051 214851313 0.5
8156051 214552522 0.5
8156051 214844347 0.5
8156051 214851133 0.5
8881044 214849080 1
8881044 214851232 1
8881044 214851101 1
8881044 214552522 0.5
8881044 214564380 0.5
8881044 214844342 0.5
7529369 214836932 1
7529369 214836924 1
7529369 214677615 1
7529369 214651777 0.5
7529369 214851313 0.5
9888673 214850304 1
9888673 214850947 1
9888673 214845581 1
9888673 214845577 0.5
9888673 214850282 0.5
9888673 214853420 0.5
9888673 214846029 0.5
9888673 214846033 0.5
9888673 214849076 0.5
9888673 214716982 0.5
9888673 214684730 0.5
9888673 214846012 0.5
9888673 214850942 0.5
9888673 214829887 0.5
9436067 214840378 1
9436067 214826822 1
9436067 214826987 1
9436067 214711642 0.5
2608042 214831946 1
2608042 214829878 1
2608042 214829887 1
2608042 214748336 0.5
2608042 214819721 0.5
2608042 214706102 0.5
9477246 214850942 1
9477246 214853364 1
9477246 214601040 1
9477246 214850945 0.5
9477246 214850949 0.5
9739183 214850949 1
9739183 214853422 1
9739183 214850945 1
9739183 214853420 0.5
9739183 214857830 0.5
9190322 214716654 1
9190322 214716714 1
9190322 214716746 1
9190322 214851131 0.5
4441014 214829878 1
4441014 214839965 1
4441014 214829887 1
4441014 214820400 0.5
4441014 214829799 0.5
4441014 214584092 0.5
4441014 214800272 0.5
4441014 214712120 0.5
4441014 214826876 0.5
9436089 214840378 1
9436089 214853145 1
9436089 214857830 1
9436089 214853143 0.5
9436089 214826987 0.5
9436089 214853325 0.5
9436089 214835126 0.5
9436089 214851279 0.5
5870523 214748336 1
5870523 214846029 1
5870523 214846468 1
5870523 214835745 0.5
5870523 214839973 0.5
5870523 214835019 0.5
5870523 214846061 0.5
5870523 214846417 0.5
5870523 214579839 0.5
5870523 214846425 0.5
5870523 214845887 0.5
5870523 214579837 0.5
5870523 214820197 0.5
783292 214826615 1
783292 214571188 1
783292 214716671 1
783292 214563133 0.5
783292 214844315 0.5
783292 214553533 0.5
783292 214716710 0.5
783292 214828982 0.5
7598581 214850621 1
7598581 214850720 1
7598581 214564382 1
7598581 214564387 0.5
4047812 214826945 1
4047812 214829797 1
4047812 214821401 1
4047812 214826977 0.5
4047812 214668281 0.5
4047812 214600492 0.5
4047812 214587317 0.5
4047812 214640017 0.5
10088757 214853698 1
10088757 214853702 1
10088757 214853700 1
10088757 214854152 0.5
10088757 214696897 0.5
10088757 214853707 0.5
10088757 214853765 0.5
10088757 214853713 0.5
11183046 214854699 1
11183046 214854722 1
11183046 214853081 1
11183046 214712242 0.5
11183046 214853083 0.5
11183046 214710013 0.5
11183046 214854782 0.5
11183046 214690839 0.5
688336 214837490 1
688336 214838831 1
688336 214837485 1
688336 214837442 0.5
688336 214698446 0.5
2350024 214826977 1
2350024 214831946 1
2350024 214834877 1
2350024 214835124 0.5
2350024 214821397 0.5
2350024 214831959 0.5
7232457 214846117 1
7232457 214849012 1
7232457 214677615 1
7232457 214586694 0.5
7232457 214557322 0.5
7232457 214665277 0.5
7232457 214848337 0.5
7232457 214667859 0.5
7232457 214553844 0.5
7232457 214676375 0.5
7232457 214821017 0.5
7232457 214846427 0.5
7232457 214552522 0.5
7232457 214553587 0.5
2331598 214829880 1
2331598 214831946 1
2331598 214829379 1
2331598 214829850 0.5
5393366 214844370 1
5393366 214846065 1
5393366 214826565 1
5393366 214832128 0.5
5393366 214844372 0.5
5393366 214844355 0.5
5393366 214844396 0.5
8605177 214853094 1
8605177 214851326 1
8605177 214853248 1
8605177 214853096 0.5
4148184 214838096 1
4148184 214829797 1
4148184 214832145 1
4148184 214835522 0.5
4148184 214542759 0.5
4148184 214839592 0.5
4148184 214839975 0.5
4148184 214820758 0.5
4148184 214839932 0.5
4148184 214821309 0.5
4148184 214826623 0.5
3667048 214821017 1
3667048 214677615 1
3667048 214651777 1
3667048 214836947 0.5
1412058 214826610 1
1412058 214829387 1
1412058 214828976 1
1412058 214833755 0.5
8720207 214852980 1
8720207 214853085 1
8720207 214853077 1
8720207 214851581 0.5
4899322 214845587 1
4899322 214850402 1
4899322 214826833 1
4899322 214845457 0.5
4963303 214845352 1
4963303 214845581 1
4963303 214845579 1
4963303 214833802 0.5
4963303 214684372 0.5
4963303 214691735 0.5
44012 214842465 1
44012 214844287 1
44012 214842422 1
44012 214691233 0.5
44012 214691426 0.5
9684477 214828997 1
9684477 214509401 1
9684477 214853420 1
9684477 214567078 0.5
11242484 214854502 1
11242484 214854838 1
11242484 214854770 1
11242484 214854497 0.5
11242484 214854823 0.5
11242484 214854731 0.5
11242484 214854860 0.5
11242484 214854894 0.5
11242484 214686864 0.5
11242484 214710013 0.5
8776693 214853090 1
8776693 214853096 1
8776693 214829765 1
8776693 214699265 0.5
8776693 214851075 0.5
8776693 214851013 0.5
8776693 214851326 0.5
7289853 214849766 1
7289853 214848302 1
7289853 214836947 1
7289853 214645963 0.5
8658673 214665277 1
8658673 214851232 1
8658673 214849312 1
8658673 214851290 0.5
8658673 214849284 0.5
8658673 214601197 0.5
8658673 214844342 0.5
3189766 214800272 1
3189766 214748302 1
3189766 214587712 1
3189766 214558080 0.5
4131671 214839973 1
4131671 214845131 1
4131671 214829287 1
4131671 214848176 0.5
4131671 214839960 0.5
4131671 214716635 0.5
4131671 214839965 0.5
220172 214717087 1
220172 214526083 1
220172 214832321 1
220172 214553865 0.5
220172 214716626 0.5
220172 214575084 0.5
220172 214738460 0.5
10550286 214567327 1
10550286 214854358 1
10550286 214645712 1
10550286 214684785 0.5
10550286 214853413 0.5
10550286 214851165 0.5
2008079 214826666 1
2008079 214826664 1
2008079 214834997 1
2008079 214832722 0.5
2008079 214554510 0.5
6157009 214846029 1
6157009 214834869 1
6157009 214819779 1
6157009 214846479 0.5
7085083 214849312 1
7085083 214844345 1
7085083 214829387 1
7085083 214667857 0.5
7085083 214826610 0.5
7085083 214849239 0.5
4764701 214839973 1
4764701 214839975 1
4764701 214602598 1
4764701 214839960 0.5
4764701 214821401 0.5
4764701 214839971 0.5
4764701 214828985 0.5
4764701 214836855 0.5
3664389 214835109 1
3664389 214829765 1
3664389 214826990 1
3664389 214561402 0.5
3664389 214838227 0.5
3664389 214601229 0.5
1424416 214821407 1
1424416 214821332 1
1424416 214821350 1
1424416 214826610 0.5
1424416 214826563 0.5
9133093 214851290 1
9133093 214853383 1
9133093 214707830 1
9133093 214844342 0.5
9133093 214835167 0.5
4570151 214829730 1
4570151 214839969 1
4570151 214839977 1
4570151 214602598 0.5
2379272 214829887 1
2379272 214600509 1
2379272 214829878 1
2379272 214829664 0.5
10013748 214853188 1
10013748 214853715 1
10013748 214854146 1
10013748 214853184 0.5
10013748 214716671 0.5
10013748 214851579 0.5
10013748 214854165 0.5
10013748 214853135 0.5
328884 214834865 1
328884 214827000 1
328884 214826925 1
328884 214714794 0.5
328884 214827005 0.5
9182269 214716714 1
9182269 214851163 1
9182269 214851131 1
9182269 214851579 0.5
9182269 214716671 0.5
2616383 214829394 1
2616383 214826977 1
2616383 214835111 1
2616383 214819430 0.5
2616383 214836330 0.5
2616383 214716110 0.5
2616383 214601233 0.5
2616383 214835124 0.5
2616383 214831959 0.5
2616383 214819577 0.5
10480704 214854853 1
10480704 214854840 1
10480704 214854795 1
10480704 214854345 0.5
10480704 214848658 0.5
11099202 214716973 1
11099202 214853100 1
11099202 214510445 1
11099202 214853094 0.5
3791577 214835109 1
3791577 214836926 1
3791577 214826990 1
3791577 214820400 0.5
3791577 214839600 0.5
3791577 214561402 0.5
3791577 214838227 0.5
4127823 214821277 1
4127823 214826816 1
4127823 214575193 1
4127823 214821290 0.5
4127823 214826947 0.5
4127823 214709668 0.5
8537272 214685049 1
8537272 214851234 1
8537272 214716671 1
8537272 214851080 0.5
8537272 214716746 0.5
1621079 214834880 1
1621079 214834877 1
1621079 214826610 1
1621079 214833755 0.5
1621079 214829387 0.5
1621079 214821412 0.5
1621079 214826589 0.5
6681691 214849097 1
6681691 214849093 1
6681691 214849100 1
6681691 214676480 0.5
6681691 214712244 0.5
2010207 214602354 1
2010207 214602352 1
2010207 214602358 1
2010207 214561457 0.5
2010207 214657322 0.5
10394722 214853702 1
10394722 214853698 1
10394722 214853767 1
10394722 214854495 0.5
10394722 214854527 0.5
8799333 214851742 1
8799333 214853107 1
8799333 214853128 1
8799333 214853087 0.5
2538607 214829878 1
2538607 214831948 1
2538607 214829882 1
2538607 214829887 0.5
10267768 214848746 1
10267768 214854527 1
10267768 214709649 1
10267768 214717505 0.5
10267768 214848324 0.5
10267768 214580424 0.5
10267768 214684108 0.5
10267768 214845356 0.5
10267768 214706428 0.5
10267768 214821397 0.5
10267768 214854300 0.5
10267768 214850942 0.5
6849661 214846466 1
6849661 214844398 1
6849661 214845917 1
6849661 214846112 0.5
6849661 214839969 0.5
6849661 214850402 0.5
6849661 214845412 0.5
6849661 214746382 0.5
6849661 214846479 0.5
6849661 214668281 0.5
6849661 214846427 0.5
6849661 214845885 0.5
11252862 214854787 1
11252862 214853102 1
11252862 214854782 1
11252862 214854808 0.5
11252862 214561462 0.5
11252862 214859246 0.5
10871943 214853100 1
10871943 214864880 1
10871943 214854797 1
10871943 214854838 0.5
3061612 214587697 1
3061612 214826565 1
3061612 214835019 1
3061612 214826818 0.5
3061612 214826947 0.5
6065291 214846367 1
6065291 214845590 1
6065291 214846425 1
6065291 214826906 0.5
5135503 214836853 1
5135503 214716639 1
5135503 214839956 1
5135503 214839977 0.5
5135503 214839967 0.5
10394772 214854358 1
10394772 214567329 1
10394772 214567215 1
10394772 214851013 0.5
10394772 214853735 0.5
10394772 214854600 0.5
10394772 214854860 0.5
10394772 214684785 0.5
10394772 214854354 0.5
10394772 214556595 0.5
10394772 214854356 0.5
10394772 214573590 0.5
10394772 214854264 0.5
10394772 214684762 0.5
3534361 214820263 1
3534361 214820231 1
3534361 214820265 1
3534361 214820261 0.5
7255193 214850295 1
7255193 214850282 1
7255193 214684715 1
7255193 214717507 0.5
7255193 214819627 0.5
7255193 214584092 0.5
7255193 214684717 0.5
7255193 214829878 0.5
5663898 214585633 1
5663898 214554967 1
5663898 214848159 1
5663898 214835019 0.5
2774171 214835747 1
2774171 214835745 1
2774171 214587697 1
2774171 214835017 0.5
4836517 214710152 1
4836517 214839397 1
4836517 214828991 1
4836517 214553700 0.5
4836517 214711205 0.5
4836517 214827015 0.5
4836517 214839598 0.5
4836517 214587028 0.5
4836517 214687770 0.5
4836517 214835130 0.5
4836517 214539039 0.5
10720427 214854264 1
10720427 214854358 1
10720427 214854268 1
10720427 214684785 0.5
10720427 214854579 0.5
9640818 214850315 1
9640818 214838107 1
9640818 214853338 1
9640818 214853420 0.5
9640818 214850949 0.5
9640818 214846031 0.5
7057608 214850692 1
7057608 214850409 1
7057608 214850760 1
7057608 214850876 0.5
4658357 214826945 1
4658357 214826942 1
4658357 214838098 1
4658357 214836050 0.5
4658357 214838107 0.5
4975817 214845356 1
4975817 214845579 1
4975817 214845581 1
4975817 214845352 0.5
4975817 214845577 0.5
4633784 214839977 1
4633784 214839969 1
4633784 214839956 1
4633784 214845131 0.5
4633784 214602733 0.5
9034939 214851326 1
9034939 214853105 1
9034939 214852980 1
9034939 214853233 0.5
9034939 214853195 0.5
6007999 214848971 1
6007999 214846415 1
6007999 214844396 1
6007999 214844400 0.5
7368 214839313 1
7368 214839999 1
7368 214839997 1
7368 214840001 0.5
7368 214826615 0.5
9661642 214853420 1
9661642 214850949 1
9661642 214850947 1
9661642 214850942 0.5
2513186 214826623 1
2513186 214829878 1
2513186 214508304 1
2513186 214826912 0.5
2513186 214684841 0.5
2513186 214716714 0.5
2513186 214553533 0.5
2513186 214716752 0.5
2513186 214820402 0.5
2513186 214668185 0.5
2513186 214831965 0.5
2513186 214716671 0.5
5151948 214716635 1
5151948 214829852 1
5151948 214845131 1
5151948 214848176 0.5
5151948 214748336 0.5
5151948 214710099 0.5
5151948 214602733 0.5
7867603 214851290 1
7867603 214564380 1
7867603 214850792 1
7867603 214601233 0.5
7867603 214850402 0.5
7867603 214844347 0.5
7867603 214845885 0.5
7867603 214845583 0.5
2611729 214844357 1
2611729 214821339 1
2611729 214821309 1
2611729 214821305 0.5
2611729 214844458 0.5
10501333 214853767 1
10501333 214854300 1
10501333 214851581 1
10501333 214853996 0.5
10501333 214854545 0.5
10501333 214854549 0.5
10501333 214854358 0.5
10501333 214849464 0.5
10501333 214684762 0.5
10501333 214854495 0.5
10501333 214853726 0.5
10501333 214854517 0.5
7353303 214573590 1
7353303 214849363 1
7353303 214850621 1
7353303 214850692 0.5
7353303 214850405 0.5
7353303 214821032 0.5
7353303 214717742 0.5
7353303 214677512 0.5
7353303 214849365 0.5
7353303 214745310 0.5
224472 214826801 1
224472 214832655 1
224472 214709634 1
224472 214716984 0.5
224472 214716982 0.5
10190049 214835004 1
10190049 214820188 1
10190049 214854257 1
10190049 214850771 0.5
10190049 214821020 0.5
10190049 214561775 0.5
11222243 214853100 1
11222243 214854800 1
11222243 214850387 1
11222243 214864880 0.5
5831909 214837918 1
5831909 214845585 1
5831909 214846061 1
5831909 214845986 0.5
5831909 214836924 0.5
5831909 214826953 0.5
5831909 214572182 0.5
5831909 214680729 0.5
5831909 214585532 0.5
5090534 214845590 1
5090534 214835426 1
5090534 214835473 1
5090534 214835064 0.5
5090534 214640012 0.5
10249084 214567329 1
10249084 214567333 1
10249084 214567215 1
10249084 214854264 0.5
5279007 214540125 1
5279007 214839594 1
5279007 214835042 1
5279007 214688610 0.5
5279007 214844355 0.5
5279007 214717007 0.5
5279007 214826833 0.5
5279007 214678614 0.5
5279007 214514295 0.5
5279007 214640015 0.5
5279007 214678524 0.5
5279007 214680510 0.5
4420843 214835017 1
4420843 214826565 1
4420843 214587697 1
4420843 214587712 0.5
4420843 214829385 0.5
4420843 214657322 0.5
4420843 214819760 0.5
4420843 214832145 0.5
4420843 214820394 0.5
5136594 214837494 1
5136594 214847255 1
5136594 214847261 1
5136594 214832147 0.5
5136594 214839965 0.5
7953646 214832604 1
7953646 214716707 1
7953646 214716932 1
7953646 214855185 0.5
7953646 214844402 0.5
3998959 214834880 1
3998959 214826610 1
3998959 214834877 1
3998959 214838227 0.5
3998959 214835109 0.5
3998959 214821015 0.5
1017589 214714880 1
1017589 214580293 1
1017589 214580291 1
1017589 214612785 0.5
9796852 214854510 1
9796852 214854262 1
9796852 214853865 1
9796852 214853413 0.5
9796852 214853996 0.5
9796852 214684785 0.5
9796852 214850741 0.5
9796852 214854165 0.5
9796852 214643036 0.5
9796852 214567327 0.5
4390134 214839587 1
4390134 214839975 1
4390134 214602733 1
4390134 214601272 0.5
3788027 214839592 1
3788027 214821315 1
3788027 214612738 1
3788027 214612751 0.5
3788027 214551607 0.5
2639101 214829880 1
2639101 214831946 1
2639101 214829885 1
2639101 214829882 0.5
5104897 214832156 1
5104897 214838092 1
5104897 214840091 1
5104897 214837280 0.5
5104897 214746380 0.5
5104897 214712051 0.5
5104897 214743350 0.5
5104897 214839384 0.5
5104897 214836956 0.5
2254084 214829878 1
2254084 214831946 1
2254084 214831931 1
2254084 214712229 0.5
4630742 214837918 1
4630742 214845131 1
4630742 214839967 1
4630742 214839600 0.5
4630742 214839960 0.5
4630742 214836330 0.5
4630742 214837916 0.5
10031688 214854172 1
10031688 214853992 1
10031688 214853865 1
10031688 214848322 0.5
10031688 214849740 0.5
10031688 214848845 0.5
10031688 214718160 0.5
10031688 214851315 0.5
10031688 214854165 0.5
10031688 214836924 0.5
3693833 214826565 1
3693833 214838225 1
3693833 214836330 1
3693833 214753515 0.5
3693833 214819719 0.5
3693833 214819721 0.5
3693833 214832780 0.5
3693833 214680718 0.5
3693833 214835475 0.5
3693833 214829852 0.5
3693833 214839600 0.5
3693833 214835111 0.5
3693833 214684843 0.5
3693833 214543922 0.5
3693833 214748334 0.5
3693833 214832559 0.5
3693833 214819760 0.5
3693833 214587697 0.5
3693833 214819762 0.5
3693833 214829366 0.5
3693833 214563337 0.5
3693833 214836926 0.5
3693833 214834880 0.5
3693833 214836932 0.5
3693833 214553544 0.5
3693833 214746380 0.5
3693833 214716110 0.5
3693833 214553561 0.5
3693833 214674401 0.5
3693833 214832747 0.5
6178058 214846010 1
6178058 214845962 1
6178058 214846119 1
6178058 214846312 0.5
6178058 214846065 0.5
6178058 214561434 0.5
6178058 214849252 0.5
6178058 214561457 0.5
7648813 214849736 1
7648813 214844355 1
7648813 214844372 1
7648813 214849760 0.5
7648813 214716930 0.5
7648813 214717003 0.5
7648813 214587317 0.5
7648813 214844398 0.5
3951892 214836830 1
3951892 214582350 1
3951892 214826711 1
3951892 214840417 0.5
3951892 214840410 0.5
3951892 214712709 0.5
3951892 214582374 0.5
11539734 214850945 1
11539734 214846014 1
11539734 214774674 1
11539734 214819400 0.5
11539734 214850310 0.5
2297111 214829878 1
2297111 214831948 1
2297111 214829880 1
2297111 214829887 0.5
9071898 214853165 1
9071898 214853130 1
9071898 214678387 1
9071898 214853128 0.5
9071898 214819393 0.5
9071898 214845962 0.5
9071898 214677830 0.5
3914287 214836947 1
3914287 214835167 1
3914287 214829765 1
3914287 214711280 0.5
3914287 214838227 0.5
3914287 214835109 0.5
8647964 214851101 1
8647964 214853321 1
8647964 214851290 1
8647964 214700002 0.5
8647964 214853158 0.5
8647964 214580424 0.5
8647964 214577450 0.5
8647964 214844400 0.5
8647964 214844402 0.5
8647964 214851125 0.5
8647964 214743515 0.5
8647964 214845885 0.5
3192094 214834867 1
3192094 214609325 1
3192094 214832792 1
3192094 214835017 0.5
3192094 214835747 0.5
5090594 214832156 1
5090594 214837286 1
5090594 214837288 1
5090594 214837280 0.5
5090594 214838092 0.5
3077412 214834867 1
3077412 214835019 1
3077412 214835745 1
3077412 214601233 0.5
3077412 214835747 0.5
3077412 214600492 0.5
10918108 214853102 1
10918108 214853362 1
10918108 214850420 1
10918108 214853100 0.5
3407147 214836830 1
3407147 214831935 1
3407147 214837882 1
3407147 214667912 0.5
5027116 214838092 1
5027116 214819468 1
5027116 214836883 1
5027116 214538582 0.5
5027116 214829775 0.5
5791022 214846447 1
5791022 214829317 1
5791022 214844372 1
5791022 214844400 0.5
7200048 214835167 1
7200048 214561775 1
7200048 214748310 1
7200048 214819640 0.5
7200048 214848380 0.5
7200048 214846119 0.5
5867059 214821382 1
5867059 214848298 1
5867059 214846301 1
5867059 214846312 0.5
5867059 214846318 0.5
6354229 214846421 1
6354229 214846419 1
6354229 214846460 1
6354229 214846472 0.5
10100022 214853994 1
10100022 214853852 1
10100022 214853846 1
10100022 214854176 0.5
10100022 214854148 0.5
10263866 214854527 1
10263866 214854517 1
10263866 214820396 1
10263866 214854731 0.5
10263866 214839973 0.5
10263866 214853702 0.5
10263866 214835019 0.5
10263866 214848658 0.5
10263866 214846067 0.5
10263866 214706102 0.5
10263866 214854495 0.5
7558462 214843367 1
7558462 214835064 1
7558462 214849740 1
7558462 214551626 0.5
7558462 214850396 0.5
7558462 214844370 0.5
7558462 214821309 0.5
4756802 214837494 1
4756802 214602598 1
4756802 214587317 1
4756802 214828985 0.5
4756802 214744796 0.5
4756802 214821401 0.5
4353348 214839956 1
4353348 214836887 1
4353348 214836883 1
4353348 214829327 0.5
5717321 214848159 1
5717321 214849001 1
5717321 214845416 1
5717321 214838111 0.5
5356877 214844342 1
5356877 214845590 1
5356877 214844347 1
5356877 214835109 0.5
8416591 214851232 1
8416591 214851155 1
8416591 214851290 1
8416591 214851075 0.5
8416591 214564380 0.5
8416591 214851133 0.5
8416591 214844342 0.5
8416591 214832023 0.5
10876242 214857260 1
10876242 214857810 1
10876242 214857562 1
10876242 214857568 0.5
10876242 214855209 0.5
10876242 214854332 0.5
10876242 214854815 0.5
8105299 214685049 1
8105299 214851080 1
8105299 214851161 1
8105299 214851587 0.5
10859861 214854311 1
10859861 214854080 1
10859861 214854575 1
10859861 214854583 0.5
6468153 214848656 1
6468153 214839971 1
6468153 214848622 1
6468153 214849012 0.5
6468153 214848695 0.5
10149209 214854549 1
10149209 214854495 1
10149209 214854545 1
10149209 214684502 0.5
10149209 214837494 0.5
8449372 214851028 1
8449372 214851161 1
8449372 214851080 1
8449372 214828970 0.5
8449372 214564451 0.5
8449372 214716654 0.5
10559717 214854579 1
10559717 214854534 1
10559717 214851714 1
10559717 214854536 0.5
10559717 214642697 0.5
10559717 214854510 0.5
10559717 214819577 0.5
4814176 214821339 1
4814176 214542761 1
4814176 214821020 1
4814176 214551626 0.5
4814176 214844452 0.5
4814176 214537541 0.5
4814176 214594678 0.5
4814176 214826711 0.5
2514273 214829880 1
2514273 214831946 1
2514273 214829885 1
2514273 214748336 0.5
2514273 214819762 0.5
2514273 214831967 0.5
2514273 214835124 0.5
2514273 214831959 0.5
4373859 214839982 1
4373859 214820452 1
4373859 214835109 1
4373859 214829762 0.5
4373859 214820220 0.5
4373859 214707877 0.5
527717 214821302 1
527717 214821305 1
527717 214821339 1
527717 214821307 0.5
6070503 214845939 1
6070503 214829739 1
6070503 214821035 1
6070503 214840483 0.5
941629 214716932 1
941629 214716935 1
941629 214717003 1
941629 214716930 0.5
941629 214717007 0.5
2582419 214829880 1
2582419 214829882 1
2582419 214835574 1
2582419 214829878 0.5
2582419 214829887 0.5
8272446 214851099 1
8272446 214851075 1
8272446 214849153 1
8272446 214851133 0.5
7751033 214821315 1
7751033 214844394 1
7751033 214844439 1
7751033 214612704 0.5
7751033 214533022 0.5
5281146 214844396 1
5281146 214850402 1
5281146 214844402 1
5281146 214757441 0.5
5281146 214744427 0.5
5281146 214845587 0.5
6806908 214848622 1
6806908 214828970 1
6806908 214846445 1
6806908 214846065 0.5
6806908 214821277 0.5
8125824 214850310 1
8125824 214712235 1
8125824 214832143 1
8125824 214700002 0.5
8125824 214831955 0.5
8125824 214850366 0.5
8125824 214835126 0.5
10798526 214850790 1
10798526 214853992 1
10798526 214853195 1
10798526 214572448 0.5
10798526 214695553 0.5
10798526 214851748 0.5
10798526 214850405 0.5
10798526 214853865 0.5
10798526 214684785 0.5
10798526 214686547 0.5
10798526 214857257 0.5
10798526 214684762 0.5
10798526 214853726 0.5
6164716 214846031 1
6164716 214846014 1
6164716 214842555 1
6164716 214829880 0.5
6164716 214846033 0.5
6164716 214831946 0.5
6164716 214842553 0.5
5105043 214845131 1
5105043 214839973 1
5105043 214836956 1
5105043 214587317 0.5
7701909 214853177 1
7701909 214853175 1
7701909 214853758 1
7701909 214844409 0.5
6863769 214848658 1
6863769 214849312 1
6863769 214849292 1
6863769 214828970 0.5
4625816 214836855 1
4625816 214847255 1
4625816 214602598 1
4625816 214836853 0.5
4625816 214586694 0.5
4625816 214829775 0.5
10665382 214854579 1
10665382 214854300 1
10665382 214851750 1
10665382 214851011 0.5
10665382 214557701 0.5
10665382 214850790 0.5
10665382 214854352 0.5
10665382 214849363 0.5
10665382 214559960 0.5
10665382 214853113 0.5
10665382 214850621 0.5
4447656 214839356 1
4447656 214845129 1
4447656 214827017 1
4447656 214540706 0.5
4447656 214602315 0.5
4447656 214537541 0.5
4447656 214718158 0.5
4447656 214556861 0.5
11105708 214854731 1
11105708 214850387 1
11105708 214678455 1
11105708 214717286 0.5
11105708 214853100 0.5
11105708 214677615 0.5
11105708 214838225 0.5
11105708 214821017 0.5
11105708 214854718 0.5
7701551 214850771 1
7701551 214850743 1
7701551 214850936 1
7701551 214564382 0.5
10556848 214854536 1
10556848 214567329 1
10556848 214853244 1
10556848 214854354 0.5
10556848 214684762 0.5
9182642 214827020 1
9182642 214851150 1
9182642 214851294 1
9182642 214821272 0.5
9182642 214851146 0.5
11126603 214854785 1
11126603 214849048 1
11126603 214853102 1
11126603 214853083 0.5
11126603 214854716 0.5
11126603 214854718 0.5
11126603 214854894 0.5
11126603 214853079 0.5
7038389 214849230 1
7038389 214835167 1
7038389 214849314 1
7038389 214561496 0.5
7038389 214603138 0.5
7038389 214848335 0.5
7038389 214643340 0.5
7038389 214561775 0.5
7370172 214844398 1
7370172 214849736 1
7370172 214849764 1
7370172 214844400 0.5
7370172 214849738 0.5
7370172 214676306 0.5
7370172 214849766 0.5
7370172 214849757 0.5
5887562 214846425 1
5887562 214644605 1
5887562 214846468 1
5887562 214828963 0.5
5887562 214846427 0.5
5887562 214644607 0.5
9284757 214850942 1
9284757 214853422 1
9284757 214850949 1
9284757 214853152 0.5
9284757 214848185 0.5
9284757 214853330 0.5
9284757 214853420 0.5
8107938 214851131 1
8107938 214716671 1
8107938 214851163 1
8107938 214851097 0.5
8107938 214716714 0.5
11285968 214510445 1
11285968 214712242 1
11285968 214854699 1
11285968 214704180 0.5
11285968 214712244 0.5
11285968 214849132 0.5
11285968 214854774 0.5
3790297 214829801 1
3790297 214838122 1
3790297 214838124 1
3790297 214845127 0.5
3384794 214820261 1
3384794 214829079 1
3384794 214820259 1
3384794 214829762 0.5
3384794 214829083 0.5
3384794 214820220 0.5
8087506 214851013 1
8087506 214851099 1
8087506 214851122 1
8087506 214851133 0.5
8087506 214850630 0.5
7200226 214829792 1
7200226 214712237 1
7200226 214850366 1
7200226 214850368 0.5
7200226 214700002 0.5
7200226 214712235 0.5
7200226 214849766 0.5
1533417 214826837 1
1533417 214744775 1
1533417 214820400 1
1533417 214819719 0.5
1533417 214714732 0.5
1533417 214819376 0.5
1533417 214826872 0.5
1533417 214668281 0.5
1533417 214834877 0.5
5649898 214846001 1
5649898 214826990 1
5649898 214845984 1
5649898 214834880 0.5
5649898 214839617 0.5
5649898 214821410 0.5
5649898 214835747 0.5
5649898 214711652 0.5
5649898 214819430 0.5
5649898 214826623 0.5
5649898 214835017 0.5
5649898 214601229 0.5
5649898 214687565 0.5
5649898 214716752 0.5
5649898 214845917 0.5
5649898 214848410 0.5
5649898 214821339 0.5
5649898 214845887 0.5
5649898 214845885 0.5
5649898 214821022 0.5
5649898 214844447 0.5
8615408 214852987 1
8615408 214853130 1
8615408 214853128 1
8615408 214848302 0.5
9151988 214853094 1
9151988 214853077 1
9151988 214853085 1
9151988 214853233 0.5
10515053 214567215 1
10515053 214567329 1
10515053 214567327 1
10515053 214567333 0.5
8787449 214853210 1
8787449 214853242 1
8787449 214853132 1
8787449 214853225 0.5
8787449 214853237 0.5
9633274 214853420 1
9633274 214701787 1
9633274 214826987 1
9633274 214850942 0.5
3749119 214835167 1
3749119 214836924 1
3749119 214613741 1
3749119 214567408 0.5
3749119 214829773 0.5
3749119 214514640 0.5
3749119 214642097 0.5
3749119 214717498 0.5
3749119 214674427 0.5
6127101 214821022 1
6127101 214849010 1
6127101 214677615 1
6127101 214834880 0.5
6127101 214845984 0.5
6127101 214676962 0.5
6127101 214839617 0.5
6127101 214601229 0.5
6127101 214845806 0.5
6127101 214718160 0.5
6127101 214601233 0.5
6127101 214718169 0.5
6127101 214848410 0.5
9154046 214853090 1
9154046 214851326 1
9154046 214852978 1
9154046 214853210 0.5
7351894 214848330 1
7351894 214826990 1
7351894 214835109 1
7351894 214834880 0.5
7351894 214667857 0.5
7351894 214821410 0.5
7351894 214849333 0.5
7351894 214665277 0.5
9770504 214846117 1
9770504 214853128 1
9770504 214677830 1
9770504 214853130 0.5
9770504 214709702 0.5
8107532 214852978 1
8107532 214853096 1
8107532 214851101 1
8107532 214853077 0.5
8107532 214853094 0.5
7441933 214849466 1
7441933 214845984 1
7441933 214849046 1
7441933 214826623 0.5
7441933 214839617 0.5
7441933 214831967 0.5
7441933 214602598 0.5
7441933 214553561 0.5
9865163 214853094 1
9865163 214853105 1
9865163 214851326 1
9865163 214853090 0.5
9865163 214851714 0.5
2108943 214829660 1
2108943 214829385 1
2108943 214829368 1
2108943 214829657 0.5
2108943 214820394 0.5
2473488 214829885 1
2473488 214712132 1
2473488 214819640 1
2473488 214559660 0.5
882193 214819599 1
882193 214820394 1
882193 214744779 1
882193 214783357 0.5
6506007 214848688 1
6506007 214848337 1
6506007 214848380 1
6506007 214846530 0.5
8521241 214853122 1
8521241 214651554 1
8521241 214850932 1
8521241 214700876 0.5
8521241 214853758 0.5
2453019 214829880 1
2453019 214831940 1
2453019 214835503 1
2453019 214829882 0.5
2453019 214832780 0.5
2453019 214829885 0.5
1412637 214827005 1
1412637 214834877 1
1412637 214820392 1
1412637 214834880 0.5
1412637 214716752 0.5
1412637 214716667 0.5
1412637 214716714 0.5
1412637 214819376 0.5
1412637 214556055 0.5
1412637 214826619 0.5
1412637 214714794 0.5
2436639 214829880 1
2436639 214829887 1
2436639 214831946 1
2436639 214829878 0.5
2436639 214716671 0.5
4435494 214839590 1
4435494 214826942 1
4435494 214632146 1
4435494 214831944 0.5
6434347 214832604 1
6434347 214848808 1
6434347 214848851 1
6434347 214848832 0.5
6434347 214848613 0.5
335408 214716928 1
335408 214716986 1
335408 214832655 1
335408 214838368 0.5
335408 214716995 0.5
335408 214717003 0.5
335408 214717005 0.5
335408 214717007 0.5
335408 214716926 0.5
335408 214716982 0.5
335408 214716984 0.5
335408 214832653 0.5
335408 214716990 0.5
2002481 214832717 1
2002481 214829707 1
2002481 214829711 1
2002481 214832773 0.5
5504563 214845587 1
5504563 214846012 1
5504563 214846029 1
5504563 214846033 0.5
2206519 214821285 1
2206519 214821277 1
2206519 214821292 1
2206519 214584907 0.5
2206519 214820227 0.5
1630871 214829366 1
1630871 214834880 1
1630871 214828965 1
1630871 214821410 0.5
1630871 214833755 0.5
1630871 214821412 0.5
1630871 214826610 0.5
1630871 214834877 0.5
8410679 214851290 1
8410679 214564380 1
8410679 214851232 1
8410679 214829765 0.5
10380859 214854352 1
10380859 214854354 1
10380859 214854536 1
10380859 214853113 0.5
5397088 214844355 1
5397088 214826833 1
5397088 214844368 1
5397088 214826932 0.5
5397088 214836853 0.5
5621314 214846464 1
5621314 214848317 1
5621314 214840410 1
5621314 214846475 0.5
5621314 214846327 0.5
11054662 214853102 1
11054662 214855016 1
11054662 214864880 1
11054662 214854785 0.5
11054662 214854767 0.5
8075117 214716935 1
8075117 214716714 1
8075117 214716671 1
8075117 214685049 0.5
8075117 214851575 0.5
4208204 214839592 1
4208204 214832015 1
4208204 214612738 1
4208204 214829769 0.5
4208204 214838102 0.5
6581838 214753657 1
6581838 214849284 1
6581838 214849331 1
6581838 214849020 0.5
6581838 214535653 0.5
2790998 214835019 1
2790998 214829280 1
2790998 214587317 1
2790998 214743495 0.5
2790998 214743369 0.5
2790998 214718385 0.5
2790998 214586743 0.5
2790998 214828985 0.5
2790998 214717850 0.5
11058776 214686879 1
11058776 214854770 1
11058776 214686864 1
11058776 214850752 0.5
11058776 214854821 0.5
11058776 214854502 0.5
11058776 214854830 0.5
11447899 214850366 1
11447899 214853460 1
11447899 214845947 1
11447899 214710159 0.5
7175772 214849766 1
7175772 214849807 1
7175772 214850282 1
7175772 214849352 0.5
7175772 214849747 0.5
5805663 214846447 1
5805663 214839973 1
5805663 214848997 1
5805663 214826977 0.5
5805663 214826949 0.5
5805663 214845131 0.5
5805663 214821300 0.5
5805663 214846007 0.5
5805663 214612730 0.5
5805663 214845887 0.5
5674596 214837286 1
5674596 214832156 1
5674596 214846065 1
5674596 214837280 0.5
5674596 214836956 0.5
5674596 214838092 0.5
5674596 214829797 0.5
8140397 214851285 1
8140397 214851155 1
8140397 214716930 1
8140397 214716977 0.5
6335422 214846530 1
6335422 214848622 1
6335422 214848682 1
6335422 214846412 0.5
6335422 214848630 0.5
6335422 214848950 0.5
6335422 214846415 0.5
1448122 214829387 1
1448122 214826610 1
1448122 214834880 1
1448122 214833755 0.5
1448122 214829366 0.5
5236347 214844372 1
5236347 214845583 1
5236347 214844396 1
5236347 214845585 0.5
5236347 214832150 0.5
7700102 214564382 1
7700102 214850621 1
7700102 214849365 1
7700102 214848328 0.5
7700102 214819577 0.5
3960463 214836932 1
3960463 214836947 1
3960463 214836924 1
3960463 214680521 0.5
10628753 214854536 1
10628753 214849464 1
10628753 214854579 1
10628753 214820394 0.5
6491796 214848808 1
6491796 214832604 1
6491796 214716707 1
6491796 214848832 0.5
6491796 214848851 0.5
6491796 214571188 0.5
6491796 214848613 0.5
6491796 214684942 0.5
2842261 214835017 1
2842261 214835019 1
2842261 214826977 1
2842261 214587712 0.5
2842261 214835745 0.5
2842261 214835747 0.5
2842261 214826565 0.5
2842261 214835111 0.5
2842261 214600492 0.5
5725847 214712126 1
5725847 214835167 1
5725847 214844342 1
5725847 214844345 0.5
5725847 214829765 0.5
9207449 214853420 1
9207449 214853428 1
9207449 214853330 1
9207449 214850947 0.5
9207449 214561485 0.5
9207449 214849747 0.5
9207449 214561494 0.5
9207449 214850743 0.5
9207449 214851322 0.5
9207449 214716958 0.5
460172 214684715 1
460172 214826627 1
460172 214711312 1
460172 214826955 0.5
3872411 214630042 1
3872411 214845127 1
3872411 214702933 1
3872411 214645618 0.5
3872411 214836877 0.5
3624606 214838109 1
3624606 214835167 1
3624606 214829765 1
3624606 214836870 0.5
1123999 214820345 1
1123999 214748336 1
1123999 214819430 1
1123999 214839600 0.5
1123999 214743369 0.5
1123999 214717850 0.5
1123999 214829321 0.5
1123999 214668281 0.5
521889 214837485 1
521889 214838831 1
521889 214821305 1
521889 214837442 0.5
521889 214837483 0.5
521889 214698446 0.5
521889 214837487 0.5
521889 214837490 0.5
521889 214826615 0.5
521889 214826619 0.5
1676987 214826994 1
1676987 214829396 1
1676987 214826921 1
1676987 214680705 0.5
1676987 214826561 0.5
11392678 214853379 1
11392678 214853154 1
11392678 214848969 1
11392678 214844355 0.5
2459932 214829878 1
2459932 214831946 1
2459932 214831948 1
2459932 214829887 0.5
9529003 214853420 1
9529003 214831955 1
9529003 214850947 1
9529003 214703801 0.5
9529003 214820938 0.5
1527468 214829861 1
1527468 214829846 1
1527468 214829865 1
1527468 214834880 0.5
1527468 214833755 0.5
4665006 214829310 1
4665006 214829100 1
4665006 214839598 1
4665006 214835015 0.5
11146928 214854774 1
11146928 214855209 1
11146928 214712242 1
11146928 214854682 0.5
11146928 214849100 0.5
9856696 214853700 1
9856696 214853767 1
9856696 214853702 1
9856696 214848688 0.5
9856696 214853707 0.5
2241337 214600509 1
2241337 214714757 1
2241337 214820842 1
2241337 214835745 0.5
8638141 214853109 1
8638141 214678387 1
8638141 214853111 1
8638141 214853169 0.5
6963829 214678880 1
6963829 214848641 1
6963829 214849337 1
6963829 214851009 0.5
6963829 214848954 0.5
6963829 214848945 0.5
6963829 214849046 0.5
6963829 214848335 0.5
11448002 214858680 1
11448002 214854720 1
11448002 214854804 1
11448002 214848992 0.5
11448002 214854707 0.5
11448002 214854860 0.5
5289668 214835473 1
5289668 214844398 1
5289668 214837286 1
5289668 214844368 0.5
5289668 214845577 0.5
8330953 214716746 1
8330953 214716654 1
8330953 214819772 1
8330953 214851163 0.5
8330953 214851579 0.5
8330953 214716714 0.5
8330953 214851028 0.5
8330953 214851317 0.5
8330953 214556057 0.5
8330953 214851131 0.5
8330953 214851165 0.5
8330953 214716671 0.5
6577442 214849312 1
6577442 214849331 1
6577442 214849284 1
6577442 214849239 0.5
1691597 214844445 1
1691597 214844447 1
1691597 214551902 1
1691597 214674772 0.5
8070864 214853173 1
8070864 214705020 1
8070864 214851155 1
8070864 214828882 0.5
2408146 214826977 1
2408146 214832780 1
2408146 214835111 1
2408146 214696897 0.5
2408146 214560615 0.5
2408146 214829321 0.5
2408146 214687852 0.5
2408146 214748334 0.5
2408146 214717847 0.5
2408146 214829850 0.5
2408146 214829852 0.5
9890766 214853767 1
9890766 214853353 1
9890766 214718169 1
9890766 214718160 0.5
9890766 214561775 0.5
9890766 214675888 0.5
9890766 214850771 0.5
9890766 214850743 0.5
9890766 214821020 0.5
10223319 214854510 1
10223319 214854262 1
10223319 214853994 1
10223319 214854264 0.5
10223319 214853182 0.5
9454884 214853420 1
9454884 214853454 1
9454884 214850947 1
9454884 214850949 0.5
4730588 214748336 1
4730588 214829852 1
4730588 214845131 1
4730588 214839600 0.5
4730588 214829850 0.5
4730588 214839973 0.5
4730588 214602733 0.5
345821 214826619 1
345821 214717562 1
345821 214827002 1
345821 214821401 0.5
10856158 214712242 1
10856158 214854853 1
10856158 214854682 1
10856158 214854731 0.5
9424607 214853420 1
9424607 214853422 1
9424607 214850942 1
9424607 214850945 0.5
6610656 214711348 1
6610656 214835109 1
6610656 214848337 1
6610656 214561402 0.5
9578721 214853342 1
9578721 214853340 1
9578721 214850947 1
9578721 214850945 0.5
9578721 214853420 0.5
7102156 214850692 1
7102156 214850405 1
7102156 214850760 1
7102156 214837442 0.5
7102156 214850771 0.5
7102156 214850743 0.5
4925157 214845583 1
4925157 214839973 1
4925157 214835469 1
4925157 214563337 0.5
5463782 214844400 1
5463782 214844355 1
5463782 214844398 1
5463782 214844396 0.5
5463782 214717085 0.5
5463782 214819526 0.5
6678248 214849230 1
6678248 214826610 1
6678248 214849312 1
6678248 214834880 0.5
6678248 214829387 0.5
6678248 214665277 0.5
6678248 214667859 0.5
6678248 214849239 0.5
6678248 214834877 0.5
9215266 214853420 1
9215266 214853325 1
9215266 214850700 1
9215266 214853177 0.5
9215266 214831955 0.5
10995436 214854842 1
10995436 214850743 1
10995436 214850771 1
10995436 214850936 0.5
2682606 214831950 1
2682606 214829878 1
2682606 214829885 1
2682606 214829887 0.5
5539249 214844347 1
5539249 214844342 1
5539249 214844345 1
5539249 214844340 0.5
5539249 214832150 0.5
10252931 214854257 1
10252931 214854080 1
10252931 214854313 1
10252931 214854212 0.5
10252931 214854341 0.5
10252931 214546102 0.5
5283573 214844342 1
5283573 214844347 1
5283573 214844345 1
5283573 214836932 0.5
5283573 214832150 0.5
7763703 214717007 1
7763703 214716926 1
7763703 214853122 1
7763703 214716928 0.5
7763703 214717003 0.5
7763703 214554358 0.5
4435706 214839356 1
4435706 214829287 1
4435706 214829792 1
4435706 214839397 0.5
4435706 214839973 0.5
2826018 214829878 1
2826018 214831946 1
2826018 214834880 1
2826018 214743369 0.5
724739 214821309 1
724739 214551617 1
724739 214821305 1
724739 214821315 0.5
724739 214821341 0.5
10428166 214829878 1
10428166 214839596 1
10428166 214853420 1
10428166 214853730 0.5
10428166 214854060 0.5
10428166 214854118 0.5
10428166 214853767 0.5
4253404 214826713 1
4253404 214839973 1
4253404 214845129 1
4253404 214829102 0.5
10486229 214853085 1
10486229 214853096 1
10486229 214853105 1
10486229 214853248 0.5
10486229 214852978 0.5
10486229 214853094 0.5
5908236 214846415 1
5908236 214846427 1
5908236 214573230 1
5908236 214820377 0.5
1074963 214829038 1
1074963 214748259 1
1074963 214829743 1
1074963 214567335 0.5
1074963 214537775 0.5
5640153 214837882 1
5640153 214845984 1
5640153 214839587 1
5640153 214844400 0.5
5640153 214601233 0.5
5640153 214846007 0.5
5640153 214846447 0.5
3877508 214834867 1
3877508 214835747 1
3877508 214835017 1
3877508 214587712 0.5
3877508 214609325 0.5
532251 214826615 1
532251 214839313 1
532251 214826612 1
532251 214826872 0.5
532251 214826837 0.5
2421282 214829878 1
2421282 214829887 1
2421282 214829882 1
2421282 214686082 0.5
2421282 214831955 0.5
2421282 214831957 0.5
2421282 214831950 0.5
2421282 214829885 0.5
9537311 214853135 1
9537311 214853195 1
9537311 214850405 1
9537311 214837442 0.5
9537311 214851748 0.5
9537311 214853227 0.5
9537311 214698446 0.5
9537311 214850557 0.5
9537311 214849365 0.5
9537311 214853210 0.5
9537311 214850621 0.5
10098464 214854510 1
10098464 214850621 1
10098464 214845583 1
10098464 214850720 0.5
10098464 214851011 0.5
10098464 214850790 0.5
10098464 214854300 0.5
10098464 214845585 0.5
10098464 214854579 0.5
10098464 214854262 0.5
10098464 214854172 0.5
10098464 214567327 0.5
2463522 214826983 1
2463522 214686082 1
2463522 214829878 1
2463522 214829882 0.5
2463522 214831955 0.5
2463522 214600509 0.5
575268 214826897 1
575268 214826912 1
575268 214828987 1
575268 214820842 0.5
6787718 214850282 1
6787718 214829878 1
6787718 214845577 1
6787718 214846033 0.5
6787718 214838107 0.5
6787718 214849076 0.5
3651366 214826975 1
3651366 214820220 1
3651366 214842429 1
3651366 214829825 0.5
868138 214821290 1
868138 214837485 1
868138 214838831 1
868138 214837442 0.5
868138 214837490 0.5
868138 214837487 0.5
7795281 214844355 1
7795281 214849740 1
7795281 214716641 1
7795281 214845585 0.5
7795281 214848941 0.5
7795281 214582359 0.5
9600812 214678376 1
9600812 214845962 1
9600812 214846119 1
9600812 214853165 0.5
4291208 214677615 1
4291208 214820392 1
4291208 214602733 1
4291208 214821017 0.5
4291208 214839969 0.5
1462066 214834877 1
1462066 214834880 1
1462066 214820805 1
1462066 214833755 0.5
1462066 214821412 0.5
1462066 214826589 0.5
1462066 214829366 0.5
10288688 214853102 1
10288688 214718385 1
10288688 214853700 1
10288688 214853767 0.5
7788343 214850758 1
7788343 214850700 1
7788343 214850936 1
7788343 214851011 0.5
7788343 214850756 0.5
7788343 214850790 0.5
7788343 214851097 0.5
7788343 214851133 0.5
7788343 214851167 0.5
2414399 214533022 1
2414399 214829878 1
2414399 214829882 1
2414399 214831948 0.5
2414399 214829885 0.5
10589138 214567327 1
10589138 214684785 1
10589138 214567333 1
10589138 214853865 0.5
10589138 214839962 0.5
10589138 214854547 0.5
10589138 214854262 0.5
10589138 214854510 0.5
10265277 214854358 1
10265277 214567215 1
10265277 214849807 1
10265277 214567329 0.5
10265277 214854298 0.5
10265277 214853113 0.5
10265277 214854268 0.5
10265277 214853735 0.5
10654037 214854579 1
10654037 214854300 1
10654037 214854585 1
10654037 214819577 0.5
10654037 214820394 0.5
10654037 214854547 0.5
10654037 214854534 0.5
2500421 214831946 1
2500421 214829880 1
2500421 214829882 1
2500421 214829878 0.5
9281352 214850949 1
9281352 214850945 1
9281352 214853342 1
9281352 214850947 0.5
9281352 214853428 0.5
9281352 214850942 0.5
6462808 214743515 1
6462808 214840421 1
6462808 214744258 1
6462808 214700002 0.5
6462808 214826983 0.5
6462808 214511015 0.5
6462808 214712237 0.5
6462808 214680371 0.5
6462808 214849076 0.5
2422607 214829880 1
2422607 214831948 1
2422607 214829882 1
2422607 214829885 0.5
7839568 214850771 1
7839568 214564380 1
7839568 214849136 1
7839568 214675890 0.5
7839568 214844342 0.5
2754873 214609325 1
2754873 214835019 1
2754873 214835747 1
2754873 214835017 0.5
2754873 214834867 0.5
9492312 214853321 1
9492312 214850942 1
9492312 214850949 1
9492312 214700002 0.5
2074256 214819762 1
2074256 214819760 1
2074256 214829852 1
2074256 214829366 0.5
6452256 214849076 1
6452256 214848615 1
6452256 214848626 1
6452256 214848956 0.5
10588009 214854534 1
10588009 214854579 1
10588009 214819577 1
10588009 214854585 0.5
10588009 214854547 0.5
9135079 214850940 1
9135079 214850739 1
9135079 214849245 1
9135079 214834880 0.5
9135079 214853330 0.5
9135079 214558807 0.5
5965676 214846029 1
5965676 214712120 1
5965676 214849076 1
5965676 214846033 0.5
5965676 214845980 0.5
5965676 214846031 0.5
10254189 214850420 1
10254189 214854767 1
10254189 214854770 1
10254189 214850752 0.5
10254189 214686864 0.5
10254189 214854772 0.5
10254189 214850702 0.5
10254189 214686879 0.5
4487028 214845806 1
4487028 214845131 1
4487028 214839973 1
4487028 214820392 0.5
4487028 214839960 0.5
4487028 214845435 0.5
4487028 214668281 0.5
5205882 214832150 1
5205882 214826990 1
5205882 214844347 1
5205882 214839973 0.5
5205882 214838092 0.5
5205882 214845583 0.5
5205882 214748336 0.5
5205882 214848727 0.5
5205882 214836536 0.5
7860092 214651777 1
7860092 214677615 1
7860092 214561775 1
7860092 214850552 0.5
7860092 214850555 0.5
7860092 214821020 0.5
9385853 214853698 1
9385853 214853707 1
9385853 214853702 1
9385853 214819464 0.5
9385853 214853713 0.5
8019841 214851028 1
8019841 214851131 1
8019841 214851097 1
8019841 214851165 0.5
8310658 214851577 1
8310658 214851292 1
8310658 214846408 1
8310658 214820447 0.5
5756806 214846012 1
5756806 214835017 1
5756806 214748336 1
5756806 214743515 0.5
4124552 214839995 1
4124552 214839999 1
4124552 214717003 1
4124552 214839395 0.5
4124552 214827062 0.5
10346377 214850765 1
10346377 214851290 1
10346377 214851317 1
10346377 214717888 0.5
10346377 214853698 0.5
10346377 214853700 0.5
10346377 214557701 0.5
10346377 214853702 0.5
10346377 214853767 0.5
10346377 214837288 0.5
10346377 214569707 0.5
10346377 214718220 0.5
10346377 214853730 0.5
10346377 214854545 0.5
10346377 214821397 0.5
10346377 214850756 0.5
10346377 214844347 0.5
10346377 214850754 0.5
8236938 214851099 1
8236938 214510447 1
8236938 214748336 1
8236938 214641840 0.5
8236938 214851075 0.5
8236938 214743335 0.5
8236938 214836330 0.5
8236938 214845583 0.5
8236938 214819760 0.5
8236938 214819762 0.5
8236938 214849333 0.5
8236938 214612730 0.5
8236938 214829852 0.5
8236938 214851290 0.5
6136471 214839971 1
6136471 214846001 1
6136471 214845971 1
6136471 214836330 0.5
6136471 214848997 0.5
9762711 214850743 1
9762711 214851281 1
9762711 214561775 1
9762711 214677615 0.5
7483294 214716973 1
7483294 214716982 1
7483294 214716984 1
7483294 214854570 0.5
7483294 214716926 0.5
1589152 214834880 1
1589152 214826610 1
1589152 214829366 1
1589152 214829387 0.5
1589152 214833755 0.5
1416866 214834873 1
1416866 214834877 1
1416866 214834880 1
1416866 214826610 0.5
1416866 214833755 0.5
2797474 214753505 1
2797474 214748291 1
2797474 214753513 1
2797474 214748300 0.5
11222413 214829882 1
11222413 214829878 1
11222413 214831946 1
11222413 214850949 0.5
11222413 214850310 0.5
11222413 214853420 0.5
11222413 214853422 0.5
11222413 214846033 0.5
11222413 214848309 0.5
11222413 214854840 0.5
1531818 214840421 1
1531818 214705740 1
1531818 214821320 1
1531818 214834880 0.5
1531818 214711556 0.5
1531818 214829387 0.5
1531818 214711277 0.5
1531818 214557009 0.5
1531818 214826610 0.5
1531818 214834877 0.5
2334639 214831946 1
2334639 214829878 1
2334639 214829882 1
2334639 214831957 0.5
2686896 214831950 1
2686896 214684730 1
2686896 214829885 1
2686896 214711408 0.5
2686896 214514291 0.5
2686896 214711087 0.5
4233139 214744258 1
4233139 214839594 1
4233139 214832012 1
4233139 214838098 0.5
4233139 214712235 0.5
8053406 214851161 1
8053406 214851080 1
8053406 214685049 1
8053406 214849363 0.5
6639543 214849046 1
6639543 214848605 1
6639543 214849076 1
6639543 214848658 0.5
14484 214748293 1
14484 214748297 1
14484 214753513 1
14484 214748338 0.5
14484 214748300 0.5
871071 214821309 1
871071 214821302 1
871071 214821339 1
871071 214819430 0.5
6162632 214848369 1
6162632 214848384 1
6162632 214848596 1
6162632 214836924 0.5
7247806 214850291 1
7247806 214850295 1
7247806 214850282 1
7247806 214849796 0.5
7247806 214850310 0.5
6238151 214848845 1
6238151 214846530 1
6238151 214848980 1
6238151 214849344 0.5
6238151 214850565 0.5
6238151 214848337 0.5
6238151 214849097 0.5
6238151 214819627 0.5
6238151 214710097 0.5
6238151 214849012 0.5
6238151 214848410 0.5
2701256 214690747 1
2701256 214684717 1
2701256 214829880 1
2701256 214650632 0.5
2701256 214826835 0.5
2701256 214820396 0.5
2701256 214695285 0.5
10203082 214853730 1
10203082 214853767 1
10203082 214853707 1
10203082 214854065 0.5
10203082 214662742 0.5
10203082 214853420 0.5
10203082 214850949 0.5
10203082 214853702 0.5
5265399 214844360 1
5265399 214820274 1
5265399 214848727 1
5265399 214829672 0.5
5265399 214602830 0.5
5265399 214820272 0.5
5265399 214684372 0.5
5265399 214820377 0.5
5265399 214613915 0.5
4790946 214753513 1
4790946 214533763 1
4790946 214645967 1
4790946 214839956 0.5
10311631 214853096 1
10311631 214853105 1
10311631 214853085 1
10311631 214853248 0.5
9946399 214854080 1
9946399 214718220 1
9946399 214854551 1
9946399 214854221 0.5
8898516 214853077 1
8898516 214852980 1
8898516 214853135 1
8898516 214835447 0.5
8898516 214564382 0.5
8898516 214557223 0.5
2326488 214602352 1
2326488 214602793 1
2326488 214602806 1
2326488 214680729 0.5
2326488 214561453 0.5
2326488 214587671 0.5
8309977 214851131 1
8309977 214851097 1
8309977 214851165 1
8309977 214848851 0.5
7927771 214850938 1
7927771 214564387 1
7927771 214832023 1
7927771 214829280 0.5
7927771 214645987 0.5
7927771 214849001 0.5
7927771 214744779 0.5
7927771 214717850 0.5
7927771 214845917 0.5
11040091 214687475 1
11040091 214853930 1
11040091 214853767 1
11040091 214829090 0.5
3071969 214835019 1
3071969 214835017 1
3071969 214837918 1
3071969 214609325 0.5
10846178 214853102 1
10846178 214853100 1
10846178 214854785 1
10846178 214854840 0.5
10846178 214854797 0.5
7232972 214850325 1
7232972 214829362 1
7232972 214850321 1
7232972 214845420 0.5
7232972 214558254 0.5
8716261 214851150 1
8716261 214851320 1
8716261 214851294 1
8716261 214716714 0.5
10645478 214854358 1
10645478 214853100 1
10645478 214847255 1
10645478 214837494 0.5
10645478 214684785 0.5
10645478 214853726 0.5
10645478 214575665 0.5
10645478 214684498 0.5
10645478 214854549 0.5
10645478 214684502 0.5
10645478 214684762 0.5
10645478 214648254 0.5
10645478 214854495 0.5
5760999 214846119 1
5760999 214845954 1
5760999 214829739 1
5760999 214845962 0.5
5760999 214846318 0.5
3301353 214706180 1
3301353 214836851 1
3301353 214640017 1
3301353 214826977 0.5
3301353 214831959 0.5
3301353 214826908 0.5
3301353 214587317 0.5
3301353 214829385 0.5
9416683 214853713 1
9416683 214748336 1
9416683 214853702 1
9416683 214846061 0.5
11198444 214854819 1
11198444 214854512 1
11198444 214854720 1
11198444 214848808 0.5
11198444 214853132 0.5
11198444 214853079 0.5
8895696 214853242 1
8895696 214853132 1
8895696 214853135 1
8895696 214853227 0.5
8895696 214851748 0.5
8895696 214853222 0.5
8895696 214853225 0.5
8895696 214853195 0.5
8895696 214853237 0.5
8895696 214685049 0.5
8895696 214853210 0.5
2146289 214829878 1
2146289 214829887 1
2146289 214835124 1
2146289 214819430 0.5
2146289 214835111 0.5
2146289 214820392 0.5
2146289 214820394 0.5
2146289 214753515 0.5
2146289 214832780 0.5
2146289 214743495 0.5
2146289 214716110 0.5
2146289 214835087 0.5
2146289 214819762 0.5
2146289 214831959 0.5
2146289 214684730 0.5
2146289 214746427 0.5
2146289 214584092 0.5
2146289 214600509 0.5
2146289 214640094 0.5
2543606 214829852 1
2543606 214753515 1
2543606 214829850 1
2543606 214556840 0.5
1992697 214712229 1
1992697 214831931 1
1992697 214712272 1
1992697 214832696 0.5
3487739 214587697 1
3487739 214835019 1
3487739 214826565 1
3487739 214554662 0.5
550908 214556840 1
550908 214826912 1
550908 214827022 1
550908 214840410 0.5
550908 214552933 0.5
550908 214718246 0.5
550908 214826925 0.5
5946709 214848315 1
5946709 214848300 1
5946709 214848298 1
5946709 214845984 0.5
5946709 214819760 0.5
5946709 214838225 0.5
5946709 214829006 0.5
5946709 214846127 0.5
