2500609 214831948 1
2500609 214718396 1
2500609 214712124 1
2500609 214711280 0.5
2500609 214711952 0.5
2500609 214826955 0.5
2500609 214716902 0.5
2304002 214829878 1
2304002 214829885 1
2304002 214829887 1
2304002 214834880 0.5
2304002 214829880 0.5
2304002 214829882 0.5
2304002 214833755 0.5
8665091 214852980 1
8665091 214853077 1
8665091 214852978 1
8665091 214851326 0.5
8611846 214853094 1
8611846 214853096 1
8611846 214853105 1
8611846 214851133 0.5
8611846 214853085 0.5
2711559 214835017 1
2711559 214748336 1
2711559 214835747 1
2711559 214835124 0.5
2711559 214831959 0.5
2711559 214832780 0.5
2711559 214819430 0.5
2711559 214835087 0.5
8949771 214852980 1
8949771 214853077 1
8949771 214853096 1
8949771 214853248 0.5
8996077 214851326 1
8996077 214851290 1
8996077 214853248 1
8996077 214851101 0.5
11085844 214853698 1
11085844 214853702 1
11085844 214853767 1
11085844 214853096 0.5
11085844 214853105 0.5
11085844 214853722 0.5
11085844 214853077 0.5
11085844 214853085 0.5
5740206 214845954 1
5740206 214846119 1
5740206 214821382 1
5740206 214819586 0.5
5740206 214846117 0.5
5740206 214846312 0.5
5740206 214845962 0.5
5740206 214846318 0.5
5740206 214680360 0.5
5740206 214849010 0.5
5740206 214832019 0.5
5806102 214846119 1
5806102 214846117 1
5806102 214845939 1
5806102 214819640 0.5
5806102 214559660 0.5
5806102 214844396 0.5
3411991 214836851 1
3411991 214826623 1
3411991 214831965 1
3411991 214706180 0.5
3411991 214829030 0.5
3411991 214687852 0.5
3411991 214836877 0.5
3411991 214687565 0.5
3411991 214828985 0.5
3411991 214640017 0.5
3411991 214587317 0.5
3411991 214583670 0.5
3411991 214826711 0.5
3411991 214821401 0.5
9099289 214850947 1
9099289 214850315 1
9099289 214845980 1
9099289 214684736 0.5
9099289 214559726 0.5
9099289 214838831 0.5
1116186 214828995 1
1116186 214826801 1
1116186 214827009 1
1116186 214584092 0.5
1116186 214640094 0.5
1116186 214559726 0.5
7236271 214844340 1
7236271 214848377 1
7236271 214848337 1
7236271 214573277 0.5
10741788 214854579 1
10741788 214854585 1
10741788 214854300 1
10741788 214819577 0.5
10741788 214850741 0.5
10741788 214849365 0.5
2435102 214829878 1
2435102 214829887 1
2435102 214826977 1
2435102 214831967 0.5
2435102 214835124 0.5
2435102 214831959 0.5
10324654 214853497 1
10324654 214854527 1
10324654 214853698 1
10324654 214743067 0.5
10324654 214853702 0.5
10324654 214748336 0.5
10324654 214853713 0.5
10324654 214850771 0.5
10324654 214583287 0.5
10324654 214854298 0.5
10324654 214851099 0.5
2408488 214829878 1
2408488 214829885 1
2408488 214831948 1
2408488 214717847 0.5
2408488 214687565 0.5
2408488 214716752 0.5
2408488 214557009 0.5
2408488 214738455 0.5
2408488 214831965 0.5
2408488 214826623 0.5
7147527 214832604 1
7147527 214711517 1
7147527 214716707 1
7147527 214844396 0.5
7147527 214676306 0.5
7147527 214849052 0.5
7147527 214849389 0.5
7995437 214850936 1
7995437 214651777 1
7995437 214846072 1
7995437 214850771 0.5
7995437 214677615 0.5
7995437 214561775 0.5
10420661 214853075 1
10420661 214846119 1
10420661 214851742 1
10420661 214846312 0.5
1683503 214829396 1
1683503 214821410 1
1683503 214826561 1
1683503 214642153 0.5
11243568 214854549 1
11243568 214854579 1
11243568 214849464 1
11243568 214854547 0.5
11243568 214854495 0.5
2982921 214832128 1
2982921 214835107 1
2982921 214820274 1
2982921 214835475 0.5
7067704 214849809 1
7067704 214850295 1
7067704 214850315 1
7067704 214850285 0.5
10281584 214854313 1
10281584 214854080 1
10281584 214854257 1
10281584 214854212 0.5
10281584 214854343 0.5
6522938 214848656 1
6522938 214600492 1
6522938 214848630 1
6522938 214845131 0.5
6522938 214836932 0.5
6522938 214839973 0.5
6522938 214829366 0.5
6522938 214848695 0.5
7776607 214849464 1
7776607 214554270 1
7776607 214839975 1
7776607 214849312 0.5
7776607 214829366 0.5
7776607 214716935 0.5
7776607 214850760 0.5
7776607 214850739 0.5
7776607 214850741 0.5
7776607 214573590 0.5
7776607 214846007 0.5
7776607 214849331 0.5
7776607 214850938 0.5
7776607 214717331 0.5
7776607 214836926 0.5
7776607 214831967 0.5
35259 214680369 1
35259 214826615 1
35259 214826617 1
35259 214676962 0.5
35259 214561991 0.5
35259 214819468 0.5
35259 214716973 0.5
35259 214819374 0.5
35259 214835120 0.5
35259 214717877 0.5
35259 214821015 0.5
35259 214826621 0.5
35259 214821022 0.5
6649919 214849020 1
6649919 214848952 1
6649919 214851009 1
6649919 214848954 0.5
6649919 214849022 0.5
5972034 214846419 1
5972034 214846367 1
5972034 214846460 1
5972034 214846472 0.5
5972034 214710097 0.5
1300549 214821307 1
1300549 214821305 1
1300549 214821302 1
1300549 214612721 0.5
1300549 214551607 0.5
495688 214821302 1
495688 214826615 1
495688 214826619 1
495688 214717877 0.5
9918538 214853730 1
9918538 214853713 1
9918538 214853702 1
9918538 214853707 0.5
10321997 214848337 1
10321997 214853385 1
10321997 214667857 1
10321997 214573290 0.5
10321997 214838227 0.5
10321997 214850677 0.5
8084493 214851290 1
8084493 214851232 1
8084493 214712124 1
8084493 214564380 0.5
8084493 214578350 0.5
9856696 214853700 1
9856696 214853767 1
9856696 214853702 1
9856696 214848688 0.5
9856696 214853707 0.5
7614478 214853758 1
7614478 214853177 1
7614478 214853175 1
7614478 214851120 0.5
7614478 214828882 0.5
9089113 214850711 1
9089113 214820758 1
9089113 214717522 1
9089113 214850402 0.5
9089113 214851236 0.5
9089113 214853385 0.5
9089113 214820396 0.5
9089113 214687565 0.5
9089113 214846127 0.5
9089113 214829880 0.5
9089113 214851290 0.5
9089113 214665277 0.5
5036048 214826987 1
5036048 214829887 1
5036048 214851120 1
5036048 214586432 0.5
5036048 214844407 0.5
5036048 214835469 0.5
5036048 214829878 0.5
5036048 214821397 0.5
11212251 214853102 1
11212251 214854782 1
11212251 214855016 1
11212251 214854836 0.5
6301796 214848692 1
6301796 214848330 1
6301796 214680371 1
6301796 214712235 0.5
6301796 214835126 0.5
10629221 214854536 1
10629221 214853113 1
10629221 214819599 1
10629221 214820394 0.5
10629221 214850947 0.5
8233063 214846067 1
8233063 214851236 1
8233063 214851013 1
8233063 214845885 0.5
8233063 214748334 0.5
9115756 214851326 1
9115756 214853090 1
9115756 214853085 1
9115756 214853248 0.5
8994928 214851326 1
8994928 214853094 1
8994928 214853248 1
8994928 214839617 0.5
8994928 214851075 0.5
8994928 214851236 0.5
8994928 214851845 0.5
8994928 214851137 0.5
8994928 214851849 0.5
8994928 214850705 0.5
8994928 214851122 0.5
8994928 214845973 0.5
8994928 214567417 0.5
8994928 214717247 0.5
8994928 214851099 0.5
8994928 214567419 0.5
6866076 214849312 1
6866076 214849314 1
6866076 214665277 1
6866076 214834880 0.5
6866076 214834877 0.5
10532883 214854536 1
10532883 214854300 1
10532883 214853113 1
10532883 214684762 0.5
8374388 214850938 1
8374388 214850743 1
8374388 214850771 1
8374388 214850739 0.5
8374388 214850940 0.5
8374388 214849395 0.5
303221 214826837 1
303221 214826908 1
303221 214821300 1
303221 214819376 0.5
303221 214826872 0.5
7917686 214800262 1
7917686 214684725 1
7917686 214850792 1
7917686 214846033 0.5
7917686 214850938 0.5
7917686 214849395 0.5
7917686 214829878 0.5
7917686 214748334 0.5
10686584 214857830 1
10686584 214859242 1
10686584 214851032 1
10686584 214845538 0.5
10686584 214859139 0.5
10686584 214701787 0.5
10686584 214859240 0.5
10686584 214820188 0.5
10686584 214712235 0.5
10686584 214744258 0.5
10686584 214853325 0.5
10686584 214826987 0.5
10686584 214851279 0.5
10686584 214835004 0.5
10686584 214743515 0.5
2694507 214835019 1
2694507 214587712 1
2694507 214835745 1
2694507 214835747 0.5
2694507 214835017 0.5
2694507 214832780 0.5
2694507 214835087 0.5
2694507 214831959 0.5
2694507 214835132 0.5
5283921 214848997 1
5283921 214845887 1
5283921 214845581 1
5283921 214845984 0.5
5283921 214845480 0.5
5283921 214849001 0.5
5283921 214829739 0.5
5283921 214832145 0.5
5283921 214845917 0.5
8138401 214684502 1
8138401 214850790 1
8138401 214850756 1
8138401 214851097 0.5
8138401 214569707 0.5
8138401 214716645 0.5
8837257 214832604 1
8837257 214851073 1
8837257 214716707 1
8837257 214851080 0.5
8837257 214561674 0.5
8837257 214848613 0.5
8837257 214853222 0.5
8837257 214851165 0.5
4956302 214836512 1
4956302 214645295 1
4956302 214826730 1
4956302 214839937 0.5
7495659 214509401 1
7495659 214826833 1
7495659 214829045 1
7495659 214850353 0.5
7495659 214645005 0.5
7495659 214851849 0.5
9701521 214850304 1
9701521 214853454 1
9701521 214684736 1
9701521 214850947 0.5
9701521 214850711 0.5
1337493 214834877 1
1337493 214841640 1
1337493 214834880 1
1337493 214829387 0.5
1337493 214838364 0.5
5215061 214845581 1
5215061 214845577 1
5215061 214845352 1
5215061 214844413 0.5
10862617 214854840 1
10862617 214853100 1
10862617 214854782 1
10862617 214850949 0.5
10862617 214846031 0.5
10053787 214709625 1
10053787 214853992 1
10053787 214853994 1
10053787 214853113 0.5
10053787 214854547 0.5
10053787 214854165 0.5
3332252 214832124 1
3332252 214832126 1
3332252 214832128 1
3332252 214832555 0.5
9674778 214853347 1
9674778 214853420 1
9674778 214853422 1
9674778 214853158 0.5
6297759 214839617 1
6297759 214844402 1
6297759 214848337 1
6297759 214845984 0.5
6297759 214848950 0.5
6297759 214836855 0.5
7706784 214851167 1
7706784 214850405 1
7706784 214849363 1
7706784 214849395 0.5
7706784 214850621 0.5
5642401 214820443 1
5642401 214676377 1
5642401 214832019 1
5642401 214819586 0.5
5642401 214846010 0.5
2330786 214554277 1
2330786 214829878 1
2330786 214831946 1
2330786 214587384 0.5
2330786 214557009 0.5
2330786 214583670 0.5
10018983 214853700 1
10018983 214853722 1
10018983 214853767 1
10018983 214853707 0.5
10018983 214853702 0.5
2450461 214831946 1
2450461 214829887 1
2450461 214829880 1
2450461 214829090 0.5
10979358 214854840 1
10979358 214853102 1
10979358 214854785 1
10979358 214848808 0.5
10979358 214853100 0.5
2042042 214829657 1
2042042 214826805 1
2042042 214829385 1
2042042 214554296 0.5
2042042 214835002 0.5
9763009 214684785 1
9763009 214854549 1
9763009 214853735 1
9763009 214854510 0.5
1478841 214769957 1
1478841 214714794 1
1478841 214577518 1
1478841 214558192 0.5
7104711 214849747 1
7104711 214849753 1
7104711 214849745 1
7104711 214850936 0.5
2689399 214835747 1
2689399 214834867 1
2689399 214826565 1
2689399 214587712 0.5
2689399 214835017 0.5
2689399 214835019 0.5
2689399 214609325 0.5
2689399 214587697 0.5
10741964 214829012 1
10741964 214853282 1
10741964 214853212 1
10741964 214853728 0.5
10741964 214853732 0.5
10741964 214853735 0.5
10741964 214537357 0.5
10741964 214854510 0.5
10741964 214684785 0.5
10741964 214826835 0.5
10741964 214854549 0.5
10741964 214684762 0.5
10741964 214849468 0.5
10741964 214567327 0.5
2371792 214829878 1
2371792 214829882 1
2371792 214829887 1
2371792 214686082 0.5
2371792 214831946 0.5
2371792 214831948 0.5
2371792 214831955 0.5
2371792 214831957 0.5
2371792 214829880 0.5
2371792 214829885 0.5
4552747 214845806 1
4552747 214844413 1
4552747 214845435 1
4552747 214839960 0.5
10508501 214853767 1
10508501 214854527 1
10508501 214851581 1
10508501 214738464 0.5
10508501 214748257 0.5
10508501 214687685 0.5
10508501 214595150 0.5
10508501 214748336 0.5
10508501 214848945 0.5
10508501 214848658 0.5
10508501 214854583 0.5
10508501 214717498 0.5
6846098 214848986 1
6846098 214849230 1
6846098 214848845 1
6846098 214650594 0.5
6846098 214560622 0.5
7854296 214518707 1
7854296 214551388 1
7854296 214507447 1
7854296 214705155 0.5
8452319 214851028 1
8452319 214851080 1
8452319 214851587 1
8452319 214851234 0.5
8452319 214716581 0.5
8452319 214716746 0.5
8452319 214662763 0.5
8452319 214685049 0.5
8452319 214851161 0.5
8452319 214716714 0.5
6760674 214716746 1
6760674 214849020 1
6760674 214716671 1
6760674 214848613 0.5
6760674 214561674 0.5
6760674 214558192 0.5
6760674 214848945 0.5
6760674 214848954 0.5
6760674 214716714 0.5
6760674 214849022 0.5
6553828 214840584 1
6553828 214842555 1
6553828 214842480 1
6553828 214820272 0.5
6553828 214840562 0.5
6553828 214844932 0.5
6553828 214587703 0.5
9427173 214850949 1
9427173 214850947 1
9427173 214853342 1
9427173 214853428 0.5
9427173 214853420 0.5
9427173 214853454 0.5
9427173 214853422 0.5
9961703 214853698 1
9961703 214853722 1
9961703 214853700 1
9961703 214853730 0.5
9961703 214850947 0.5
9961703 214853765 0.5
9961703 214853767 0.5
9961703 214849322 0.5
9961703 214853707 0.5
9961703 214851566 0.5
9961703 214850743 0.5
198889 214827007 1
198889 214834865 1
198889 214826925 1
198889 214827000 0.5
198889 214827005 0.5
9520946 214850368 1
9520946 214853454 1
9520946 214850945 1
9520946 214853424 0.5
9520946 214684717 0.5
10450608 214854836 1
10450608 214855016 1
10450608 214854823 1
10450608 214854489 0.5
10450608 214850771 0.5
10450608 214853102 0.5
5753071 214845971 1
5753071 214845939 1
5753071 214820443 1
5753071 214676377 0.5
5753071 214832019 0.5
10260721 214853435 1
10260721 214854065 1
10260721 214854060 1
10260721 214853996 0.5
10260721 214853865 0.5
10260721 214853994 0.5
10260721 214854148 0.5
10260721 214853852 0.5
11155698 214853454 1
11155698 214853420 1
11155698 214854842 1
11155698 214853100 0.5
11155698 214850949 0.5
9930996 214854032 1
9930996 214854146 1
9930996 214854060 1
9930996 214838094 0.5
1415072 214834877 1
1415072 214834880 1
1415072 214829387 1
1415072 214826610 0.5
1415072 214833755 0.5
3336439 214829773 1
3336439 214836795 1
3336439 214836877 1
3336439 214829769 0.5
3336439 214595150 0.5
7909631 214851097 1
7909631 214851163 1
7909631 214851131 1
7909631 214851099 0.5
7909631 214586857 0.5
7909631 214564387 0.5
5935362 214850876 1
5935362 214850872 1
5935362 214710097 1
5935362 214850880 0.5
5935362 214835137 0.5
5935362 214850870 0.5
11292931 214853100 1
11292931 214853362 1
11292931 214854782 1
11292931 214864880 0.5
11214507 214854782 1
11214507 214854840 1
11214507 214853102 1
11214507 214861895 0.5
755974 214821401 1
755974 214826872 1
755974 214826876 1
755974 214826998 0.5
3936521 214838227 1
3936521 214835109 1
3936521 214826990 1
3936521 214836932 0.5
7006474 214849344 1
7006474 214708040 1
7006474 214708037 1
7006474 214849275 0.5
7006474 214712507 0.5
10156301 214853700 1
10156301 214853730 1
10156301 214853722 1
10156301 214853698 0.5
10156301 214853707 0.5
10156301 214853430 0.5
9632014 214850942 1
9632014 214853428 1
9632014 214705734 1
9632014 214675888 0.5
9632014 214711307 0.5
9632014 214850949 0.5
3721489 214826990 1
3721489 214835017 1
3721489 214835745 1
3721489 214835747 0.5
5302546 214835124 1
5302546 214846061 1
5302546 214827017 1
5302546 214819770 0.5
839957 214827013 1
839957 214826617 1
839957 214826619 1
839957 214576890 0.5
839957 214821300 0.5
7600408 214850938 1
7600408 214850936 1
7600408 214564387 1
7600408 214850771 0.5
7600408 214850743 0.5
3143961 214829012 1
3143961 214836870 1
3143961 214586668 1
3143961 214612730 0.5
3143961 214835019 0.5
3143961 214586469 0.5
3143961 214602806 0.5
3143961 214829850 0.5
1358112 214826996 1
1358112 214826992 1
1358112 214826936 1
1358112 214753612 0.5
1358112 214828976 0.5
1358112 214826610 0.5
1358112 214829657 0.5
1358112 214833755 0.5
1358112 214571006 0.5
1358112 214718207 0.5
8167472 214716746 1
8167472 214684942 1
8167472 214844394 1
8167472 214821305 0.5
10147547 214853722 1
10147547 214853715 1
10147547 214853865 1
10147547 214853698 0.5
10147547 214832156 0.5
10147547 214854146 0.5
10147547 214854165 0.5
11048861 214854785 1
11048861 214858680 1
11048861 214855016 1
11048861 214854720 0.5
11048861 214851757 0.5
4562843 214602598 1
4562843 214829775 1
4562843 214829280 1
4562843 214845131 0.5
4562843 214586694 0.5
3487739 214587697 1
3487739 214835019 1
3487739 214826565 1
3487739 214554662 0.5
9580851 214854148 1
9580851 214853865 1
9580851 214853435 1
9580851 214854172 0.5
9580851 214853996 0.5
9580851 214853677 0.5
6229523 214848607 1
6229523 214849127 1
6229523 214848626 1
6229523 214849179 0.5
6229523 214560420 0.5
5250783 214844342 1
5250783 214844345 1
5250783 214844396 1
5250783 214844402 0.5
2259264 214753505 1
2259264 214748291 1
2259264 214716986 1
2259264 214716928 0.5
2259264 214748304 0.5
2259264 214717003 0.5
2259264 214553604 0.5
2259264 214716926 0.5
6965573 214848849 1
6965573 214848658 1
6965573 214845943 1
6965573 214574672 0.5
6965573 214851009 0.5
6965573 214849314 0.5
7764294 214850743 1
7764294 214850936 1
7764294 214850700 1
7764294 214849250 0.5
1173832 214828982 1
1173832 214828980 1
1173832 214587317 1
1173832 214829387 0.5
1173832 214554371 0.5
3793227 214836924 1
3793227 214836932 1
3793227 214835167 1
3793227 214839587 0.5
3793227 214826668 0.5
3793227 214836870 0.5
1407308 214821410 1
1407308 214712126 1
1407308 214833755 1
1407308 214753513 0.5
2599248 214829878 1
2599248 214831948 1
2599248 214829882 1
2599248 214835124 0.5
8174648 214851317 1
8174648 214851097 1
8174648 214851577 1
8174648 214845954 0.5
8174648 214848596 0.5
5779794 214849001 1
5779794 214846121 1
5779794 214846001 1
5779794 214839969 0.5
5779794 214835019 0.5
5779794 214848997 0.5
5779794 214845917 0.5
4755796 214836249 1
4755796 214836339 1
4755796 214836133 1
4755796 214836075 0.5
6273368 214839311 1
6273368 214710088 1
6273368 214848337 1
6273368 214849239 0.5
3049819 214748291 1
3049819 214748297 1
3049819 214748338 1
3049819 214748293 0.5
1848378 214829863 1
1848378 214829861 1
1848378 214829865 1
1848378 214829707 0.5
7672162 214850936 1
7672162 214850938 1
7672162 214716645 1
7672162 214851011 0.5
7672162 214850758 0.5
9113957 214716707 1
9113957 214832604 1
9113957 214851737 1
9113957 214853115 0.5
1614182 214826610 1
1614182 214834880 1
1614182 214834877 1
1614182 214833755 0.5
1614182 214829366 0.5
6459751 214846530 1
6459751 214844398 1
6459751 214718387 1
6459751 214838225 0.5
5501288 214844370 1
5501288 214844347 1
5501288 214844355 1
5501288 214837425 0.5
5501288 214835426 0.5
5501288 214836932 0.5
5501288 214712126 0.5
5501288 214835167 0.5
1429868 214820942 1
1429868 214829392 1
1429868 214829396 1
1429868 214821309 0.5
1429868 214821407 0.5
6977901 214844345 1
6977901 214844342 1
6977901 214844340 1
6977901 214835109 0.5
6977901 214829387 0.5
6977901 214826610 0.5
6977901 214711247 0.5
6977901 214848337 0.5
6977901 214675890 0.5
6977901 214838227 0.5
6977901 214821015 0.5
6977901 214848377 0.5
311662 214842450 1
311662 214826955 1
311662 214826623 1
311662 214826627 0.5
1151344 214821305 1
1151344 214821309 1
1151344 214820261 1
1151344 214821339 0.5
1151344 214821302 0.5
10045811 214853698 1
10045811 214853702 1
10045811 214853707 1
10045811 214851011 0.5
10045811 214557701 0.5
10045811 214850790 0.5
10045811 214844400 0.5
10045811 214848945 0.5
10045811 214854547 0.5
10045811 214821397 0.5
10045811 214819577 0.5
10045811 214848986 0.5
10045811 214854172 0.5
8079086 214851163 1
8079086 214851099 1
8079086 214851131 1
8079086 214851165 0.5
2709567 214835019 1
2709567 214835017 1
2709567 214826565 1
2709567 214753505 0.5
8890749 214853105 1
8890749 214852980 1
8890749 214853077 1
8890749 214851748 0.5
10078592 214853848 1
10078592 214567329 1
10078592 214854264 1
10078592 214684762 0.5
10078592 214853852 0.5
7590118 214850621 1
7590118 214850741 1
7590118 214850767 1
7590118 214564382 0.5
5219429 214837280 1
5219429 214837286 1
5219429 214836956 1
5219429 214676480 0.5
5219429 214542759 0.5
1014147 214828982 1
1014147 214587317 1
1014147 214820392 1
1014147 214558192 0.5
1014147 214586694 0.5
1014147 214586743 0.5
9353604 214853730 1
9353604 214853767 1
9353604 214853702 1
9353604 214853698 0.5
9353604 214853700 0.5
9353604 214854152 0.5
9353604 214853994 0.5
9353604 214853707 0.5
9353604 214853713 0.5
9353604 214853722 0.5
9638977 214853420 1
9638977 214850947 1
9638977 214853422 1
9638977 214829878 0.5
4987296 214836956 1
4987296 214844407 1
4987296 214840082 1
4987296 214743352 0.5
4987296 214633989 0.5
4987296 214743350 0.5
5667221 214821035 1
5667221 214848300 1
5667221 214848997 1
5667221 214829739 0.5
5667221 214832019 0.5
5667221 214846061 0.5
5181508 214826987 1
5181508 214844402 1
5181508 214839975 1
5181508 214844409 0.5
5181508 214838092 0.5
5181508 214844398 0.5
3305886 214836795 1
3305886 214829769 1
3305886 214836870 1
3305886 214826938 0.5
4676336 214602598 1
4676336 214839960 1
4676336 214587317 1
4676336 214839975 0.5
10176938 214853994 1
10176938 214853852 1
10176938 214853182 1
10176938 214854176 0.5
10176938 214853760 0.5
10176938 214853698 0.5
10176938 214854148 0.5
10176938 214853702 0.5
10176938 214853767 0.5
10176938 214853225 0.5
10176938 214853730 0.5
10176938 214567215 0.5
10176938 214567329 0.5
10176938 214854354 0.5
10176938 214845583 0.5
10176938 214854174 0.5
4968877 214840082 1
4968877 214839943 1
4968877 214848326 1
4968877 214642697 0.5
8702382 214852980 1
8702382 214853077 1
8702382 214853085 1
8702382 214853096 0.5
8696243 214853212 1
8696243 214853128 1
8696243 214853162 1
8696243 214819393 0.5
9015732 214853135 1
9015732 214853242 1
9015732 214851750 1
9015732 214851748 0.5
9015732 214853186 0.5
9015732 214853188 0.5
4043189 214829797 1
4043189 214839982 1
4043189 214836932 1
4043189 214835109 0.5
4043189 214743335 0.5
4043189 214829799 0.5
4043189 214826990 0.5
4043189 214819760 0.5
4043189 214838225 0.5
4043189 214836881 0.5
4043189 214829786 0.5
4043189 214829852 0.5
8126908 214851013 1
8126908 214851581 1
8126908 214851148 1
8126908 214851290 0.5
8126908 214851122 0.5
5046014 214844409 1
5046014 214844407 1
5046014 214847940 1
5046014 214845352 0.5
11108803 214854731 1
11108803 214853730 1
11108803 214853724 1
11108803 214854540 0.5
11108803 214853732 0.5
7255616 214678987 1
7255616 214828882 1
7255616 214851120 1
7255616 214853177 0.5
7255616 214853175 0.5
6154698 214846312 1
6154698 214846119 1
6154698 214845879 1
6154698 214845954 0.5
6154698 214820443 0.5
6154698 214846010 0.5
6154698 214846318 0.5
10084816 214853707 1
10084816 214853702 1
10084816 214854176 1
10084816 214853730 0.5
10084816 214853767 0.5
1510136 214834880 1
1510136 214821410 1
1510136 214821412 1
1510136 214826610 0.5
1510136 214833755 0.5
10133923 214853767 1
10133923 214853700 1
10133923 214848165 1
10133923 214854148 0.5
3770839 214835109 1
3770839 214829765 1
3770839 214826990 1
3770839 214837882 0.5
4829971 214844413 1
4829971 214602806 1
4829971 214832559 1
4829971 214848176 0.5
4829971 214587317 0.5
4829971 214819779 0.5
4829971 214581485 0.5
4829971 214839975 0.5
8081881 214851122 1
8081881 214851585 1
8081881 214552522 1
8081881 214691540 0.5
8081881 214850700 0.5
8081881 214851236 0.5
9073114 214853096 1
9073114 214851326 1
9073114 214853090 1
9073114 214584047 0.5
10549724 214853072 1
10549724 214849100 1
10549724 214854780 1
10549724 214854699 0.5
9413086 214853767 1
9413086 214853730 1
9413086 214853700 1
9413086 214853698 0.5
11307493 214853102 1
11307493 214853100 1
11307493 214854782 1
11307493 214854444 0.5
11307493 214710013 0.5
10770919 214853113 1
10770919 214854352 1
10770919 214854300 1
10770919 214854577 0.5
10770919 214854547 0.5
10770919 214854534 0.5
8636906 214845879 1
8636906 214678376 1
8636906 214678387 1
8636906 214853130 0.5
8636906 214846117 0.5
8636906 214848926 0.5
8636906 214851742 0.5
7662059 214850938 1
7662059 214850741 1
7662059 214850936 1
7662059 214850619 0.5
7662059 214851011 0.5
7662059 214850621 0.5
3611702 214748327 1
3611702 214684108 1
3611702 214717867 1
3611702 214694312 0.5
5215531 214551870 1
5215531 214840091 1
5215531 214837288 1
5215531 214837280 0.5
5215531 214838092 0.5
5215531 214837286 0.5
5591541 214839311 1
5591541 214839358 1
5591541 214845489 1
5591541 214585633 0.5
8862198 214851131 1
8862198 214684942 1
8862198 214851163 1
8862198 214851073 0.5
8862198 214716714 0.5
8862198 214851579 0.5
8862198 214716671 0.5
6007288 214846385 1
6007288 214580293 1
6007288 214580304 1
6007288 214702824 0.5
6007288 214717329 0.5
6007288 214545939 0.5
6007288 214846031 0.5
9515092 214853435 1
9515092 214853850 1
9515092 214853683 1
9515092 214854176 0.5
9515092 214853152 0.5
9515092 214850792 0.5
9515092 214848688 0.5
9515092 214853413 0.5
9810429 214854536 1
9810429 214854352 1
9810429 214853244 1
9810429 214849462 0.5
9810429 214853702 0.5
9810429 214853930 0.5
9810429 214854060 0.5
9810429 214849455 0.5
9810429 214854577 0.5
9810429 214854354 0.5
9810429 214850739 0.5
9810429 214849460 0.5
9810429 214573590 0.5
9810429 214853113 0.5
9810429 214854075 0.5
9810429 214854547 0.5
9810429 214854495 0.5
2361857 214748300 1
2361857 214829880 1
2361857 214831948 1
2361857 214753505 0.5
1952259 214844445 1
1952259 214821309 1
1952259 214844447 1
1952259 214612704 0.5
1952259 214551617 0.5
1952259 214844452 0.5
1952259 214844458 0.5
1952259 214821302 0.5
1952259 214844441 0.5
1952259 214821339 0.5
1952259 214533020 0.5
7039493 214675895 1
7039493 214676306 1
7039493 214850705 1
7039493 214835137 0.5
7039493 214845986 0.5
7039493 214601060 0.5
7039493 214716645 0.5
7039493 214850282 0.5
7039493 214710097 0.5
7039493 214712132 0.5
7039493 214850619 0.5
7039493 214848159 0.5
7551494 214851099 1
7551494 214835017 1
7551494 214573350 1
7551494 214850402 0.5
7551494 214609325 0.5
7551494 214829850 0.5
7551494 214557095 0.5
7707053 214850739 1
7707053 214564387 1
7707053 214850758 1
7707053 214850848 0.5
7707053 214848847 0.5
7707053 214850936 0.5
7707053 214850938 0.5
7707053 214850619 0.5
7707053 214850940 0.5
7707053 214850621 0.5
7707053 214564382 0.5
10150418 214853422 1
10150418 214850942 1
10150418 214853454 1
10150418 214850949 0.5
780718 214821339 1
780718 214821315 1
780718 214821305 1
780718 214551617 0.5
7143959 214687963 1
7143959 214613889 1
7143959 214508308 1
7143959 214848658 0.5
7143959 214509525 0.5
10005016 214853435 1
10005016 214853730 1
10005016 214853702 1
10005016 214854152 0.5
10005016 214853865 0.5
10005016 214854148 0.5
2636313 214829885 1
2636313 214831950 1
2636313 214600509 1
2636313 214829882 0.5
11123227 214854782 1
11123227 214854840 1
11123227 214853100 1
11123227 214854787 0.5
11123227 214854791 0.5
6608304 214849093 1
6608304 214846031 1
6608304 214850304 1
6608304 214607077 0.5
6608304 214849097 0.5
6608304 214848945 0.5
6608304 214712244 0.5
6608304 214686902 0.5
6608304 214838107 0.5
6608304 214827005 0.5
6608304 214829887 0.5
7150114 214849745 1
7150114 214846065 1
7150114 214850711 1
7150114 214846470 0.5
7150114 214848622 0.5
2255397 214831946 1
2255397 214835165 1
2255397 214829878 1
2255397 214829887 0.5
10855516 214853728 1
10855516 214854804 1
10855516 214854540 1
10855516 214848658 0.5
10855516 214579775 0.5
10855516 214684762 0.5
10855516 214854767 0.5
10297901 214853767 1
10297901 214854060 1
10297901 214853353 1
10297901 214853700 0.5
2282036 214826983 1
2282036 214829887 1
2282036 214835512 1
2282036 214831952 0.5
2282036 214826977 0.5
2282036 214600509 0.5
2282036 214829878 0.5
2282036 214831965 0.5
10574391 214854515 1
10574391 214849807 1
10574391 214854536 1
10574391 214853698 0.5
10574391 214854298 0.5
10574391 214854527 0.5
11067926 214854257 1
11067926 214552106 1
11067926 214854080 1
11067926 214854343 0.5
5236149 214712237 1
5236149 214511015 1
5236149 214514293 1
5236149 214552687 0.5
7735873 214851073 1
7735873 214850938 1
7735873 214851575 1
7735873 214851161 0.5
7735873 214716581 0.5
7735873 214748334 0.5
7735873 214851317 0.5
11412038 214714755 1
11412038 214710013 1
11412038 214854853 1
11412038 214851757 0.5
11412038 214854733 0.5
10101319 214853713 1
10101319 214853700 1
10101319 214819577 1
10101319 214853698 0.5
10101319 214853707 0.5
10101319 214854579 0.5
10101319 214853702 0.5
6513232 214849012 1
6513232 214848337 1
6513232 214848380 1
6513232 214835109 0.5
11063889 214849753 1
11063889 214854536 1
11063889 214556212 1
11063889 214854352 0.5
11063889 214853186 0.5
6558292 214849012 1
6558292 214848337 1
6558292 214848656 1
6558292 214848328 0.5
6558292 214710097 0.5
6558292 214836519 0.5
6558292 214851032 0.5
6558292 214850953 0.5
4809303 214839973 1
4809303 214845131 1
4809303 214601233 1
4809303 214819760 0.5
4809303 214839971 0.5
4809303 214826977 0.5
4809303 214711657 0.5
4809303 214839969 0.5
4809303 214569707 0.5
4809303 214602733 0.5
4809303 214845806 0.5
4809303 214826927 0.5
4809303 214839600 0.5
4809303 214835475 0.5
4809303 214684843 0.5
4809303 214684502 0.5
4809303 214838137 0.5
4809303 214845435 0.5
4809303 214844413 0.5
6240356 214845583 1
6240356 214844342 1
6240356 214844340 1
6240356 214845954 0.5
6240356 214829765 0.5
6240356 214845585 0.5
6240356 214573288 0.5
6240356 214848330 0.5
6240356 214602731 0.5
6240356 214821410 0.5
6240356 214848337 0.5
6240356 214835167 0.5
6015578 214844370 1
6015578 214845587 1
6015578 214848997 1
6015578 214846425 0.5
6959707 214849132 1
6959707 214849093 1
6959707 214849100 1
6959707 214849097 0.5
5958236 214846367 1
5958236 214578326 1
5958236 214846425 1
5958236 214848313 0.5
7676509 214821020 1
7676509 214845422 1
7676509 214748282 1
7676509 214532141 0.5
1499237 214826610 1
1499237 214834880 1
1499237 214829387 1
1499237 214833755 0.5
1499237 214834877 0.5
2251361 214844439 1
2251361 214533020 1
2251361 214831946 1
2251361 214826715 0.5
2251361 214612708 0.5
2251361 214551626 0.5
2251361 214829878 0.5
2251361 214821339 0.5
2251361 214711295 0.5
4770406 214587317 1
4770406 214839973 1
4770406 214834869 1
4770406 214821401 0.5
4770406 214829850 0.5
4770406 214586694 0.5
4770406 214602598 0.5
6650471 214848337 1
6650471 214848380 1
6650471 214849012 1
6650471 214848328 0.5
6650471 214848330 0.5
6650471 214835109 0.5
6650471 214846535 0.5
2552424 214829878 1
2552424 214831946 1
2552424 214820392 1
2552424 214829880 0.5
2552424 214717522 0.5
2552424 214821300 0.5
2552424 214831965 0.5
2552424 214744775 0.5
7982183 214551695 1
7982183 214534993 1
7982183 214509150 1
7982183 214538820 0.5
3828332 214836932 1
3828332 214835109 1
3828332 214836926 1
3828332 214829762 0.5
3828332 214836924 0.5
9364077 214849076 1
9364077 214850291 1
9364077 214840091 1
9364077 214548103 0.5
9364077 214845352 0.5
9364077 214845577 0.5
9364077 214845356 0.5
9364077 214718255 0.5
9364077 214853426 0.5
9364077 214848692 0.5
9364077 214829882 0.5
9364077 214829885 0.5
1794671 214829885 1
1794671 214829878 1
1794671 214829887 1
1794671 214835752 0.5
1794671 214832780 0.5
1794671 214748336 0.5
1794671 214835124 0.5
1794671 214829852 0.5
1794671 214831965 0.5
8991344 214583610 1
8991344 214717061 1
8991344 214851238 1
8991344 214851017 0.5
8991344 214853212 0.5
11025013 214853456 1
11025013 214846112 1
11025013 214853724 1
11025013 214706102 0.5
11025013 214853767 0.5
11025013 214543922 0.5
11025013 214845583 0.5
11025013 214848658 0.5
11025013 214680467 0.5
11025013 214853366 0.5
11025013 214846067 0.5
11025013 214717562 0.5
11025013 214854298 0.5
2454134 214686082 1
2454134 214829887 1
2454134 214748338 1
2454134 214831955 0.5
1030689 214827009 1
1030689 214600492 1
1030689 214826615 1
1030689 214828989 0.5
4731514 214834877 1
4731514 214836924 1
4731514 214829852 1
4731514 214712130 0.5
4731514 214602598 0.5
4731514 214829321 0.5
4731514 214707853 0.5
4731514 214826990 0.5
4731514 214677615 0.5
4731514 214835124 0.5
4731514 214587317 0.5
4731514 214826998 0.5
1520252 214829396 1
1520252 214821332 1
1520252 214835021 1
1520252 214829666 0.5
1520252 214826563 0.5
1520252 214743339 0.5
1520252 214821392 0.5
1520252 214826610 0.5
1520252 214684502 0.5
1520252 214821407 0.5
1520252 214821309 0.5
1520252 214687839 0.5
4459136 214839617 1
4459136 214829797 1
4459136 214601229 1
4459136 214553565 0.5
8022659 214848602 1
8022659 214849057 1
8022659 214845986 1
8022659 214575667 0.5
8280713 214651517 1
8280713 214849153 1
8280713 214851133 1
8280713 214851236 0.5
8280713 214851077 0.5
8280713 214573350 0.5
8280713 214851013 0.5
8280713 214851581 0.5
8280713 214848997 0.5
1569203 214587234 1
1569203 214508225 1
1569203 214829392 1
1569203 214829857 0.5
3355279 214836847 1
3355279 214832126 1
3355279 214832128 1
3355279 214835107 0.5
8442512 214851748 1
8442512 214853135 1
8442512 214853233 1
8442512 214851097 0.5
8442512 214684942 0.5
8442512 214850405 0.5
8442512 214981102 0.5
5671569 214846318 1
5671569 214846117 1
5671569 214845971 1
5671569 214819586 0.5
5671569 214840483 0.5
5671569 214677508 0.5
5671569 214832747 0.5
5671569 214832019 0.5
5671569 214645972 0.5
5671569 214676377 0.5
5671569 214836932 0.5
5671569 214581611 0.5
2388627 214837487 1
2388627 214828987 1
2388627 214837485 1
2388627 214837490 0.5
2388627 214698446 0.5
2388627 214821407 0.5
5367427 214838094 1
5367427 214832156 1
5367427 214836956 1
5367427 214837280 0.5
5367427 214836536 0.5
5367427 214844355 0.5
5367427 214838092 0.5
5367427 214837286 0.5
10429622 214853767 1
10429622 214854857 1
10429622 214848658 1
10429622 214853722 0.5
10429622 214854731 0.5
10429622 214854838 0.5
8604314 214717061 1
8604314 214686857 1
8604314 214851324 1
8604314 214711267 0.5
8604314 214550597 0.5
8604314 214725542 0.5
8604314 214850732 0.5
8604314 214845939 0.5
8604314 214578836 0.5
10666654 214854536 1
10666654 214853113 1
10666654 214854262 1
10666654 214846112 0.5
10666654 214567333 0.5
10666654 214743495 0.5
10666654 214853996 0.5
10666654 214854510 0.5
10666654 214684785 0.5
10666654 214854354 0.5
10666654 214853726 0.5
10666654 214854358 0.5
10666654 214684762 0.5
10666654 214854174 0.5
10666654 214567327 0.5
7436961 214826951 1
7436961 214849250 1
7436961 214849466 1
7436961 214849796 0.5
7436961 214849742 0.5
10793634 214853102 1
10793634 214854840 1
10793634 214854785 1
10793634 214853100 0.5
7733923 214850936 1
7733923 214850621 1
7733923 214753505 1
7733923 214850743 0.5
9216677 214850945 1
9216677 214849753 1
9216677 214848298 1
9216677 214853420 0.5
9216677 214850366 0.5
10654377 214854536 1
10654377 214854577 1
10654377 214853113 1
10654377 214853244 0.5
10654377 214853730 0.5
10654377 214853702 0.5
10654377 214853353 0.5
10654377 214574670 0.5
10654377 214854354 0.5
10654377 214850739 0.5
10654377 214854581 0.5
10654377 214844347 0.5
10654377 214854268 0.5
2658987 214821324 1
2658987 214821326 1
2658987 214821322 1
2658987 214556861 0.5
2658987 214826702 0.5
3679586 214838227 1
3679586 214835109 1
3679586 214826990 1
3679586 214556025 0.5
3679586 214675890 0.5
3679586 214829786 0.5
3679586 214821015 0.5
4401838 214839975 1
4401838 214839956 1
4401838 214839977 1
4401838 214839960 0.5
4401838 214845131 0.5
9388829 214851322 1
9388829 214684715 1
9388829 214850366 1
9388829 214853420 0.5
9388829 214853342 0.5
1850034 214753513 1
1850034 214748293 1
1850034 214753505 1
1850034 214748297 0.5
1850034 214832557 0.5
10668723 214859062 1
10668723 214832156 1
10668723 214711652 1
10668723 214850287 0.5
3334836 214831959 1
3334836 214826977 1
3334836 214835124 1
3334836 214829280 0.5
3334836 214829850 0.5
3334836 214835747 0.5
3334836 214586743 0.5
6455989 214848656 1
6455989 214848851 1
6455989 214848613 1
6455989 214848832 0.5
6435816 214848380 1
6435816 214849012 1
6435816 214848337 1
6435816 214835109 0.5
6435816 214821015 0.5
5542584 214829878 1
5542584 214846033 1
5542584 214829887 1
5542584 214712120 0.5
5542584 214684730 0.5
5542584 214838107 0.5
5323449 214711348 1
5323449 214595150 1
5323449 214554982 1
5323449 214558258 0.5
5323449 214844355 0.5
5323449 214581572 0.5
5323449 214829765 0.5
4720377 214839960 1
4720377 214845131 1
4720377 214602733 1
4720377 214839600 0.5
4720377 214839971 0.5
7002817 214849239 1
7002817 214849331 1
7002817 214849284 1
7002817 214848658 0.5
7002817 214844372 0.5
7002817 214849046 0.5
7002817 214844398 0.5
2943688 214834867 1
2943688 214602600 1
2943688 214587712 1
2943688 214835747 0.5
2943688 214743495 0.5
2943688 214835019 0.5
2943688 214609325 0.5
2943688 214748336 0.5
2943688 214826947 0.5
2943688 214706102 0.5
2943688 214829852 0.5
2943688 214549277 0.5
10525386 214684785 1
10525386 214854358 1
10525386 214854549 1
10525386 214853730 0.5
10525386 214853996 0.5
10525386 214850741 0.5
10525386 214684762 0.5
10525386 214854300 0.5
10525386 214853726 0.5
172748 214829282 1
172748 214821020 1
172748 214832557 1
172748 214574124 0.5
172748 214717860 0.5
4571856 214718216 1
4571856 214827015 1
4571856 214839598 1
4571856 214839356 0.5
828114 214827009 1
828114 214826621 1
828114 214826615 1
828114 214827015 0.5
7697107 214716977 1
7697107 214717007 1
7697107 214716941 1
7697107 214828970 0.5
7697107 214717867 0.5
7697107 214832655 0.5
11152086 214854853 1
11152086 214854840 1
11152086 214854785 1
11152086 214855016 0.5
10592987 214746386 1
10592987 214684115 1
10592987 214854080 1
10592987 214685623 0.5
8915676 214850938 1
8915676 214853758 1
8915676 214850936 1
8915676 214853177 0.5
8915676 214851581 0.5
8915676 214850743 0.5
10369757 214849082 1
10369757 214853713 1
10369757 214853722 1
10369757 214848185 0.5
10369757 214854174 0.5
10369757 214853702 0.5
10369757 214853767 0.5
8423888 214850285 1
8423888 214632146 1
8423888 214850291 1
8423888 214548103 0.5
9714403 214853165 1
9714403 214848845 1
9714403 214853075 1
9714403 214853128 0.5
8825572 214853094 1
8825572 214851326 1
8825572 214852978 1
8825572 214853090 0.5
8750274 214851326 1
8750274 214853094 1
8750274 214853090 1
8750274 214853128 0.5
8750274 214853105 0.5
8750274 214853077 0.5
8750274 214853085 0.5
3967728 214836932 1
3967728 214835109 1
3967728 214826990 1
3967728 214838227 0.5
5291733 214711348 1
5291733 214836932 1
5291733 214844345 1
5291733 214712124 0.5
5291733 214844347 0.5
5291733 214844340 0.5
3031798 214748295 1
3031798 214826992 1
3031798 214744779 1
3031798 214743497 0.5
3031798 214837442 0.5
3031798 214718165 0.5
9810679 214718220 1
9810679 214850743 1
9810679 214853767 1
9810679 214718160 0.5
9810679 214718169 0.5
9810679 214853698 0.5
9810679 214859062 0.5
11545338 214853077 1
11545338 214852980 1
11545338 214853094 1
11545338 214853090 0.5
6760234 214849239 1
6760234 214849344 1
6760234 214849100 1
6760234 214849312 0.5
6760234 214821017 0.5
6760234 214844347 0.5
6760234 214718165 0.5
2560766 214832717 1
2560766 214829846 1
2560766 214829711 1
2560766 214829705 0.5
3087103 214835019 1
3087103 214835745 1
3087103 214834867 1
3087103 214587712 0.5
3087103 214835017 0.5
3087103 214835747 0.5
4275414 214838107 1
4275414 214838096 1
4275414 214829880 1
4275414 214711408 0.5
4275414 214829878 0.5
4999939 214832156 1
4999939 214836956 1
4999939 214844330 1
4999939 214844325 0.5
1567492 214821410 1
1567492 214834877 1
1567492 214829366 1
1567492 214833755 0.5
1567492 214829387 0.5
1567492 214821412 0.5
1567492 214826589 0.5
2460424 214678987 1
2460424 214829878 1
2460424 214829887 1
2460424 214819760 0.5
2460424 214819762 0.5
11166474 214853102 1
11166474 214854332 1
11166474 214686879 1
11166474 214686864 0.5
11166474 214854770 0.5
11166474 214854767 0.5
5781924 214846001 1
5781924 214846033 1
5781924 214845917 1
5781924 214845984 0.5
5781924 214844400 0.5
5781924 214586469 0.5
5781924 214846061 0.5
5781924 214844398 0.5
5781924 214748336 0.5
5781924 214832145 0.5
5781924 214698418 0.5
5781924 214846067 0.5
5781924 214706102 0.5
5781924 214846007 0.5
5781924 214848185 0.5
10954541 214684785 1
10954541 214850790 1
10954541 214853992 1
10954541 214848658 0.5
10954541 214850405 0.5
10954541 214853726 0.5
7651371 214853758 1
7651371 214853177 1
7651371 214853175 1
7651371 214850771 0.5
2731964 214835019 1
2731964 214835745 1
2731964 214837918 1
2731964 214826947 0.5
9446163 214826987 1
9446163 214850949 1
9446163 214853321 1
9446163 214850947 0.5
8475438 214849001 1
8475438 214850705 1
8475438 214849136 1
8475438 214586694 0.5
8475438 214600492 0.5
8475438 214844342 0.5
8475438 214846391 0.5
8475438 214832792 0.5
8475438 214844347 0.5
107292 214821277 1
107292 214821285 1
107292 214820235 1
107292 214826810 0.5
107292 214821292 0.5
10060574 214675888 1
10060574 214853722 1
10060574 214853700 1
10060574 214854600 0.5
10060574 214820402 0.5
10060574 214556595 0.5
10060574 214851013 0.5
10763739 214567329 1
10763739 214567215 1
10763739 214853728 1
10763739 214854075 0.5
10763739 214854358 0.5
886297 214691396 1
886297 214691426 1
886297 214691428 1
886297 214843978 0.5
399153 214717003 1
399153 214717005 1
399153 214716982 1
399153 214716984 0.5
399153 214684513 0.5
399153 214832657 0.5
399153 214716999 0.5
498472 214837483 1
498472 214837485 1
498472 214838831 1
498472 214837442 0.5
498472 214837490 0.5
498472 214698446 0.5
498472 214837487 0.5
7904044 214684108 1
7904044 214849738 1
7904044 214849757 1
7904044 214819464 0.5
3463986 214835109 1
3463986 214826990 1
3463986 214834877 1
3463986 214581482 0.5
3463986 214833755 0.5
3463986 214836926 0.5
3463986 214826998 0.5
11383598 214510445 1
11383598 214832604 1
11383598 214700000 1
11383598 214680371 0.5
11383598 214832602 0.5
11383598 214712235 0.5
11383598 214712237 0.5
11383598 214701787 0.5
10656559 214853100 1
10656559 214864880 1
10656559 214854840 1
10656559 214854819 0.5
10656559 214854791 0.5
10656559 214680722 0.5
10656559 214854495 0.5
10656559 214851326 0.5
10656559 214854815 0.5
498824 214829310 1
498824 214827009 1
498824 214748300 1
498824 214613743 0.5
6464307 214847649 1
6464307 214838113 1
6464307 214712272 1
6464307 214848313 0.5
6464307 214820450 0.5
6464307 214774661 0.5
6464307 214696505 0.5
9945909 214849455 1
9945909 214854354 1
9945909 214849462 1
9945909 214853435 0.5
9945909 214849363 0.5
9945909 214853132 0.5
453431 214800268 1
453431 214725532 1
453431 214748336 1
453431 214819721 0.5
4315961 214845129 1
4315961 214826990 1
4315961 214835109 1
4315961 214829762 0.5
4315961 214838227 0.5
4315961 214836932 0.5
3339067 214836534 1
3339067 214832126 1
3339067 214832124 1
3339067 214832128 0.5
3339067 214835505 0.5
8381478 214826610 1
8381478 214849331 1
8381478 214667859 1
8381478 214835019 0.5
8381478 214835109 0.5
8381478 214844398 0.5
8381478 214706102 0.5
8000317 214850938 1
8000317 214850940 1
8000317 214850792 1
8000317 214851099 0.5
8000317 214820394 0.5
8000317 214564387 0.5
8000317 214851581 0.5
9726783 214853342 1
9726783 214820186 1
9726783 214850947 1
9726783 214820188 0.5
7995531 214850758 1
7995531 214665277 1
7995531 214748336 1
7995531 214600492 0.5
596809 214826925 1
596809 214827026 1
596809 214828987 1
596809 214743335 0.5
596809 214558192 0.5
596809 214834865 0.5
596809 214708370 0.5
596809 214571188 0.5
596809 214827000 0.5
8909611 214851135 1
8909611 214687685 1
8909611 214853242 1
8909611 214853186 0.5
8909611 214836830 0.5
9466699 214850947 1
9466699 214850949 1
9466699 214850942 1
9466699 214835004 0.5
9466699 214564382 0.5
2460494 214829887 1
2460494 214831957 1
2460494 214835019 1
2460494 214829394 0.5
2460494 214829878 0.5
2505869 214831950 1
2505869 214829885 1
2505869 214829887 1
2505869 214680722 0.5
2505869 214831948 0.5
2505869 214829882 0.5
1743696 214834877 1
1743696 214826610 1
1743696 214826589 1
1743696 214601233 0.5
7893846 214850762 1
7893846 214850743 1
7893846 214850792 1
7893846 214851317 0.5
9737053 214853128 1
9737053 214846119 1
9737053 214678376 1
9737053 214846312 0.5
9737053 214851583 0.5
8684384 214853242 1
8684384 214853237 1
8684384 214853188 1
8684384 214716746 0.5
8684384 214851028 0.5
8684384 214851575 0.5
8684384 214853210 0.5
8684384 214851163 0.5
8684384 214832604 0.5
8684384 214827005 0.5
8684384 214716671 0.5
7127906 214848609 1
7127906 214838094 1
7127906 214853769 1
7127906 214564320 0.5
7127906 214558258 0.5
7127906 214849230 0.5
3726179 214835167 1
3726179 214835109 1
3726179 214848729 1
3726179 214838227 0.5
3726179 214836932 0.5
4825347 214829771 1
4825347 214839967 1
4825347 214820398 1
4825347 214582346 0.5
4825347 214650587 0.5
4825347 214595150 0.5
4825347 214714586 0.5
4825347 214582382 0.5
2772931 214826610 1
2772931 214826615 1
2772931 214826619 1
2772931 214834880 0.5
2772931 214819562 0.5
2772931 214837455 0.5
2772931 214717877 0.5
2772931 214826617 0.5
2772931 214561402 0.5
2772931 214707995 0.5
2772931 214826621 0.5
5710699 214850996 1
5710699 214848272 1
5710699 214846119 1
5710699 214531618 0.5
5710699 214531620 0.5
5710699 214846014 0.5
2544493 214829878 1
2544493 214829882 1
2544493 214829887 1
2544493 214571188 0.5
2544493 214829051 0.5
2544493 214832780 0.5
2544493 214662750 0.5
2544493 214835111 0.5
7377782 214849766 1
7377782 214684715 1
7377782 214849157 1
7377782 214849155 0.5
8600441 214853128 1
8600441 214853263 1
8600441 214853214 1
8600441 214850372 0.5
5172093 214844332 1
5172093 214743367 1
5172093 214840082 1
5172093 214633989 0.5
5172093 214844325 0.5
5172093 214844407 0.5
9907072 214853683 1
9907072 214853996 1
9907072 214850936 1
9907072 214853227 0.5
9907072 214853709 0.5
9907072 214854163 0.5
9907072 214850711 0.5
9907072 214853400 0.5
9907072 214853722 0.5
10840962 214856550 1
10840962 214851101 1
10840962 214853385 1
10840962 214821410 0.5
10840962 214573290 0.5
10840962 214573277 0.5
5770116 214832015 1
5770116 214845587 1
5770116 214845354 1
5770116 214718255 0.5
5770116 214557217 0.5
5770116 214850402 0.5
5770116 214846447 0.5
5770116 214849001 0.5
9083783 214853233 1
9083783 214853195 1
9083783 214853135 1
9083783 214851748 0.5
9083783 214696607 0.5
9683849 214846468 1
9683849 214846432 1
9683849 214853156 1
9683849 214853379 0.5
865162 214826615 1
865162 214826621 1
865162 214827011 1
865162 214826619 0.5
6708107 214849327 1
6708107 214668667 1
6708107 214575763 1
6708107 214828963 0.5
6708107 214643908 0.5
6708107 214643910 0.5
7832462 214850940 1
7832462 214849395 1
7832462 214850621 1
7832462 214744779 0.5
7832462 214851011 0.5
6036973 214845491 1
6036973 214829882 1
6036973 214829878 1
6036973 214848997 0.5
6036973 214846447 0.5
4137872 214832780 1
4137872 214839982 1
4137872 214832145 1
4137872 214829786 0.5
4137872 214839347 0.5
4137872 214836947 0.5
7202836 214845407 1
7202836 214561775 1
7202836 214844398 1
7202836 214640520 0.5
7202836 214844400 0.5
7202836 214844372 0.5
7202836 214584926 0.5
7202836 214677615 0.5
1785327 214826610 1
1785327 214834877 1
1785327 214834880 1
1785327 214829387 0.5
1785327 214821412 0.5
2347938 214829878 1
2347938 214686082 1
2347938 643078800 1
2347938 214829090 0.5
1665952 214834877 1
1665952 214834880 1
1665952 214826610 1
1665952 214829387 0.5
1665952 214826589 0.5
4367266 214845129 1
4367266 214579226 1
4367266 214820259 1
4367266 214843554 0.5
4367266 214829079 0.5
4459429 214839973 1
4459429 214602733 1
4459429 214839969 1
4459429 214820392 0.5
4459429 214845131 0.5
7093158 214850321 1
7093158 214850767 1
7093158 214540597 1
7093158 214850351 0.5
59548 214826608 1
59548 214826715 1
59548 214826627 1
59548 214826623 0.5
10677162 214853735 1
10677162 214853728 1
10677162 214854838 1
10677162 214854497 0.5
10677162 214854555 0.5
10677162 214854358 0.5
6210479 214826990 1
6210479 214710097 1
6210479 214848847 1
6210479 214820184 0.5
6210479 214848950 0.5
6210479 214845577 0.5
6210479 214832012 0.5
6210479 214832015 0.5
6210479 214846033 0.5
6210479 214829878 0.5
6210479 214829880 0.5
5295024 214826833 1
5295024 214844349 1
5295024 214834877 1
5295024 214838092 0.5
5077941 214837280 1
5077941 214838092 1
5077941 214832156 1
5077941 214829887 0.5
8081009 214718207 1
8081009 214851146 1
8081009 214851238 1
8081009 214668759 0.5
5561278 214753657 1
5561278 214846447 1
5561278 214826610 1
5561278 214829321 0.5
5561278 214839587 0.5
5561278 214687852 0.5
5561278 214844345 0.5
5561278 214829799 0.5
9173952 214678376 1
9173952 214853107 1
9173952 214853128 1
9173952 214846312 0.5
9173952 214536187 0.5
9173952 214853165 0.5
9173952 214853109 0.5
10419139 214567215 1
10419139 214854268 1
10419139 214567329 1
10419139 214854352 0.5
10419139 214684785 0.5
10419139 214854264 0.5
10419139 214853726 0.5
5772228 214846119 1
5772228 214676377 1
5772228 214845954 1
5772228 214845962 0.5
4920261 214837288 1
4920261 214845579 1
4920261 214838092 1
4920261 214837280 0.5
4920261 214829880 0.5
4920261 214746380 0.5
4920261 214836956 0.5
8485832 214851236 1
8485832 214716671 1
8485832 214851131 1
8485832 214851080 0.5
8485832 214684942 0.5
10894281 214854795 1
10894281 214854722 1
10894281 214854720 1
10894281 214853081 0.5
10894281 214851757 0.5
6734794 214849031 1
6734794 214849033 1
6734794 214849078 1
6734794 214711348 0.5
9470924 214853165 1
9470924 214850758 1
9470924 214846119 1
9470924 214579288 0.5
7925922 214850936 1
7925922 214850938 1
7925922 214849001 1
7925922 214850872 0.5
7925922 214850870 0.5
7986126 214839947 1
7986126 214850291 1
7986126 214826990 1
7986126 214850555 0.5
7986126 214552522 0.5
7986126 214609325 0.5
7986126 214845583 0.5
7986126 214561457 0.5
7986126 214846035 0.5
7986126 214850771 0.5
7986126 214710101 0.5
7986126 214561775 0.5
7986126 214850287 0.5
3034063 214835126 1
3034063 214831948 1
3034063 214835120 1
3034063 214829887 0.5
3034063 214718390 0.5
3034063 214673295 0.5
7898064 214850938 1
7898064 214850756 1
7898064 214850732 1
7898064 214564387 0.5
7898064 214716645 0.5
7898064 214819766 0.5
7898064 214850621 0.5
7492566 214851099 1
7492566 214851581 1
7492566 214851133 1
7492566 214849252 0.5
7492566 214851013 0.5
7492566 214850792 0.5
7492566 214846067 0.5
7492566 214850619 0.5
7492566 214850940 0.5
7492566 214849395 0.5
7492566 214851167 0.5
25081 214820392 1
25081 214820396 1
25081 214820400 1
25081 214716641 0.5
25081 214826906 0.5
25081 214826908 0.5
25081 214826837 0.5
25081 214744775 0.5
1577951 214826610 1
1577951 214834880 1
1577951 214821410 1
1577951 214833755 0.5
1577951 214821412 0.5
10052432 214850942 1
10052432 214851290 1
10052432 214849284 1
10052432 214848337 0.5
10052432 214665277 0.5
10052432 214844345 0.5
3940638 214832021 1
3940638 214711280 1
3940638 214526083 1
3940638 214712124 0.5
3940638 214829788 0.5
8375272 214748289 1
8375272 214640012 1
8375272 214585633 1
8375272 214595139 0.5
8375272 214839311 0.5
11064297 214857830 1
11064297 214859240 1
11064297 214835117 1
11064297 214701787 0.5
7500967 214850621 1
7500967 214850741 1
7500967 214850936 1
7500967 214850938 0.5
7500967 214844394 0.5
7500967 214851011 0.5
7500967 214849395 0.5
9647669 214836877 1
9647669 214853422 1
9647669 214835004 1
9647669 214700000 0.5
9647669 214819627 0.5
3965936 214826990 1
3965936 214836932 1
3965936 214838227 1
3965936 214708440 0.5
3965936 214826563 0.5
3965936 214832126 0.5
3965936 214819719 0.5
4811944 214725551 1
4811944 214832143 1
4811944 214839967 1
4811944 214839960 0.5
10804214 214854354 1
10804214 214853992 1
10804214 214709685 1
10804214 214557217 0.5
10804214 214853855 0.5
10804214 214854510 0.5
10804214 214849455 0.5
4746233 214632146 1
4746233 214844439 1
4746233 214839915 1
4746233 214612760 0.5
4746233 214576890 0.5
4746233 214842735 0.5
10662284 214567333 1
10662284 214684785 1
10662284 214854298 1
10662284 214854358 0.5
10662284 214567327 0.5
10274933 214854300 1
10274933 214835165 1
10274933 214819577 1
10274933 214854534 0.5
10274933 214820456 0.5
10274933 214559960 0.5
10274933 214854547 0.5
10274933 214850741 0.5
10274933 214849464 0.5
10274933 214854585 0.5
136192 214827005 1
136192 214826925 1
136192 214827000 1
136192 214711078 0.5
136192 214684734 0.5
6900742 214849312 1
6900742 214848845 1
6900742 214849245 1
6900742 214846344 0.5
6900742 214849239 0.5
9657831 214850947 1
9657831 214674658 1
9657831 214853347 1
9657831 214848688 0.5
7320407 214849738 1
7320407 214849757 1
7320407 214849389 1
7320407 214849736 0.5
7320407 214849762 0.5
7050253 214849738 1
7050253 214849757 1
7050253 214846333 1
7050253 214849736 0.5
4166673 214839973 1
4166673 214839587 1
4166673 214834877 1
4166673 214820400 0.5
4166673 214835745 0.5
4166673 214839971 0.5
4166673 214600492 0.5
4166673 214744535 0.5
4752402 214845577 1
4752402 214845356 1
4752402 214845352 1
4752402 214829878 0.5
8205334 214848380 1
8205334 214848337 1
8205334 214851585 1
8205334 214849312 0.5
8205334 214833755 0.5
8205334 214832747 0.5
8205334 214836932 0.5
8205334 214835109 0.5
8205334 214848682 0.5
8205334 214829387 0.5
8205334 214667857 0.5
8205334 214829366 0.5
8205334 214850743 0.5
8205334 214848377 0.5
8205334 214844347 0.5
8205334 214821015 0.5
10548247 214854579 1
10548247 214854300 1
10548247 214854585 1
10548247 214850741 0.5
10548247 214854495 0.5
10038296 214853700 1
10038296 214853698 1
10038296 214853730 1
10038296 214853713 0.5
10038296 214853707 0.5
10038296 214853767 0.5
9576623 214850949 1
9576623 214853420 1
9576623 214849284 1
9576623 214853338 0.5
9576623 214665277 0.5
2311011 214831957 1
2311011 214829878 1
2311011 214831946 1
2311011 214829882 0.5
5165172 214845131 1
5165172 214839969 1
5165172 214602733 1
5165172 214748336 0.5
5165172 214839971 0.5
5165172 214839973 0.5
5165172 214839975 0.5
5165172 214836330 0.5
5165172 214839600 0.5
5165172 214829850 0.5
4535522 214710152 1
4535522 214839915 1
4535522 214584939 1
4535522 214553700 0.5
3559888 214516065 1
3559888 214609325 1
3559888 214834867 1
3559888 214554662 0.5
1705004 214820805 1
1705004 214820807 1
1705004 214748336 1
1705004 214829366 0.5
10118193 214854172 1
10118193 214854146 1
10118193 214853992 1
10118193 214853848 0.5
10118193 214853435 0.5
10118193 214853996 0.5
9755827 214853364 1
9755827 214509401 1
9755827 214545879 1
9755827 214850370 0.5
8035381 214853105 1
8035381 214853085 1
8035381 214853096 1
8035381 214580293 0.5
5033014 214837286 1
5033014 214837288 1
5033014 214836956 1
5033014 214837280 0.5
9684024 214853420 1
9684024 214711307 1
9684024 214853422 1
9684024 214853152 0.5
9684024 214853428 0.5
10363962 214854352 1
10363962 214854585 1
10363962 214854536 1
10363962 214854354 0.5
10720316 214853435 1
10720316 214853730 1
10720316 214853420 1
10720316 214579220 0.5
7968753 214851236 1
7968753 214851099 1
7968753 214851313 1
7968753 214851581 0.5
7968753 214748334 0.5
2450497 214835019 1
2450497 214835745 1
2450497 214835017 1
2450497 214587712 0.5
2450497 214829090 0.5
2450497 214600492 0.5
4539574 214826889 1
4539574 214800270 1
4539574 214831952 1
4539574 214839962 0.5
4539574 214831950 0.5
10079303 214853366 1
10079303 214839913 1
10079303 214854060 1
10079303 214853353 0.5
9053257 214853420 1
9053257 214850945 1
9053257 214850942 1
9053257 214853184 0.5
9053257 214836536 0.5
9053257 214821373 0.5
9053257 214853422 0.5
4866914 214845131 1
4866914 214839973 1
4866914 214835019 1
4866914 214839960 0.5
4866914 214835745 0.5
4866914 214836926 0.5
2946127 214829878 1
2946127 214684730 1
2946127 214829887 1
2946127 214684736 0.5
2946127 214559726 0.5
2946127 214711408 0.5
2946127 214718390 0.5
2946127 214829880 0.5
2946127 214718396 0.5
10364088 214581611 1
10364088 214678387 1
10364088 214853130 1
10364088 214853722 0.5
1782867 214748300 1
1782867 214748295 1
1782867 214753513 1
1782867 214753507 0.5
6141454 214846417 1
6141454 214846412 1
6141454 214846415 1
6141454 214846427 0.5
6480983 214848656 1
6480983 214845131 1
6480983 214846530 1
6480983 214839932 0.5
6480983 214845885 0.5
6480983 214846127 0.5
8096563 214851017 1
8096563 214851024 1
8096563 214829765 1
8096563 214821377 0.5
8096563 214536195 0.5
8096563 214853092 0.5
8096563 214536197 0.5
8096563 214579837 0.5
8096563 214851583 0.5
7531611 214850295 1
7531611 214850304 1
7531611 214716645 1
7531611 214853657 0.5
7531611 214849796 0.5
1957217 214834873 1
1957217 214828961 1
1957217 214819779 1
1957217 214834877 0.5
9571428 214850949 1
9571428 214850942 1
9571428 214839913 1
9571428 214853700 0.5
7949413 214853092 1
7949413 214851099 1
7949413 214851236 1
7949413 214851120 0.5
7949413 214587697 0.5
7949413 214851146 0.5
2528359 214831946 1
2528359 214829885 1
2528359 214831950 1
2528359 214835124 0.5
2528359 214831948 0.5
2528359 214829878 0.5
2528359 214829887 0.5
6966119 214850615 1
6966119 214849228 1
6966119 214849762 1
6966119 214848954 0.5
9079919 214850947 1
9079919 214846029 1
9079919 214846014 1
9079919 214717511 0.5
4668947 214845131 1
4668947 214839973 1
4668947 214839960 1
4668947 214602733 0.5
4668947 214835469 0.5
4668947 214602598 0.5
4668947 214829287 0.5
8040699 214851146 1
8040699 214851590 1
8040699 214851583 1
8040699 214531659 0.5
6036602 214846425 1
6036602 214748289 1
6036602 214846412 1
6036602 214846127 0.5
2309244 214829882 1
2309244 214831948 1
2309244 214600509 1
2309244 214686082 0.5
2309244 214831957 0.5
2309244 214829887 0.5
10375526 214854300 1
10375526 214714755 1
10375526 214854722 1
10375526 214854547 0.5
10375526 214854860 0.5
10375526 214854733 0.5
10375526 214854855 0.5
6309839 214835747 1
6309839 214849252 1
6309839 214509401 1
6309839 214587712 0.5
6309839 214640353 0.5
6309839 214838126 0.5
6309839 214602802 0.5
6309839 214835475 0.5
6309839 214691349 0.5
8422538 214851232 1
8422538 214851290 1
8422538 214851101 1
8422538 214564380 0.5
8643723 214852980 1
8643723 214853077 1
8643723 214853105 1
8643723 214853233 0.5
8643723 214853085 0.5
6996803 214849239 1
6996803 214849331 1
6996803 214849466 1
6996803 214849003 0.5
6996803 214848945 0.5
6996803 214829387 0.5
6996803 214849230 0.5
6996803 214849745 0.5
6996803 214849342 0.5
3387508 214844439 1
3387508 214844394 1
3387508 214844458 1
3387508 214844456 0.5
7826579 214675895 1
7826579 214716971 1
7826579 214850304 1
7826579 214844396 0.5
7826579 214845583 0.5
7826579 214850743 0.5
7826579 214851577 0.5
7826579 214851290 0.5
7826579 214677615 0.5
7826579 214850287 0.5
10525209 214853113 1
10525209 214854536 1
10525209 214854352 1
10525209 214854585 0.5
10525209 214820394 0.5
10525209 214850739 0.5
1682001 214826925 1
1682001 214834865 1
1682001 214827000 1
1682001 214834877 0.5
8841072 214853096 1
8841072 214853085 1
8841072 214853105 1
8841072 214852980 0.5
3124389 214835747 1
3124389 214835745 1
3124389 214602600 1
3124389 214832792 0.5
3124389 214609325 0.5
5256359 214844355 1
5256359 214844368 1
5256359 214835428 1
5256359 214725508 0.5
5256359 214686317 0.5
10114588 214849320 1
10114588 214837288 1
10114588 214853715 1
10114588 214854032 0.5
10114588 214853996 0.5
10114588 214853677 0.5
4477901 214839973 1
4477901 214845131 1
4477901 214820396 1
4477901 214829280 0.5
4477901 214577450 0.5
4477901 214836855 0.5
4477901 214717522 0.5
4477901 214586743 0.5
4477901 214717850 0.5
10652844 214854510 1
10652844 214684762 1
10652844 214854262 1
10652844 214567333 0.5
10652844 214684785 0.5
10652844 214829737 0.5
10652844 214837873 0.5
10652844 214709685 0.5
10652844 214840732 0.5
10652844 214567327 0.5
5858479 214846367 1
5858479 214846457 1
5858479 214846110 1
5858479 214846472 0.5
5858479 214846370 0.5
5858479 214846406 0.5
1924277 214829666 1
1924277 214829664 1
1924277 214821407 1
1924277 214821032 0.5
1924277 214690110 0.5
7658679 214850743 1
7658679 214850758 1
7658679 214850771 1
7658679 214848847 0.5
4633784 214839977 1
4633784 214839969 1
4633784 214839956 1
4633784 214845131 0.5
4633784 214602733 0.5
11515067 214854782 1
11515067 214854787 1
11515067 214854795 1
11515067 214854840 0.5
3785034 214836932 1
3785034 214826990 1
3785034 214835109 1
3785034 214838227 0.5
3560802 214836851 1
3560802 214836530 1
3560802 214836830 1
3560802 214832115 0.5
3560802 214821407 0.5
2008608 214829381 1
2008608 214826908 1
2008608 214831967 1
2008608 214829850 0.5
2008608 214587317 0.5
4162754 214838105 1
4162754 214838096 1
4162754 214839975 1
4162754 214839960 0.5
4162754 214839973 0.5
7064773 214853177 1
7064773 214853175 1
7064773 214853758 1
7064773 214828882 0.5
7064773 214853173 0.5
8236231 214851322 1
8236231 214711267 1
8236231 214851236 1
8236231 214851133 0.5
4576456 214829880 1
4576456 214831948 1
4576456 214839969 1
4576456 214836857 0.5
4576456 214845806 0.5
4576456 214602598 0.5
3754188 214835167 1
3754188 214836924 1
3754188 214829771 1
3754188 214829765 0.5
3754188 214836870 0.5
9077561 214851742 1
9077561 214536197 1
9077561 214678376 1
9077561 214668249 0.5
1580238 214829325 1
1580238 214829332 1
1580238 214585397 1
1580238 214536412 0.5
6370512 214716710 1
6370512 214716707 1
6370512 214848605 1
6370512 214832604 0.5
8200739 214716671 1
8200739 214716714 1
8200739 214716746 1
8200739 214851163 0.5
8200739 214827005 0.5
8200739 214716654 0.5
8200739 214851579 0.5
2696398 214844439 1
2696398 214844394 1
2696398 214844456 1
2696398 214551626 0.5
2696398 214844462 0.5
5434589 214844402 1
5434589 214844372 1
5434589 214832150 1
5434589 214819468 0.5
5434589 214836868 0.5
5434589 214836932 0.5
5434589 214844345 0.5
10700003 214853100 1
10700003 214853102 1
10700003 214854797 1
10700003 214854840 0.5
10700003 214854819 0.5
10700003 214849468 0.5
4984036 214845131 1
4984036 214847261 1
4984036 214850402 1
4984036 214685857 0.5
4984036 214829775 0.5
4984036 214845457 0.5
4984036 214587317 0.5
4984036 214826998 0.5
4984036 214845435 0.5
10933478 214686879 1
10933478 214686864 1
10933478 214854767 1
10933478 214574672 0.5
10933478 214854497 0.5
5201133 214829878 1
5201133 214829887 1
5201133 214540127 1
5201133 214826987 0.5
5201133 214839596 0.5
5201133 214676567 0.5
8746222 214853077 1
8746222 214852980 1
8746222 214853085 1
8746222 214853096 0.5
8746222 214853094 0.5
9303279 214853420 1
9303279 214850945 1
9303279 214582942 1
9303279 214838308 0.5
9303279 214851133 0.5
10550824 214850765 1
10550824 214850754 1
10550824 214677615 1
10550824 214717888 0.5
10550824 214651777 0.5
10550824 214716935 0.5
10550824 214718220 0.5
10550824 214717007 0.5
10550824 214718160 0.5
10550824 214718165 0.5
10550824 214821017 0.5
10550824 214821022 0.5
11066617 214857570 1
11066617 214857260 1
11066617 214853102 1
11066617 214854860 0.5
11066617 214854767 0.5
3427579 214842459 1
3427579 214836530 1
3427579 214829280 1
3427579 214601233 0.5
3427579 214844439 0.5
8938748 214853128 1
8938748 214851742 1
8938748 214853165 1
8938748 214853075 0.5
8938748 214564320 0.5
8938748 214677830 0.5
8938748 214853109 0.5
8938748 214678376 0.5
8938748 214553257 0.5
8938748 214581611 0.5
8938748 214811758 0.5
8938748 214508942 0.5
8938748 214853107 0.5
8938748 214840760 0.5
8938748 214849010 0.5
8938748 214582200 0.5
8938748 214840757 0.5
8938748 214853111 0.5
8938748 214819640 0.5
8938748 214840762 0.5
8938748 214842365 0.5
8938748 214853087 0.5
10077437 214853698 1
10077437 214853713 1
10077437 214851326 1
10077437 214853090 0.5
10077437 214853430 0.5
10077437 214853094 0.5
10077437 214846391 0.5
835263 214826619 1
835263 214837490 1
835263 214837485 1
835263 214837487 0.5
1293571 214821305 1
1293571 214821339 1
1293571 214821307 1
1293571 214821341 0.5
1293571 214844357 0.5
1293571 214821302 0.5
1293571 214821309 0.5
9006342 214852978 1
9006342 214848120 1
9006342 214763428 1
9006342 214853248 0.5
9006342 214853094 0.5
2777037 214826623 1
2777037 214835019 1
2777037 214829878 1
2777037 214835747 0.5
2777037 214835017 0.5
2777037 214686860 0.5
2777037 214609325 0.5
2777037 214834867 0.5
2777037 214829882 0.5
9413907 214853381 1
9413907 214853154 1
9413907 214851279 1
9413907 214844402 0.5
173956 214826608 1
173956 214826897 1
173956 214826705 1
173956 214820441 0.5
2737442 214835711 1
2737442 214836362 1
2737442 214836146 1
2737442 214836075 0.5
2737442 214600492 0.5
11078947 214854774 1
11078947 214854699 1
11078947 214854785 1
11078947 214849132 0.5
11078947 214832143 0.5
4437284 214839971 1
4437284 214602733 1
4437284 214845131 1
4437284 214748336 0.5
4437284 214839960 0.5
4437284 214839975 0.5
4437284 214839973 0.5
4437284 214829287 0.5
11322662 214829724 1
11322662 214857568 1
11322662 214854960 1
11322662 214857570 0.5
11322662 214855046 0.5
1590492 214821410 1
1590492 214834877 1
1590492 214554277 1
1590492 214821412 0.5
1590492 214826921 0.5
1590492 214826610 0.5
1590492 214826994 0.5
1590492 214833755 0.5
1590492 214826589 0.5
6964522 214835426 1
6964522 214835064 1
6964522 214558192 1
6964522 214839969 0.5
6964522 214845917 0.5
6964522 214601233 0.5
6386567 214849076 1
6386567 214846029 1
6386567 214652934 1
6386567 214846457 0.5
6386567 214832023 0.5
6729006 214848337 1
6729006 214848380 1
6729006 214849275 1
6729006 214667857 0.5
6729006 214846530 0.5
6729006 214707875 0.5
6729006 214821410 0.5
11238707 214854855 1
11238707 214854819 1
11238707 214854815 1
11238707 214854716 0.5
7087418 214849738 1
7087418 214849757 1
7087418 214849745 1
7087418 214849736 0.5
7087418 214849466 0.5
7087418 214849762 0.5
7087418 214850282 0.5
7087418 214850285 0.5
5429471 214845418 1
5429471 214641412 1
5429471 214843322 1
5429471 214847936 0.5
5429471 214584992 0.5
5429471 214848997 0.5
5429471 214553257 0.5
5429471 214846318 0.5
5429471 214846065 0.5
5429471 214848180 0.5
5429471 214839958 0.5
5429471 214846010 0.5
5429471 214820443 0.5
5429471 214844250 0.5
5429471 214829797 0.5
9067402 214851326 1
9067402 214853248 1
9067402 214844321 1
9067402 214853096 0.5
9067402 214835109 0.5
3437886 214609325 1
3437886 214600492 1
3437886 214587697 1
3437886 214577025 0.5
3437886 214657318 0.5
3437886 214601233 0.5
3437886 214602802 0.5
3437886 214834867 0.5
3437886 214821332 0.5
3437886 214643925 0.5
3437886 214832126 0.5
10774069 214849760 1
10774069 214854300 1
10774069 214848178 1
10774069 214714755 0.5
10774069 214854733 0.5
10774069 214846127 0.5
10774069 214854545 0.5
10774069 214848947 0.5
10774069 214850741 0.5
10774069 214845917 0.5
10774069 214849757 0.5
2215233 214821277 1
2215233 214821285 1
2215233 214832717 1
2215233 214820377 0.5
2215233 214717284 0.5
2215233 214553702 0.5
2215233 214829711 0.5
11136322 214854804 1
11136322 214854699 1
11136322 214854300 1
11136322 214853992 0.5
11136322 214857257 0.5
11136322 214567215 0.5
11136322 214709685 0.5
11136322 214854682 0.5
11136322 214714715 0.5
11136322 214567327 0.5
9120651 214853105 1
9120651 214853094 1
9120651 214851326 1
9120651 214853248 0.5
9120651 214853090 0.5
9120651 214852978 0.5
9120651 214853085 0.5
9578721 214853342 1
9578721 214853340 1
9578721 214850947 1
9578721 214850945 0.5
9578721 214853420 0.5
4521868 214839971 1
4521868 214839973 1
4521868 214845131 1
4521868 214839600 0.5
4521868 214839960 0.5
6757706 214667859 1
6757706 214848849 1
6757706 214828961 1
6757706 214560585 0.5
6757706 214848954 0.5
11089227 214851290 1
11089227 214849284 1
11089227 214853385 1
11089227 214853732 0.5
11089227 214856550 0.5
11089227 214667859 0.5
11089227 214849331 0.5
11089227 214851159 0.5
11089227 214853724 0.5
11089227 214665277 0.5
542946 214837485 1
542946 214826876 1
542946 214837487 1
542946 214837442 0.5
542946 214837490 0.5
542946 214698446 0.5
10298702 214854300 1
10298702 214687845 1
10298702 214846391 1
10298702 214853728 0.5
10298702 214687475 0.5
10298702 214850741 0.5
10298702 214854583 0.5
6821201 214845943 1
6821201 214849228 1
6821201 214643887 1
6821201 214844368 0.5
6821201 214844355 0.5
7687534 214826990 1
7687534 214573290 1
7687534 214836932 1
7687534 214707875 0.5
7687534 214851313 0.5
7687534 214573288 0.5
7687534 214585547 0.5
7687534 214667857 0.5
7687534 214585554 0.5
7687534 214676019 0.5
7687534 214573277 0.5
8649297 214851742 1
8649297 214678376 1
8649297 214853075 1
8649297 214853165 0.5
8649297 214748293 0.5
6634389 214848986 1
6634389 214849344 1
6634389 214665277 1
6634389 214718387 0.5
6634389 214849239 0.5
8520932 214551607 1
8520932 214645196 1
8520932 214848298 1
8520932 214848300 0.5
5782074 214845954 1
5782074 214849072 1
5782074 214821384 1
5782074 214835747 0.5
5782074 214846312 0.5
5782074 214835017 0.5
5782074 214845962 0.5
5782074 214844400 0.5
5782074 214849010 0.5
5782074 214832019 0.5
5782074 214579837 0.5
5782074 214579839 0.5
9003028 214844439 1
9003028 214851287 1
9003028 214851148 1
9003028 214844394 0.5
4013412 214836870 1
4013412 214845127 1
4013412 214839395 1
4013412 214836795 0.5
4013412 214829788 0.5
10765669 214854551 1
10765669 214854221 1
10765669 214854341 1
10765669 214854493 0.5
11367788 214854787 1
11367788 214849132 1
11367788 214864880 1
11367788 214854774 0.5
11367788 214854699 0.5
11367788 214853100 0.5
11367788 214510445 0.5
11367788 214853102 0.5
11367788 214712242 0.5
11367788 214696470 0.5
11367788 214578011 0.5
7329137 214849466 1
7329137 214849745 1
7329137 214850351 1
7329137 214849736 0.5
7329137 214848954 0.5
9169017 214853077 1
9169017 214852980 1
9169017 214852978 1
9169017 214853094 0.5
6645113 214848692 1
6645113 214711205 1
6645113 214851009 1
6645113 214834873 0.5
6645113 214554707 0.5
6645113 214840421 0.5
6645113 214538582 0.5
9327996 214850942 1
9327996 214834873 1
9327996 214853417 1
9327996 214853128 0.5
9327996 214829034 0.5
9327996 214853165 0.5
9327996 214853677 0.5
9327996 214846312 0.5
9327996 214553810 0.5
9327996 214831955 0.5
9327996 214853330 0.5
9327996 214853340 0.5
4797822 214845577 1
4797822 214845581 1
4797822 214845352 1
4797822 214829878 0.5
6415253 214848613 1
6415253 214848808 1
6415253 214714790 1
6415253 214848832 0.5
6415253 214556055 0.5
95998 214842577 1
95998 214842435 1
95998 214843905 1
95998 214691396 0.5
95998 214829285 0.5
9117061 214678387 1
9117061 214853130 1
9117061 214849010 1
9117061 214851585 0.5
9117061 214712124 0.5
9117061 214711247 0.5
749121 214827020 1
749121 214821309 1
749121 214821315 1
749121 214821272 0.5
749121 214774685 0.5
9637256 214849460 1
9637256 214573350 1
9637256 214651517 1
9637256 214850402 0.5
9637256 214586694 0.5
9637256 214717286 0.5
9637256 214845131 0.5
9637256 214573357 0.5
9637256 214849455 0.5
9637256 214668281 0.5
9637256 214853210 0.5
9637256 214853702 0.5
5961101 214579875 1
5961101 214826942 1
5961101 214839962 1
5961101 214743497 0.5
5961101 214831946 0.5
5961101 214829878 0.5
5961101 214832143 0.5
7126417 214849292 1
7126417 214849344 1
7126417 214849764 1
7126417 214667912 0.5
7126417 214509401 0.5
7126417 214844355 0.5
7679378 214850762 1
7679378 214850756 1
7679378 214850938 1
7679378 214850411 0.5
7679378 214844398 0.5
8441411 214851131 1
8441411 214716746 1
8441411 214851165 1
8441411 214848808 0.5
8441411 214851234 0.5
7701909 214853177 1
7701909 214853175 1
7701909 214853758 1
7701909 214844409 0.5
10927511 214854789 1
10927511 214854800 1
10927511 214853102 1
10927511 214835004 0.5
4199428 214685747 1
4199428 214821277 1
4199428 214556561 1
4199428 214576520 0.5
10420122 214854495 1
10420122 214854358 1
10420122 214853930 1
10420122 214854545 0.5
10420122 214853996 0.5
10420122 214854510 0.5
10420122 214684785 0.5
10420122 214854549 0.5
10420122 214854262 0.5
10420122 214854174 0.5
118177 214821290 1
118177 214826816 1
118177 214821277 1
118177 214826702 0.5
8854946 214853135 1
8854946 214853233 1
8854946 214853195 1
8854946 214853227 0.5
8854946 214850870 0.5
7058851 214846085 1
7058851 214849003 1
7058851 214849344 1
7058851 214848986 0.5
2694564 214601233 1
2694564 214716641 1
2694564 214832792 1
2694564 214667912 0.5
2694564 214554585 0.5
2694564 214826906 0.5
10364829 214854536 1
10364829 214854352 1
10364829 214854577 1
10364829 214853113 0.5
10163626 214853698 1
10163626 214853700 1
10163626 214853722 1
10163626 214853730 0.5
10163626 214853707 0.5
10163626 214853767 0.5
8617389 214850942 1
8617389 214850949 1
8617389 214717005 1
8617389 214711267 0.5
8617389 214853092 0.5
8617389 214848997 0.5
8617389 214717003 0.5
8617389 214849102 0.5
8617389 214716947 0.5
8617389 214717524 0.5
8617389 214844347 0.5
4650414 214839973 1
4650414 214839975 1
4650414 214839965 1
4650414 214839960 0.5
4650414 214839600 0.5
4294064 214845131 1
4294064 214602733 1
4294064 214848176 1
4294064 214839969 0.5
4294064 214839971 0.5
4294064 214829287 0.5
4294064 214542759 0.5
4294064 214848178 0.5
4294064 214587317 0.5
4294064 214836857 0.5
4294064 214828985 0.5
4708411 214839969 1
4708411 214839975 1
4708411 214845806 1
4708411 214839960 0.5
4708411 214667970 0.5
4708411 214845131 0.5
4708411 214586469 0.5
3612082 214838227 1
3612082 214835109 1
3612082 214820452 1
3612082 214821410 0.5
11146687 214853102 1
11146687 214854840 1
11146687 214854785 1
11146687 214854782 0.5
5008833 214848178 1
5008833 214829878 1
5008833 214714760 1
5008833 214548868 0.5
5008833 214602733 0.5
5008833 214641967 0.5
5008833 214832150 0.5
5008833 214850775 0.5
5008833 214554714 0.5
7376323 214850304 1
7376323 214557279 1
7376323 214849247 1
7376323 214849136 0.5
7376323 214587317 0.5
4783563 214832143 1
4783563 214838107 1
4783563 214838102 1
4783563 214838096 0.5
4783563 214832015 0.5
5236642 214844398 1
5236642 214844396 1
5236642 214844400 1
5236642 214844355 0.5
5236642 214832150 0.5
9473486 214854017 1
9473486 214853992 1
9473486 214853865 1
9473486 214854146 0.5
9473486 214567333 0.5
9473486 214853762 0.5
9473486 214854165 0.5
9473486 214854172 0.5
9473486 214853726 0.5
10907087 214853102 1
10907087 214853100 1
10907087 214854782 1
10907087 214854785 0.5
10907087 214700002 0.5
10907087 214854795 0.5
10907087 214854853 0.5
10907087 214855016 0.5
10907087 214854793 0.5
10907087 214712235 0.5
10907087 214854797 0.5
10907087 214859246 0.5
10907087 214854800 0.5
10907087 214854840 0.5
10907087 214854789 0.5
6559192 214826998 1
6559192 214835019 1
6559192 214526083 1
6559192 214826977 0.5
6559192 214845131 0.5
6559192 214743495 0.5
6559192 214577387 0.5
6559192 214587317 0.5
6559192 214828985 0.5
6559192 214821401 0.5
720347 214821305 1
720347 214821309 1
720347 214821313 1
720347 214821302 0.5
720347 214829310 0.5
6322426 214848980 1
6322426 214848973 1
6322426 214848982 1
6322426 214849076 0.5
7216606 214850315 1
7216606 214850295 1
7216606 214850291 1
7216606 214850285 0.5
10894821 214678376 1
10894821 214536187 1
10894821 214853075 1
10894821 214853107 0.5
11502844 214854853 1
11502844 214853102 1
11502844 214864880 1
11502844 214854785 0.5
9563627 214553537 1
9563627 214853852 1
9563627 214853846 1
9563627 214853994 0.5
9563627 214849363 0.5
9563627 214556055 0.5
9563627 214851750 0.5
9563627 214850855 0.5
4470253 214839971 1
4470253 214717522 1
4470253 214826711 1
4470253 214836857 0.5
4470253 214554707 0.5
4470253 214836885 0.5
4470253 214586694 0.5
4470253 214845435 0.5
4247027 214839587 1
4247027 214839639 1
4247027 214553700 1
4247027 214710152 0.5
4247027 214839592 0.5
4247027 214831970 0.5
4247027 214820402 0.5
4247027 214829797 0.5
1903868 214829861 1
1903868 214829707 1
1903868 214832720 1
1903868 214829855 0.5
8160758 214851080 1
8160758 214851161 1
8160758 214685049 1
8160758 214716746 0.5
8160758 214851165 0.5
4237567 214538591 1
4237567 214838109 1
4237567 214831970 1
4237567 214838096 0.5
4237567 214839600 0.5
4237567 214836947 0.5
9820416 214853767 1
9820416 214853730 1
9820416 214853700 1
9820416 214853698 0.5
9820416 214853702 0.5
4470699 214838505 1
4470699 214548744 1
4470699 214821020 1
4470699 214838107 0.5
10149336 214853707 1
10149336 214853702 1
10149336 214853730 1
10149336 214853765 0.5
591376 214717877 1
591376 214827009 1
591376 214826998 1
591376 214826872 0.5
591376 214826612 0.5
591376 214827013 0.5
9080337 214851742 1
9080337 214849010 1
9080337 214852987 1
9080337 214853128 0.5
9080337 214848302 0.5
5977347 214844396 1
5977347 214844372 1
5977347 214848656 1
5977347 214850724 0.5
8404072 214851581 1
8404072 214851236 1
8404072 214851133 1
8404072 214851317 0.5
2295324 214829670 1
2295324 214842482 1
2295324 214826608 1
2295324 214842480 0.5
2295324 214829668 0.5
1512989 214706102 1
1512989 214821300 1
1512989 214819721 1
1512989 214558080 0.5
1512989 214819376 0.5
1512989 214800268 0.5
1512989 214826872 0.5
1512989 214826876 0.5
10257952 214854352 1
10257952 214850739 1
10257952 214854495 1
10257952 214711682 0.5
10257952 214839962 0.5
10257952 214850762 0.5
10257952 214853996 0.5
10257952 214854545 0.5
10257952 214854262 0.5
10257952 214850936 0.5
10257952 214850938 0.5
10257952 214684762 0.5
10257952 214853726 0.5
9049638 214832655 1
9049638 214853252 1
9049638 214832657 1
9049638 214844439 0.5
9049638 214554234 0.5
9049638 214716939 0.5
9049638 214716999 0.5
4368988 214848176 1
4368988 214839960 1
4368988 214602733 1
4368988 214832147 0.5
5099053 214692581 1
5099053 214826987 1
5099053 214844330 1
5099053 214844327 0.5
2354734 214829878 1
2354734 214829887 1
2354734 214831946 1
2354734 214826979 0.5
8156721 214852978 1
8156721 214851326 1
8156721 214852980 1
8156721 214819393 0.5
8156721 214853096 0.5
8156721 214716110 0.5
8156721 214677615 0.5
8156721 214676306 0.5
8156721 214832792 0.5
8156721 214718169 0.5
8156721 214573310 0.5
6356532 214848688 1
6356532 214706147 1
6356532 214849082 1
6356532 214848656 0.5
6356532 214710088 0.5
6356532 214832145 0.5
6407733 214848682 1
6407733 214848630 1
6407733 214835109 1
6407733 214848337 0.5
6407733 214848380 0.5
8124812 214826908 1
8124812 214851150 1
8124812 214851294 1
8124812 214829280 0.5
8124812 214850402 0.5
8124812 214849252 0.5
8124812 214835475 0.5
8124812 214851317 0.5
8124812 214851290 0.5
6583868 214848845 1
6583868 214835167 1
6583868 214848384 1
6583868 214711205 0.5
5043777 214845581 1
5043777 214845579 1
5043777 214831946 1
5043777 214845352 0.5
5043777 214845356 0.5
10092529 214853154 1
10092529 214853417 1
10092529 214853379 1
10092529 214850949 0.5
10092529 214853454 0.5
9582158 214850945 1
9582158 214853422 1
9582158 214853420 1
9582158 214850942 0.5
6852537 214674767 1
6852537 214832604 1
6852537 214716707 1
6852537 214716710 0.5
8113754 214851013 1
8113754 214849155 1
8113754 214851322 1
8113754 214851232 0.5
8113754 214835426 0.5
8113754 214851075 0.5
8113754 214853094 0.5
8113754 214849031 0.5
8113754 214849250 0.5
8113754 214846258 0.5
8113754 214846067 0.5
8113754 214583670 0.5
8113754 214738457 0.5
8113754 214851581 0.5
8113754 214826623 0.5
6624859 214848950 1
6624859 214848622 1
6624859 214848375 1
6624859 214846530 0.5
9551193 214853420 1
9551193 214850947 1
9551193 214853422 1
9551193 214850949 0.5
8898149 214853128 1
8898149 214853107 1
8898149 214853165 1
8898149 214678376 0.5
8898149 214845971 0.5
8898149 214709702 0.5
8898149 214846119 0.5
5971552 214846119 1
5971552 214845962 1
5971552 214849010 1
5971552 214676377 0.5
5971552 214845971 0.5
169569 214826705 1
169569 214826608 1
169569 214821277 1
169569 214538027 0.5
2704998 214819430 1
2704998 214829850 1
2704998 214831959 1
2704998 214826977 0.5
2704998 214717286 0.5
2704998 214586694 0.5
2704998 214753515 0.5
2704998 214716110 0.5
2704998 214835124 0.5
2704998 214556025 0.5
2704998 214573277 0.5
5260903 214716635 1
5260903 214835070 1
5260903 214820377 1
5260903 214835462 0.5
9154363 214853096 1
9154363 214853105 1
9154363 214853085 1
9154363 214853248 0.5
9154363 214852978 0.5
9154363 214852980 0.5
6457959 214848377 1
6457959 214848337 1
6457959 214848328 1
6457959 214848609 0.5
6457959 214561453 0.5
6457959 214826990 0.5
6457959 214848845 0.5
6457959 214826610 0.5
6457959 214838227 0.5
6457959 214849012 0.5
6457959 214561402 0.5
6457959 214836924 0.5
7593582 214848337 1
7593582 214835109 1
7593582 214838227 1
7593582 214848328 0.5
7593582 214851159 0.5
8347247 214851131 1
8347247 214851163 1
8347247 214684942 1
8347247 214716746 0.5
8347247 214851579 0.5
8347247 214851165 0.5
1652844 214826563 1
1652844 214821317 1
1652844 214829392 1
1652844 214829366 0.5
2346614 214829878 1
2346614 214831946 1
2346614 214829882 1
2346614 214829887 0.5
5752442 214835017 1
5752442 214846014 1
5752442 214846425 1
5752442 214846256 0.5
5752442 214846427 0.5
5752442 214846468 0.5
5752442 214848997 0.5
5752442 214838126 0.5
10675839 214684108 1
10675839 214849342 1
10675839 214709630 1
10675839 214696545 0.5
5951104 214850996 1
5951104 214844400 1
5951104 214826565 1
5951104 214845984 0.5
5951104 214846033 0.5
5951104 214835747 0.5
5951104 214846001 0.5
5951104 214800264 0.5
5951104 214840907 0.5
5951104 214835473 0.5
5951104 214716110 0.5
5951104 214846031 0.5
5951104 214718385 0.5
5951104 214829878 0.5
5951104 214845073 0.5
5951104 214553561 0.5
5951104 214829850 0.5
5951104 214846127 0.5
5951104 214846014 0.5
5146241 214832154 1
5146241 214819627 1
5146241 214831946 1
5146241 214829878 0.5
6284934 214716710 1
6284934 214848626 1
6284934 214716707 1
6284934 214832604 0.5
10616458 214556212 1
10616458 214819410 1
10616458 214854352 1
10616458 214854577 0.5
5139892 214845354 1
5139892 214832154 1
5139892 214845581 1
5139892 214837280 0.5
5139892 214826818 0.5
5139892 214829882 0.5
10927758 214853102 1
10927758 214854785 1
10927758 214854840 1
10927758 214854787 0.5
8480402 214849239 1
8480402 214848337 1
8480402 214667857 1
8480402 214821410 0.5
8480402 214835109 0.5
8480402 214846535 0.5
8480402 214848330 0.5
8480402 214829387 0.5
8480402 214600492 0.5
8480402 214665277 0.5
8480402 214834877 0.5
8480402 214838227 0.5
8480402 214844340 0.5
8480402 214556025 0.5
8480402 214844345 0.5
8480402 214844347 0.5
8480402 214848380 0.5
8480402 214851101 0.5
5879443 214846117 1
5879443 214846318 1
5879443 214820377 1
5879443 214582200 0.5
5879443 214845954 0.5
5879443 214845971 0.5
2958997 214535042 1
2958997 214836885 1
2958997 214541355 1
2958997 214819777 0.5
2958997 214836877 0.5
2958997 214640893 0.5
7633193 214850936 1
7633193 214850771 1
7633193 214850621 1
7633193 214556840 0.5
7633193 214829666 0.5
7633193 214835019 0.5
7633193 214850743 0.5
7016094 214832567 1
7016094 214848973 1
7016094 214848992 1
7016094 214849286 0.5
7016094 214848695 0.5
8477296 214832604 1
8477296 214716707 1
8477296 214748336 1
8477296 214850402 0.5
8477296 214850940 0.5
8477296 214846035 0.5
8477296 214851317 0.5
8477296 214832023 0.5
8477296 214829852 0.5
5705378 214585676 1
5705378 214676377 1
5705378 214564320 1
5705378 214845954 0.5
2502314 214829878 1
2502314 214829882 1
2502314 214831948 1
2502314 214831946 0.5
5598891 214846119 1
5598891 214845962 1
5598891 214849072 1
5598891 214536193 0.5
5598891 214559660 0.5
2604716 214584992 1
2604716 214844439 1
2604716 214536307 1
2604716 214821302 0.5
8165038 214851242 1
8165038 214851167 1
8165038 214851028 1
8165038 214851017 0.5
8165038 214851322 0.5
8165038 214678989 0.5
5289647 214844398 1
5289647 214844368 1
5289647 214844372 1
5289647 214844340 0.5
6991536 214849102 1
6991536 214849155 1
6991536 214848688 1
6991536 214821410 0.5
6991536 214849275 0.5
6991536 214839973 0.5
3856052 214835167 1
3856052 214829765 1
3856052 214826990 1
3856052 214561402 0.5
3856052 214829771 0.5
3856052 214838227 0.5
8792403 214851159 1
8792403 214851313 1
8792403 214851315 1
8792403 214851585 0.5
8792403 214835167 0.5
10654329 214861498 1
10654329 214853994 1
10654329 214854815 1
10654329 214853113 0.5
5725897 214846014 1
5725897 214848309 1
5725897 214845939 1
5725897 214846001 0.5
5725897 214821382 0.5
9086668 214853420 1
9086668 214850947 1
9086668 214850282 1
9086668 214829878 0.5
9899726 214853698 1
9899726 214853722 1
9899726 214581611 1
9899726 214850402 0.5
9899726 214853700 0.5
9899726 214846117 0.5
9899726 214853702 0.5
9899726 214853767 0.5
9899726 214854152 0.5
9899726 214853707 0.5
9899726 214853709 0.5
9899726 214829775 0.5
9899726 214853713 0.5
9899726 214849010 0.5
9899726 214835475 0.5
9899726 214823289 0.5
9899726 214845917 0.5
11044559 214572230 1
11044559 214854313 1
11044559 214854311 1
11044559 214855046 0.5
11044559 214854343 0.5
9890766 214853767 1
9890766 214853353 1
9890766 214718169 1
9890766 214718160 0.5
9890766 214561775 0.5
9890766 214675888 0.5
9890766 214850771 0.5
9890766 214850743 0.5
9890766 214821020 0.5
690809 214820392 1
690809 214826908 1
690809 214826837 1
690809 214819430 0.5
690809 214820396 0.5
690809 214819374 0.5
690809 214650609 0.5
690809 214821300 0.5
690809 214556025 0.5
7946874 214850936 1
7946874 214850771 1
7946874 214850743 1
7946874 214850938 0.5
5058294 214832017 1
5058294 214845577 1
5058294 214845579 1
5058294 214845435 0.5
5058294 214838092 0.5
2899439 214829878 1
2899439 214831946 1
2899439 214829887 1
2899439 214819468 0.5
2258663 214835745 1
2258663 214834880 1
2258663 214826565 1
2258663 214835019 0.5
2258663 214600492 0.5
2557672 214836517 1
2557672 214835165 1
2557672 214718167 1
2557672 214717511 0.5
2557672 214819400 0.5
2557672 214835019 0.5
2557672 214831948 0.5
2557672 214673295 0.5
2557672 214712690 0.5
2557672 214695412 0.5
2557672 214718165 0.5
2557672 214718390 0.5
2557672 214821017 0.5
2557672 214718255 0.5
2557672 214831965 0.5
2557672 214829887 0.5
4269806 214838102 1
4269806 214838098 1
4269806 214831970 1
4269806 214839592 0.5
4269806 214839590 0.5
4269806 214832015 0.5
5230328 214835428 1
5230328 214844402 1
5230328 214844400 1
5230328 214832792 0.5
5230328 214835064 0.5
5230328 214835426 0.5
5230328 214844355 0.5
2285363 214829885 1
2285363 214831950 1
2285363 214835165 1
2285363 214829882 0.5
5644026 214846447 1
5644026 214849001 1
5644026 214846121 1
5644026 214845986 0.5
5644026 214839971 0.5
5644026 214839973 0.5
5644026 214835019 0.5
5644026 214846061 0.5
5644026 214846007 0.5
5644026 214845887 0.5
8081787 214846031 1
8081787 214838107 1
8081787 214850285 1
8081787 214829880 0.5
8081787 214686911 0.5
8081787 214673295 0.5
10011246 214853702 1
10011246 214853767 1
10011246 214854527 1
10011246 214853698 0.5
10011246 214853707 0.5
10011246 214854538 0.5
3999487 214831967 1
3999487 214839600 1
3999487 214828980 1
3999487 214586694 0.5
3999487 214819430 0.5
3999487 214577387 0.5
3999487 214835475 0.5
3999487 214717286 0.5
3999487 214826998 0.5
3999487 214553561 0.5
3999487 214828985 0.5
3999487 214826908 0.5
10191078 214853698 1
10191078 214853700 1
10191078 214853767 1
10191078 214853707 0.5
10191078 214853430 0.5
10191078 214853702 0.5
2256642 214829878 1
2256642 214829882 1
2256642 214831946 1
2256642 214601233 0.5
9015046 214716654 1
9015046 214716746 1
9015046 214716714 1
9015046 214851028 0.5
6500106 214848410 1
6500106 214838227 1
6500106 214849275 1
6500106 214849020 0.5
6500106 214839932 0.5
6500106 214845885 0.5
6500106 214845887 0.5
4435726 214839973 1
4435726 214839975 1
4435726 214839971 1
4435726 214839960 0.5
4435726 214839969 0.5
4435726 214845131 0.5
4435726 214602733 0.5
2354959 214829878 1
2354959 214829887 1
2354959 214516749 1
2354959 214829880 0.5
6120686 214846117 1
6120686 214846119 1
6120686 214845962 1
6120686 214845971 0.5
8724099 214853085 1
8724099 214851742 1
8724099 214848302 1
8724099 214581761 0.5
8724099 214853077 0.5
9693552 214573590 1
9693552 214854148 1
9693552 214850792 1
9693552 214853435 0.5
9693552 214743339 0.5
9693552 214849395 0.5
9693552 214851317 0.5
3990323 214836932 1
3990323 214826990 1
3990323 214835109 1
3990323 214838227 0.5
9242397 214716714 1
9242397 214853715 1
9242397 214685049 1
9242397 214850760 0.5
9242397 214851073 0.5
9242397 214716746 0.5
9242397 214853182 0.5
2844432 214561558 1
2844432 214829767 1
2844432 214709638 1
2844432 214826818 0.5
2844432 214579220 0.5
2844432 214641967 0.5
9563937 214852987 1
9563937 214852985 1
9563937 214850945 1
9563937 214853210 0.5
9563937 214853420 0.5
9563937 214850949 0.5
958244 214820807 1
958244 214833755 1
958244 214829387 1
958244 214820810 0.5
10794791 214851748 1
10794791 214850405 1
10794791 214853992 1
10794791 214853195 0.5
5834538 214845135 1
5834538 214845971 1
5834538 214846318 1
5834538 214849010 0.5
5834538 214665277 0.5
7122733 214850282 1
7122733 214850310 1
7122733 214849322 1
7122733 214821024 0.5
7122733 214718160 0.5
7122733 214850771 0.5
7122733 214567408 0.5
2146094 214716935 1
2146094 214716932 1
2146094 214716930 1
2146094 214832655 0.5
3522352 214709735 1
3522352 214706180 1
3522352 214664777 1
3522352 214642560 0.5
3522352 214819490 0.5
3522352 214821332 0.5
3522352 214709645 0.5
1447729 214834880 1
1447729 214834877 1
1447729 214833755 1
1447729 214826563 0.5
1447729 214829366 0.5
1447729 214537967 0.5
11544371 214835117 1
11544371 214859139 1
11544371 214858680 1
11544371 214712235 0.5
8097589 214851163 1
8097589 214716671 1
8097589 214716714 1
8097589 214851131 0.5
8097589 214851165 0.5
7536443 214716641 1
7536443 214850402 1
7536443 214851137 1
7536443 214691426 0.5
7536443 214850630 0.5
7536443 214556840 0.5
7536443 214718385 0.5
7536443 214820345 0.5
7536443 214851133 0.5
4863626 214579226 1
4863626 214839915 1
4863626 214718216 1
4863626 214764281 0.5
4863626 214831970 0.5
4863626 214743658 0.5
2500421 214831946 1
2500421 214829880 1
2500421 214829882 1
2500421 214829878 0.5
8623942 214853420 1
8623942 214853422 1
8623942 214848157 1
8623942 214844402 0.5
8623942 214853147 0.5
8623942 214853428 0.5
8623942 214853330 0.5
8623942 214853094 0.5
10479889 214853855 1
10479889 214854358 1
10479889 214853732 1
10479889 214854264 0.5
10479889 214567329 0.5
10479889 214684762 0.5
10479889 214853726 0.5
10479889 214567215 0.5
673613 214829032 1
673613 214829042 1
673613 214827020 1
673613 214821272 0.5
1589071 214834880 1
1589071 214826610 1
1589071 214829366 1
1589071 214821412 0.5
1589071 214834877 0.5
2213713 214831948 1
2213713 214684513 1
2213713 214829880 1
2213713 214612704 0.5
2213713 214716984 0.5
2213713 214819762 0.5
4527954 214839954 1
4527954 214716639 1
4527954 214829730 1
4527954 214695472 0.5
11085652 214854823 1
11085652 214854819 1
11085652 214854838 1
11085652 214854733 0.5
9699983 214845962 1
9699983 214846119 1
9699983 214849344 1
9699983 214844184 0.5
9699983 214853075 0.5
9699983 214584836 0.5
11325278 214853100 1
11325278 214853102 1
11325278 214850947 1
11325278 214684730 0.5
11325278 214829887 0.5
5492709 214844372 1
5492709 214844398 1
5492709 214844355 1
5492709 214712507 0.5
5492709 214836932 0.5
5492709 214826990 0.5
5492709 214832150 0.5
5492709 214836857 0.5
5492709 214844347 0.5
5334881 214826990 1
5334881 214707877 1
5334881 214712124 1
5334881 214844340 0.5
2379272 214829887 1
2379272 214600509 1
2379272 214829878 1
2379272 214829664 0.5
10542738 214853090 1
10542738 214851326 1
10542738 214573310 1
10542738 214853096 0.5
10542738 214852978 0.5
10542738 214852980 0.5
10542738 214853085 0.5
8617841 214851326 1
8617841 214853248 1
8617841 214853105 1
8617841 214853096 0.5
10393459 214854352 1
10393459 214853930 1
10393459 214854495 1
10393459 214854545 0.5
10393459 214854549 0.5
10393459 214854358 0.5
10393459 214684785 0.5
8211774 214717507 1
8211774 214848298 1
8211774 214829887 1
8211774 214845577 0.5
8211774 214850282 0.5
6205302 214848626 1
6205302 214848851 1
6205302 214848701 1
6205302 214848832 0.5
6205302 214848808 0.5
6205302 214848613 0.5
4994944 214844330 1
4994944 214840091 1
4994944 214712051 1
4994944 214844332 0.5
4994944 214554954 0.5
4994944 214838092 0.5
4994944 214602830 0.5
6711169 214849239 1
6711169 214667859 1
6711169 214849100 1
6711169 214829387 0.5
6711169 214849333 0.5
6711169 214665277 0.5
3022723 214829880 1
3022723 214829885 1
3022723 214831946 1
3022723 214829878 0.5
7956356 214853758 1
7956356 214853175 1
7956356 214853177 1
7956356 214575193 0.5
7956356 214853173 0.5
7956356 214716645 0.5
7956356 214849807 0.5
2217964 214829878 1
2217964 214835019 1
2217964 214826947 1
2217964 214829887 0.5
10575757 214850765 1
10575757 214853992 1
10575757 214853722 1
10575757 214849464 0.5
10575757 214853497 0.5
10575757 214853698 0.5
10575757 214854579 0.5
10575757 214854165 0.5
3465106 214836830 1
3465106 214836877 1
3465106 214580291 1
3465106 214836875 0.5
9557907 214595139 1
9557907 214853160 1
9557907 214851135 1
9557907 214849010 0.5
9557907 214845420 0.5
9557907 214645198 0.5
4951961 214838092 1
4951961 214832017 1
4951961 214840091 1
4951961 214837280 0.5
4951961 214642805 0.5
4951961 214837286 0.5
2654106 214829878 1
2654106 214829882 1
2654106 214831948 1
2654106 214700002 0.5
2654106 214826979 0.5
2654106 214829885 0.5
2654106 214826983 0.5
2654106 214826985 0.5
2654106 214831946 0.5
2654106 214602605 0.5
2654106 214600509 0.5
2654106 214831952 0.5
2654106 214581489 0.5
2654106 214831957 0.5
2654106 214695193 0.5
2654106 214743515 0.5
2654106 214831965 0.5
2654106 214684702 0.5
1824669 214820400 1
1824669 214600492 1
1824669 214826623 1
1824669 214748336 0.5
1824669 214712130 0.5
1824669 214586469 0.5
1824669 214657318 0.5
1824669 214743495 0.5
1824669 214829321 0.5
1824669 214746380 0.5
1824669 214716752 0.5
1824669 214667921 0.5
1824669 214601233 0.5
1824669 214706102 0.5
1824669 214711657 0.5
1824669 214826872 0.5
1824669 214819721 0.5
1824669 214829852 0.5
1824669 214717562 0.5
6592416 214849239 1
6592416 214849333 1
6592416 214712126 1
6592416 214834877 0.5
6592416 214586694 0.5
6592416 214602598 0.5
6592416 214827005 0.5
6592416 214848337 0.5
6592416 214849275 0.5
6592416 214665277 0.5
11126603 214854785 1
11126603 214849048 1
11126603 214853102 1
11126603 214853083 0.5
11126603 214854716 0.5
11126603 214854718 0.5
11126603 214854894 0.5
11126603 214853079 0.5
8218539 214851581 1
8218539 214851024 1
8218539 214851101 1
8218539 214850387 0.5
5158829 214839587 1
5158829 214845131 1
5158829 214835111 1
5158829 214800262 0.5
5158829 214829852 0.5
5158829 214832780 0.5
5158829 214716110 0.5
5158829 214748336 0.5
5158829 214845587 0.5
5158829 214748334 0.5
5158829 214820345 0.5
5158829 214839932 0.5
5158829 214587317 0.5
1572782 214826998 1
1572782 214820402 1
1572782 214832780 1
1572782 214829321 0.5
1572782 214717847 0.5
1572782 214706102 0.5
1572782 214553561 0.5
1572782 214828985 0.5
1572782 214826876 0.5
10616754 214853090 1
10616754 214851326 1
10616754 214853085 1
10616754 214853248 0.5
10616754 214854534 0.5
10616754 214854335 0.5
1058739 214821305 1
1058739 214821302 1
1058739 214821309 1
1058739 214551626 0.5
7946948 214850792 1
7946948 214716671 1
7946948 214851579 1
7946948 214557217 0.5
7946948 214850405 0.5
7946948 214851073 0.5
7946948 214561674 0.5
7946948 214849455 0.5
7946948 214849363 0.5
1007542 214821302 1
1007542 214842577 1
1007542 214821309 1
1007542 214584907 0.5
1007542 214584939 0.5
2602479 214829878 1
2602479 214831946 1
2602479 214826715 1
2602479 214717511 0.5
4986808 214844370 1
4986808 214844398 1
4986808 214844396 1
4986808 214844342 0.5
5326779 214845917 1
5326779 214849001 1
5326779 214846121 1
5326779 214845984 0.5
5326779 214848997 0.5
10400074 214854534 1
10400074 214853726 1
10400074 214854547 1
10400074 214854585 0.5
10400074 214854300 0.5
10400074 214853996 0.5
10400074 214854262 0.5
10400074 214853767 0.5
7069633 214680371 1
7069633 214839594 1
7069633 214831946 1
7069633 214712235 0.5
8243139 214716671 1
8243139 214684942 1
8243139 214851163 1
8243139 214851131 0.5
8243139 214662759 0.5
8243139 214716714 0.5
8243139 214851579 0.5
8243139 214851028 0.5
8243139 214848315 0.5
8243139 214716746 0.5
8243139 214851165 0.5
1138634 214551607 1
1138634 214821339 1
1138634 214821307 1
1138634 214821315 0.5
7338658 214850621 1
7338658 214676306 1
7338658 214850405 1
7338658 214832145 0.5
7338658 214848849 0.5
7338658 214684502 0.5
7338658 214850743 0.5
7338658 214850936 0.5
7338658 214835002 0.5
5107663 214725506 1
5107663 214820377 1
5107663 214829765 1
5107663 214844345 0.5
5107663 214678987 0.5
5107663 214826990 0.5
5107663 214835167 0.5
5683156 214838092 1
5683156 214837280 1
5683156 214844355 1
5683156 214700000 0.5
5683156 214848324 0.5
5683156 214844370 0.5
5683156 214844398 0.5
5683156 214844400 0.5
5683156 214852050 0.5
5683156 214743350 0.5
5683156 214836956 0.5
5683156 214691677 0.5
5683156 214840318 0.5
2379733 214829878 1
2379733 214829882 1
2379733 214829887 1
2379733 214829880 0.5
9189334 214853242 1
9189334 214851750 1
9189334 214853210 1
9189334 214851161 0.5
2814403 214835017 1
2814403 214587712 1
2814403 214831955 1
2814403 214835747 0.5
2814403 214836553 0.5
2814403 214832780 0.5
2814403 214829878 0.5
2814403 214829880 0.5
2814403 214829882 0.5
2814403 214829885 0.5
2814403 214829887 0.5
7404911 214850351 1
7404911 214850321 1
7404911 214850325 1
7404911 214748282 0.5
7404911 214839958 0.5
9172963 214853075 1
9172963 214853107 1
9172963 214853165 1
9172963 214853128 0.5
9172963 214853111 0.5
6330341 214848384 1
6330341 214848626 1
6330341 214848847 1
6330341 214839973 0.5
3389414 214832124 1
3389414 214832126 1
3389414 214821332 1
3389414 214835107 0.5
6229991 214848832 1
6229991 214848808 1
6229991 214848851 1
6229991 214558192 0.5
6229991 214716714 0.5
6229991 214662750 0.5
6229991 214716671 0.5
6555627 214846412 1
6555627 214846427 1
6555627 214848975 1
6555627 214850880 0.5
6555627 214848982 0.5
4657132 214831970 1
4657132 214828991 1
4657132 214839356 1
4657132 214836512 0.5
3297277 214832126 1
3297277 214832124 1
3297277 214832128 1
3297277 214602802 0.5
3297277 214832115 0.5
7628226 214851028 1
7628226 214851080 1
7628226 214851131 1
7628226 214851236 0.5
7628226 214571188 0.5
7628226 214851161 0.5
4032501 214836883 1
4032501 214575103 1
4032501 214819410 1
4032501 214847968 0.5
4917238 214832156 1
4917238 214838092 1
4917238 214837922 1
4917238 214837280 0.5
6554281 214839973 1
6554281 214848375 1
6554281 214848371 1
6554281 214846007 0.5
5683193 214846117 1
5683193 214845971 1
5683193 214536197 1
5683193 214819640 0.5
5683193 214557322 0.5
5683193 214849010 0.5
5683193 214709702 0.5
5683193 214649951 0.5
9553919 214850942 1
9553919 214853420 1
9553919 214853422 1
9553919 214850949 0.5
2422781 214829878 1
2422781 214831948 1
2422781 214829882 1
2422781 214829880 0.5
2486271 214829878 1
2486271 214831950 1
2486271 214516749 1
2486271 214829882 0.5
