6486018 214848656 1
6486018 214848695 1
6486018 214846001 1
6486018 214553561 0.5
6486018 214837882 0.5
3607889 214551607 1
3607889 214839592 1
3607889 214533020 1
3607889 643078800 0.5
3607889 214595139 0.5
3607889 214844452 0.5
3607889 214839984 0.5
3607889 214612708 0.5
3607889 214821339 0.5
3607889 214844447 0.5
9134088 214852978 1
9134088 214853077 1
9134088 214852980 1
9134088 214853085 0.5
9134088 214853094 0.5
108553 214826705 1
108553 214821292 1
108553 214826801 1
108553 214820237 0.5
108553 214826702 0.5
11421706 214857568 1
11421706 214853713 1
11421706 214853156 1
11421706 214829280 0.5
11421706 214832023 0.5
11421706 214851122 0.5
11421706 214853430 0.5
11421706 214586743 0.5
11421706 214717247 0.5
5632012 214826730 1
5632012 214589606 1
5632012 214835167 1
5632012 214829765 0.5
5632012 214645181 0.5
3390346 214826938 1
3390346 214836795 1
3390346 214836870 1
3390346 214829745 0.5
3390346 214582378 0.5
3390346 214829771 0.5
3390346 214595150 0.5
2658324 214829882 1
2658324 214831948 1
2658324 214540127 1
2658324 214748336 0.5
2658324 214831959 0.5
4237567 214538591 1
4237567 214838109 1
4237567 214831970 1
4237567 214838096 0.5
4237567 214839600 0.5
4237567 214836947 0.5
3411991 214836851 1
3411991 214826623 1
3411991 214831965 1
3411991 214706180 0.5
3411991 214829030 0.5
3411991 214687852 0.5
3411991 214836877 0.5
3411991 214687565 0.5
3411991 214828985 0.5
3411991 214640017 0.5
3411991 214587317 0.5
3411991 214583670 0.5
3411991 214826711 0.5
3411991 214821401 0.5
7039001 214846061 1
7039001 214849734 1
7039001 214820345 1
7039001 214850285 0.5
7039001 214829366 0.5
7039001 214819599 0.5
7976986 214844394 1
7976986 214821309 1
7976986 214533022 1
7976986 214612704 0.5
7976986 214821305 0.5
7976986 214844458 0.5
7976986 214551626 0.5
7976986 214821341 0.5
6494237 214848808 1
6494237 214848375 1
6494237 214835747 1
6494237 214760897 0.5
6494237 214845986 0.5
6494237 214706147 0.5
6494237 214835137 0.5
6494237 214714794 0.5
6494237 214577518 0.5
6494237 214844400 0.5
6494237 214848371 0.5
6494237 214848695 0.5
10709022 214853930 1
10709022 214854495 1
10709022 214854354 1
10709022 214854545 0.5
10709022 214854549 0.5
10469408 214853102 1
10469408 214850947 1
10469408 214850945 1
10469408 214850872 0.5
10469408 214850700 0.5
10469408 214583670 0.5
10469408 214850870 0.5
1245217 214829042 1
1245217 214829032 1
1245217 214828997 1
1245217 214832786 0.5
1189922 214829045 1
1189922 214829336 1
1189922 214553762 1
1189922 214701212 0.5
2287653 214829882 1
2287653 214831946 1
2287653 214829878 1
2287653 214829880 0.5
2287653 214831948 0.5
2287653 214831957 0.5
8198183 214851242 1
8198183 214850304 1
8198183 214851028 1
8198183 214851137 0.5
2605096 214829878 1
2605096 214829882 1
2605096 214831946 1
2605096 214829885 0.5
5015598 214838094 1
5015598 214684108 1
5015598 214746380 1
5015598 214826818 0.5
5015598 214848324 0.5
5015598 214709638 0.5
5015598 214554950 0.5
6661469 214848947 1
6661469 214848941 1
6661469 214849134 1
6661469 214582346 0.5
6661469 214848945 0.5
6661469 214849046 0.5
6661469 214849050 0.5
6661469 214849020 0.5
6661469 214848954 0.5
6661469 214849022 0.5
4615618 214839973 1
4615618 214839975 1
4615618 214839967 1
4615618 214826951 0.5
4615618 214542759 0.5
8913587 214700002 1
8913587 214832143 1
8913587 214711438 1
8913587 214820186 0.5
8913587 214712235 0.5
8913587 214743515 0.5
8913587 214853143 0.5
9680948 214853846 1
9680948 214853715 1
9680948 214685049 1
9680948 214851073 0.5
9680948 214845958 0.5
9680948 214850855 0.5
9680948 214584047 0.5
9680948 214853237 0.5
9680948 214848375 0.5
9680948 214853848 0.5
9680948 214716671 0.5
1654838 214835754 1
1654838 214706432 1
1654838 214826996 1
1654838 214826561 0.5
1048634 214744530 1
1048634 214712278 1
1048634 214714717 1
1048634 214774685 0.5
5272927 214711348 1
5272927 214554450 1
5272927 214826990 1
5272927 214845962 0.5
5272927 214829765 0.5
10831932 214851290 1
10831932 214854819 1
10831932 214854815 1
10831932 214853385 0.5
10831932 214853122 0.5
10831932 214848337 0.5
5534326 214586668 1
5534326 214837918 1
5534326 214834867 1
5534326 214847968 0.5
5534326 214821350 0.5
5534326 214585586 0.5
5534326 214606749 0.5
5534326 214581566 0.5
5534326 214835167 0.5
4487231 214839397 1
4487231 214826833 1
4487231 214839971 1
4487231 214839641 0.5
4487231 214836887 0.5
4487231 214725549 0.5
4487231 214697079 0.5
7798112 214854632 1
7798112 214850852 1
7798112 214850747 1
7798112 214844456 0.5
7798112 214844458 0.5
7798112 214832655 0.5
7798112 214554358 0.5
7798112 214844441 0.5
7798112 214551626 0.5
7798112 214533022 0.5
6395971 214846530 1
6395971 214820392 1
6395971 214836857 1
6395971 214848986 0.5
3375179 214510820 1
3375179 214587697 1
3375179 214837918 1
3375179 214826565 0.5
8575054 214845962 1
8575054 214845971 1
8575054 214846119 1
8575054 214559660 0.5
9783377 214853722 1
9783377 214853730 1
9783377 214850739 1
9783377 214854536 0.5
9783377 214853113 0.5
6836238 214846029 1
6836238 214831946 1
6836238 214850315 1
6836238 214845352 0.5
6836238 214826715 0.5
6836238 214850310 0.5
4155067 214839971 1
4155067 214839973 1
4155067 214829797 1
4155067 214839960 0.5
11305061 214857570 1
11305061 214857568 1
11305061 214857562 1
11305061 214602729 0.5
11305061 214854894 0.5
9785449 214852978 1
9785449 214853105 1
9785449 214853085 1
9785449 214853090 0.5
9785449 214853094 0.5
2836586 214835132 1
2836586 214835019 1
2836586 214835122 1
2836586 214550987 0.5
2836586 214832722 0.5
2836586 214532107 0.5
2836586 214668270 0.5
7337103 214846061 1
7337103 214849001 1
7337103 214835109 1
7337103 214826949 0.5
7337103 214820392 0.5
7337103 214848682 0.5
7337103 214829387 0.5
7337103 214574672 0.5
7337103 214512152 0.5
7337103 214848380 0.5
2264082 214826983 1
2264082 214686082 1
2264082 214831948 1
2264082 214829878 0.5
10256494 214714755 1
10256494 214853724 1
10256494 214854733 1
10256494 214854682 0.5
10256494 214853732 0.5
10256494 214853102 0.5
7936113 214850938 1
7936113 214748289 1
7936113 214820456 1
7936113 214838122 0.5
7936113 214850700 0.5
7936113 214819599 0.5
7936113 214850705 0.5
7936113 214849395 0.5
7936113 214850743 0.5
7936113 214853657 0.5
7936113 214850619 0.5
7936113 214820394 0.5
1411091 214829657 1
1411091 214829660 1
1411091 214820394 1
1411091 214829664 0.5
1411091 214829280 0.5
1411091 214642914 0.5
1411091 214821412 0.5
1411091 214820456 0.5
1411091 214684108 0.5
1411091 214744779 0.5
1411091 214820812 0.5
1411091 214835021 0.5
1411091 214826670 0.5
1411091 214819599 0.5
1411091 214829396 0.5
1411091 214829366 0.5
1411091 214586743 0.5
1411091 214819770 0.5
1411091 214743369 0.5
7629799 214540125 1
7629799 214834858 1
7629799 214839347 1
7629799 214846112 0.5
7629799 214535985 0.5
7629799 214850630 0.5
8208504 214716671 1
8208504 214851165 1
8208504 214716746 1
8208504 214851592 0.5
8208504 214851579 0.5
8208504 214851028 0.5
8923258 214831955 1
8923258 214711307 1
8923258 214678526 1
8923258 214744258 0.5
8923258 214853342 0.5
9029756 214684734 1
9029756 214846031 1
9029756 214850947 1
9029756 214684736 0.5
9029756 214850949 0.5
9029756 214853454 0.5
9029756 214846033 0.5
9029756 214820184 0.5
9029756 214838105 0.5
9029756 214684730 0.5
9029756 214838107 0.5
9029756 214718398 0.5
9029756 214829887 0.5
9318526 214853420 1
9318526 214850947 1
9318526 214853396 1
9318526 214846432 0.5
9318526 214829878 0.5
8892543 214678376 1
8892543 214678387 1
8892543 214853107 1
8892543 214853128 0.5
8892543 214840760 0.5
8892543 214586443 0.5
8892543 214853165 0.5
8892543 214851742 0.5
1785986 214826610 1
1785986 214828976 1
1785986 214834880 1
1785986 214826994 0.5
7110788 214849764 1
7110788 214849745 1
7110788 214829668 1
7110788 214848622 0.5
4434053 214836330 1
4434053 214577057 1
4434053 214839943 1
4434053 214835469 0.5
10123399 214854549 1
10123399 214854545 1
10123399 214854504 1
10123399 214854354 0.5
10123399 214854268 0.5
10123399 214850741 0.5
7182472 214832156 1
7182472 214849185 1
7182472 214837288 1
7182472 214849312 0.5
7182472 214849342 0.5
8541507 214632146 1
8541507 214829885 1
8541507 214850291 1
8541507 214829882 0.5
8541507 214668667 0.5
8541507 214556212 0.5
8541507 214845581 0.5
10070159 214853767 1
10070159 214837286 1
10070159 214853432 1
10070159 214836956 0.5
3840147 214832023 1
3840147 214829852 1
3840147 214829850 1
3840147 214836926 0.5
3840147 214831967 0.5
3712234 214839617 1
3712234 214836795 1
3712234 214836947 1
3712234 214837882 0.5
3712234 214836926 0.5
3712234 214829799 0.5
1177471 214826934 1
1177471 214820810 1
1177471 214584939 1
1177471 214826801 0.5
1177471 214820805 0.5
1177471 214826927 0.5
5178236 214832154 1
5178236 214845577 1
5178236 214845354 1
5178236 214831948 0.5
5178236 214829878 0.5
9388206 214853422 1
9388206 214853420 1
9388206 214850947 1
9388206 214850945 0.5
9388206 214850942 0.5
1540277 214826589 1
1540277 214826895 1
1540277 214748336 1
1540277 214829752 0.5
1540277 214829321 0.5
1540277 214819770 0.5
1540277 214829053 0.5
1540277 214834877 0.5
10057911 214854268 1
10057911 214854510 1
10057911 214854264 1
10057911 214567329 0.5
10057911 214567215 0.5
2072762 214829880 1
2072762 214829882 1
2072762 214831957 1
2072762 214711312 0.5
2072762 214556212 0.5
2072762 214829887 0.5
7274691 214850936 1
7274691 214850692 1
7274691 214850405 1
7274691 214850876 0.5
7211204 214850932 1
7211204 214640012 1
7211204 214850321 1
7211204 214574777 0.5
7211204 214848315 0.5
9073014 214852978 1
9073014 214851750 1
9073014 214853132 1
9073014 214853242 0.5
11348168 214857562 1
11348168 214857570 1
11348168 214857547 1
11348168 214849048 0.5
11348168 214853083 0.5
11348168 214849052 0.5
11348168 214857262 0.5
9396427 214595038 1
9396427 214839973 1
9396427 214854118 1
9396427 214853385 0.5
9396427 214577450 0.5
9396427 214846007 0.5
9396427 214665277 0.5
9396427 214718385 0.5
671778 214828987 1
671778 214821401 1
671778 214826908 1
671778 214826912 0.5
671778 214586694 0.5
671778 214558192 0.5
671778 214828980 0.5
671778 214826837 0.5
671778 214826872 0.5
677923 214587305 1
677923 214837487 1
677923 214690110 1
677923 214558080 0.5
677923 214586743 0.5
9820372 214853730 1
9820372 214853767 1
9820372 214853700 1
9820372 214853707 0.5
9456334 214853135 1
9456334 214853242 1
9456334 214853210 1
9456334 214853237 0.5
9456334 214851750 0.5
11247831 214686879 1
11247831 214850752 1
11247831 214854542 1
11247831 214854497 0.5
11247831 214850735 0.5
11247831 214854767 0.5
8642776 214852980 1
8642776 214831955 1
8642776 214848185 1
8642776 214853248 0.5
8642776 214851137 0.5
8642776 214851748 0.5
8642776 214851585 0.5
8642776 214846344 0.5
8642776 214585644 0.5
8642776 214853135 0.5
8642776 214853233 0.5
8982747 214854677 1
8982747 214706216 1
8982747 214717061 1
8982747 214612704 0.5
8982747 214716932 0.5
8982747 214839943 0.5
8982747 214716937 0.5
8982747 214853454 0.5
8982747 214832657 0.5
9033948 214853085 1
9033948 214853094 1
9033948 214853090 1
9033948 214851326 0.5
10629747 214567327 1
10629747 214684785 1
10629747 214853735 1
10629747 214684762 0.5
10629747 214853726 0.5
10629747 214854358 0.5
10629747 214854510 0.5
8749284 214852978 1
8749284 214853248 1
8749284 214852980 1
8749284 214851326 0.5
6332648 214849245 1
6332648 214819612 1
6332648 214834869 1
6332648 214848641 0.5
6332648 214849003 0.5
8993001 214853128 1
8993001 214853165 1
8993001 214851742 1
8993001 214853105 0.5
5663898 214585633 1
5663898 214554967 1
5663898 214848159 1
5663898 214835019 0.5
2740459 214835747 1
2740459 214835019 1
2740459 214826565 1
2740459 214587697 0.5
5912814 214846033 1
5912814 214831944 1
5912814 214829880 1
5912814 214829887 0.5
5912814 214846031 0.5
5912814 214846029 0.5
5912814 214829878 0.5
5912814 214673295 0.5
5417202 214844355 1
5417202 214523690 1
5417202 214844370 1
5417202 214844368 0.5
2674931 214639509 1
2674931 214684730 1
2674931 214684736 1
2674931 214820188 0.5
3397876 214609325 1
3397876 214832124 1
3397876 214834867 1
3397876 214835122 0.5
3397876 214832115 0.5
3397876 214832722 0.5
11016437 214855016 1
11016437 214848849 1
11016437 214714755 1
11016437 214857568 0.5
11016437 214543922 0.5
9085174 214836536 1
9085174 214835548 1
9085174 214853242 1
9085174 214853210 0.5
9085174 214850700 0.5
9085174 214853222 0.5
9085174 214851750 0.5
9085174 214853237 0.5
901373 214821309 1
901373 214821305 1
901373 214827009 1
901373 214828987 0.5
11133182 214853732 1
11133182 214853705 1
11133182 214853113 1
11133182 214854536 0.5
11133182 214829280 0.5
8122627 214851131 1
8122627 214851163 1
8122627 214851165 1
8122627 214684942 0.5
7364872 214849275 1
7364872 214849736 1
7364872 214846112 1
7364872 214839969 0.5
11202833 214857262 1
11202833 214857257 1
11202833 214857557 1
11202833 214857568 0.5
11202833 214602729 0.5
6027538 214846029 1
6027538 214846031 1
6027538 214846425 1
6027538 214845984 0.5
6027538 214716752 0.5
6027538 214844370 0.5
6027538 214848185 0.5
9115928 214849018 1
9115928 214851577 1
9115928 214848630 1
9115928 214851232 0.5
9115928 214853094 0.5
9115928 214853130 0.5
9115928 214846067 0.5
9115928 214851290 0.5
9115928 214678387 0.5
9115928 214564380 0.5
9115928 214717247 0.5
543009 214821392 1
543009 214820812 1
543009 214744779 1
543009 214716120 0.5
543009 214819577 0.5
543009 214837490 0.5
11487522 214710013 1
11487522 214853079 1
11487522 214837873 1
11487522 214711556 0.5
11487522 214712244 0.5
8960293 214716746 1
8960293 214685049 1
8960293 214851234 1
8960293 214851080 0.5
8960293 214851579 0.5
1703303 214821407 1
1703303 214821350 1
1703303 214834877 1
1703303 214826561 0.5
1703303 214641962 0.5
1703303 214587028 0.5
1703303 214826921 0.5
6269228 214848656 1
6269228 214846530 1
6269228 214848380 1
6269228 214835109 0.5
6269228 214846447 0.5
10976233 214857570 1
10976233 214857568 1
10976233 214857260 1
10976233 214857549 0.5
10976233 214854894 0.5
8476984 214851131 1
8476984 214684942 1
8476984 214851163 1
8476984 214853184 0.5
8476984 214851165 0.5
8476984 214602534 0.5
2754873 214609325 1
2754873 214835019 1
2754873 214835747 1
2754873 214835017 0.5
2754873 214834867 0.5
9281853 214853422 1
9281853 214853420 1
9281853 214844396 1
9281853 214848185 0.5
9281853 214851099 0.5
9281853 214691390 0.5
9281853 214851326 0.5
4174144 214838107 1
4174144 214838098 1
4174144 214838096 1
4174144 214838105 0.5
5626177 214849010 1
5626177 214829739 1
5626177 214845971 1
5626177 214709702 0.5
5626177 214811758 0.5
3656002 214514274 1
3656002 214826715 1
3656002 214820186 1
3656002 214836932 0.5
3656002 214829878 0.5
3656002 214514248 0.5
3656002 214584092 0.5
3656002 214829880 0.5
3656002 214838098 0.5
3656002 214826835 0.5
3656002 214711318 0.5
3656002 214820184 0.5
3656002 214838107 0.5
3656002 214820188 0.5
3656002 214684734 0.5
9382214 214853420 1
9382214 214514287 1
9382214 214850945 1
9382214 214561472 0.5
9382214 214853340 0.5
9382214 214850366 0.5
3536268 214836885 1
3536268 214829769 1
3536268 214829765 1
3536268 214667912 0.5
3536268 214835167 0.5
7186767 214700002 1
7186767 214850304 1
7186767 214849466 1
7186767 214829792 0.5
7186767 214743515 0.5
7186767 214712237 0.5
7186767 214844439 0.5
7496018 214853173 1
7496018 214853758 1
7496018 214850940 1
7496018 214849408 0.5
7496018 214850938 0.5
8253781 214851161 1
8253781 214851575 1
8253781 214851234 1
8253781 214851587 0.5
10850646 214854722 1
10850646 214853081 1
10850646 214854699 1
10850646 214851757 0.5
10850646 214854707 0.5
10850646 214853079 0.5
10850646 214853083 0.5
10850646 214854716 0.5
10850646 214710013 0.5
8476728 214851075 1
8476728 214846067 1
8476728 214845885 1
8476728 214848997 0.5
6605144 214826610 1
6605144 214849312 1
6605144 214849239 1
6605144 214834877 0.5
6605144 214848941 0.5
6605144 214571006 0.5
6605144 214848847 0.5
9435194 214835167 1
9435194 214848596 1
9435194 214853310 1
9435194 214849230 0.5
1835358 214829882 1
1835358 214829878 1
1835358 214831946 1
1835358 214831965 0.5
1835358 214743495 0.5
833888 214709630 1
833888 214827035 1
833888 214556906 1
833888 214826615 0.5
833888 214717877 0.5
833888 214668590 0.5
833888 214557551 0.5
9347723 214853154 1
9347723 214844400 1
9347723 214853379 1
9347723 214853381 0.5
4012392 214836932 1
4012392 214826990 1
4012392 214835109 1
4012392 214838227 0.5
5208427 214646612 1
5208427 214839973 1
5208427 214826951 1
5208427 214744768 0.5
5208427 214829287 0.5
11131246 214701787 1
11131246 214829887 1
11131246 214850304 1
11131246 214712237 0.5
5884273 214587317 1
5884273 214579704 1
5884273 214826610 1
5884273 214709600 0.5
5884273 214579749 0.5
5884273 214743495 0.5
6532376 214848320 1
6532376 214670064 1
6532376 214846402 1
6532376 214846382 0.5
9240979 214744258 1
9240979 214853460 1
9240979 214853428 1
9240979 214680371 0.5
8417652 214851161 1
8417652 214685049 1
8417652 214851080 1
8417652 214851234 0.5
8417652 214851163 0.5
8417652 214851317 0.5
4968822 214819468 1
4968822 214840091 1
4968822 214711067 1
4968822 214744768 0.5
4968822 214711020 0.5
10908024 214854296 1
10908024 214854707 1
10908024 214712242 1
10908024 214569729 0.5
430461 214664865 1
430461 214753507 1
430461 214745317 1
430461 214677821 0.5
430461 214717742 0.5
2554238 214829880 1
2554238 214829878 1
2554238 214717515 1
2554238 214826955 0.5
2554238 214684717 0.5
3342719 214551913 1
3342719 214835745 1
3342719 214833755 1
3342719 214838792 0.5
3342719 214826992 0.5
3342719 214829385 0.5
3342719 214836279 0.5
11407232 214854264 1
11407232 214567215 1
11407232 214567327 1
11407232 214567329 0.5
9994627 214853767 1
9994627 214853992 1
9994627 214846061 1
9994627 214839600 0.5
9994627 214839587 0.5
9994627 214854152 0.5
9994627 214853707 0.5
9994627 214748336 0.5
9994627 214854527 0.5
2508589 214835745 1
2508589 214835019 1
2508589 214831940 1
2508589 214846057 0.5
2508589 214820274 0.5
7666054 214587697 1
7666054 214839973 1
7666054 214667857 1
7666054 214844400 0.5
7666054 214849738 0.5
7666054 214849136 0.5
7666054 214845457 0.5
7666054 214849046 0.5
7666054 214850743 0.5
7666054 214836926 0.5
7666054 214831967 0.5
4530568 214839973 1
4530568 214839975 1
4530568 214839969 1
4530568 214845131 0.5
4530568 214602733 0.5
9308908 214853420 1
9308908 214850942 1
9308908 214853342 1
9308908 214839347 0.5
11049354 214858333 1
11049354 214854872 1
11049354 214690734 1
11049354 214684730 0.5
11049354 214853102 0.5
244802 214826627 1
244802 214826715 1
244802 214826617 1
244802 214718246 0.5
244802 214717511 0.5
244802 214684843 0.5
244802 214819374 0.5
244802 214819762 0.5
244802 214826606 0.5
244802 214706462 0.5
244802 214708031 0.5
8659346 214853096 1
8659346 214853105 1
8659346 214853094 1
8659346 214853077 0.5
2288022 214829880 1
2288022 214831946 1
2288022 214829882 1
2288022 214829878 0.5
2362777 214829878 1
2362777 214831946 1
2362777 214829882 1
2362777 214829887 0.5
5134749 214843447 1
5134749 214844278 1
5134749 214840925 1
5134749 214842594 0.5
5134749 214842420 0.5
5134749 214691366 0.5
10348303 214853735 1
10348303 214853728 1
10348303 214853705 1
10348303 214556218 0.5
10348303 214853726 0.5
10499481 214853677 1
10499481 214853846 1
10499481 214854032 1
10499481 214853852 0.5
10499481 214854148 0.5
10499481 214848165 0.5
1647009 214834877 1
1647009 214834880 1
1647009 214829366 1
1647009 214833755 0.5
9478567 214850949 1
9478567 214850942 1
9478567 214853422 1
9478567 214853454 0.5
9599407 214853263 1
9599407 214845962 1
9599407 214853075 1
9599407 214853128 0.5
9599407 214846312 0.5
9599407 214853165 0.5
2232752 214829882 1
2232752 214829878 1
2232752 214831948 1
2232752 214829880 0.5
2232752 214831946 0.5
9291508 214853420 1
9291508 214853342 1
9291508 214853422 1
9291508 214850949 0.5
11303357 214854356 1
11303357 214853722 1
11303357 214820400 1
11303357 214853700 0.5
2505152 214829878 1
2505152 214829882 1
2505152 214831948 1
2505152 214532072 0.5
2505152 214696802 0.5
2505152 214532070 0.5
1219014 214833755 1
1219014 214826563 1
1219014 214834877 1
1219014 214821371 0.5
2532769 214826908 1
2532769 214829878 1
2532769 214820392 1
2532769 214711408 0.5
2532769 214826955 0.5
10777033 214850758 1
10777033 214854118 1
10777033 214837288 1
10777033 214718220 0.5
9902539 214853698 1
9902539 214853713 1
9902539 214853702 1
9902539 214853353 0.5
9902539 214853730 0.5
9902539 214853707 0.5
9902539 214853765 0.5
9902539 214662742 0.5
1698256 214834880 1
1698256 214834877 1
1698256 214835021 1
1698256 214826610 0.5
2918868 214837918 1
2918868 214573612 1
2918868 214837916 1
2918868 643078800 0.5
10891347 214850291 1
10891347 214853428 1
10891347 214853460 1
10891347 214854787 0.5
10891347 214829885 0.5
7633952 214844439 1
7633952 214644431 1
7633952 214844456 1
7633952 214844441 0.5
7633952 214821309 0.5
7633952 214533022 0.5
9073114 214853096 1
9073114 214851326 1
9073114 214853090 1
9073114 214584047 0.5
7492346 214850310 1
7492346 214850282 1
7492346 214716932 1
7492346 214575193 0.5
7492346 214855185 0.5
9437882 214567333 1
9437882 214853726 1
9437882 214850936 1
9437882 214854017 0.5
9437882 214854146 0.5
9437882 214579875 0.5
9437882 214584047 0.5
9437882 214854165 0.5
9437882 214849464 0.5
9437882 214850557 0.5
7670249 214850321 1
7670249 214834991 1
7670249 214850366 1
7670249 214849796 0.5
9750769 214853420 1
9750769 214853428 1
9750769 214850945 1
9750769 214586743 0.5
9750769 214753515 0.5
9750769 214849331 0.5
9750769 214642100 0.5
9750769 214850743 0.5
9750769 214718169 0.5
9750769 214821022 0.5
7713261 214850711 1
7713261 214850705 1
7713261 214850700 1
7713261 214839617 0.5
7078382 214849127 1
7078382 214849327 1
7078382 214700885 1
7078382 214848335 0.5
8354289 214851028 1
8354289 214851131 1
8354289 214851163 1
8354289 214716746 0.5
8354289 214744775 0.5
8879187 214851581 1
8879187 214848658 1
8879187 214846067 1
8879187 214834880 0.5
8879187 214839587 0.5
8879187 214743495 0.5
8879187 214853385 0.5
8879187 214846061 0.5
8879187 214846127 0.5
8879187 214706102 0.5
8788468 214678387 1
8788468 214853169 1
8788468 214853165 1
8788468 214851577 0.5
8788468 214835167 0.5
1382902 214826610 1
1382902 214834880 1
1382902 214821407 1
1382902 214834877 0.5
9931256 214853698 1
9931256 214853730 1
9931256 214853700 1
9931256 214853707 0.5
9090767 214853128 1
9090767 214853165 1
9090767 214678376 1
9090767 214851742 0.5
908519 214746427 1
908519 214711280 1
908519 214712124 1
908519 214826872 0.5
908519 214826908 0.5
908519 214753515 0.5
908519 214821300 0.5
908519 214826998 0.5
6461953 214821024 1
6461953 214668667 1
6461953 214551909 1
6461953 214718160 0.5
6461953 214567408 0.5
6461953 214850396 0.5
6461953 214848622 0.5
5761538 214846033 1
5761538 214846012 1
5761538 214845422 1
5761538 214846031 0.5
9079299 214851013 1
9079299 214695399 1
9079299 214851240 1
9079299 214853122 0.5
9079299 214851236 0.5
9079299 214851238 0.5
9079299 214580424 0.5
9079299 214851017 0.5
9079299 214716110 0.5
9079299 214819412 0.5
9079299 214851322 0.5
9079299 214819772 0.5
3611443 214836932 1
3611443 214836924 1
3611443 214826990 1
3611443 214835109 0.5
1438217 214834880 1
1438217 214834877 1
1438217 214821410 1
1438217 214833755 0.5
1438217 214821412 0.5
2021898 214832720 1
2021898 214821313 1
2021898 214829672 1
2021898 214844454 0.5
2470414 643078800 1
2470414 214831946 1
2470414 214829882 1
2470414 214829878 0.5
9585169 214853420 1
9585169 214853422 1
9585169 214850947 1
9585169 214853342 0.5
1757714 214691587 1
1757714 214691563 1
1757714 214553837 1
1757714 214691255 0.5
5540374 214819395 1
5540374 214831955 1
5540374 214712235 1
5540374 214700000 0.5
5540374 214744258 0.5
10005016 214853435 1
10005016 214853730 1
10005016 214853702 1
10005016 214854152 0.5
10005016 214853865 0.5
10005016 214854148 0.5
10060313 214854178 1
10060313 214853698 1
10060313 214853722 1
10060313 214839587 0.5
10060313 214853677 0.5
10060313 214846061 0.5
10060313 214846067 0.5
10060313 214706102 0.5
10060313 214854298 0.5
10060313 214717562 0.5
10060313 214555262 0.5
7840282 214850304 1
7840282 214829887 1
7840282 214716645 1
7840282 214710097 0.5
7840282 214826715 0.5
2382184 214829878 1
2382184 214829882 1
2382184 214829887 1
2382184 214829880 0.5
2382184 214819721 0.5
2382184 214829885 0.5
2382184 214831959 0.5
8538653 214716671 1
8538653 214684942 1
8538653 214851592 1
8538653 214851131 0.5
8538653 214851579 0.5
8538653 214851165 0.5
3654176 214836947 1
3654176 214836932 1
3654176 214711280 1
3654176 214829762 0.5
3654176 214836924 0.5
7531611 214850295 1
7531611 214850304 1
7531611 214716645 1
7531611 214853657 0.5
7531611 214849796 0.5
219684 214748295 1
219684 214748300 1
219684 214753507 1
219684 214748291 0.5
2849318 214834867 1
2849318 214826565 1
2849318 214835017 1
2849318 214587712 0.5
2849318 214587697 0.5
2849318 214835747 0.5
487977 214748295 1
487977 214753507 1
487977 214748338 1
487977 214827000 0.5
487977 214753505 0.5
487977 214827007 0.5
487977 214834865 0.5
8288812 214851234 1
8288812 214685049 1
8288812 214851161 1
8288812 214851587 0.5
8288812 214716581 0.5
8288812 214716746 0.5
8288812 214851575 0.5
8288812 214716654 0.5
8288812 214848851 0.5
8288812 214851028 0.5
8288812 214832567 0.5
8288812 214716671 0.5
6160943 214850880 1
6160943 214848992 1
6160943 214850870 1
6160943 214847968 0.5
6160943 214639269 0.5
8530483 214849153 1
8530483 214851238 1
8530483 214819412 1
8530483 214851133 0.5
10129972 214853702 1
10129972 214853730 1
10129972 214853722 1
10129972 214854152 0.5
10129972 214853353 0.5
10129972 214853700 0.5
10129972 214853430 0.5
10129972 214853713 0.5
8437523 214832657 1
8437523 214851294 1
8437523 214851150 1
8437523 214716975 0.5
2628158 214829878 1
2628158 214829887 1
2628158 214716110 1
2628158 214831946 0.5
2628158 214829051 0.5
2628158 214580190 0.5
2628158 214831967 0.5
2551131 214829878 1
2551131 214829887 1
2551131 214831946 1
2551131 214829880 0.5
2551131 214829882 0.5
2551131 214831948 0.5
9505349 214853342 1
9505349 214850949 1
9505349 214850947 1
9505349 214853222 0.5
9505349 214846031 0.5
9505349 214826835 0.5
9505349 214853428 0.5
9505349 214853242 0.5
9505349 214584092 0.5
9505349 214684734 0.5
1686089 214826589 1
1686089 214829366 1
1686089 214821412 1
1686089 214834877 0.5
10695244 214861498 1
10695244 214839997 1
10695244 214840001 1
10695244 214839995 0.5
10695244 214556212 0.5
5225039 214845585 1
5225039 214845583 1
5225039 214844400 1
5225039 214554982 0.5
9017937 214853428 1
9017937 214853422 1
9017937 214829383 1
9017937 214829882 0.5
9017937 214829885 0.5
5481042 214844349 1
5481042 214657322 1
5481042 214657318 1
5481042 214746380 0.5
5481042 214707830 0.5
6918119 214848375 1
6918119 214849097 1
6918119 214849132 1
6918119 214712244 0.5
6918119 214510445 0.5
6015578 214844370 1
6015578 214845587 1
6015578 214848997 1
6015578 214846425 0.5
8925626 214852980 1
8925626 214853077 1
8925626 214853105 1
8925626 214851326 0.5
7715423 214850936 1
7715423 214850938 1
7715423 214850621 1
7715423 214850762 0.5
7715423 214744779 0.5
7715423 214850940 0.5
6514448 214829765 1
6514448 214850360 1
6514448 214849018 1
6514448 214848384 0.5
6514448 214848596 0.5
7434853 214849762 1
7434853 214849738 1
7434853 214820345 1
7434853 214849736 0.5
7434853 214844400 0.5
7434853 214819464 0.5
7434853 214844355 0.5
7434853 214849740 0.5
5710737 214846312 1
5710737 214849010 1
5710737 214821382 1
5710737 214668249 0.5
5710737 214819586 0.5
5710737 214650635 0.5
5710737 214845962 0.5
5710737 214845939 0.5
11504234 214851326 1
11504234 214857570 1
11504234 214857568 1
11504234 214853090 0.5
11504234 214854731 0.5
11504234 214854332 0.5
2222427 214829878 1
2222427 214829887 1
2222427 214831955 1
2222427 214826977 0.5
8921712 214851326 1
8921712 214853248 1
8921712 214853105 1
8921712 214853094 0.5
8848488 214852987 1
8848488 214851742 1
8848488 214853465 1
8848488 214691557 0.5
8848488 214853422 0.5
9196146 214853992 1
9196146 214567333 1
9196146 214849464 1
9196146 214849361 0.5
9196146 214851748 0.5
9196146 214850405 0.5
9196146 214850557 0.5
1701651 214826610 1
1701651 214834877 1
1701651 214826992 1
1701651 214587712 0.5
1701651 214800272 0.5
1701651 214826563 0.5
1701651 214717847 0.5
4134334 214828991 1
4134334 214839401 1
4134334 214710152 1
4134334 214839913 0.5
4134334 214553700 0.5
10592888 214567329 1
10592888 214854262 1
10592888 214684785 1
10592888 214854264 0.5
10592888 214567333 0.5
10592888 214854358 0.5
4655737 214839965 1
4655737 214831970 1
4655737 214832147 1
4655737 214839937 0.5
4655737 214711307 0.5
9314938 214850771 1
9314938 214850936 1
9314938 214850743 1
9314938 214819577 0.5
5587579 214575193 1
5587579 214844398 1
5587579 214844355 1
5587579 214836577 0.5
5587579 214844370 0.5
5587579 214835711 0.5
5587579 214582380 0.5
5587579 214838225 0.5
2251388 214842555 1
2251388 214821407 1
2251388 214642805 1
2251388 214561472 0.5
2251388 214829666 0.5
2251388 214554662 0.5
2251388 214821350 0.5
2251388 214821032 0.5
2251388 214743497 0.5
2251388 214717742 0.5
3048062 214831946 1
3048062 214748336 1
3048062 214835503 1
3048062 214551626 0.5
3048062 214831940 0.5
3048062 214829887 0.5
9683584 214711438 1
9683584 214853396 1
9683584 214711307 1
9683584 214853420 0.5
1762006 214834880 1
1762006 214829390 1
1762006 214821294 1
1762006 214834877 0.5
6951141 214835120 1
6951141 214743515 1
6951141 214848975 1
6951141 214829792 0.5
6951141 214510689 0.5
6951141 214696425 0.5
6951141 214606412 0.5
6951141 214712237 0.5
6951141 214600464 0.5
6951141 214601203 0.5
6951141 214514293 0.5
6951141 214829790 0.5
2278027 214835019 1
2278027 214831967 1
2278027 214601233 1
2278027 214748336 0.5
2278027 214831959 0.5
2278027 214613893 0.5
2278027 214819430 0.5
2278027 214835087 0.5
6460044 214848656 1
6460044 214848980 1
6460044 214849076 1
6460044 214848950 0.5
4866701 214553700 1
4866701 214839975 1
4866701 214835109 1
4866701 214710152 0.5
4590236 214845131 1
4590236 214839973 1
4590236 214839600 1
4590236 214574672 0.5
4590236 214839960 0.5
4590236 214657322 0.5
4590236 214587317 0.5
4590236 214646745 0.5
6070729 214848165 1
6070729 214584047 1
6070729 214845982 1
6070729 214828963 0.5
6070729 214709807 0.5
8622758 214849331 1
8622758 214851326 1
8622758 214852978 1
8622758 214850754 0.5
8622758 214851748 0.5
8622758 214853242 0.5
8622758 214853094 0.5
8622758 214853085 0.5
4770473 214839973 1
4770473 214839971 1
4770473 214845131 1
4770473 214839969 0.5
4770473 214602802 0.5
4770473 214606948 0.5
4770473 214696897 0.5
4770473 214606792 0.5
4770473 214836330 0.5
4770473 214602733 0.5
4770473 214835469 0.5
4770473 214698418 0.5
4770473 214829852 0.5
11428523 214854780 1
11428523 214712242 1
11428523 214853094 1
11428523 214854699 0.5
11428523 214712675 0.5
11428523 214854860 0.5
11428523 214710013 0.5
9159514 214853077 1
9159514 214852980 1
9159514 214853085 1
9159514 214851326 0.5
9970354 214853424 1
9970354 214853454 1
9970354 214850942 1
9970354 214853422 0.5
7465651 214851129 1
7465651 214851013 1
7465651 214552522 1
7465651 214851587 0.5
9880244 214718160 1
9880244 214675888 1
9880244 214851281 1
9880244 214850743 0.5
9880244 214561477 0.5
9880244 214853702 0.5
9880244 214677615 0.5
2177718 214829880 1
2177718 214829882 1
2177718 214829887 1
2177718 214696897 0.5
2177718 214835754 0.5
2177718 214748338 0.5
2177718 214748297 0.5
5565111 214844400 1
5565111 214844402 1
5565111 214844345 1
5565111 214838225 0.5
10742458 214854300 1
10742458 214854585 1
10742458 214854547 1
10742458 214853096 0.5
10742458 214853105 0.5
2613948 214831950 1
2613948 214829885 1
2613948 214829880 1
2613948 214829878 0.5
2527936 214835087 1
2527936 214826977 1
2527936 214835111 1
2527936 214712132 0.5
2527936 214554118 0.5
2527936 214836328 0.5
2527936 214832780 0.5
2527936 214835124 0.5
2527936 214829850 0.5
2527936 214829852 0.5
2527936 214831967 0.5
10435266 214854536 1
10435266 214854354 1
10435266 214853244 1
10435266 214853113 0.5
8542917 214748295 1
8542917 214753505 1
8542917 214851167 1
8542917 214580424 0.5
8542917 214850936 0.5
8542917 214850938 0.5
8542917 214851322 0.5
8542917 214578350 0.5
8983239 214853420 1
8983239 214850947 1
8983239 214853132 1
8983239 214848997 0.5
8983239 214853222 0.5
8983239 214642100 0.5
8983239 214684725 0.5
8983239 214850743 0.5
8983239 214573305 0.5
8983239 214853242 0.5
8983239 214850938 0.5
8983239 214561477 0.5
7541151 214851097 1
7541151 214850756 1
7541151 214564387 1
7541151 214849018 0.5
7541151 214820394 0.5
7541151 214850411 0.5
7541151 214851077 0.5
7541151 214850619 0.5
10570451 214854515 1
10570451 214854300 1
10570451 214854579 1
10570451 214854538 0.5
10570451 214687845 0.5
10570451 214854583 0.5
5916793 214684702 1
5916793 214700002 1
5916793 214829739 1
5916793 214544355 0.5
5916793 214712237 0.5
5916793 214743515 0.5
7378723 214849194 1
7378723 214850282 1
7378723 214846112 1
7378723 214839967 0.5
10654426 214853102 1
10654426 214854840 1
10654426 214854782 1
10654426 214854838 0.5
33499 214821285 1
33499 214826702 1
33499 214821277 1
33499 214821290 0.5
9336954 214853992 1
9336954 214853865 1
9336954 214854146 1
9336954 214854118 0.5
5726942 214845489 1
5726942 214826833 1
5726942 214800264 1
5726942 214836517 0.5
4471524 214829280 1
4471524 214836855 1
4471524 214839960 1
4471524 214836857 0.5
4471524 214839967 0.5
7149779 214849357 1
7149779 214850321 1
7149779 214846072 1
7149779 214829878 0.5
10338063 214854579 1
10338063 214854585 1
10338063 214854300 1
10338063 214854555 0.5
10338063 214854534 0.5
10338063 214854227 0.5
10338063 214854230 0.5
10338063 214819577 0.5
10338063 214854075 0.5
9501419 214850947 1
9501419 214853420 1
9501419 214850945 1
9501419 214850949 0.5
9501419 214829878 0.5
8288337 214564380 1
8288337 214552522 1
8288337 214677615 1
8288337 214851101 0.5
9622256 214854017 1
9622256 214853767 1
9622256 214853420 1
9622256 214835745 0.5
9622256 214850402 0.5
9622256 214744779 0.5
9622256 214853700 0.5
9622256 214705734 0.5
9622256 214837286 0.5
9622256 214743495 0.5
9622256 214845131 0.5
9622256 214600492 0.5
9622256 214849363 0.5
9622256 214851748 0.5
7887601 214612901 1
7887601 214551748 1
7887601 214826752 1
7887601 214572182 0.5
3921363 214838227 1
3921363 214826990 1
3921363 214835109 1
3921363 214826610 0.5
3921363 214561402 0.5
3921363 214821015 0.5
5542644 214829887 1
5542644 214832015 1
5542644 214838096 1
5542644 214684736 0.5
5542644 214846029 0.5
6224634 214848808 1
6224634 214848982 1
6224634 214714794 1
6224634 214848832 0.5
6224634 214848613 0.5
5793578 214846061 1
5793578 214845131 1
5793578 214849001 1
5793578 214845887 0.5
1002238 214712126 1
1002238 214718203 1
1002238 214541548 1
1002238 214833699 0.5
1002238 214821390 0.5
1557251 214826610 1
1557251 214834877 1
1557251 214829366 1
1557251 214829042 0.5
1557251 214826994 0.5
1557251 214828965 0.5
3597062 214829773 1
3597062 214595150 1
3597062 214826938 1
3597062 214582378 0.5
4330247 214587167 1
4330247 214842476 1
4330247 214842553 1
4330247 214836067 0.5
4330247 214835940 0.5
4330247 214840556 0.5
4330247 214842510 0.5
4330247 214826608 0.5
4330247 214836915 0.5
4330247 214587285 0.5
4330247 214842555 0.5
4330247 214839356 0.5
7537417 214851122 1
7537417 214851236 1
7537417 214851075 1
7537417 214851137 0.5
7537417 214716714 0.5
7537417 214718252 0.5
7537417 214845885 0.5
7537417 214851322 0.5
7537417 214851163 0.5
7537417 214573820 0.5
7537417 214716746 0.5
7537417 214716671 0.5
9493258 214851090 1
9493258 214854152 1
9493258 214738460 1
9493258 214820396 0.5
10195723 214853767 1
10195723 214853730 1
10195723 214853698 1
10195723 214853707 0.5
1196813 214821305 1
1196813 214821309 1
1196813 214821302 1
1196813 214821315 0.5
1196813 214716710 0.5
6947599 214848954 1
6947599 214848986 1
6947599 214851009 1
6947599 214848945 0.5
6947599 214848941 0.5
9810707 214853846 1
9810707 214853848 1
9810707 214853994 1
9810707 214853852 0.5
9810707 214854146 0.5
9810707 214854172 0.5
9810707 214837442 0.5
6707991 214849331 1
6707991 214667857 1
6707991 214711348 1
6707991 214696897 0.5
6707991 214707879 0.5
6707991 214574670 0.5
6707991 214665277 0.5
6707991 214820214 0.5
6707991 214850615 0.5
6707991 214834873 0.5
6707991 214834877 0.5
2699396 214844394 1
2699396 214586711 1
2699396 214844439 1
2699396 214612704 0.5
4049029 214839592 1
4049029 214829797 1
4049029 214829381 1
4049029 214838107 0.5
4049029 214600492 0.5
4049029 214832015 0.5
9414024 214853420 1
9414024 214853698 1
9414024 214853702 1
9414024 214853430 0.5
10818342 214854785 1
10818342 214849055 1
10818342 214854780 1
10818342 214849052 0.5
4936572 214837286 1
4936572 214832156 1
4936572 214837288 1
4936572 214838092 0.5
9454378 214826987 1
9454378 214850949 1
9454378 214850942 1
9454378 214853420 0.5
5343367 214838225 1
5343367 214835473 1
5343367 214582380 1
5343367 214748336 0.5
5536562 214845585 1
5536562 214844355 1
5536562 214844396 1
5536562 214844370 0.5
8551216 214853105 1
8551216 214851326 1
8551216 214853094 1
8551216 214853090 0.5
9575218 214680371 1
9575218 214853420 1
9575218 214850945 1
9575218 214700000 0.5
9575218 214743515 0.5
10564403 214854352 1
10564403 214853930 1
10564403 214854495 1
10564403 214854577 0.5
3035958 214832780 1
3035958 214839868 1
3035958 214705792 1
3035958 214835019 0.5
3035958 214826827 0.5
3035958 214835087 0.5
3035958 214835111 0.5
2206519 214821285 1
2206519 214821277 1
2206519 214821292 1
2206519 214584907 0.5
2206519 214820227 0.5
6263608 214821309 1
6263608 214849076 1
6263608 214848605 1
6263608 214839592 0.5
6263608 214844458 0.5
5969259 214849076 1
5969259 214848851 1
5969259 214848613 1
5969259 214710097 0.5
4838538 214826833 1
4838538 214839960 1
4838538 214839971 1
4838538 214839600 0.5
4838538 214829850 0.5
4838538 214835469 0.5
5677888 214849001 1
5677888 214582380 1
5677888 214846121 1
5677888 214580177 0.5
5677888 214846410 0.5
5677888 214581613 0.5
5677888 214845521 0.5
5677888 214560615 0.5
6241447 214829765 1
6241447 214844400 1
6241447 214839975 1
6241447 214839752 0.5
6241447 214844372 0.5
6241447 214850957 0.5
6241447 214826990 0.5
6241447 214848622 0.5
1237826 214828995 1
1237826 214829038 1
1237826 214829019 1
1237826 214832786 0.5
1237826 214829021 0.5
7293763 214850936 1
7293763 214850771 1
7293763 214850756 1
7293763 214821024 0.5
7293763 214850754 0.5
7293763 214850700 0.5
7293763 214850765 0.5
7293763 214850741 0.5
7293763 214850743 0.5
7293763 214850621 0.5
5598026 214846033 1
5598026 214846029 1
5598026 214748310 1
5598026 214705659 0.5
854859 214826615 1
854859 214826872 1
854859 214826621 1
854859 214826934 0.5
854859 214826612 0.5
854859 214717286 0.5
854859 214716902 0.5
854859 214743335 0.5
10116304 214853852 1
10116304 214853848 1
10116304 214853994 1
10116304 214854176 0.5
10116304 214851234 0.5
10116304 214851587 0.5
10116304 214854148 0.5
10116304 214853413 0.5
10116304 214850726 0.5
10116304 214832555 0.5
10116304 214552142 0.5
10116304 214684785 0.5
10116304 214554675 0.5
10116304 214851317 0.5
10116304 214854358 0.5
10116304 214685049 0.5
10116304 214853242 0.5
10116304 214853435 0.5
10116304 214854268 0.5
10116304 214853182 0.5
10116304 214853237 0.5
6331218 214826889 1
6331218 214835473 1
6331218 214846417 1
6331218 214826949 0.5
6331218 214848682 0.5
6331218 214831952 0.5
6331218 214718385 0.5
6331218 214829850 0.5
6331218 214846014 0.5
3845262 214836795 1
3845262 214826938 1
3845262 214829769 1
3845262 214613741 0.5
8522582 214651517 1
8522582 214849080 1
8522582 214849155 1
8522582 214849153 0.5
8522582 214849252 0.5
8522582 214848997 0.5
8522582 214573350 0.5
8522582 214849031 0.5
8522582 214849102 0.5
8522582 214850743 0.5
8522582 214851069 0.5
1100633 214709638 1
1100633 214826589 1
1100633 214834880 1
1100633 214829008 0.5
1100633 214826818 0.5
1100633 214821412 0.5
1100633 214549277 0.5
6525787 214714794 1
6525787 214846530 1
6525787 214848950 1
6525787 214829390 0.5
5925727 214846427 1
5925727 214578577 1
5925727 214576899 1
5925727 214846417 0.5
5925727 214846466 0.5
5925727 214846479 0.5
574267 214821302 1
574267 214821339 1
574267 214716577 1
574267 214821315 0.5
574267 214577512 0.5
574267 214717097 0.5
574267 214577518 0.5
574267 214551607 0.5
574267 214827005 0.5
1117029 214829321 1
1117029 214839600 1
1117029 214828995 1
1117029 214717847 0.5
10920806 214854815 1
10920806 214854767 1
10920806 214854770 1
10920806 214850735 0.5
7250792 214849762 1
7250792 214849738 1
7250792 214849740 1
7250792 214849742 0.5
4465127 214826893 1
4465127 214838098 1
4465127 214826945 1
4465127 214839971 0.5
10163527 214854172 1
10163527 214854146 1
10163527 214853992 1
10163527 214853996 0.5
6679406 214829765 1
6679406 214848596 1
6679406 214846119 1
6679406 214819427 0.5
6679406 214846312 0.5
6679406 214845962 0.5
6679406 214849010 0.5
6679406 214668249 0.5
6679406 214676377 0.5
6679406 214848926 0.5
6679406 214835167 0.5
4809584 214819468 1
4809584 214837280 1
4809584 214540127 1
4809584 214839600 0.5
4809584 214829280 0.5
4809584 214684843 0.5
4809584 214819760 0.5
4809584 214829887 0.5
5057393 214836956 1
5057393 214837286 1
5057393 214844332 1
5057393 214585616 0.5
5057393 214838092 0.5
9145202 214852978 1
9145202 214851326 1
9145202 214853085 1
9145202 214853248 0.5
2175859 214829660 1
2175859 214821392 1
2175859 214829385 1
2175859 214826668 0.5
2175859 214821350 0.5
6658932 214848941 1
6658932 214849331 1
6658932 214667857 1
6658932 214848945 0.5
6658932 214848954 0.5
6658932 214849046 0.5
2792314 214600492 1
2792314 214835745 1
2792314 214835017 1
2792314 214835747 0.5
2792314 214832126 0.5
1735548 214834877 1
1735548 214834880 1
1735548 214587266 1
1735548 214821410 0.5
1735548 214821412 0.5
10105726 214853698 1
10105726 214853767 1
10105726 214853707 1
10105726 214853762 0.5
10105726 214853700 0.5
10105726 214853722 0.5
10074944 214853651 1
10074944 214854122 1
10074944 214853850 1
10074944 214853632 0.5
168834 214821277 1
168834 214821290 1
168834 214821285 1
168834 214826803 0.5
4715396 214829730 1
4715396 214829760 1
4715396 214844405 1
4715396 214695480 0.5
4715396 214839977 0.5
4715396 214640098 0.5
4158342 214587317 1
4158342 214602598 1
4158342 214826799 1
4158342 214716512 0.5
4158342 214563337 0.5
4158342 214553540 0.5
4158342 214725549 0.5
11074443 214835117 1
11074443 214853422 1
11074443 214700000 1
11074443 214853321 0.5
11074443 214854797 0.5
11074443 214835120 0.5
11074443 214849809 0.5
11074443 214680371 0.5
11074443 214832154 0.5
791442 214826912 1
791442 214684841 1
791442 214821300 1
791442 214509000 0.5
2640788 214829882 1
2640788 214831948 1
2640788 214829878 1
2640788 214829887 0.5
8805272 214851326 1
8805272 214853077 1
8805272 214852980 1
8805272 214853090 0.5
10695579 214854579 1
10695579 214854300 1
10695579 214854547 1
10695579 214573305 0.5
10695579 214820394 0.5
2079646 214564247 1
2079646 214554967 1
2079646 214829887 1
2079646 214826627 0.5
7506848 214844342 1
7506848 214849022 1
7506848 214846333 1
7506848 214820392 0.5
7506848 214829387 0.5
7506848 214828980 0.5
7506848 214826949 0.5
7506848 214819430 0.5
6718369 214849239 1
6718369 214849046 1
6718369 214849020 1
6718369 214839617 0.5
6718369 214848954 0.5
6718369 214585676 0.5
6718369 214849022 0.5
6718369 214848945 0.5
7967651 214850405 1
7967651 214850692 1
7967651 214850936 1
7967651 214849363 0.5
7967651 214850621 0.5
3093521 214829878 1
3093521 214831948 1
3093521 214831946 1
3093521 214829880 0.5
3093521 214829887 0.5
847004 214827026 1
847004 214834865 1
847004 214826925 1
847004 214826912 0.5
847004 214827000 0.5
847004 214828987 0.5
847004 214827005 0.5
847004 214827007 0.5
2590033 214829878 1
2590033 214829887 1
2590033 214829882 1
2590033 214532072 0.5
2590033 214569714 0.5
2590033 214844394 0.5
2590033 214829394 0.5
2590033 214834873 0.5
484273 214717007 1
484273 214832655 1
484273 214717005 1
484273 214716928 0.5
484273 214716982 0.5
484273 214832657 0.5
484273 214717003 0.5
484273 214716941 0.5
484273 214716977 0.5
484273 214716980 0.5
484273 214716950 0.5
484273 214716984 0.5
484273 214716945 0.5
9190322 214716654 1
9190322 214716714 1
9190322 214716746 1
9190322 214851131 0.5
2962356 214844458 1
2962356 214844439 1
2962356 214844394 1
2962356 214551626 0.5
2962356 214533022 0.5
2962356 214551607 0.5
3547206 214836795 1
3547206 214829769 1
3547206 214826938 1
3547206 214826977 0.5
3547206 214829762 0.5
3547206 214836932 0.5
3547206 214668281 0.5
3547206 214838137 0.5
3547206 214833755 0.5
5065661 214514276 1
5065661 214845577 1
5065661 214711312 1
5065661 214548881 0.5
5065661 214831955 0.5
5065661 214514246 0.5
5065661 214826983 0.5
10460098 214854585 1
10460098 214854517 1
10460098 214854300 1
10460098 214849464 0.5
10460098 214854515 0.5
10460098 214854547 0.5
10460098 214854534 0.5
10036174 214853460 1
10036174 214744260 1
10036174 214850291 1
10036174 214853428 0.5
6397773 214846389 1
6397773 214844439 1
6397773 214717003 1
6397773 214709807 0.5
6499284 214850565 1
6499284 214821277 1
6499284 214820233 1
6499284 214821285 0.5
6499284 214820231 0.5
10652631 214854352 1
10652631 214854536 1
10652631 214820394 1
10652631 214854354 0.5
10652631 214850739 0.5
10652631 214853244 0.5
3704268 214838227 1
3704268 214835109 1
3704268 214832023 1
3704268 214838137 0.5
3704268 214836932 0.5
3704268 214820220 0.5
10608886 214864880 1
10608886 214853102 1
10608886 214849138 1
10608886 214853400 0.5
4624891 214845131 1
4624891 214839973 1
4624891 214587697 1
4624891 214839600 0.5
4624891 214839969 0.5
4624891 214826565 0.5
1798993 214821285 1
1798993 214826803 1
1798993 214711903 1
1798993 214746377 0.5
1798993 214821290 0.5
1798993 214827035 0.5
1798993 214832717 0.5
10429608 214567329 1
10429608 214567215 1
10429608 214853722 1
10429608 214854264 0.5
10429608 214848185 0.5
10429608 214854354 0.5
8487924 214844400 1
8487924 214851122 1
8487924 214845583 1
8487924 214543922 0.5
4815862 214839590 1
4815862 214845129 1
4815862 214836883 1
4815862 214831944 0.5
5511244 214838094 1
5511244 214836956 1
5511244 214840091 1
5511244 214832156 0.5
5020673 214837286 1
5020673 214837288 1
5020673 214829878 1
5020673 214836956 0.5
5020673 214845579 0.5
5020673 214838092 0.5
5020673 214845581 0.5
5020673 214844402 0.5
5020673 214832156 0.5
10197642 214853707 1
10197642 214853702 1
10197642 214853767 1
10197642 214853698 0.5
10197642 214853353 0.5
10197642 214853730 0.5
10197642 214574672 0.5
10197642 214698418 0.5
10197642 214853430 0.5
10197642 214853722 0.5
3189766 214800272 1
3189766 214748302 1
3189766 214587712 1
3189766 214558080 0.5
1737736 214821407 1
1737736 214829396 1
1737736 214821350 1
1737736 214829664 0.5
1737736 214579875 0.5
1737736 214557223 0.5
1737736 214698446 0.5
1737736 214821392 0.5
1737736 214717880 0.5
2307082 214829887 1
2307082 214829878 1
2307082 214831948 1
2307082 214711408 0.5
2307082 214718396 0.5
2307082 214684730 0.5
2307082 214826955 0.5
2307082 214820188 0.5
8700842 214853090 1
8700842 214851326 1
8700842 214853085 1
8700842 214853248 0.5
9532834 214850947 1
9532834 214711307 1
9532834 214853422 1
9532834 214829882 0.5
9532834 214853428 0.5
9532834 214853722 0.5
9532834 214850295 0.5
7210001 214849320 1
7210001 214849318 1
7210001 214849322 1
7210001 214849185 0.5
7210001 214849192 0.5
7210001 214839311 0.5
7210001 214849331 0.5
7210001 214832156 0.5
7210001 214849245 0.5
2374674 214603138 1
2374674 214748293 1
2374674 214833755 1
2374674 214834880 0.5
2374674 214718220 0.5
2374674 214748300 0.5
2374674 214707853 0.5
2374674 214602735 0.5
2374674 214826619 0.5
2374674 214834877 0.5
8684563 214700990 1
8684563 214850747 1
8684563 214849295 1
8684563 214716660 0.5
8684563 214829743 0.5
5479447 214832154 1
5479447 214844349 1
5479447 214837286 1
5479447 214844336 0.5
5479447 214845354 0.5
10198191 214853994 1
10198191 214853413 1
10198191 214853852 1
10198191 214853730 0.5
10198191 214854148 0.5
10198191 214848165 0.5
10198191 214853702 0.5
10198191 214850855 0.5
10198191 214853713 0.5
5872668 214846067 1
5872668 214849252 1
5872668 214845885 1
5872668 214846127 0.5
5983583 214846417 1
5983583 214846415 1
5983583 214846479 1
5983583 214846432 0.5
10130463 214853698 1
10130463 214853713 1
10130463 214854060 1
10130463 214853730 0.5
10130463 214853700 0.5
10130463 214853702 0.5
10130463 214853707 0.5
10130463 214718169 0.5
10130463 214853722 0.5
3951653 214774676 1
3951653 214839982 1
3951653 214845127 1
3951653 214630042 0.5
3951653 214645618 0.5
10207626 214853698 1
10207626 214853722 1
10207626 214853992 1
10207626 214853700 0.5
10207626 214853765 0.5
10207626 214853767 0.5
10207626 214853865 0.5
10207626 214854165 0.5
10207626 214819577 0.5
8994652 214853085 1
8994652 214853090 1
8994652 214853248 1
8994652 214853105 0.5
8994652 214853210 0.5
8994652 214851326 0.5
8994652 214853094 0.5
922668 214826844 1
922668 214826891 1
922668 214718255 1
922668 214819530 0.5
922668 214718396 0.5
922668 214684717 0.5
3980336 214835167 1
3980336 214820452 1
3980336 214838111 1
3980336 214836932 0.5
3980336 214820220 0.5
3517963 214820400 1
3517963 214832722 1
3517963 214831948 1
3517963 214826872 0.5
3517963 214837882 0.5
7154757 214850938 1
7154757 214850855 1
7154757 214849363 1
7154757 214846112 0.5
7154757 214850743 0.5
7499237 214850852 1
7499237 214821309 1
7499237 214844439 1
7499237 214691390 0.5
8246349 214851131 1
8246349 214851579 1
8246349 214716714 1
8246349 214851163 0.5
8246349 214851165 0.5
8246349 214684942 0.5
6614541 214585676 1
6614541 214848330 1
6614541 214849275 1
6614541 214848328 0.5
6614541 214848613 0.5
6614541 214826990 0.5
10440547 214854352 1
10440547 214748336 1
10440547 214848658 1
10440547 214696897 0.5
10440547 214854532 0.5
10440547 214854354 0.5
10440547 214849464 0.5
10440547 214854298 0.5
10440547 214854527 0.5
8412244 214748336 1
8412244 214835064 1
8412244 214850771 1
8412244 214850402 0.5
8412244 214832023 0.5
8412244 214609325 0.5
8412244 214846035 0.5
8412244 214716982 0.5
8412244 214850743 0.5
8412244 214850936 0.5
8412244 214829852 0.5
9213086 214853992 1
9213086 214850790 1
9213086 214854017 1
9213086 214853865 0.5
9213086 214854172 0.5
9213086 214853709 0.5
2583648 214829882 1
2583648 214829887 1
2583648 214829878 1
2583648 214831948 0.5
9241698 214850949 1
9241698 214853422 1
9241698 214850942 1
9241698 214853248 0.5
9241698 214853128 0.5
9407588 214850949 1
9407588 214853420 1
9407588 214853115 1
9407588 214853128 0.5
9407588 214850945 0.5
9407588 214844402 0.5
4490341 214829799 1
4490341 214839973 1
4490341 214839967 1
4490341 214839960 0.5
4490341 214826876 0.5
10734703 214854838 1
10734703 214854579 1
10734703 214854547 1
10734703 214854802 0.5
10734703 214850387 0.5
10734703 214854860 0.5
10734703 214838390 0.5
3705968 214836932 1
3705968 214838227 1
3705968 214826990 1
3705968 214844932 0.5
3705968 214836330 0.5
3705968 214832717 0.5
3705968 214835505 0.5
3705968 214836947 0.5
3705968 214829012 0.5
3705968 214839607 0.5
3705968 214829852 0.5
1455218 214829327 1
1455218 214829330 1
1455218 214829334 1
1455218 214583610 0.5
1455218 214829325 0.5
656503 214837487 1
656503 214837490 1
656503 214837485 1
656503 214698446 0.5
656503 214838831 0.5
1278484 214821305 1
1278484 214821309 1
1278484 214821307 1
1278484 214821302 0.5
7934143 214848845 1
7934143 214849344 1
7934143 214849012 1
7934143 214850754 0.5
7934143 214850765 0.5
2423932 214832651 1
2423932 214508563 1
2423932 214547177 1
2423932 214554155 0.5
2423932 214695140 0.5
6163581 214846475 1
6163581 214848322 1
6163581 214846389 1
6163581 214840412 0.5
6163581 214687685 0.5
6163581 214836830 0.5
3896446 214836795 1
3896446 214595150 1
3896446 214829771 1
3896446 214829769 0.5
7635696 214846112 1
7635696 214850291 1
7635696 214850848 1
7635696 214850411 0.5
10501253 214854354 1
10501253 214853767 1
10501253 214853722 1
10501253 214853700 0.5
10501253 214853994 0.5
10501253 214854125 0.5
10501253 214852978 0.5
10501253 214854515 0.5
10501253 214854148 0.5
7695553 214849466 1
7695553 214851131 1
7695553 214851579 1
7695553 214850700 0.5
7695553 214819490 0.5
7695553 214579875 0.5
7695553 214850692 0.5
7695553 214820345 0.5
9147529 214852978 1
9147529 214853105 1
9147529 214839958 1
9147529 214852980 0.5
9147529 214853094 0.5
8168586 214848315 1
8168586 214851150 1
8168586 214851294 1
8168586 214829045 0.5
8168586 214677733 0.5
7049489 214845416 1
7049489 214819380 1
7049489 214819378 1
7049489 214839339 0.5
7601293 214850743 1
7601293 214561775 1
7601293 214821020 1
7601293 214821022 0.5
4990094 214845354 1
4990094 214845581 1
4990094 214541582 1
4990094 214829885 0.5
9329811 214853428 1
9329811 214853420 1
9329811 214850947 1
9329811 214850942 0.5
6173847 214537967 1
6173847 214848746 1
6173847 214844355 1
6173847 214512425 0.5
6173847 214848315 0.5
6173847 214839956 0.5
10347674 214687475 1
10347674 214850422 1
10347674 214687845 1
10347674 214748259 0.5
8667499 214853242 1
8667499 214853210 1
8667499 214853132 1
8667499 214853237 0.5
8667499 214853222 0.5
8667499 214853143 0.5
7310492 214567410 1
7310492 214567404 1
7310492 214835019 1
7310492 214706465 0.5
7310492 214839973 0.5
7310492 214744775 0.5
7310492 214850282 0.5
7310492 214846007 0.5
7310492 214612730 0.5
7310492 214577450 0.5
7310492 214848682 0.5
9190562 214852978 1
9190562 214853077 1
9190562 214852980 1
9190562 214853242 0.5
9190562 214853173 0.5
8609644 214853096 1
8609644 214853105 1
8609644 214853085 1
8609644 214535092 0.5
2774184 214821290 1
2774184 214844362 1
2774184 214821292 1
2774184 214583947 0.5
2774184 214821285 0.5
2774184 214550987 0.5
2774184 214821277 0.5
5080242 214832017 1
5080242 214836947 1
5080242 214844407 1
5080242 214835120 0.5
9755827 214853364 1
9755827 214509401 1
9755827 214545879 1
9755827 214850370 0.5
2421941 214829880 1
2421941 214829887 1
2421941 214831948 1
2421941 214829882 0.5
9024696 214844439 1
9024696 214844394 1
9024696 214844458 1
9024696 214612704 0.5
2233529 214835111 1
2233529 214829878 1
2233529 214707875 1
2233529 214829387 0.5
2233529 214553844 0.5
2233529 214554637 0.5
2233529 214717286 0.5
2233529 214558807 0.5
10230971 214567333 1
10230971 214567215 1
10230971 214854354 1
10230971 214854358 0.5
10230971 214684785 0.5
10230971 214854536 0.5
10230971 214853930 0.5
10230971 214854545 0.5
10230971 214854547 0.5
10230971 214854549 0.5
10230971 214837494 0.5
10230971 214684762 0.5
10230971 214853855 0.5
10230971 214854268 0.5
10230971 214853726 0.5
10230971 214854495 0.5
9313471 214850942 1
9313471 214853152 1
9313471 214853340 1
9313471 214839913 0.5
9313471 214850947 0.5
9313471 214850949 0.5
7456288 214853758 1
7456288 214853175 1
7456288 214853177 1
7456288 214851120 0.5
4531398 214845131 1
4531398 214839967 1
4531398 214839960 1
4531398 214748336 0.5
4531398 214574672 0.5
4531398 214836330 0.5
492743 214826702 1
492743 214826955 1
492743 214826627 1
492743 214835561 0.5
9567434 214853342 1
9567434 214853420 1
9567434 214850947 1
9567434 214829887 0.5
3652474 214836924 1
3652474 214826990 1
3652474 214835109 1
3652474 214836932 0.5
7738584 214850936 1
7738584 214850771 1
7738584 214850743 1
7738584 214850876 0.5
7738584 214850692 0.5
7738584 214564382 0.5
9204957 214853340 1
9204957 214853342 1
9204957 214850947 1
9204957 214846072 0.5
9204957 214850945 0.5
9204957 214851090 0.5
9204957 214831955 0.5
7634883 214850747 1
7634883 214748289 1
7634883 214850415 1
7634883 214838505 0.5
7634883 214850938 0.5
11496673 214556942 1
11496673 214854354 1
11496673 214857810 1
11496673 214714755 0.5
11496673 214553572 0.5
11496673 214851013 0.5
11496673 214846121 0.5
11496673 214580240 0.5
11496673 214857557 0.5
11222243 214853100 1
11222243 214854800 1
11222243 214850387 1
11222243 214864880 0.5
2417892 214700002 1
2417892 214845538 1
2417892 214600509 1
2417892 214826833 0.5
2417892 214743515 0.5
2417892 214701787 0.5
11027687 214854787 1
11027687 214854795 1
11027687 214854782 1
11027687 214854840 0.5
11500778 214857568 1
11500778 214857570 1
11500778 214857562 1
11500778 214691250 0.5
4621552 214837918 1
4621552 214711280 1
4621552 214576196 1
4621552 214714547 0.5
4621552 214839956 0.5
4621552 214738453 0.5
4621552 214831974 0.5
5975283 214845939 1
5975283 214846010 1
5975283 214845135 1
5975283 214845965 0.5
9328852 214853460 1
9328852 214850947 1
9328852 214853428 1
9328852 214711307 0.5
615674 214748300 1
615674 214748291 1
615674 214753507 1
615674 214748295 0.5
4400382 214839973 1
4400382 214839960 1
4400382 214602733 1
4400382 214829280 0.5
4400382 214848176 0.5
4400382 214829850 0.5
4400382 214839932 0.5
4400382 214839975 0.5
6120762 214846479 1
6120762 214846460 1
6120762 214846419 1
6120762 214829666 0.5
6120762 214829379 0.5
6120762 214835428 0.5
6120762 214846472 0.5
6120762 214586668 0.5
6120762 214667912 0.5
5276929 214835426 1
5276929 214835428 1
5276929 214835473 1
5276929 214844400 0.5
5276929 214826990 0.5
10149127 214716926 1
10149127 214844439 1
10149127 214533020 1
10149127 214844456 0.5
10149127 214849389 0.5
4936971 214826990 1
4936971 214829765 1
4936971 214844347 1
4936971 214819562 0.5
4936971 214832747 0.5
4936971 214718220 0.5
4936971 214829366 0.5
8537358 214851167 1
8537358 214851238 1
8537358 214851028 1
8537358 214851242 0.5
8537358 214832604 0.5
1479953 214826589 1
1479953 214834877 1
1479953 214834880 1
1479953 214833755 0.5
10861443 214510445 1
10861443 214717802 1
10861443 214743821 1
10861443 214676480 0.5
10861443 214712242 0.5
10861443 214712244 0.5
10861443 214853754 0.5
10861443 214744046 0.5
872538 214826837 1
872538 214826872 1
872538 214821401 1
872538 214826876 0.5
872538 214819762 0.5
872538 214684843 0.5
872538 214832780 0.5
872538 214826799 0.5
6774256 214846125 1
6774256 214848384 1
6774256 214848845 1
6774256 214837916 0.5
5928216 214846475 1
5928216 214826906 1
5928216 214846460 1
5928216 214846472 0.5
5928216 214846421 0.5
5928216 214826904 0.5
5928216 214846389 0.5
5928216 214846367 0.5
5928216 214717087 0.5
7198938 214848300 1
7198938 214848305 1
7198938 214552937 1
7198938 214554285 0.5
7198938 214846033 0.5
7198938 214849747 0.5
7198938 214829878 0.5
7198938 214829882 0.5
7198938 214829885 0.5
9963397 214837442 1
9963397 214853992 1
9963397 214853865 1
9963397 214853413 0.5
9963397 214850790 0.5
11147233 214853100 1
11147233 214853102 1
11147233 214854785 1
11147233 214855016 0.5
11147233 214854860 0.5
7662129 214848926 1
7662129 214845506 1
7662129 214535051 1
7662129 214850282 0.5
7662129 214640893 0.5
4158768 214829797 1
4158768 214839932 1
4158768 214819760 1
4158768 214847968 0.5
4158768 214838096 0.5
4158768 214839587 0.5
4158768 214684843 0.5
4158768 214832145 0.5
6937908 214849286 1
6937908 214849132 1
6937908 214849097 1
6937908 214676480 0.5
6937908 214851009 0.5
6937908 214838094 0.5
6937908 214667859 0.5
6937908 214849239 0.5
6937908 214849331 0.5
2649397 214831946 1
2649397 214829878 1
2649397 214711438 1
2649397 214673295 0.5
1944888 214829368 1
1944888 214829381 1
1944888 214829379 1
1944888 214821399 0.5
1944888 214826711 0.5
323363 214826891 1
323363 214826955 1
323363 214826715 1
323363 214819530 0.5
323363 214826627 0.5
323363 214639468 0.5
5675353 214845917 1
5675353 214846001 1
5675353 214846121 1
5675353 214846033 0.5
5675353 214844396 0.5
5675353 214829878 0.5
10100031 214854262 1
10100031 214854510 1
10100031 214854358 1
10100031 214567327 0.5
1430849 214834880 1
1430849 214829006 1
1430849 214826610 1
1430849 214826992 0.5
10935619 214700000 1
10935619 214701787 1
10935619 214857551 1
10935619 214835713 0.5
10935619 214712235 0.5
10935619 214835004 0.5
6450502 214848609 1
6450502 214846530 1
6450502 214846067 1
6450502 214836050 0.5
6450502 214836075 0.5
9837902 214853715 1
9837902 214854510 1
9837902 214854262 1
9837902 214853865 0.5
9837902 214853996 0.5
9837902 214567333 0.5
9837902 214850405 0.5
1502543 214832730 1
1502543 214587611 1
1502543 214821285 1
1502543 214833800 0.5
1502543 214829085 0.5
8471889 214853242 1
8471889 214853135 1
8471889 214853225 1
8471889 214853210 0.5
8471889 214851236 0.5
8705362 214850700 1
8705362 214848185 1
8705362 214850711 1
8705362 214853381 0.5
5092696 214832010 1
5092696 214837286 1
5092696 214838092 1
5092696 214746380 0.5
5092696 214835021 0.5
5092696 214838094 0.5
10628324 214567215 1
10628324 214567329 1
10628324 214854358 1
10628324 214854264 0.5
10628324 214854268 0.5
10628324 214837494 0.5
10628324 214854262 0.5
10617764 214854579 1
10617764 214854300 1
10617764 214854547 1
10617764 214690796 0.5
10617764 214854534 0.5
708837 214837485 1
708837 214837490 1
708837 214837483 1
708837 214698446 0.5
708837 214837487 0.5
5713248 214848317 1
5713248 214848992 1
5713248 214846327 1
5713248 214839932 0.5
5713248 214845885 0.5
9312144 214853420 1
9312144 214853422 1
9312144 214850947 1
9312144 214853340 0.5
9312144 214711307 0.5
9312144 214853428 0.5
9312144 214850942 0.5
1149499 214821305 1
1149499 214821341 1
1149499 214821339 1
1149499 214821300 0.5
1149499 214826998 0.5
5817706 214844370 1
5817706 214827174 1
5817706 214844368 1
5817706 214662763 0.5
10913131 214854823 1
10913131 214846065 1
10913131 214714755 1
10913131 214849745 0.5
10913131 214846258 0.5
10913131 214846470 0.5
6945682 214848849 1
6945682 214849020 1
6945682 214848658 1
6945682 214643681 0.5
6945682 214849284 0.5
6945682 214848945 0.5
6945682 214848947 0.5
6945682 214849046 0.5
6945682 214849239 0.5
6945682 214848954 0.5
6945682 214848986 0.5
6945682 214849022 0.5
9569648 214853428 1
9569648 214853460 1
9569648 214853340 1
9569648 214850949 0.5
7904628 214850411 1
7904628 214564387 1
7904628 214850940 1
7904628 214748336 0.5
7904628 214850756 0.5
7436862 214849734 1
7436862 214849760 1
7436862 214849747 1
7436862 214725551 0.5
7436862 214849775 0.5
615657 214829021 1
615657 214829019 1
615657 214829032 1
615657 214556840 0.5
9112952 214678387 1
9112952 214851742 1
9112952 214853107 1
9112952 214853075 0.5
972154 214829392 1
972154 214826610 1
972154 214829366 1
972154 214587028 0.5
3859836 214835109 1
3859836 214836932 1
3859836 214826990 1
3859836 214838227 0.5
5053821 214839982 1
5053821 214829887 1
5053821 214700002 1
5053821 214601233 0.5
5053821 214544355 0.5
5053821 214829885 0.5
5053821 214743335 0.5
7061636 214850366 1
7061636 214684715 1
7061636 214849809 1
7061636 214850282 0.5
7061636 214850285 0.5
4629891 214845131 1
4629891 214839969 1
4629891 214848176 1
4629891 214839600 0.5
6563208 214849331 1
6563208 214849239 1
6563208 214849284 1
6563208 214848656 0.5
6563208 214665277 0.5
5156234 214642910 1
5156234 214837280 1
5156234 214709638 1
5156234 214642912 0.5
5156234 214576545 0.5
5156234 214826818 0.5
5156234 214717860 0.5
5156234 214826822 0.5
5156234 214643047 0.5
5156234 214743350 0.5
5156234 214668219 0.5
2583949 214748336 1
2583949 214748321 1
2583949 214821397 1
2583949 214687847 0.5
2583949 214832552 0.5
2583949 214829852 0.5
2583949 214753515 0.5
2583949 214687663 0.5
2583949 214844439 0.5
2583949 214826872 0.5
2583949 214725532 0.5
2583949 214831965 0.5
4596569 214835017 1
4596569 214838225 1
4596569 214835087 1
4596569 214826977 0.5
4596569 214743335 0.5
4596569 214819760 0.5
4596569 214819762 0.5
4596569 214668281 0.5
4596569 214845435 0.5
9526509 214853420 1
9526509 214850942 1
9526509 214850945 1
9526509 214850949 0.5
8808686 214853077 1
8808686 214852980 1
8808686 214853105 1
8808686 214853248 0.5
8808686 214853096 0.5
8808686 214851326 0.5
8808686 214853085 0.5
8808686 214853094 0.5
10270101 214854313 1
10270101 214854343 1
10270101 214854080 1
10270101 214546102 0.5
10270101 214846391 0.5
3855767 214836932 1
3855767 214835109 1
3855767 214826990 1
3855767 214838227 0.5
9192856 214853077 1
9192856 214852980 1
9192856 214853105 1
9192856 214852978 0.5
9192856 214853090 0.5
7462299 214850771 1
7462299 214850936 1
7462299 214845585 1
7462299 214748336 0.5
7462299 214850938 0.5
7462299 214850743 0.5
7462299 214845583 0.5
4281761 214836887 1
4281761 214828985 1
4281761 214839397 1
4281761 214587317 0.5
4281761 214826998 0.5
2821539 214706180 1
2821539 214832555 1
2821539 214832126 1
2821539 214819760 0.5
2821539 214836330 0.5
2821539 214684843 0.5
2821539 214819762 0.5
2821539 214835122 0.5
4763051 214716984 1
4763051 214820263 1
4763051 214717539 1
4763051 214829070 0.5
8519084 214844439 1
8519084 214851290 1
8519084 214851101 1
8519084 214612704 0.5
8519084 214716930 0.5
8519084 214844454 0.5
8519084 214716935 0.5
8519084 214552522 0.5
8519084 214839943 0.5
8519084 214850402 0.5
8519084 214850771 0.5
8519084 214844342 0.5
8519084 214850743 0.5
8519084 214533022 0.5
8519084 214835167 0.5
7333294 214850936 1
7333294 214849466 1
7333294 214850405 1
7333294 214850720 0.5
7333294 214850756 0.5
1330607 214743493 1
1330607 214828959 1
1330607 214834877 1
1330607 214829321 0.5
1330607 214832780 0.5
1330607 214828974 0.5
1330607 214537967 0.5
1330607 214826805 0.5
1330607 214512425 0.5
1330607 214841006 0.5
4294064 214845131 1
4294064 214602733 1
4294064 214848176 1
4294064 214839969 0.5
4294064 214839971 0.5
4294064 214829287 0.5
4294064 214542759 0.5
4294064 214848178 0.5
4294064 214587317 0.5
4294064 214836857 0.5
4294064 214828985 0.5
5330354 214844400 1
5330354 214844396 1
5330354 214844370 1
5330354 214844345 0.5
5119219 214839956 1
5119219 214829730 1
5119219 214716639 1
5119219 214839977 0.5
4076984 214839641 1
4076984 214839397 1
4076984 214595150 1
4076984 214718379 0.5
4734398 214837882 1
4734398 214832147 1
4734398 214839971 1
4734398 214602598 0.5
4734398 214839975 0.5
4734398 214837288 0.5
4734398 214601272 0.5
4734398 214587317 0.5
4734398 214837494 0.5
4734398 214829880 0.5
4734398 214553561 0.5
4734398 214836926 0.5
6534594 214849046 1
6534594 214849333 1
6534594 214667857 1
6534594 214849284 0.5
6534594 214848658 0.5
6534594 214667859 0.5
6534594 214849239 0.5
6534594 214848954 0.5
6534594 214849020 0.5
6534594 214665277 0.5
6534594 214849022 0.5
4478403 214601233 1
4478403 214839973 1
4478403 214586469 1
4478403 214718385 0.5
4478403 214829850 0.5
4478403 214585695 0.5
4478403 214612730 0.5
4478403 214832023 0.5
4896199 214840082 1
4896199 214832150 1
4896199 214844345 1
4896199 214844342 0.5
4896199 214829878 0.5
6414924 214848380 1
6414924 214848377 1
6414924 214826990 1
6414924 214845971 0.5
6414924 214707830 0.5
6414924 214829387 0.5
6414924 214835109 0.5
6414924 214819374 0.5
3486619 214834877 1
3486619 214826623 1
3486619 214677615 1
3486619 214821410 0.5
4245841 214826942 1
4245841 214829797 1
4245841 214579226 1
4245841 214838105 0.5
6909391 214587697 1
6909391 214826565 1
6909391 214835745 1
6909391 214839973 0.5
6909391 214657318 0.5
6909391 214835017 0.5
6909391 214835019 0.5
6909391 214600492 0.5
6909391 214848997 0.5
6909391 214712137 0.5
6909391 214612730 0.5
6909391 214586469 0.5
11285968 214510445 1
11285968 214712242 1
11285968 214854699 1
11285968 214704180 0.5
11285968 214712244 0.5
11285968 214849132 0.5
11285968 214854774 0.5
7917562 214850758 1
7917562 214850767 1
7917562 214850765 1
7917562 214612901 0.5
7259603 214564382 1
7259603 214850720 1
7259603 214850936 1
7259603 214850848 0.5
5858772 214846475 1
5858772 214846425 1
5858772 214846415 1
5858772 214846417 0.5
5858772 214820214 0.5
9792984 214854300 1
9792984 214853702 1
9792984 214837288 1
9792984 214837442 0.5
9792984 214848682 0.5
9792984 214849365 0.5
9792984 214853722 0.5
9792984 214850621 0.5
9792984 214850741 0.5
9338333 214844396 1
9338333 214848185 1
9338333 214853422 1
9338333 214853154 0.5
9338333 214853381 0.5
9338333 214854152 0.5
9338333 214853353 0.5
9338333 214853698 0.5
9338333 214853709 0.5
9338333 214853722 0.5
9338333 214836956 0.5
5352928 214820263 1
5352928 214829707 1
5352928 214683714 1
5352928 214845407 0.5
2319842 214829887 1
2319842 214831946 1
2319842 214829880 1
2319842 214748291 0.5
2319842 214748293 0.5
2319842 214829885 0.5
1577951 214826610 1
1577951 214834880 1
1577951 214821410 1
1577951 214833755 0.5
1577951 214821412 0.5
11023847 214864880 1
11023847 214853102 1
11023847 214854842 1
11023847 214714755 0.5
8035818 214851322 1
8035818 214849102 1
8035818 214851236 1
8035818 214851137 0.5
8035818 214716110 0.5
5780972 214846010 1
5780972 214829739 1
5780972 214829362 1
5780972 214834991 0.5
1605101 214584969 1
1605101 214834880 1
1605101 214826610 1
1605101 214547814 0.5
2899439 214829878 1
2899439 214831946 1
2899439 214829887 1
2899439 214819468 0.5
3040753 214832115 1
3040753 214832124 1
3040753 214829390 1
3040753 214826623 0.5
3040753 214835122 0.5
3040753 214836847 0.5
3040753 214821407 0.5
3040753 214557223 0.5
3717374 214836932 1
3717374 214826990 1
3717374 214835109 1
3717374 214838227 0.5
9582847 214826987 1
9582847 214712237 1
9582847 214850947 1
9582847 214853325 0.5
8971178 214678387 1
8971178 214853130 1
8971178 214853109 1
8971178 214853169 0.5
4875781 214826889 1
4875781 214831952 1
4875781 214712079 1
4875781 214744260 0.5
2309087 214829366 1
2309087 214717082 1
2309087 214826979 1
2309087 214829368 0.5
2309087 214826874 0.5
2309087 214831965 0.5
2309087 214829878 0.5
7562759 214850938 1
7562759 214846404 1
7562759 214850936 1
7562759 214849395 0.5
7562759 214850405 0.5
10651146 214854495 1
10651146 214854536 1
10651146 214854577 1
10651146 214853113 0.5
10651146 214820394 0.5
9244173 214826987 1
9244173 214853321 1
9244173 214850949 1
9244173 214853152 0.5
9244173 214853330 0.5
9244173 214853454 0.5
5121551 214837918 1
5121551 214828952 1
5121551 214832010 1
5121551 214837916 0.5
5121551 214838092 0.5
5121551 214820402 0.5
5121551 214743350 0.5
5121551 214844407 0.5
5121551 214836536 0.5
5121551 214643036 0.5
2520903 214835002 1
2520903 214829385 1
2520903 214835019 1
2520903 214835124 0.5
2520903 214819762 0.5
2520903 214829887 0.5
2520903 214832780 0.5
2520903 214725532 0.5
5482003 214835428 1
5482003 214835426 1
5482003 214845585 1
5482003 214844347 0.5
5482003 214835012 0.5
5482003 214836328 0.5
5482003 214835469 0.5
5482003 214602733 0.5
5482003 214835473 0.5
5482003 214844342 0.5
5482003 214845583 0.5
538133 214837490 1
538133 214837485 1
538133 214837442 1
538133 214837483 0.5
7517718 214844400 1
7517718 214849046 1
7517718 214850295 1
7517718 214712675 0.5
7517718 214850310 0.5
7517718 214717511 0.5
7517718 214850315 0.5
7517718 214831948 0.5
7517718 214832015 0.5
7517718 214851120 0.5
7517718 214838102 0.5
7517718 214826715 0.5
7517718 214848605 0.5
10230351 214853090 1
10230351 214853707 1
10230351 214853698 1
10230351 214853702 0.5
10230351 214853094 0.5
10230351 214854152 0.5
10230351 214854118 0.5
10230351 214850743 0.5
10230351 214854060 0.5
10230351 214853353 0.5
10230351 214851326 0.5
4941743 214834877 1
4941743 214835109 1
4941743 214826990 1
4941743 214826610 0.5
4472351 214836050 1
4472351 214836075 1
4472351 214836146 1
4472351 214577057 0.5
7896609 214849080 1
7896609 214850304 1
7896609 214849466 1
7896609 214849194 0.5
7896609 214849155 0.5
7896609 214853437 0.5
10681892 214567327 1
10681892 214567333 1
10681892 214684762 1
10681892 214854264 0.5
10681892 214567329 0.5
10681892 214854268 0.5
10681892 214854262 0.5
10681892 214567215 0.5
5738029 214711438 1
5738029 214845352 1
5738029 214711312 1
5738029 214684736 0.5
5738029 214845060 0.5
5738029 214848305 0.5
5738029 214845065 0.5
5738029 214826891 0.5
5738029 214826829 0.5
5738029 214846029 0.5
5738029 214838096 0.5
5738029 214846033 0.5
5738029 214829887 0.5
8421883 214848165 1
8421883 214853173 1
8421883 214612901 1
8421883 214849001 0.5
8421883 214832023 0.5
8421883 214600492 0.5
8421883 214850940 0.5
8421883 214845585 0.5
6537422 214848845 1
6537422 214588824 1
6537422 214848926 1
6537422 214846464 0.5
6537422 214849018 0.5
6537422 214829765 0.5
6537422 214835167 0.5
8995763 214851080 1
8995763 214716654 1
8995763 214685049 1
8995763 214851161 0.5
8995763 214716714 0.5
8995763 214851028 0.5
8995763 214851317 0.5
5928708 214835745 1
5928708 214835747 1
5928708 214587712 1
5928708 214846061 0.5
10686011 214854527 1
10686011 214853702 1
10686011 214848596 1
10686011 214853707 0.5
10686011 214835167 0.5
2775306 214573123 1
2775306 214835017 1
2775306 214835019 1
2775306 214743335 0.5
8244799 214716671 1
8244799 214685049 1
8244799 214851161 1
8244799 214851080 0.5
9340482 214850947 1
9340482 214850949 1
9340482 214850945 1
9340482 214853422 0.5
9997891 214853460 1
9997891 214853340 1
9997891 214853428 1
9997891 214848298 0.5
7689801 214854632 1
7689801 214554358 1
7689801 214849001 1
7689801 214838107 0.5
7689801 214829878 0.5
7689801 214846031 0.5
4732491 214602733 1
4732491 214845131 1
4732491 214839969 1
4732491 214835469 0.5
8687181 214853128 1
8687181 214850771 1
8687181 214829765 1
8687181 214848302 0.5
9713592 214711307 1
9713592 214850947 1
9713592 214850949 1
9713592 214846258 0.5
4617307 214847255 1
4617307 214847261 1
4617307 214837494 1
4617307 214839971 0.5
10798218 214853102 1
10798218 214854840 1
10798218 214854785 1
10798218 214850304 0.5
10798218 214714755 0.5
10798218 214855016 0.5
10798218 214853100 0.5
10798218 214859246 0.5
10798218 214743067 0.5
8205911 214851290 1
8205911 214564380 1
8205911 214851238 1
8205911 214851232 0.5
8205911 214849031 0.5
8205911 214850621 0.5
8205911 214849012 0.5
8205911 214844347 0.5
8205911 214851101 0.5
10131333 214853702 1
10131333 214853722 1
10131333 214853430 1
10131333 214853698 0.5
5394009 214669730 1
5394009 214826833 1
5394009 214612738 1
5394009 214746380 0.5
9635414 214850942 1
9635414 214853724 1
9635414 214853852 1
9635414 214851750 0.5
9635414 214744779 0.5
9635414 214849455 0.5
9635414 214849363 0.5
9635414 214853210 0.5
9635414 214850940 0.5
771678 214826927 1
771678 214826934 1
771678 214832780 1
771678 214746427 0.5
771678 214753515 0.5
771678 214826908 0.5
771678 214800262 0.5
771678 214586743 0.5
5201168 214826833 1
5201168 214717507 1
5201168 214514246 1
5201168 214819760 0.5
5201168 214819627 0.5
5201168 214829852 0.5
5201168 214826829 0.5
5201168 214844413 0.5
3464802 214836851 1
3464802 214717286 1
3464802 214821401 1
3464802 214586694 0.5
3464802 214820396 0.5
3464802 214839600 0.5
3464802 214836885 0.5
3464802 214829368 0.5
3464802 214826837 0.5
4855398 214845131 1
4855398 214587317 1
4855398 214836855 1
4855398 214691426 0.5
4855398 214602598 0.5
4855398 214586694 0.5
4855398 214691366 0.5
4855398 214842594 0.5
4855398 214835469 0.5
4855398 214839600 0.5
4855398 214829850 0.5
4855398 214829852 0.5
4824337 214712126 1
4824337 214748336 1
4824337 214839973 1
4824337 214839960 0.5
4824337 214674401 0.5
4824337 214819721 0.5
7798377 214716930 1
7798377 214716982 1
7798377 214509401 1
7798377 214716984 0.5
7798377 214716932 0.5
1769067 214821410 1
1769067 214826610 1
1769067 214834880 1
1769067 214821412 0.5
4963948 214845577 1
4963948 214845581 1
4963948 214845352 1
4963948 214640353 0.5
4963948 214845380 0.5
4963948 214743495 0.5
4963948 214820400 0.5
4963948 214819762 0.5
4963948 214612730 0.5
8628157 214853094 1
8628157 214853105 1
8628157 214853085 1
8628157 214853096 0.5
8628157 214853090 0.5
8628157 214851326 0.5
7667362 214850938 1
7667362 214850700 1
7667362 214850936 1
7667362 214826833 0.5
6023658 214848977 1
6023658 214846031 1
6023658 214845135 1
6023658 214829880 0.5
4103444 214685747 1
4103444 214836915 1
4103444 214839755 1
4103444 214835940 0.5
540283 214821339 1
540283 214821315 1
540283 214586711 1
540283 214551617 0.5
540283 214551626 0.5
540283 214612721 0.5
1142399 214821290 1
1142399 214826700 1
1142399 214821277 1
1142399 214554350 0.5
1142399 214583947 0.5
1142399 214556861 0.5
1142399 214826702 0.5
1142399 214548103 0.5
3774083 214829325 1
3774083 214848727 1
3774083 214613638 1
3774083 214835167 0.5
5283921 214848997 1
5283921 214845887 1
5283921 214845581 1
5283921 214845984 0.5
5283921 214845480 0.5
5283921 214849001 0.5
5283921 214829739 0.5
5283921 214832145 0.5
5283921 214845917 0.5
11114119 214853100 1
11114119 214854785 1
11114119 214854787 1
11114119 214853102 0.5
6063756 214676377 1
6063756 214845939 1
6063756 214829790 1
6063756 214832143 0.5
4347533 214838098 1
4347533 214832012 1
4347533 214838105 1
4347533 214674658 0.5
4347533 214831942 0.5
4347533 214826951 0.5
4347533 214839592 0.5
4347533 214836881 0.5
4347533 214838107 0.5
5879443 214846117 1
5879443 214846318 1
5879443 214820377 1
5879443 214582200 0.5
5879443 214845954 0.5
5879443 214845971 0.5
686377 214821309 1
686377 214821305 1
686377 214826615 1
686377 214826621 0.5
9762463 214712051 1
9762463 214546123 1
9762463 214849082 1
9762463 214829312 0.5
2168481 214829846 1
2168481 214829707 1
2168481 214829711 1
2168481 214829865 0.5
2168481 214829878 0.5
3061972 214837882 1
3061972 214835747 1
3061972 214844439 1
3061972 214587712 0.5
6387368 214848384 1
6387368 214848328 1
6387368 214849012 1
6387368 214848845 0.5
9598633 214850366 1
9598633 214853683 1
9598633 214853846 1
9598633 214832619 0.5
9598633 214854125 0.5
9598633 214854159 0.5
9598633 214831955 0.5
9598633 214853722 0.5
9598633 214514287 0.5
9598633 214853340 0.5
6364851 214848615 1
6364851 214848688 1
6364851 214844402 1
6364851 214846530 0.5
6364851 214848695 0.5
6364851 214849070 0.5
6364851 214848656 0.5
6364851 214710097 0.5
6364851 214844372 0.5
6364851 214832023 0.5
6364851 214839932 0.5
7722677 214821022 1
7722677 214850743 1
7722677 214676306 1
7722677 214556840 0.5
7722677 214850771 0.5
7722677 214850756 0.5
9309881 214848371 1
9309881 214844400 1
9309881 214714794 1
9309881 214760893 0.5
4824216 214839956 1
4824216 214602598 1
4824216 214587317 1
4824216 214839977 0.5
9780923 214853700 1
9780923 214853713 1
9780923 214853722 1
9780923 214853698 0.5
9780923 214853702 0.5
10673287 214854354 1
10673287 214854536 1
10673287 214854579 1
10673287 214854352 0.5
10673287 214820394 0.5
10673287 214684762 0.5
10673287 214853726 0.5
9447101 214853420 1
9447101 214846061 1
9447101 214853767 1
9447101 214848658 0.5
9447101 214851581 0.5
10421586 214853767 1
10421586 214853698 1
10421586 214853702 1
10421586 214853707 0.5
7114771 214849466 1
7114771 214850700 1
7114771 214849363 1
7114771 214850938 0.5
7114771 214820394 0.5
7114771 214849389 0.5
7114771 214850743 0.5
2756289 214834867 1
2756289 214835019 1
2756289 214835132 1
2756289 214835137 0.5
4824774 214839960 1
4824774 214834877 1
4824774 214835019 1
4824774 214834880 0.5
4824774 214662763 0.5
4824774 214832557 0.5
4824774 214839975 0.5
4824774 214612730 0.5
4824774 214836330 0.5
4824774 214662759 0.5
4824774 214585644 0.5
4824774 214835469 0.5
4824774 214826990 0.5
4824774 214684845 0.5
4824774 214640017 0.5
4824774 214571188 0.5
4824774 214821017 0.5
4824774 214829850 0.5
4824774 214650609 0.5
4824774 214829852 0.5
4824774 214837882 0.5
4824774 214836926 0.5
2977479 214835019 1
2977479 214835745 1
2977479 214834867 1
2977479 214602802 0.5
10366666 214851326 1
10366666 214853105 1
10366666 214853094 1
10366666 214853248 0.5
10366666 214820938 0.5
10366666 214853085 0.5
9086668 214853420 1
9086668 214850947 1
9086668 214850282 1
9086668 214829878 0.5
9402064 214826893 1
9402064 214853420 1
9402064 214850947 1
9402064 214848300 0.5
9402064 214829790 0.5
1634001 214826589 1
1634001 214834877 1
1634001 214834880 1
1634001 214833755 0.5
1634001 214712126 0.5
1634001 214829366 0.5
6923214 214848795 1
6923214 214848337 1
6923214 214848380 1
6923214 214839617 0.5
3778266 214835167 1
3778266 214835109 1
3778266 214821015 1
3778266 214575065 0.5
3778266 214829282 0.5
3778266 214838227 0.5
3778266 214554982 0.5
3778266 214826617 0.5
1916879 214748295 1
1916879 214748300 1
1916879 214748297 1
1916879 214753513 0.5
1916879 214748338 0.5
1916879 214748293 0.5
11153117 214854853 1
11153117 214854785 1
11153117 214854800 1
11153117 214864880 0.5
11153117 214854840 0.5
11153117 214854782 0.5
1433311 214834877 1
1433311 214834880 1
1433311 214821410 1
1433311 214820392 0.5
1433311 214829852 0.5
1433311 214748334 0.5
1433311 214800262 0.5
1433311 214743495 0.5
4525793 214839973 1
4525793 214845131 1
4525793 214839971 1
4525793 214829280 0.5
4525793 214836857 0.5
4525793 214587317 0.5
6282979 214846535 1
6282979 214848380 1
6282979 214848337 1
6282979 214848328 0.5
6282979 214848656 0.5
8798502 214853090 1
8798502 214853085 1
8798502 214851326 1
8798502 214853096 0.5
4628198 214836519 1
4628198 214838833 1
4628198 214709970 1
4628198 214826833 0.5
4628198 214838109 0.5
4628198 214838102 0.5
4628198 214839913 0.5
2236136 214834997 1
2236136 214829882 1
2236136 214829317 1
2236136 214819762 0.5
2236136 214644317 0.5
102122 214716975 1
102122 214821015 1
102122 214821392 1
102122 214820394 0.5
102122 214820454 0.5
6190834 214846460 1
6190834 214846425 1
6190834 214846466 1
6190834 214667912 0.5
6190834 214845420 0.5
2420468 214748338 1
2420468 214753513 1
2420468 214836517 1
2420468 214829880 0.5
2420468 214831946 0.5
2420468 214829878 0.5
4398377 214635493 1
4398377 214838102 1
4398377 214587697 1
4398377 214839973 0.5
4398377 214837494 0.5
4398377 214821015 0.5
4398377 214838105 0.5
4398377 214716635 0.5
4398377 214839965 0.5
8343298 214851583 1
8343298 214851294 1
8343298 214851150 1
8343298 214851146 0.5
8343298 214540597 0.5
8343298 214550621 0.5
7986949 214850366 1
7986949 214684715 1
7986949 214714663 1
7986949 214850282 0.5
7986949 214849740 0.5
10776328 214687845 1
10776328 214687475 1
10776328 214854583 1
10776328 214846391 0.5
2720929 214835747 1
2720929 214835745 1
2720929 214835017 1
2720929 214587712 0.5
2720929 214835019 0.5
2720929 214609325 0.5
8659927 214677615 1
8659927 214581611 1
8659927 214678387 1
8659927 214819393 0.5
8659927 214853128 0.5
8659927 214853130 0.5
8659927 214853169 0.5
8659927 214676306 0.5
8659927 214821017 0.5
9776908 214853698 1
9776908 214853702 1
9776908 214854118 1
9776908 214853413 0.5
9776908 214744775 0.5
9776908 214854152 0.5
9776908 214854540 0.5
9776908 214853709 0.5
9776908 214838225 0.5
9776908 214820402 0.5
9776908 214826610 0.5
9776908 214853722 0.5
4986638 214716977 1
4986638 214839311 1
4986638 214716975 1
4986638 214819468 0.5
1188141 214717005 1
1188141 214829325 1
1188141 214829332 1
1188141 214717007 0.5
9965329 214853435 1
9965329 214853994 1
9965329 214853846 1
9965329 214854176 0.5
9965329 214849764 0.5
9965329 214848165 0.5
9965329 214850792 0.5
9965329 214718220 0.5
9965329 214844396 0.5
9965329 214854152 0.5
9965329 214718169 0.5
9965329 214853413 0.5
11233042 214854720 1
11233042 214854718 1
11233042 214854716 1
11233042 214710013 0.5
380692 214826700 1
380692 214838750 1
380692 214826889 1
380692 214826900 0.5
5113627 214845577 1
5113627 214838094 1
5113627 214837288 1
5113627 214837280 0.5
8123901 214850619 1
8123901 214564387 1
8123901 214850940 1
8123901 214850848 0.5
9539362 214854159 1
9539362 214854065 1
9539362 214675888 1
9539362 214853077 0.5
9539362 214601462 0.5
2670371 214829878 1
2670371 214826979 1
2670371 214829882 1
2670371 214829887 0.5
2670371 214831965 0.5
2670371 214843997 0.5
10155813 214854358 1
10155813 214567333 1
10155813 214854510 1
10155813 214684785 0.5
10155813 214853715 0.5
10155813 214567327 0.5
10155813 214557223 0.5
6412593 214848980 1
6412593 214848973 1
6412593 214708374 1
6412593 214848620 0.5
6412593 214848605 0.5
6412593 214820214 0.5
868138 214821290 1
868138 214837485 1
868138 214838831 1
868138 214837442 0.5
868138 214837490 0.5
868138 214837487 0.5
11050798 214853102 1
11050798 214686864 1
11050798 214864880 1
11050798 214855016 0.5
11050798 214854785 0.5
11050798 214854840 0.5
6598551 214845583 1
6598551 214844347 1
6598551 214838137 1
6598551 214849312 0.5
6598551 214586432 0.5
6598551 214832747 0.5
6598551 214836932 0.5
6598551 214586694 0.5
6598551 214851009 0.5
6598551 214849001 0.5
6598551 214820199 0.5
6598551 214829280 0.5
6598551 214835087 0.5
6598551 214839600 0.5
6598551 214848849 0.5
6598551 214543922 0.5
6598551 214587317 0.5
6598551 214829366 0.5
6598551 214850788 0.5
6598551 214717850 0.5
6598551 214716667 0.5
6598551 214845887 0.5
5537591 214844398 1
5537591 214844370 1
5537591 214829878 1
5537591 214557009 0.5
5537591 214577450 0.5
5537591 214846033 0.5
5537591 214846007 0.5
5537591 214835064 0.5
5537591 214684730 0.5
5537591 214838107 0.5
5842746 214845971 1
5842746 214819640 1
5842746 214849010 1
5842746 214811758 0.5
5842746 214846117 0.5
5842746 214709702 0.5
10954556 214853362 1
10954556 214854840 1
10954556 214853102 1
10954556 214854733 0.5
238218 214821024 1
238218 214821020 1
238218 214819547 1
238218 214819552 0.5
238218 214718160 0.5
238218 214587384 0.5
8533301 214850700 1
8533301 214850705 1
8533301 214533022 1
8533301 214839617 0.5
8533301 214551626 0.5
10130059 214848658 1
10130059 214853767 1
10130059 214853713 1
10130059 214853698 0.5
10130059 214853707 0.5
10130059 214853730 0.5
10130059 214853702 0.5
10130059 214717562 0.5
10795707 214853085 1
10795707 214853096 1
10795707 214853105 1
10795707 214852980 0.5
1152839 214819430 1
1152839 214839600 1
1152839 214829321 1
1152839 214800272 0.5
1152839 214748336 0.5
1152839 214714779 0.5
1152839 214832780 0.5
1152839 214601233 0.5
6134412 214835473 1
6134412 214835426 1
6134412 214835070 1
6134412 214717412 0.5
6134412 214826949 0.5
10495818 214585633 1
10495818 214829880 1
10495818 214829878 1
10495818 214674682 0.5
3925836 214835017 1
3925836 214836795 1
3925836 214829769 1
3925836 214826938 0.5
3925836 214835107 0.5
237393 214705757 1
237393 214820237 1
237393 214709645 1
237393 214829737 0.5
237393 214716986 0.5
237393 214709685 0.5
7649109 214848375 1
7649109 214845422 1
7649109 214844462 1
7649109 214579875 0.5
7649109 214850692 0.5
7649109 214850405 0.5
7649109 214850760 0.5
7649109 214714794 0.5
7649109 214684942 0.5
7649109 214564382 0.5
2867032 214826947 1
2867032 214829660 1
2867032 214829385 1
2867032 214677401 0.5
10246117 214854352 1
10246117 214854495 1
10246117 214854230 1
10246117 214854545 0.5
10246117 214556218 0.5
10246117 214567333 0.5
4841314 214831959 1
4841314 214820400 1
4841314 214717539 1
4841314 214587712 0.5
4841314 214820402 0.5
4841314 214829797 0.5
527717 214821302 1
527717 214821305 1
527717 214821339 1
527717 214821307 0.5
1757034 214691426 1
1757034 214545879 1
1757034 214587317 1
1757034 214834880 0.5
1757034 214640017 0.5
1757034 214829366 0.5
5703531 214846012 1
5703531 214838102 1
5703531 214845354 1
5703531 214706428 0.5
5703531 214831948 0.5
4296556 214839587 1
4296556 214828985 1
4296556 214838137 1
4296556 214839600 0.5
4296556 214819721 0.5
4296556 214819762 0.5
7123574 214853758 1
7123574 214849766 1
7123574 214853173 1
7123574 214828882 0.5
2226493 214533022 1
2226493 214643036 1
2226493 214668583 1
2226493 214645785 0.5
2226493 214645708 0.5
909111 214826615 1
909111 214826617 1
909111 214826621 1
909111 214717877 0.5
6246259 214848622 1
6246259 214844398 1
6246259 214846477 1
6246259 214839971 0.5
6246259 214839973 0.5
6246259 214848695 0.5
6246259 214848656 0.5
6246259 214710097 0.5
6246259 214848950 0.5
6246259 214846007 0.5
3090292 214836517 1
3090292 214829880 1
3090292 214831955 1
3090292 214686082 0.5
2436981 214829880 1
2436981 214831946 1
2436981 214829882 1
2436981 214831948 0.5
2436981 214829878 0.5
11242473 214559960 1
11242473 214854585 1
11242473 214854547 1
11242473 214849312 0.5
11242473 214850786 0.5
11242473 214557701 0.5
11242473 214850790 0.5
11242473 214643657 0.5
11242473 214648247 0.5
11242473 214854542 0.5
11242473 214602352 0.5
11242473 214845585 0.5
11242473 214602354 0.5
11242473 214849395 0.5
11242473 214602793 0.5
11242473 214561481 0.5
11242473 214851097 0.5
11242473 214826953 0.5
11242473 214835462 0.5
11242473 214648254 0.5
11242473 214821397 0.5
4595578 214836926 1
4595578 214839969 1
4595578 214602733 1
4595578 214826977 0.5
4595578 214835747 0.5
4595578 214839975 0.5
4595578 214838137 0.5
4595578 214837882 0.5
4595578 214839932 0.5
501631 214717003 1
501631 214821309 1
501631 214821305 1
501631 214586711 0.5
7128963 214850285 1
7128963 214850295 1
7128963 214849132 1
7128963 214850625 0.5
10264452 214854536 1
10264452 214854352 1
10264452 214848849 1
10264452 214854731 0.5
10264452 214718220 0.5
9338757 214853420 1
9338757 214665277 1
9338757 214845583 1
9338757 214708307 0.5
9338757 214853428 0.5
9338757 214853422 0.5
2639751 214835019 1
2639751 214835747 1
2639751 214835017 1
2639751 214829880 0.5
2639751 214837918 0.5
2639751 214829878 0.5
2969949 214650641 1
2969949 214829880 1
2969949 214829090 1
2969949 214514274 0.5
2969949 214829878 0.5
2969949 214826985 0.5
2969949 214826955 0.5
2969949 214819760 0.5
2969949 214835124 0.5
2969949 214718390 0.5
2969949 214703771 0.5
2969949 214829885 0.5
5753169 214848997 1
5753169 214835017 1
5753169 214845887 1
5753169 214748336 0.5
5753169 214846007 0.5
5753169 214846061 0.5
5753169 214846117 0.5
8353678 214716671 1
8353678 214851161 1
8353678 214851581 1
8353678 214851317 0.5
9609104 214853428 1
9609104 214853460 1
9609104 214853420 1
9609104 214668667 0.5
8425361 214846127 1
8425361 214849284 1
8425361 214834880 1
8425361 214851137 0.5
8425361 214848997 0.5
8425361 214552522 0.5
8425361 214851133 0.5
8425361 214850450 0.5
8425361 214851290 0.5
8425361 214851099 0.5
8425361 214551626 0.5
2393049 214835747 1
2393049 214835017 1
2393049 214835019 1
2393049 214587712 0.5
4437907 214839356 1
4437907 214838109 1
4437907 214706203 1
4437907 214847968 0.5
4437907 214826951 0.5
4437907 214600492 0.5
4437907 214832012 0.5
4437907 214602802 0.5
4437907 214838098 0.5
1885166 214831948 1
1885166 214829878 1
1885166 214831965 1
1885166 214667912 0.5
1885166 214819468 0.5
7901079 214850936 1
7901079 214850741 1
7901079 214850771 1
7901079 214850692 0.5
3905432 214820452 1
3905432 214839982 1
3905432 214835109 1
3905432 214838227 0.5
3905432 214826990 0.5
5220249 214832156 1
5220249 214838094 1
5220249 214837286 1
5220249 214837280 0.5
5220249 214826818 0.5
5220249 214838092 0.5
5220249 214832154 0.5
6757359 214848947 1
6757359 214848941 1
6757359 214849097 1
6757359 214849100 0.5
6885278 214848849 1
6885278 214848658 1
6885278 214849344 1
6885278 214851009 0.5
6885278 214530555 0.5
6885278 214849022 0.5
6885278 214849046 0.5
6885278 214554982 0.5
7893368 214850938 1
7893368 214849136 1
7893368 214849153 1
7893368 214851011 0.5
7893368 214850364 0.5
7893368 214850739 0.5
7893368 214587028 0.5
7893368 214587317 0.5
7893368 214850743 0.5
7893368 214850619 0.5
7893368 214821020 0.5
7893368 214849395 0.5
7893368 214849247 0.5
5977071 214849001 1
5977071 214846014 1
5977071 214846012 1
5977071 214846033 0.5
5977071 214839587 0.5
5977071 214846127 0.5
325754 214826891 1
325754 214826893 1
325754 214826829 1
325754 214600989 0.5
325754 214711438 0.5
3762164 214839341 1
3762164 214836941 1
3762164 214839395 1
3762164 214829769 0.5
3762164 214645618 0.5
3762164 214836795 0.5
3762164 214613741 0.5
3762164 214595150 0.5
4294576 214820842 1
4294576 214838122 1
4294576 214714717 1
4294576 214694308 0.5
10342387 214848377 1
10342387 214848380 1
10342387 214853385 1
10342387 214848337 0.5
10342387 214851290 0.5
6852537 214674767 1
6852537 214832604 1
6852537 214716707 1
6852537 214716710 0.5
10389151 214854538 1
10389151 214854300 1
10389151 214854585 1
10389151 214854515 0.5
10389151 214854579 0.5
10389151 214850741 0.5
5193661 214651777 1
5193661 214821022 1
5193661 214821024 1
5193661 214718160 0.5
5193661 214718169 0.5
10403776 214687475 1
10403776 214848315 1
10403776 214853497 1
10403776 214854819 0.5
10403776 214687845 0.5
10403776 214846391 0.5
10403776 214854125 0.5
10403776 214859246 0.5
10403776 214849807 0.5
10403776 214854838 0.5
10403776 214819410 0.5
10403776 214850422 0.5
10403776 214854583 0.5
10403776 214652216 0.5
10403776 214857167 0.5
10403776 214854075 0.5
10403776 214854174 0.5
10403776 214854815 0.5
8712131 214853132 1
8712131 214853222 1
8712131 214853242 1
8712131 214850726 0.5
8712131 214851750 0.5
5168799 214819627 1
5168799 214831955 1
5168799 214831946 1
5168799 214829878 0.5
1343429 214691563 1
1343429 214834991 1
1343429 214834877 1
1343429 214834880 0.5
1343429 214691587 0.5
1343429 214819430 0.5
1343429 214843526 0.5
1343429 214832780 0.5
1343429 214748336 0.5
1343429 214829366 0.5
8754849 214853094 1
8754849 214853077 1
8754849 214853105 1
8754849 214853085 0.5
7063496 214850282 1
7063496 214850295 1
7063496 214849809 1
7063496 214850291 0.5
7063496 214850310 0.5
468937 214844297 1
468937 214820237 1
468937 214709690 1
468937 214820192 0.5
468937 214820225 0.5
5683191 214829775 1
5683191 214849001 1
5683191 214826949 1
5683191 214821401 0.5
5683191 214717286 0.5
1695692 214834877 1
1695692 214826610 1
1695692 214829366 1
1695692 214829387 0.5
1695692 214833755 0.5
1695692 214826619 0.5
532429 214551913 1
532429 214556477 1
532429 214821296 1
532429 214843905 0.5
1675217 214833755 1
1675217 214829387 1
1675217 214826610 1
1675217 214834877 0.5
4614099 214836506 1
4614099 214540125 1
4614099 214701307 1
4614099 214540175 0.5
4587476 214839915 1
4587476 214839347 1
4587476 214587317 1
4587476 214839973 0.5
4587476 214602598 0.5
4587476 214600492 0.5
4587476 214836883 0.5
4587476 214836855 0.5
4587476 214836857 0.5
7952342 214850938 1
7952342 214564387 1
7952342 214850619 1
7952342 214850848 0.5
7952342 214849395 0.5
7952342 214850741 0.5
10274777 214684785 1
10274777 214854819 1
10274777 214854356 1
10274777 214854860 0.5
10274777 214712244 0.5
10274777 214854358 0.5
10274777 214684762 0.5
10274777 214854172 0.5
10274777 214853726 0.5
9058269 214851101 1
9058269 214851232 1
9058269 214856863 1
9058269 214851326 0.5
9058269 214856867 0.5
9058269 214564380 0.5
9058269 214853398 0.5
9058269 214849102 0.5
5976032 214848328 1
5976032 214848977 1
5976032 214836881 1
5976032 214848596 0.5
5976032 214835109 0.5
5976032 214846535 0.5
2471909 214829878 1
2471909 214829882 1
2471909 214829887 1
2471909 214831946 0.5
1978342 214834997 1
1978342 214743495 1
1978342 214829381 1
1978342 214582952 0.5
1978342 214819721 0.5
1978342 214826615 0.5
11220967 214854789 1
11220967 214854840 1
11220967 214853102 1
11220967 214684730 0.5
10309612 214685623 1
10309612 214687845 1
10309612 214854583 1
10309612 214687475 0.5
7479278 214587317 1
7479278 214849247 1
7479278 214845581 1
7479278 214829775 0.5
7479278 214586743 0.5
9017683 214853090 1
9017683 214845410 1
9017683 214851326 1
9017683 214853096 0.5
2543606 214829852 1
2543606 214753515 1
2543606 214829850 1
2543606 214556840 0.5
131063 214821290 1
131063 214717562 1
131063 214819562 1
131063 214554272 0.5
131063 214716902 0.5
131063 214687852 0.5
131063 214748336 0.5
131063 214826615 0.5
131063 214826619 0.5
6745428 214849762 1
6745428 214849807 1
6745428 214849736 1
6745428 214848849 0.5
647162 214535621 1
647162 214829310 1
647162 214536195 1
647162 214536187 0.5
2272619 214829887 1
2272619 214829878 1
2272619 214829882 1
2272619 214829885 0.5
5266339 214844347 1
5266339 214844342 1
5266339 214844396 1
5266339 214838137 0.5
5266339 214845587 0.5
5266339 214844345 0.5
