6559192 214826998 1
6559192 214835019 1
6559192 214526083 1
6559192 214826977 0.5
6559192 214845131 0.5
6559192 214743495 0.5
6559192 214577387 0.5
6559192 214587317 0.5
6559192 214828985 0.5
6559192 214821401 0.5
278534 214820400 1
278534 214820402 1
278534 214819376 1
278534 214819760 0.5
278534 214820392 0.5
278534 214573288 0.5
278534 214819374 0.5
278534 214832657 0.5
7718919 214851592 1
7718919 214851579 1
7718919 214850405 1
7718919 214850760 0.5
9376149 214853342 1
9376149 214853321 1
9376149 214853340 1
9376149 214831955 0.5
9376149 214829887 0.5
5314574 214718162 1
5314574 214844396 1
5314574 214836330 1
5314574 214844400 0.5
5314574 214829850 0.5
5314574 214835109 0.5
7090192 214850304 1
7090192 214850315 1
7090192 214826715 1
7090192 214832012 0.5
7090192 214850310 0.5
7090192 214832015 0.5
8943634 214851326 1
8943634 214853090 1
8943634 214853105 1
8943634 214853248 0.5
1327124 214834877 1
1327124 214834880 1
1327124 214828965 1
1327124 214685152 0.5
1327124 214826563 0.5
1327124 214711556 0.5
1327124 214554277 0.5
1327124 214819430 0.5
1327124 214826992 0.5
1327124 214826996 0.5
1327124 214835002 0.5
9077248 214853096 1
9077248 214853105 1
9077248 214851326 1
9077248 214853085 0.5
9744408 214853420 1
9744408 214853422 1
9744408 214829878 1
9744408 214846033 0.5
9744408 214829882 0.5
9744408 214850949 0.5
9744408 214853454 0.5
8755204 214851232 1
8755204 214851290 1
8755204 214849018 1
8755204 214564380 0.5
8755204 214835167 0.5
10543132 214567333 1
10543132 214567329 1
10543132 214567215 1
10543132 214687475 0.5
10543132 214854268 0.5
9633822 214850295 1
9633822 214850282 1
9633822 214829887 1
9633822 214711307 0.5
9633822 214850947 0.5
9633822 214853420 0.5
9289759 214853342 1
9289759 214850945 1
9289759 214711307 1
9289759 214850953 0.5
9289759 214850947 0.5
9289759 214853420 0.5
9289759 214853381 0.5
9289759 214853158 0.5
6625314 214846460 1
6625314 214850780 1
6625314 214846470 1
6625314 214716641 0.5
6625314 214850402 0.5
6625314 214849745 0.5
6625314 214848622 0.5
6625314 214846065 0.5
6625314 214846070 0.5
5933091 214846417 1
5933091 214850876 1
5933091 214844396 1
5933091 214844400 0.5
5933091 214846530 0.5
5933091 214826874 0.5
5933091 214844398 0.5
4347946 214838109 1
4347946 214828991 1
4347946 214839937 1
4347946 214831970 0.5
4347946 214839973 0.5
4347946 214602598 0.5
4347946 214587317 0.5
4347946 214826998 0.5
4347946 214717850 0.5
9388076 214853317 1
9388076 214853420 1
9388076 214853422 1
9388076 214850945 0.5
9388076 214680371 0.5
11544622 214857549 1
11544622 214857260 1
11544622 214857568 1
11544622 214850760 0.5
11544622 214857547 0.5
11544622 214854165 0.5
1683503 214829396 1
1683503 214821410 1
1683503 214826561 1
1683503 214642153 0.5
11243568 214854549 1
11243568 214854579 1
11243568 214849464 1
11243568 214854547 0.5
11243568 214854495 0.5
8620082 214677615 1
8620082 214850936 1
8620082 214651777 1
8620082 214821017 0.5
8620082 214676306 0.5
11102259 214857557 1
11102259 214857262 1
11102259 214857570 1
11102259 214857782 0.5
9007161 214853130 1
9007161 214851742 1
9007161 214845962 1
9007161 214819393 0.5
9007161 214848926 0.5
5814332 214845917 1
5814332 214846001 1
5814332 214846447 1
5814332 214846061 0.5
5814332 214846007 0.5
8678069 214851581 1
8678069 214852978 1
8678069 214852980 1
8678069 214853225 0.5
8678069 214851163 0.5
8678069 214851317 0.5
6252608 214848950 1
6252608 214848622 1
6252608 214848656 1
6252608 214844400 0.5
6252608 214848695 0.5
7125057 214849809 1
7125057 214850366 1
7125057 214684717 1
7125057 214850368 0.5
7125057 214849466 0.5
7125057 214684715 0.5
11161666 214854793 1
11161666 214864880 1
11161666 214854787 1
11161666 214853102 0.5
1564742 214834880 1
1564742 214829387 1
1564742 214833755 1
1564742 214826610 0.5
5003337 214844330 1
5003337 214602830 1
5003337 214844332 1
5003337 214844327 0.5
7544908 214850621 1
7544908 214850936 1
7544908 214819577 1
7544908 214850720 0.5
7544908 214573305 0.5
7544908 214564382 0.5
11327842 214854146 1
11327842 214853848 1
11327842 214685049 1
11327842 214684942 0.5
11327842 214567215 0.5
11327842 214554675 0.5
11327842 214552142 0.5
11327842 214677401 0.5
11327842 214854268 0.5
11327842 214567327 0.5
11491408 214853072 1
11491408 214712242 1
11491408 214854780 1
11491408 214676480 0.5
11491408 214712244 0.5
11491408 214690839 0.5
8943697 214853085 1
8943697 214853094 1
8943697 214853090 1
8943697 214853096 0.5
2719849 214835017 1
2719849 214835019 1
2719849 214834867 1
2719849 214832792 0.5
10975271 214853096 1
10975271 214854300 1
10975271 214852980 1
10975271 214567329 0.5
10975271 214716645 0.5
10975271 214853105 0.5
10975271 214854510 0.5
10975271 214684785 0.5
10975271 214854358 0.5
10975271 214684762 0.5
10975271 214853085 0.5
10975271 214853726 0.5
4661338 214829287 1
4661338 214839960 1
4661338 214836853 1
4661338 214836330 0.5
4661338 214845131 0.5
4661338 214829852 0.5
4661338 214829850 0.5
4661338 214839967 0.5
10082399 214853702 1
10082399 214853767 1
10082399 214853730 1
10082399 214853707 0.5
11126884 214853102 1
11126884 214864880 1
11126884 214854840 1
11126884 214854823 0.5
11126884 214855016 0.5
11126884 214848658 0.5
11126884 214706102 0.5
11126884 214854298 0.5
11126884 214854527 0.5
6590566 214848954 1
6590566 214848986 1
6590566 214849318 1
6590566 214849046 0.5
9228393 214850949 1
9228393 214850947 1
9228393 214711307 1
9228393 214848185 0.5
8009834 214851165 1
8009834 214716746 1
8009834 214851131 1
8009834 214851579 0.5
8009834 214832567 0.5
6328428 214587317 1
6328428 214640017 1
6328428 214845917 1
6328428 214839969 0.5
6328428 214849046 0.5
6328428 214602598 0.5
6328428 214602733 0.5
6328428 214848656 0.5
6328428 214826998 0.5
6328428 214828985 0.5
6328428 214845885 0.5
5132397 214585633 1
5132397 214819627 1
5132397 214831955 1
5132397 214829280 0.5
5132397 214845577 0.5
5132397 214819468 0.5
10602608 214854536 1
10602608 214854354 1
10602608 214854352 1
10602608 214853244 0.5
4227186 214836512 1
4227186 214839594 1
4227186 214832012 1
4227186 214831944 0.5
4227186 214831942 0.5
498712 214820402 1
498712 214587712 1
498712 214587697 1
498712 214800272 0.5
498712 214718385 0.5
362616 214709634 1
362616 214820441 1
362616 214826623 1
362616 214826702 0.5
9445497 214711307 1
9445497 214853342 1
9445497 214850942 1
9445497 214853422 0.5
4749434 214838102 1
4749434 214554384 1
4749434 214575193 1
4749434 214844456 0.5
4749434 214819772 0.5
4749434 214844458 0.5
4749434 214844439 0.5
4749434 214831948 0.5
4749434 214554358 0.5
4749434 214551607 0.5
4749434 214821339 0.5
4749434 214533020 0.5
4749434 214716926 0.5
5455996 214845917 1
5455996 214846012 1
5455996 214845984 1
5455996 214819779 0.5
5455996 214845489 0.5
5455996 214835019 0.5
5455996 214846033 0.5
5455996 214846007 0.5
5455996 214845887 0.5
4507779 214826833 1
4507779 214602598 1
4507779 214540125 1
4507779 214835469 0.5
4507779 214839962 0.5
4507779 214829852 0.5
4507779 214839965 0.5
4507779 214839967 0.5
4507779 214839969 0.5
4507779 214839971 0.5
4507779 214839973 0.5
4507779 214839975 0.5
4507779 214587317 0.5
4507779 214601272 0.5
4507779 214828985 0.5
4507779 214581690 0.5
4507779 214845131 0.5
4507779 214829775 0.5
4507779 214829280 0.5
4507779 214829287 0.5
4507779 214836330 0.5
4507779 214836853 0.5
4507779 214837494 0.5
4507779 214836855 0.5
4507779 214836857 0.5
8205334 214848380 1
8205334 214848337 1
8205334 214851585 1
8205334 214849312 0.5
8205334 214833755 0.5
8205334 214832747 0.5
8205334 214836932 0.5
8205334 214835109 0.5
8205334 214848682 0.5
8205334 214829387 0.5
8205334 214667857 0.5
8205334 214829366 0.5
8205334 214850743 0.5
8205334 214848377 0.5
8205334 214844347 0.5
8205334 214821015 0.5
1648776 214829083 1
1648776 214829085 1
1648776 214821285 1
1648776 214820227 0.5
1648776 214829079 0.5
8608791 214851234 1
8608791 214685049 1
8608791 214716746 1
8608791 214851080 0.5
8608791 214851131 0.5
5820561 214849001 1
5820561 214846033 1
5820561 214846447 1
5820561 214835473 0.5
5820561 214845917 0.5
14484 214748293 1
14484 214748297 1
14484 214753513 1
14484 214748338 0.5
14484 214748300 0.5
3326102 214840545 1
3326102 214836915 1
3326102 214826608 1
3326102 214842553 0.5
3326102 214840556 0.5
5939354 214846460 1
5939354 214846472 1
5939354 214836830 1
5939354 214836875 0.5
5939354 214846389 0.5
8277359 214850771 1
8277359 214561775 1
8277359 214850720 1
8277359 214564387 0.5
8277359 214716645 0.5
8277359 214850758 0.5
8277359 214821020 0.5
8277359 214676375 0.5
8277359 214561485 0.5
8277359 214676306 0.5
8277359 214850739 0.5
8277359 214850743 0.5
8277359 214850936 0.5
8277359 214850713 0.5
8277359 214850938 0.5
8277359 214850619 0.5
8277359 214850940 0.5
8277359 214573310 0.5
59548 214826608 1
59548 214826715 1
59548 214826627 1
59548 214826623 0.5
3768478 214835109 1
3768478 214834877 1
3768478 214838227 1
3768478 214829321 0.5
3768478 214601233 0.5
3768478 214821401 0.5
3768478 214819740 0.5
3768478 214581536 0.5
3768478 214839587 0.5
3768478 214717860 0.5
3768478 214826927 0.5
3768478 214839600 0.5
3768478 214706102 0.5
3768478 214819721 0.5
3768478 214644536 0.5
3768478 214828985 0.5
3768478 214685242 0.5
3768478 214668219 0.5
3768478 214836926 0.5
3768478 214826818 0.5
3768478 214826947 0.5
3768478 214836932 0.5
3768478 214829366 0.5
3768478 214743495 0.5
3768478 214820810 0.5
3768478 214835019 0.5
3768478 214557009 0.5
3768478 214553565 0.5
3768478 214829797 0.5
3768478 214602598 0.5
3768478 214581611 0.5
3768478 214826990 0.5
3768478 214826610 0.5
3768478 214561402 0.5
11243683 214854853 1
11243683 214854795 1
11243683 214854797 1
11243683 214854800 0.5
11243683 214854787 0.5
11243683 214832015 0.5
5745351 214748338 1
5745351 214748293 1
5745351 214753513 1
5745351 214850677 0.5
3518636 214540127 1
3518636 214832124 1
3518636 214832126 1
3518636 214832115 0.5
3518636 214829364 0.5
3518636 214642805 0.5
4843702 214845577 1
4843702 214829878 1
4843702 214845352 1
4843702 214711408 0.5
4843702 214826835 0.5
4843702 214838105 0.5
4843702 214684730 0.5
4843702 214718398 0.5
4843702 214829887 0.5
1976359 214826814 1
1976359 214716943 1
1976359 214826895 1
1976359 214716928 0.5
1976359 214716937 0.5
1976359 214717003 0.5
1976359 214716973 0.5
1976359 214717007 0.5
1976359 214716945 0.5
1976359 214554358 0.5
1976359 214743497 0.5
1976359 214716926 0.5
1976359 214821407 0.5
9069553 214853242 1
9069553 214853210 1
9069553 214851750 1
9069553 214820225 0.5
9069553 214839163 0.5
9069553 214853222 0.5
9069553 214850855 0.5
9069553 214853225 0.5
9069553 214853132 0.5
9069553 214839150 0.5
9069553 214839600 0.5
9069553 214853237 0.5
9069553 214580240 0.5
2123972 214829865 1
2123972 214829846 1
2123972 214829711 1
2123972 214716110 0.5
2123972 214821305 0.5
2123972 214829861 0.5
2123972 214821302 0.5
252101 214827000 1
252101 214827007 1
252101 214826925 1
252101 214577518 0.5
6631622 214844355 1
6631622 214849740 1
6631622 214844370 1
6631622 214846468 0.5
6631622 214846421 0.5
7015457 214849136 1
7015457 214849250 1
7015457 214849194 1
7015457 214849155 0.5
7015457 214849031 0.5
7015457 214819464 0.5
7015457 214586743 0.5
7015457 214849466 0.5
7015457 214850364 0.5
11348168 214857562 1
11348168 214857570 1
11348168 214857547 1
11348168 214849048 0.5
11348168 214853083 0.5
11348168 214849052 0.5
11348168 214857262 0.5
5646538 214846127 1
5646538 214845806 1
5646538 214845380 1
5646538 214569474 0.5
5646538 214717412 0.5
5646538 214826711 0.5
5646538 214844396 0.5
5646538 214718158 0.5
5646538 214845457 0.5
5646538 214835124 0.5
5646538 214846007 0.5
5646538 214702905 0.5
5646538 214829850 0.5
5646538 214848695 0.5
5646538 214835070 0.5
9734347 214844439 1
9734347 214551626 1
9734347 214716982 1
9734347 214533020 0.5
11374796 214578011 1
11374796 214857204 1
11374796 214835004 1
11374796 214857551 0.5
9027792 214851075 1
9027792 214746427 1
9027792 214851122 1
9027792 214829280 0.5
9027792 214851137 0.5
9027792 214577450 0.5
9027792 214853094 0.5
9027792 214718385 0.5
9375954 214850310 1
9375954 214850295 1
9375954 214820758 1
9375954 214850285 0.5
5220387 214838094 1
5220387 214838092 1
5220387 214631002 1
5220387 214837280 0.5
5220387 214641967 0.5
9328852 214853460 1
9328852 214850947 1
9328852 214853428 1
9328852 214711307 0.5
7303383 214848947 1
7303383 214848941 1
7303383 214848954 1
7303383 214848952 0.5
7303383 214851009 0.5
2410714 214826983 1
2410714 214826985 1
2410714 214829887 1
2410714 214600509 0.5
2787023 214587712 1
2787023 214826587 1
2787023 214834867 1
2787023 214609325 0.5
9556188 214853420 1
9556188 214850942 1
9556188 214853422 1
9556188 214853428 0.5
880863 214837485 1
880863 214837483 1
880863 214839386 1
880863 214826912 0.5
880863 214826925 0.5
9029328 214853237 1
9029328 214853242 1
9029328 214853210 1
9029328 214853182 0.5
2797947 214835017 1
2797947 214835019 1
2797947 214587697 1
2797947 214836133 0.5
2797947 214844486 0.5
10395876 214684762 1
10395876 214567327 1
10395876 214567333 1
10395876 214854146 0.5
10395876 214854358 0.5
10395876 214854510 0.5
10395876 214684785 0.5
10395876 214854579 0.5
10395876 214854262 0.5
10395876 214853726 0.5
10395876 214854335 0.5
11124967 214853100 1
11124967 214854782 1
11124967 214854785 1
11124967 214854800 0.5
11124967 214864880 0.5
11124967 214744258 0.5
11124967 214854789 0.5
11124967 214853102 0.5
8557607 214851161 1
8557607 214851080 1
8557607 214685049 1
8557607 214851234 0.5
8557607 214848851 0.5
8557607 214716746 0.5
8557607 214716714 0.5
1751278 214716710 1
1751278 214835210 1
1751278 214716707 1
1751278 214744427 0.5
1751278 214821412 0.5
1751278 214826589 0.5
7348464 214849764 1
7348464 214849290 1
7348464 214849127 1
7348464 214842733 0.5
5662961 214846031 1
5662961 214846033 1
5662961 214748289 1
5662961 214852050 0.5
5662961 214848997 0.5
1964276 214743495 1
1964276 214744535 1
1964276 214791688 1
1964276 214712229 0.5
1964276 214663310 0.5
1964276 214829053 0.5
11053303 214854716 1
11053303 214854585 1
11053303 214853083 1
11053303 214854722 0.5
11053303 214854718 0.5
11053303 214853079 0.5
2797802 214832555 1
2797802 214829660 1
2797802 214829657 1
2797802 214557217 0.5
2797802 214840483 0.5
2797802 214835750 0.5
2797802 214829385 0.5
2797802 214652970 0.5
2797802 214743339 0.5
2797802 214708370 0.5
2797802 214835107 0.5
2797802 214684725 0.5
2797802 214677401 0.5
2797802 214835002 0.5
2797802 214748287 0.5
2797802 214710101 0.5
2500421 214831946 1
2500421 214829880 1
2500421 214829882 1
2500421 214829878 0.5
1921278 214831948 1
1921278 214829882 1
1921278 214831946 1
1921278 214819400 0.5
1921278 214684710 0.5
9623808 214829887 1
9623808 214846029 1
9623808 214853420 1
9623808 214684736 0.5
9623808 214850947 0.5
9623808 214746365 0.5
9623808 214849318 0.5
5558529 214835426 1
5558529 214835428 1
5558529 214835473 1
5558529 214835064 0.5
5558529 214838225 0.5
5558529 214696899 0.5
5558529 214835070 0.5
8538371 214848845 1
8538371 214851131 1
8538371 214716746 1
8538371 214684942 0.5
4281603 214839975 1
4281603 214826990 1
4281603 214835167 1
4281603 214829765 0.5
4281603 214831967 0.5
770434 214839999 1
770434 214839313 1
770434 214840001 1
770434 214839997 0.5
770434 214718398 0.5
770434 214826799 0.5
10072337 214854495 1
10072337 214853930 1
10072337 214854335 1
10072337 214684498 0.5
10072337 214853722 0.5
1073539 214554450 1
1073539 214820805 1
1073539 214820197 1
1073539 214560140 0.5
1073539 214603138 0.5
1073539 214642059 0.5
1073539 214603140 0.5
1073539 214820405 0.5
1485076 214826610 1
1485076 214834877 1
1485076 214829705 1
1485076 214821412 0.5
1485076 214826589 0.5
3143961 214829012 1
3143961 214836870 1
3143961 214586668 1
3143961 214612730 0.5
3143961 214835019 0.5
3143961 214586469 0.5
3143961 214602806 0.5
3143961 214829850 0.5
4197621 214839965 1
4197621 214832147 1
4197621 214826893 1
4197621 214711307 0.5
4197621 214838105 0.5
4197621 214835107 0.5
4197621 214829790 0.5
3835951 214820220 1
3835951 214826990 1
3835951 214835109 1
3835951 214836932 0.5
3848483 214838225 1
3848483 214748336 1
3848483 214836330 1
3848483 214826977 0.5
3848483 214832023 0.5
3848483 214743335 0.5
2314533 214829882 1
2314533 214829880 1
2314533 214829887 1
2314533 214684734 0.5
2314533 214831957 0.5
2314533 214829878 0.5
2314533 214829885 0.5
825639 214826998 1
825639 214826872 1
825639 214826615 1
825639 214718210 0.5
825639 214717877 0.5
825639 214717562 0.5
825639 214826619 0.5
825639 214826876 0.5
825639 214826837 0.5
10887464 214854840 1
10887464 214854853 1
10887464 214854785 1
10887464 214853102 0.5
8198443 214567404 1
8198443 214567410 1
8198443 214567419 1
8198443 214567417 0.5
3080242 214829880 1
3080242 214820805 1
3080242 214819526 1
3080242 214716110 0.5
3080242 214601233 0.5
3080242 214716626 0.5
3080242 214710062 0.5
3080242 214829368 0.5
3080242 214826874 0.5
3080242 214705147 0.5
3080242 214717085 0.5
4825669 214839971 1
4825669 214836855 1
4825669 214839967 1
4825669 214829280 0.5
4825669 214602598 0.5
2396893 214831959 1
2396893 214835745 1
2396893 214744535 1
2396893 214587712 0.5
2396893 214558080 0.5
2396893 214820402 0.5
2396893 214826876 0.5
6412593 214848980 1
6412593 214848973 1
6412593 214708374 1
6412593 214848620 0.5
6412593 214848605 0.5
6412593 214820214 0.5
7541151 214851097 1
7541151 214850756 1
7541151 214564387 1
7541151 214849018 0.5
7541151 214820394 0.5
7541151 214850411 0.5
7541151 214851077 0.5
7541151 214850619 0.5
3412277 214832126 1
3412277 214819490 1
3412277 214831959 1
3412277 214832128 0.5
3412277 214835107 0.5
3412277 214667912 0.5
3412277 214586668 0.5
3412277 214709645 0.5
3412277 214835087 0.5
3412277 214601233 0.5
3412277 214836885 0.5
2671233 214829878 1
2671233 214829885 1
2671233 214831950 1
2671233 214831946 0.5
8474937 214564380 1
8474937 214851232 1
8474937 214851290 1
8474937 214675890 0.5
1771801 214834880 1
1771801 214834877 1
1771801 214826610 1
1771801 214839600 0.5
6906174 214849286 1
6906174 214837288 1
6906174 214849185 1
6906174 214849322 0.5
6906174 214849179 0.5
6906174 214557551 0.5
239937 214821277 1
239937 214821292 1
239937 214821290 1
239937 214829285 0.5
10659211 214854268 1
10659211 214854264 1
10659211 214854358 1
10659211 214854352 0.5
8251717 214851317 1
8251717 214714794 1
8251717 214851750 1
8251717 214851234 0.5
8251717 214846404 0.5
8251717 214853225 0.5
8251717 214853186 0.5
8251717 214851161 0.5
8251717 214853242 0.5
8251717 214851163 0.5
3541319 214837882 1
3541319 214820400 1
3541319 214844439 1
3541319 214551626 0.5
3541319 214835475 0.5
9550154 214854148 1
9550154 214854176 1
9550154 214853852 1
9550154 214764748 0.5
9550154 214567329 0.5
9550154 214853132 0.5
1412137 214510757 1
1412137 214826610 1
1412137 214834880 1
1412137 214826589 0.5
5175693 214677508 1
5175693 214845131 1
5175693 214832150 1
5175693 214684843 0.5
1278288 214829085 1
1278288 214835743 1
1278288 214820227 1
1278288 214829079 0.5
5018181 214839962 1
5018181 214836330 1
5018181 214829852 1
5018181 214829280 0.5
5018181 214839600 0.5
5018181 214839965 0.5
2255189 214829882 1
2255189 214829878 1
2255189 214831948 1
2255189 214829880 0.5
2255189 214691467 0.5
2255189 214831965 0.5
6605144 214826610 1
6605144 214849312 1
6605144 214849239 1
6605144 214834877 0.5
6605144 214848941 0.5
6605144 214571006 0.5
6605144 214848847 0.5
4831577 214835747 1
4831577 214834867 1
4831577 214587712 1
4831577 214839960 0.5
10303834 214853730 1
10303834 214853700 1
10303834 214851099 1
10303834 214853698 0.5
10303834 214853767 0.5
7672162 214850936 1
7672162 214850938 1
7672162 214716645 1
7672162 214851011 0.5
7672162 214850758 0.5
9267557 214853422 1
9267557 214853420 1
9267557 214850945 1
9267557 214850947 0.5
10128904 214853992 1
10128904 214853865 1
10128904 214853767 1
10128904 214837442 0.5
10128904 214748336 0.5
10128904 214853713 0.5
10128904 214853715 0.5
10128904 214854165 0.5
10128904 214854300 0.5
10128904 214854527 0.5
11243879 214716975 1
11243879 214717003 1
11243879 214716982 1
11243879 214716947 0.5
10795371 214853102 1
10795371 214854840 1
10795371 214854785 1
10795371 214854536 0.5
10795371 214864880 0.5
10795371 214854819 0.5
10795371 214849468 0.5
4821102 214839969 1
4821102 214602733 1
4821102 214839975 1
4821102 214839960 0.5
4821102 214696897 0.5
4821102 214698418 0.5
4821102 214602598 0.5
4821102 214821015 0.5
5005678 214842476 1
5005678 214684715 1
5005678 214697432 1
5005678 214819627 0.5
3095613 214826816 1
3095613 214842476 1
3095613 214826705 1
3095613 214842560 0.5
2625911 214829878 1
2625911 214829882 1
2625911 214829887 1
2625911 214829880 0.5
2625911 214829090 0.5
2625911 214819468 0.5
8483194 214716671 1
8483194 214851080 1
8483194 214851131 1
8483194 214851234 0.5
8483194 214552142 0.5
8483194 214851575 0.5
8483194 214851161 0.5
8483194 214851579 0.5
8483194 214851165 0.5
7701909 214853177 1
7701909 214853175 1
7701909 214853758 1
7701909 214844409 0.5
10682432 214854579 1
10682432 214854585 1
10682432 214854300 1
10682432 214851585 0.5
10682432 214854547 0.5
11264386 214851236 1
11264386 214854815 1
11264386 214853702 1
11264386 214854152 0.5
11264386 214853353 0.5
11264386 214717522 0.5
11264386 214854819 0.5
5886339 214848315 1
5886339 214846389 1
5886339 214848322 1
5886339 214836875 0.5
9116444 214851742 1
9116444 214853128 1
9116444 214853165 1
9116444 214668249 0.5
3848584 214835109 1
3848584 214826990 1
3848584 214836947 1
3848584 214833755 0.5
3848584 214836932 0.5
3848584 214838227 0.5
8943682 214852978 1
8943682 214853077 1
8943682 214853094 1
8943682 214853248 0.5
8943682 214853096 0.5
8943682 214853090 0.5
8943682 214851326 0.5
517618 214552449 1
517618 214569716 1
517618 214821296 1
517618 214553762 0.5
5040532 214839311 1
5040532 214837288 1
5040532 214836956 1
5040532 214826818 0.5
670101 214837487 1
670101 214837490 1
670101 214821300 1
670101 214826927 0.5
670101 214717286 0.5
670101 214744775 0.5
938391 214821305 1
938391 214821309 1
938391 214821339 1
938391 214826912 0.5
938391 214684845 0.5
938391 214821341 0.5
5620629 214848997 1
5620629 214846014 1
5620629 214844372 1
5620629 214838225 0.5
9724313 214853340 1
9724313 214853342 1
9724313 214853420 1
9724313 214857204 0.5
9724313 214853428 0.5
9724313 214853422 0.5
3418527 214836830 1
3418527 214835019 1
3418527 214829364 1
3418527 214554662 0.5
3358853 214832124 1
3358853 214821407 1
3358853 214832128 1
3358853 214832115 0.5
3358853 214826563 0.5
3358853 214836847 0.5
4047266 214836947 1
4047266 214573612 1
4047266 214839915 1
4047266 214613649 0.5
4047266 214827015 0.5
4047266 214839598 0.5
4047266 214839600 0.5
4047266 214832017 0.5
4047266 214646745 0.5
4047266 214835130 0.5
10679313 214567329 1
10679313 214567215 1
10679313 214848165 1
10679313 214854264 0.5
10679313 214567333 0.5
11545003 214853102 1
11545003 214677830 1
11545003 214854118 1
11545003 214714755 0.5
11545003 214853130 0.5
11545003 214854733 0.5
11545003 214678387 0.5
11545003 214738455 0.5
11545003 214582200 0.5
9642413 214853420 1
9642413 214850945 1
9642413 214851090 1
9642413 214853456 0.5
9642413 214853158 0.5
997806 214551607 1
997806 214716710 1
997806 214821339 1
997806 214834880 0.5
997806 214839600 0.5
997806 214819430 0.5
997806 214586694 0.5
997806 214829321 0.5
997806 214829387 0.5
997806 214832780 0.5
997806 214800272 0.5
997806 214826610 0.5
997806 214828982 0.5
997806 214833755 0.5
997806 214834877 0.5
9244744 214850942 1
9244744 214853342 1
9244744 214853420 1
9244744 214850949 0.5
4352434 214838109 1
4352434 214820392 1
4352434 214587712 1
4352434 214819760 0.5
4352434 214839960 0.5
4352434 214587317 0.5
9053257 214853420 1
9053257 214850945 1
9053257 214850942 1
9053257 214853184 0.5
9053257 214836536 0.5
9053257 214821373 0.5
9053257 214853422 0.5
9023929 214853085 1
9023929 214851326 1
9023929 214853090 1
9023929 214852978 0.5
9023929 214853094 0.5
3819962 214839587 1
3819962 214839932 1
3819962 214838225 1
3819962 214748336 0.5
6387103 214848950 1
6387103 214848656 1
6387103 214845131 1
6387103 214844400 0.5
6387103 214832145 0.5
6387103 214848682 0.5
6387103 214844372 0.5
11303357 214854356 1
11303357 214853722 1
11303357 214820400 1
11303357 214853700 0.5
9128383 214853135 1
9128383 214853242 1
9128383 214853184 1
9128383 214853225 0.5
9128383 214853182 0.5
10801601 214705747 1
10801601 214849468 1
10801601 214837873 1
10801601 214709685 0.5
1597892 214834880 1
1597892 214826610 1
1597892 214834877 1
1597892 214829387 0.5
1597892 214833755 0.5
338373 214821290 1
338373 214826835 1
338373 214826702 1
338373 214644639 0.5
9687496 214853420 1
9687496 214853154 1
9687496 214853381 1
9687496 214848185 0.5
1794506 214718210 1
1794506 214834880 1
1794506 214826610 1
1794506 214712124 0.5
1794506 214829387 0.5
1794506 214821412 0.5
1794506 214826589 0.5
1794506 214829366 0.5
10236363 214854352 1
10236363 214853244 1
10236363 214854536 1
10236363 214820394 0.5
647628 214837485 1
647628 214837487 1
647628 214677512 1
647628 214684942 0.5
10488162 214853072 1
10488162 214854356 1
10488162 214854815 1
10488162 214853754 0.5
10488162 214854731 0.5
6937039 214826610 1
6937039 214667859 1
6937039 214849331 1
6937039 214849318 0.5
6937039 214845943 0.5
6937039 214849192 0.5
6937039 214849003 0.5
6937039 214665277 0.5
6937039 214849239 0.5
6937039 214695193 0.5
6937039 214834877 0.5
11561424 214854268 1
11561424 214684762 1
11561424 214854264 1
11561424 214555104 0.5
11561424 214567333 0.5
11561424 214857257 0.5
11561424 214567215 0.5
11561424 214854358 0.5
11561424 214853855 0.5
3363284 214836519 1
3363284 214831950 1
3363284 214829885 1
3363284 214632146 0.5
2834901 214835745 1
2834901 214835019 1
2834901 214835137 1
2834901 214600492 0.5
4086232 214838122 1
4086232 214672944 1
4086232 214553762 1
4086232 214829045 0.5
11521103 214853100 1
11521103 214853102 1
11521103 214864880 1
11521103 214854707 0.5
11521103 214848515 0.5
11521103 214716645 0.5
11521103 214852978 0.5
11521103 214850387 0.5
11521103 214712244 0.5
11521103 214854838 0.5
11521103 214853754 0.5
11521103 214714715 0.5
11521103 214854780 0.5
2984414 214832126 1
2984414 214836847 1
2984414 214837882 1
2984414 214835107 0.5
9612709 214853420 1
9612709 214850947 1
9612709 214848185 1
9612709 214850700 0.5
9612709 214850949 0.5
4733408 214839341 1
4733408 214774678 1
4733408 214845127 1
4733408 214574777 0.5
11153891 214854857 1
11153891 214849001 1
11153891 214845917 1
11153891 214854819 0.5
11153891 214851236 0.5
11153891 214854502 0.5
11153891 214854855 0.5
11153891 214854731 0.5
11153891 214854540 0.5
11153891 214854767 0.5
11153891 214710097 0.5
11153891 214819378 0.5
11153891 214853430 0.5
11153891 214820345 0.5
11153891 214857562 0.5
11153891 214687847 0.5
11153891 214829775 0.5
7928292 214850936 1
7928292 214850938 1
7928292 214850621 1
7928292 214850720 0.5
7928292 214850282 0.5
7928292 214850405 0.5
7893487 214836517 1
7893487 214848305 1
7893487 214716645 1
7893487 214844409 0.5
7893487 214820394 0.5
7893487 214849052 0.5
5782003 214850953 1
5782003 214587328 1
5782003 214712237 1
5782003 214846033 0.5
10712744 214853113 1
10712744 214854300 1
10712744 214854536 1
10712744 214854352 0.5
10712744 214854354 0.5
10712744 214854579 0.5
10712744 214849464 0.5
10712744 214819577 0.5
10712744 214850557 0.5
4215289 214587317 1
4215289 214839962 1
4215289 214602598 1
4215289 214839960 0.5
4215289 214845131 0.5
6947327 214849076 1
6947327 214849245 1
6947327 214848375 1
6947327 214848371 0.5
541184 214839386 1
541184 214838831 1
541184 214837487 1
541184 214837485 0.5
9221547 214846530 1
9221547 214845806 1
9221547 214853713 1
9221547 214848688 0.5
9221547 214850754 0.5
9221547 214844347 0.5
9221547 214853700 0.5
9221547 214835473 0.5
9221547 214832747 0.5
9221547 214849740 0.5
9221547 214844398 0.5
9221547 214846415 0.5
9221547 214848176 0.5
9221547 214601233 0.5
9221547 214829366 0.5
9221547 214839960 0.5
9221547 214714779 0.5
4542981 214836875 1
4542981 214652934 1
4542981 214839980 1
4542981 214839600 0.5
4542981 214602802 0.5
4542981 214554707 0.5
6482438 214848973 1
6482438 214848605 1
6482438 214848980 1
6482438 214514272 0.5
6482438 214835137 0.5
6482438 214846530 0.5
6482438 214602598 0.5
6482438 214846033 0.5
6482438 214514287 0.5
6482438 214710097 0.5
6482438 214849076 0.5
6482438 214829878 0.5
6482438 214668667 0.5
10967809 214563262 1
10967809 214853135 1
10967809 214853715 1
10967809 214828970 0.5
4446737 214829666 1
4446737 214821392 1
4446737 214826990 1
4446737 214708307 0.5
780718 214821339 1
780718 214821315 1
780718 214821305 1
780718 214551617 0.5
1212951 214826927 1
1212951 214826934 1
1212951 214826932 1
1212951 214684845 0.5
1427992 214834877 1
1427992 214826610 1
1427992 214829366 1
1427992 214821294 0.5
9771547 214853994 1
9771547 214853992 1
9771547 214854146 1
9771547 214853848 0.5
9771547 214853852 0.5
9771547 214854165 0.5
5000667 214832156 1
5000667 214837288 1
5000667 214819468 1
5000667 214838092 0.5
9116192 214853105 1
9116192 214853094 1
9116192 214853096 1
9116192 214852978 0.5
9116192 214853085 0.5
2273826 214829878 1
2273826 214831946 1
2273826 214829882 1
2273826 214829887 0.5
4694564 214845131 1
4694564 214839971 1
4694564 214839973 1
4694564 214839600 0.5
4694564 214829852 0.5
4694564 214839975 0.5
9413161 214853420 1
9413161 214853422 1
9413161 214850942 1
9413161 214850945 0.5
9413161 214850947 0.5
4667946 214826951 1
4667946 214640012 1
4667946 214716639 1
4667946 214676480 0.5
4667946 214748336 0.5
4667946 214839960 0.5
4667946 214829850 0.5
4667946 214829852 0.5
4667946 214839581 0.5
4667946 214839969 0.5
4667946 214839971 0.5
4667946 214717860 0.5
4667946 214839973 0.5
4667946 214839600 0.5
4667946 214587317 0.5
4667946 214828985 0.5
4667946 214567100 0.5
4667946 214586694 0.5
4667946 214845131 0.5
4667946 214710099 0.5
4667946 214602598 0.5
4667946 214829287 0.5
4667946 214836330 0.5
4667946 214602733 0.5
4667946 214836857 0.5
2669319 214829887 1
2669319 214748300 1
2669319 214836519 1
2669319 214753505 0.5
2669319 214826979 0.5
2669319 214831965 0.5
2669319 214748295 0.5
8243762 214714721 1
8243762 214851322 1
8243762 214851097 1
8243762 214826827 0.5
8243762 214709814 0.5
11242041 214854785 1
11242041 214853100 1
11242041 214854733 1
11242041 214850942 0.5
2208314 214829855 1
2208314 214748338 1
2208314 214753513 1
2208314 214712552 0.5
2208314 214832720 0.5
2208314 214648252 0.5
2208314 214559960 0.5
2208314 214821285 0.5
11287101 214704180 1
11287101 214704182 1
11287101 214854118 1
11287101 214854860 0.5
8272446 214851099 1
8272446 214851075 1
8272446 214849153 1
8272446 214851133 0.5
11248197 214857562 1
11248197 214857570 1
11248197 214858333 1
11248197 214857268 0.5
5188411 214753513 1
5188411 214748302 1
5188411 214844345 1
5188411 214844347 0.5
9599568 214850942 1
9599568 214853340 1
9599568 214853420 1
9599568 214850949 0.5
1778357 214820261 1
1778357 214820233 1
1778357 214829390 1
1778357 214826921 0.5
1778357 214821290 0.5
1778357 214600652 0.5
1778357 214820231 0.5
10758742 214854579 1
10758742 214854300 1
10758742 214854585 1
10758742 214712242 0.5
10758742 214709685 0.5
10758742 214854838 0.5
2660951 214829880 1
2660951 214829885 1
2660951 214831946 1
2660951 214829882 0.5
2660951 214829878 0.5
6218643 214846035 1
6218643 214848622 1
6218643 214848971 1
6218643 214667912 0.5
6218643 214586668 0.5
6218643 214835428 0.5
5059344 214676480 1
5059344 214748336 1
5059344 214838109 1
5059344 214839960 0.5
5059344 214842735 0.5
4483684 214836924 1
4483684 214826990 1
4483684 214835109 1
4483684 214836932 0.5
11094118 214709685 1
11094118 214854823 1
11094118 214714755 1
11094118 214837873 0.5
6406758 214848337 1
6406758 214848384 1
6406758 214846535 1
6406758 214848410 0.5
6406758 214829765 0.5
6406758 214826990 0.5
5413482 214845583 1
5413482 214844370 1
5413482 214845585 1
5413482 214844400 0.5
5413482 214800262 0.5
5413482 214832555 0.5
5413482 214543922 0.5
5413482 214844398 0.5
5413482 214819760 0.5
5413482 214819762 0.5
1780331 214829387 1
1780331 214834877 1
1780331 214833755 1
1780331 214826610 0.5
1780331 214543922 0.5
674414 214716973 1
674414 214827009 1
674414 214821339 1
674414 214716928 0.5
674414 214819762 0.5
3682929 214826990 1
3682929 214835109 1
3682929 214820392 1
3682929 214600475 0.5
3682929 214561402 0.5
3682929 214838227 0.5
2726517 214829878 1
2726517 214829880 1
2726517 214717511 1
2726517 214831948 0.5
6715839 214849331 1
6715839 214849312 1
6715839 214849284 1
6715839 214849239 0.5
9415293 214853420 1
9415293 214850945 1
9415293 214850942 1
9415293 214829878 0.5
10048126 214853698 1
10048126 214853767 1
10048126 214853730 1
10048126 214854152 0.5
10048126 214853722 0.5
2647829 214846057 1
2647829 214716641 1
2647829 214828989 1
2647829 214819526 0.5
2647829 214667912 0.5
2647829 214826711 0.5
2647829 214791635 0.5
2647829 214834867 0.5
2647829 214821399 0.5
2647829 214554585 0.5
2647829 214826874 0.5
2647829 214821020 0.5
3570304 214835167 1
3570304 214829765 1
3570304 214829390 1
3570304 214708040 0.5
3570304 214836924 0.5
3570304 214708044 0.5
3570304 214836534 0.5
10431108 214854536 1
10431108 214854352 1
10431108 214854577 1
10431108 214559960 0.5
10431108 214849455 0.5
11217544 214848337 1
11217544 214851101 1
11217544 214849312 1
11217544 214856550 0.5
11217544 214826990 0.5
2759694 214835745 1
2759694 214835747 1
2759694 214832792 1
2759694 214600492 0.5
2759694 214580190 0.5
2375447 214829880 1
2375447 214829878 1
2375447 214831948 1
2375447 214826955 0.5
2375447 214819406 0.5
10362306 214854579 1
10362306 214854300 1
10362306 214854585 1
10362306 214819577 0.5
10362306 214854577 0.5
5547117 214844400 1
5547117 214844396 1
5547117 214844370 1
5547117 214829368 0.5
5547117 214850402 0.5
8686231 214853135 1
8686231 214853233 1
8686231 214853195 1
8686231 214853225 0.5
8686231 214853252 0.5
3822236 214582372 1
3822236 214829364 1
3822236 214582370 1
3822236 214829769 0.5
8209053 214850304 1
8209053 214540601 1
8209053 214717061 1
8209053 214849740 0.5
8209053 214851157 0.5
10150558 214839962 1
10150558 214853992 1
10150558 214853188 1
10150558 214837442 0.5
10150558 214853413 0.5
10150558 214853865 0.5
10150558 214854165 0.5
10150558 214849464 0.5
10150558 214854172 0.5
1848432 214820263 1
1848432 214820231 1
1848432 214829865 1
1848432 214820377 0.5
1848432 214820270 0.5
1364958 214829366 1
1364958 214829387 1
1364958 214821412 1
1364958 214826563 0.5
1364958 214821332 0.5
1364958 214834877 0.5
8891051 214853094 1
8891051 214853105 1
8891051 214853090 1
8891051 214853096 0.5
8891051 214853085 0.5
1657518 214821317 1
1657518 214826715 1
1657518 214834869 1
1657518 214819400 0.5
1657518 214705993 0.5
1657518 214826835 0.5
5313201 214844372 1
5313201 214844398 1
5313201 214844402 1
5313201 214844345 0.5
11265668 214854729 1
11265668 214854857 1
11265668 214857549 1
11265668 214854860 0.5
2547722 214829885 1
2547722 214829878 1
2547722 214829887 1
2547722 214831946 0.5
2547722 214829882 0.5
2547722 214600509 0.5
2547722 214826983 0.5
3334836 214831959 1
3334836 214826977 1
3334836 214835124 1
3334836 214829280 0.5
3334836 214829850 0.5
3334836 214835747 0.5
3334836 214586743 0.5
7273141 214850295 1
7273141 214850282 1
7273141 214850291 1
7273141 214849738 0.5
379259 214691396 1
379259 214826700 1
379259 214691426 1
379259 214826801 0.5
10631871 214853994 1
10631871 214853848 1
10631871 214853735 1
10631871 214838094 0.5
7478916 214850754 1
7478916 214850743 1
7478916 214651777 1
7478916 214850552 0.5
7478916 214850938 0.5
7478916 214850555 0.5
7478916 214850756 0.5
7478916 214677615 0.5
4598468 214839973 1
4598468 214845131 1
4598468 214587697 1
4598468 214839971 0.5
4598468 214601229 0.5
4598468 214845806 0.5
4598468 214553565 0.5
6335943 214848335 1
6335943 214850786 1
6335943 214849331 1
6335943 214848641 0.5
6335943 214552522 0.5
6335943 214846475 0.5
6335943 214845590 0.5
6335943 214848695 0.5
7074504 214829775 1
7074504 214849078 1
7074504 214748289 1
7074504 214548744 0.5
7074504 214828970 0.5
10894821 214678376 1
10894821 214536187 1
10894821 214853075 1
10894821 214853107 0.5
4641487 214845131 1
4641487 214839969 1
4641487 214836855 1
4641487 214839960 0.5
4641487 214828985 0.5
4641487 214836330 0.5
4641487 214839971 0.5
4641487 214839973 0.5
5513936 214839971 1
5513936 214850402 1
5513936 214845587 1
5513936 214845412 0.5
5513936 214846061 0.5
3353297 214829079 1
3353297 214836885 1
3353297 214586668 1
3353297 214826904 0.5
10042066 214551917 1
10042066 214849764 1
10042066 214583190 1
10042066 214554714 0.5
10042066 214853707 0.5
10042066 214846468 0.5
2630356 214831946 1
2630356 214831955 1
2630356 214686082 1
2630356 214684730 0.5
2630356 214684734 0.5
2630356 214819406 0.5
9095547 214852978 1
9095547 214853077 1
9095547 214852980 1
9095547 214853096 0.5
9095547 214851326 0.5
9095547 214853094 0.5
9435867 214853420 1
9435867 214850947 1
9435867 214850942 1
9435867 214839913 0.5
62174 214826829 1
62174 214826893 1
62174 214839313 1
62174 214826715 0.5
62174 214826955 0.5
176592 214821290 1
176592 214821292 1
176592 214821277 1
176592 214821285 0.5
9646432 214853709 1
9646432 214853722 1
9646432 214853700 1
9646432 214853865 0.5
4328163 214835167 1
4328163 214836924 1
4328163 214829765 1
4328163 214827005 0.5
1944294 214829861 1
1944294 214829865 1
1944294 214829846 1
1944294 214832717 0.5
7666054 214587697 1
7666054 214839973 1
7666054 214667857 1
7666054 214844400 0.5
7666054 214849738 0.5
7666054 214849136 0.5
7666054 214845457 0.5
7666054 214849046 0.5
7666054 214850743 0.5
7666054 214836926 0.5
7666054 214831967 0.5
9800432 214853767 1
9800432 214853702 1
9800432 214853713 1
9800432 214853707 0.5
322003 214819721 1
322003 214718387 1
322003 214826874 1
322003 214821392 0.5
322003 214743497 0.5
322003 214820237 0.5
10825086 214853102 1
10825086 214854787 1
10825086 214854785 1
10825086 214854840 0.5
1972981 214748300 1
1972981 214753513 1
1972981 214743350 1
1972981 214836330 0.5
1972981 214835165 0.5
2855671 214534807 1
2855671 214826664 1
2855671 214748295 1
2855671 214534809 0.5
2855671 214826668 0.5
5958396 214846001 1
5958396 214835428 1
5958396 214835426 1
5958396 214846432 0.5
5958396 214709702 0.5
5958396 214845962 0.5
5958396 214846415 0.5
5958396 214748336 0.5
5958396 214835473 0.5
5958396 214849010 0.5
5958396 214846425 0.5
10816253 214859246 1
10816253 214556212 1
10816253 214854840 1
10816253 214853100 0.5
10816253 214567404 0.5
10816253 214854125 0.5
10816253 214556216 0.5
10816253 214567417 0.5
10816253 214556218 0.5
7060228 214850315 1
7060228 214850295 1
7060228 214850285 1
7060228 214602240 0.5
7060228 214850282 0.5
7060228 214849738 0.5
7060228 214850287 0.5
2522241 214836328 1
2522241 214829878 1
2522241 214831946 1
2522241 214800262 0.5
2522241 214602806 0.5
2522241 214648247 0.5
2522241 214829368 0.5
2522241 214831965 0.5
2522241 214829887 0.5
10992393 214854797 1
10992393 214829882 1
10992393 214853422 1
10992393 214854840 0.5
1776397 214834880 1
1776397 214821294 1
1776397 214826814 1
1776397 214826610 0.5
1776397 214833755 0.5
2305311 214829880 1
2305311 214829887 1
2305311 214821392 1
2305311 214829394 0.5
2305311 214844460 0.5
5544722 214844400 1
5544722 214844396 1
5544722 214844370 1
5544722 214835473 0.5
10711827 214854264 1
10711827 214567215 1
10711827 214556218 1
10711827 214567329 0.5
10711827 214684762 0.5
10711827 214854268 0.5
10711827 214853726 0.5
10711827 214854335 0.5
6660884 214839969 1
6660884 214848688 1
6660884 214849318 1
6660884 214846367 0.5
6660884 214826949 0.5
6660884 214718182 0.5
6660884 214848380 0.5
6660884 214829387 0.5
6660884 214844396 0.5
6660884 214561775 0.5
6660884 214668281 0.5
6660884 214835109 0.5
6660884 214829775 0.5
6660884 214821020 0.5
6660884 214845887 0.5
10699544 214854268 1
10699544 214854264 1
10699544 214854358 1
10699544 214567329 0.5
10699544 214853996 0.5
10699544 214854510 0.5
10699544 214567215 0.5
10699544 214684785 0.5
10699544 214684762 0.5
2011932 214685621 1
2011932 214821277 1
2011932 214821292 1
2011932 214821290 0.5
2011932 214584939 0.5
10662021 214567327 1
10662021 214684762 1
10662021 214854536 1
10662021 214854354 0.5
10662021 214854262 0.5
10662021 214567333 0.5
10662021 214854510 0.5
2249507 214829887 1
2249507 214829878 1
2249507 214826979 1
2249507 214831946 0.5
2249507 214831965 0.5
9696037 214857204 1
9696037 214835004 1
9696037 214701787 1
9696037 214712235 0.5
9650982 214535051 1
9650982 214853115 1
9650982 214852987 1
9650982 214853158 0.5
3963697 214595150 1
3963697 214836947 1
3963697 214829765 1
3963697 214836795 0.5
4949461 214537490 1
4949461 214847940 1
4949461 214836868 1
4949461 214684372 0.5
8873233 214853094 1
8873233 214853085 1
8873233 214853096 1
8873233 214853248 0.5
8873233 214852978 0.5
5387054 214845577 1
5387054 214845581 1
5387054 214845356 1
5387054 214845352 0.5
1430321 214834877 1
1430321 214826610 1
1430321 214834880 1
1430321 214833755 0.5
1430321 214829852 0.5
1430321 214800262 0.5
1553209 214800272 1
1553209 214819691 1
1553209 214556342 1
1553209 214820807 0.5
1553209 214791688 0.5
1553209 214829321 0.5
1553209 214826932 0.5
1553209 214717877 0.5
1553209 214826934 0.5
1553209 214826996 0.5
7398203 214821309 1
7398203 214844458 1
7398203 214612738 1
7398203 214844439 0.5
2054624 214829846 1
2054624 214829865 1
2054624 214826709 1
2054624 214829034 0.5
2054624 214829711 0.5
981828 214829032 1
981828 214829042 1
981828 214828995 1
981828 214698418 0.5
981828 214586694 0.5
189254 214819472 1
189254 214685242 1
189254 214711078 1
189254 214684730 0.5
189254 214694330 0.5
189254 214821279 0.5
6802248 214849342 1
6802248 214849127 1
6802248 214849318 1
6802248 214849320 0.5
6802248 214832619 0.5
9520268 214853420 1
9520268 214853147 1
9520268 214853154 1
9520268 214844402 0.5
9520268 214844396 0.5
4830028 214839641 1
4830028 214828991 1
4830028 214839397 1
4830028 214845129 0.5
1477773 214709638 1
1477773 214684108 1
1477773 214711078 1
1477773 214826818 0.5
1477773 214554950 0.5
1477773 214829387 0.5
1477773 214553844 0.5
1477773 214829366 0.5
1477773 214674487 0.5
1477773 214556025 0.5
1477773 214833755 0.5
1477773 214706428 0.5
1477773 214711295 0.5
9788242 214853767 1
9788242 214853730 1
9788242 214853700 1
9788242 214853698 0.5
8852307 214853094 1
8852307 214853248 1
8852307 214853085 1
8852307 214853096 0.5
8852307 214853090 0.5
8852307 214853077 0.5
8852307 214851326 0.5
5577556 214845491 1
5577556 214848161 1
5577556 214851103 1
5577556 214844400 0.5
10548053 214712675 1
10548053 214687475 1
10548053 214854230 1
10548053 214859825 0.5
10548053 214705100 0.5
10548053 214577334 0.5
11126759 214864880 1
11126759 214857204 1
11126759 214857551 1
11126759 214835004 0.5
10326878 214854264 1
10326878 214854230 1
10326878 214854268 1
10326878 214854345 0.5
10326878 214853726 0.5
10326878 214854358 0.5
10326878 214684785 0.5
4113252 214829765 1
4113252 214820220 1
4113252 214836924 1
4113252 214835167 0.5
10103654 214853722 1
10103654 214718160 1
10103654 214717888 1
10103654 214696897 0.5
10103654 214853730 0.5
10103654 214853700 0.5
10103654 214853765 0.5
10103654 214850758 0.5
10103654 214853707 0.5
10103654 214718220 0.5
10103654 214662742 0.5
10103654 214821022 0.5
10882193 214854804 1
10882193 214854352 1
10882193 214854536 1
10882193 214853865 0.5
10882193 214857167 0.5
10882193 214854354 0.5
10882193 214853715 0.5
10882193 214854298 0.5
10882193 214853244 0.5
7727978 214849136 1
7727978 214849762 1
7727978 214763966 1
7727978 214846404 0.5
7727978 214850405 0.5
7727978 214557223 0.5
7727978 214849736 0.5
7727978 214849033 0.5
7727978 214844400 0.5
7727978 214762952 0.5
7727978 214844402 0.5
7727978 214587028 0.5
2810731 214834867 1
2810731 214832792 1
2810731 214836553 1
2810731 214835019 0.5
2810731 214835747 0.5
4962242 214540106 1
4962242 214837280 1
4962242 214838092 1
4962242 214602598 0.5
4962242 214845131 0.5
4962242 214838094 0.5
4962242 214718255 0.5
4962242 214551920 0.5
4962242 214587317 0.5
4962242 214836956 0.5
4962242 214839965 0.5
11123227 214854782 1
11123227 214854840 1
11123227 214853100 1
11123227 214854787 0.5
11123227 214854791 0.5
2902708 214819562 1
2902708 214821022 1
2902708 214829387 1
2902708 214561402 0.5
2902708 214826621 0.5
2902708 214829366 0.5
4750196 214845131 1
4750196 214839973 1
4750196 214836330 1
4750196 214839600 0.5
1833846 214829865 1
1833846 214829711 1
1833846 214829846 1
1833846 214829863 0.5
2278027 214835019 1
2278027 214831967 1
2278027 214601233 1
2278027 214748336 0.5
2278027 214831959 0.5
2278027 214613893 0.5
2278027 214819430 0.5
2278027 214835087 0.5
1510264 214829657 1
1510264 214829660 1
1510264 214744779 1
1510264 214829385 0.5
72571 214826615 1
72571 214826617 1
72571 214826612 1
72571 214826621 0.5
5510441 214845407 1
5510441 214601233 1
5510441 214846447 1
5510441 214836328 0.5
5510441 214640520 0.5
5510441 214835428 0.5
2001793 214826889 1
2001793 214836517 1
2001793 214835124 1
2001793 214831952 0.5
2001793 214829878 0.5
2001793 214800270 0.5
125827 214820396 1
125827 214820392 1
125827 214725532 1
125827 214748336 0.5
125827 214706102 0.5
11129733 214852982 1
11129733 214853102 1
11129733 214832070 1
11129733 214854352 0.5
9903937 214846014 1
9903937 214829887 1
9903937 214850310 1
9903937 214706428 0.5
9903937 214711295 0.5
6413193 214711307 1
6413193 214849076 1
6413193 214848605 1
6413193 214848337 0.5
11074443 214835117 1
11074443 214853422 1
11074443 214700000 1
11074443 214853321 0.5
11074443 214854797 0.5
11074443 214835120 0.5
11074443 214849809 0.5
11074443 214680371 0.5
11074443 214832154 0.5
11056013 214854838 1
11056013 214854356 1
11056013 214853102 1
11056013 214854857 0.5
11056013 214848658 0.5
11056013 214854819 0.5
11056013 214854815 0.5
8700814 214851161 1
8700814 214685049 1
8700814 214716714 1
8700814 214851080 0.5
8700814 214851028 0.5
8700814 214851317 0.5
10951574 214853102 1
10951574 214854782 1
10951574 214712242 1
10951574 214854819 0.5
2160793 214834997 1
2160793 214826668 1
2160793 214826662 1
2160793 214819577 0.5
2160793 214829670 0.5
10564504 214853085 1
10564504 214853096 1
10564504 214853105 1
10564504 214853702 0.5
7603102 214533022 1
7603102 214716984 1
7603102 214832653 1
7603102 214716932 0.5
7603102 214716935 0.5
7603102 214854632 0.5
7603102 214832655 0.5
7603102 214832657 0.5
7603102 214561496 0.5
1896944 214829846 1
1896944 214829865 1
1896944 214832720 1
1896944 214820803 0.5
9415589 214850949 1
9415589 214853338 1
9415589 214850945 1
9415589 214826945 0.5
9415589 214831946 0.5
9415589 214684717 0.5
9415589 214673295 0.5
11396006 214857257 1
11396006 214854300 1
11396006 214857268 1
11396006 214821032 0.5
11396006 214851585 0.5
11396006 214851292 0.5
11396006 214856550 0.5
2487207 214831946 1
2487207 214829882 1
2487207 214686082 1
2487207 214829878 0.5
2550699 214829885 1
2550699 214554277 1
2550699 214831950 1
2550699 214828976 0.5
2550699 214826977 0.5
961453 214832655 1
961453 214826927 1
961453 214820810 1
961453 214587712 0.5
961453 214657322 0.5
961453 214829053 0.5
961453 214819382 0.5
4574126 214845131 1
4574126 214839973 1
4574126 214839971 1
4574126 214839969 0.5
4574126 214602733 0.5
4574126 214602598 0.5
7652278 214849736 1
7652278 214849757 1
7652278 214849738 1
7652278 214849762 0.5
7652278 214849734 0.5
1434553 214821407 1
1434553 214834880 1
1434553 214834877 1
1434553 214829664 0.5
1434553 214743495 0.5
1434553 214829387 0.5
1434553 214826610 0.5
1434553 214844248 0.5
1434553 214826874 0.5
8627359 214845879 1
8627359 214853165 1
8627359 214852985 1
8627359 214853128 0.5
8627359 214819393 0.5
8627359 214586443 0.5
8627359 214853263 0.5
11154368 214858680 1
11154368 214854857 1
11154368 214854356 1
11154368 214548817 0.5
11154368 214854819 0.5
11154368 214854789 0.5
10990697 214853102 1
10990697 214854793 1
10990697 214854787 1
10990697 214855016 0.5
10990697 214854840 0.5
8760261 214853105 1
8760261 214853096 1
8760261 214851742 1
8760261 214851290 0.5
8760261 214852980 0.5
8760261 214853085 0.5
8760261 214853094 0.5
7242698 214846119 1
7242698 214845962 1
7242698 214846117 1
7242698 214557313 0.5
7242698 214536195 0.5
7242698 214838503 0.5
7242698 214559660 0.5
7242698 214849010 0.5
7242698 214819640 0.5
7242698 214811739 0.5
10431713 214854577 1
10431713 214854352 1
10431713 214854536 1
10431713 214853113 0.5
10431713 214854354 0.5
10431713 214850739 0.5
10431713 214853855 0.5
9049036 214850291 1
9049036 214668667 1
9049036 214850285 1
9049036 214632146 0.5
9049036 214853428 0.5
7842779 214850938 1
7842779 214850936 1
7842779 214850743 1
7842779 214850771 0.5
8508922 214716714 1
8508922 214685049 1
8508922 214851161 1
8508922 214564451 0.5
8508922 214836452 0.5
8508922 214716746 0.5
8508922 214662763 0.5
8508922 214851575 0.5
8508922 214716671 0.5
10154974 214854358 1
10154974 214854268 1
10154974 214854264 1
10154974 214567329 0.5
8446459 214851131 1
8446459 214851163 1
8446459 214851028 1
8446459 214832567 0.5
7099369 214702905 1
7099369 214848622 1
7099369 214849745 1
7099369 214819777 0.5
7099369 214696899 0.5
7099369 214846468 0.5
7099369 214743367 0.5
7099369 214560615 0.5
7099369 214585586 0.5
7099369 214846421 0.5
7099369 214851009 0.5
7099369 214701309 0.5
9817068 214854118 1
9817068 214853707 1
9817068 214853702 1
9817068 214853767 0.5
4765522 214845131 1
4765522 214839973 1
4765522 214839971 1
4765522 214848176 0.5
4765522 214848178 0.5
4765522 214845806 0.5
4765522 214839967 0.5
10871791 214854840 1
10871791 214854857 1
10871791 214853102 1
10871791 214854819 0.5
9108464 214853165 1
9108464 214678376 1
9108464 214852987 1
9108464 214602240 0.5
9108464 214557313 0.5
9108464 214581761 0.5
9108464 214853128 0.5
9108464 214535051 0.5
9108464 214842382 0.5
9108464 214850332 0.5
9108464 214848926 0.5
9108464 214846117 0.5
9108464 214553257 0.5
9108464 214559660 0.5
9108464 214819640 0.5
9108464 214853107 0.5
9108464 214851742 0.5
9108464 214582200 0.5
9108464 214840757 0.5
9108464 214819393 0.5
9108464 214709702 0.5
9108464 214845135 0.5
9108464 214840760 0.5
9108464 214508942 0.5
9108464 214668249 0.5
9108464 214811739 0.5
9108464 214564320 0.5
9108464 214838503 0.5
9108464 214842345 0.5
9108464 214581611 0.5
9108464 214601197 0.5
9108464 214811758 0.5
9108464 214845939 0.5
9108464 214853109 0.5
9108464 214853111 0.5
9108464 214852985 0.5
9108464 214640893 0.5
11431081 214854842 1
11431081 214858680 1
11431081 214840091 1
11431081 214684715 0.5
11431081 214839399 0.5
8952824 214845962 1
8952824 214678376 1
8952824 214853128 1
8952824 214851742 0.5
4460778 214845579 1
4460778 214837280 1
4460778 214838092 1
4460778 214831948 0.5
4460778 214837286 0.5
9393148 214849010 1
9393148 214853107 1
9393148 214851742 1
9393148 214845962 0.5
9393148 214536189 0.5
5062741 214837280 1
5062741 214832156 1
5062741 214837288 1
5062741 214838092 0.5
7068671 214850315 1
7068671 214849762 1
7068671 214844400 1
7068671 214849736 0.5
7068671 214509401 0.5
7068671 214844398 0.5
816128 214837483 1
816128 214827013 1
816128 214827009 1
816128 214837442 0.5
816128 214840811 0.5
816128 214832780 0.5
816128 214837485 0.5
816128 214826927 0.5
816128 214800272 0.5
816128 214601233 0.5
816128 214837490 0.5
816128 214821395 0.5
816128 214826934 0.5
842754 214829310 1
842754 214827009 1
842754 214826750 1
842754 214509152 0.5
5450757 214845585 1
5450757 214835426 1
5450757 214835462 1
5450757 214836328 0.5
5450757 214835473 0.5
5450757 214850402 0.5
5450757 214845587 0.5
3630087 214717097 1
3630087 214829788 1
3630087 214688610 1
3630087 214710159 0.5
4338697 214829852 1
4338697 214829850 1
4338697 214748336 1
4338697 214835475 0.5
5960714 214850876 1
5960714 214850880 1
5960714 214850870 1
5960714 214846256 0.5
5960714 214581690 0.5
5960714 214845982 0.5
5960714 214846462 0.5
5960714 214845958 0.5
6114316 214847255 1
6114316 214829887 1
6114316 214847261 1
6114316 214837494 0.5
9790477 214849325 1
9790477 214853767 1
9790477 214854118 1
9790477 214574672 0.5
9790477 214853713 0.5
7395714 214850287 1
7395714 214849762 1
7395714 214849740 1
7395714 214850368 0.5
5093566 214695193 1
5093566 214643932 1
5093566 214826822 1
5093566 214643930 0.5
5631832 214846470 1
5631832 214846367 1
5631832 214826904 1
5631832 214819777 0.5
5631832 214717410 0.5
5631832 214718182 0.5
5631832 214582346 0.5
5631832 214826711 0.5
5631832 214561775 0.5
5631832 214846065 0.5
5631832 214844370 0.5
5631832 214845590 0.5
5631832 214836887 0.5
7621123 214850936 1
7621123 214710097 1
7621123 214716645 1
7621123 214827032 0.5
11047956 214853102 1
11047956 214855016 1
11047956 214854785 1
11047956 214684027 0.5
11047956 214839892 0.5
5698582 214844400 1
5698582 214845590 1
5698582 214844396 1
5698582 214835064 0.5
9790487 214850758 1
9790487 214718160 1
9790487 214717888 1
9790487 214848384 0.5
9790487 214651777 0.5
9790487 214846312 0.5
6724632 214849327 1
6724632 214849292 1
6724632 214709735 1
6724632 214846477 0.5
6724632 214849046 0.5
6616091 214849314 1
6616091 214838225 1
6616091 214844347 1
6616091 214849312 0.5
6616091 214848997 0.5
6616091 214557095 0.5
6616091 214849389 0.5
6616091 214845583 0.5
6616091 214832145 0.5
6616091 214680467 0.5
8475677 214846391 1
8475677 214851322 1
8475677 214851744 1
8475677 214853192 0.5
8475677 214851135 0.5
8475677 214540597 0.5
8475677 214851071 0.5
5497887 214845585 1
5497887 214835070 1
5497887 214846033 1
5497887 214836328 0.5
5497887 214676010 0.5
7445536 214748336 1
7445536 214845457 1
7445536 214836330 1
7445536 214846530 0.5
7445536 214848997 0.5
7445536 214831967 0.5
7445536 214848656 0.5
7445536 214848658 0.5
7445536 214839960 0.5
7445536 214820345 0.5
7445536 214716667 0.5
7445536 214844413 0.5
7445536 214836926 0.5
7445536 214839973 0.5
5640368 214582200 1
5640368 214819528 1
5640368 214820443 1
5640368 214821035 0.5
9413668 214853379 1
9413668 214853420 1
9413668 214850947 1
9413668 214849747 0.5
9413668 214846468 0.5
9413668 214725549 0.5
9413668 214853158 0.5
10133124 214854165 1
10133124 214853865 1
10133124 214827026 1
10133124 214850760 0.5
10133124 214853992 0.5
10801473 214854840 1
10801473 214854782 1
10801473 214853102 1
10801473 214855016 0.5
10801473 214859246 0.5
11111473 214839892 1
11111473 214844053 1
11111473 214849753 1
11111473 214855016 0.5
11111473 214556216 0.5
11111473 214556210 0.5
11111473 214556212 0.5
4600893 214829790 1
4600893 214826942 1
4600893 214632146 1
4600893 214541582 0.5
4600893 214532942 0.5
5282879 214844370 1
5282879 214844398 1
5282879 214845585 1
5282879 214835473 0.5
5282879 214829765 0.5
11263044 214854787 1
11263044 214855057 1
11263044 214853460 1
11263044 214857187 0.5
11263044 214856550 0.5
10910791 214854823 1
10910791 214848977 1
10910791 214853100 1
10910791 214854785 0.5
10910791 214684717 0.5
10910791 214826942 0.5
10910791 214826945 0.5
9102408 214851135 1
9102408 214851744 1
9102408 214839596 1
9102408 214553810 0.5
4727883 214839596 1
4727883 214829280 1
4727883 214836519 1
4727883 214743369 0.5
4727883 214586743 0.5
4727883 214718220 0.5
4727883 214832559 0.5
4727883 214832023 0.5
4727883 214717850 0.5
10686306 214854352 1
10686306 214854536 1
10686306 214853767 1
10686306 214854527 0.5
10044498 214718220 1
10044498 214853722 1
10044498 214853767 1
10044498 214574670 0.5
10463224 214853113 1
10463224 214854536 1
10463224 214854352 1
10463224 214854354 0.5
8812421 214851161 1
8812421 214685049 1
8812421 214716714 1
8812421 214851080 0.5
8812421 214716746 0.5
8812421 214832604 0.5
8812421 214853242 0.5
8812421 214716671 0.5
2358361 214829880 1
2358361 214829882 1
2358361 214829887 1
2358361 214829885 0.5
8629338 214846412 1
8629338 214845971 1
8629338 214851101 1
8629338 214582200 0.5
8629338 214850700 0.5
8629338 214850711 0.5
1406043 214840419 1
1406043 214553936 1
1406043 214840410 1
1406043 214840412 0.5
1406043 214511006 0.5
3898461 214836932 1
3898461 214835167 1
3898461 214829765 1
3898461 214836924 0.5
3898461 214829762 0.5
3898461 214559940 0.5
4463712 214839973 1
4463712 214839956 1
4463712 214839977 1
4463712 214834880 0.5
4463712 214587712 0.5
4463712 214839587 0.5
4463712 214602598 0.5
4463712 214828985 0.5
4463712 214834877 0.5
3017232 214829880 1
3017232 214601233 1
3017232 214609325 1
3017232 214711318 0.5
3017232 214829878 0.5
10562662 214854354 1
10562662 214854268 1
10562662 214567329 1
10562662 214854352 0.5
10562662 214853855 0.5
10562662 214854358 0.5
10562662 214567215 0.5
7814247 214850743 1
7814247 214850741 1
7814247 214712124 1
7814247 214829666 0.5
7814247 214851011 0.5
7814247 214716935 0.5
7814247 214716110 0.5
7814247 214846067 0.5
7814247 214850936 0.5
7814247 214850621 0.5
7814247 214564382 0.5
7814247 214851167 0.5
9086057 214853094 1
9086057 214852982 1
9086057 214846391 1
9086057 214853248 0.5
2249834 214829880 1
2249834 214831946 1
2249834 214831948 1
2249834 214748336 0.5
2249834 214835087 0.5
2249834 214835111 0.5
6966119 214850615 1
6966119 214849228 1
6966119 214849762 1
6966119 214848954 0.5
6812781 214849344 1
6812781 214849314 1
6812781 214849230 1
6812781 214849275 0.5
2538607 214829878 1
2538607 214831948 1
2538607 214829882 1
2538607 214829887 0.5
2511069 214717511 1
2511069 214829880 1
2511069 214831946 1
2511069 214819400 0.5
2511069 214844364 0.5
2511069 214718390 0.5
2511069 214829878 0.5
2511069 214673295 0.5
3355763 214821407 1
3355763 214832124 1
3355763 214832115 1
3355763 214832128 0.5
3355763 214557223 0.5
2110581 214831967 1
2110581 214834877 1
2110581 214820400 1
2110581 214586694 0.5
2110581 214819562 0.5
2110581 214557009 0.5
2110581 214587317 0.5
2110581 214828985 0.5
2110581 214561402 0.5
2110581 214833755 0.5
1475042 214826610 1
1475042 214833755 1
1475042 214834877 1
1475042 214839600 0.5
1475042 214829387 0.5
8161921 214851080 1
8161921 214851161 1
8161921 214558192 1
8161921 214716746 0.5
8161921 214662763 0.5
8161921 214552142 0.5
8161921 214851122 0.5
8161921 214848851 0.5
8161921 214685049 0.5
7197821 214849766 1
7197821 214850692 1
7197821 214850405 1
7197821 214846112 0.5
7197821 214850760 0.5
7197821 214850409 0.5
7197821 214846389 0.5
7197821 214850936 0.5
7197821 214820345 0.5
7197821 214836830 0.5
7197821 214564382 0.5
10765441 214567215 1
10765441 214567329 1
10765441 214567327 1
10765441 214567333 0.5
10765441 214854262 0.5
5272427 214551780 1
5272427 214538992 1
5272427 214838109 1
5272427 214539112 0.5
5272427 214831970 0.5
5272427 214642787 0.5
5272427 214539050 0.5
7517718 214844400 1
7517718 214849046 1
7517718 214850295 1
7517718 214712675 0.5
7517718 214850310 0.5
7517718 214717511 0.5
7517718 214850315 0.5
7517718 214831948 0.5
7517718 214832015 0.5
7517718 214851120 0.5
7517718 214838102 0.5
7517718 214826715 0.5
7517718 214848605 0.5
6884487 214848337 1
6884487 214848380 1
6884487 214849018 1
6884487 214848328 0.5
6884487 214835109 0.5
1490059 214712229 1
1490059 214821399 1
1490059 214826610 1
1490059 214667912 0.5
1490059 214829379 0.5
1490059 214835750 0.5
1574028 214834880 1
1574028 214826610 1
1574028 214821407 1
1574028 214833755 0.5
1574028 214834877 0.5
4162754 214838105 1
4162754 214838096 1
4162754 214839975 1
4162754 214839960 0.5
4162754 214839973 0.5
10454159 214854547 1
10454159 214854579 1
10454159 214854300 1
10454159 214718220 0.5
10454159 214850754 0.5
10454159 214850756 0.5
9755793 214853420 1
9755793 214850947 1
9755793 214851101 1
9755793 214850304 0.5
9755793 214800262 0.5
9755793 214753515 0.5
9755793 214716110 0.5
9755793 214820400 0.5
9755793 214748334 0.5
5479619 214848157 1
5479619 214819528 1
5479619 214846014 1
5479619 214832145 0.5
5479619 214848185 0.5
5479619 214848159 0.5
5479619 214710309 0.5
5479619 214848997 0.5
3026069 214834867 1
3026069 214843905 1
3026069 214609325 1
3026069 643078800 0.5
3763669 214836924 1
3763669 214820452 1
3763669 214839982 1
3763669 214836932 0.5
7902364 214849012 1
7902364 214850747 1
7902364 214850934 1
7902364 214595139 0.5
7902364 214850743 0.5
8215709 214851290 1
8215709 214564380 1
8215709 214851232 1
8215709 214556025 0.5
8215709 214851585 0.5
3385883 214835019 1
3385883 214831967 1
3385883 214838137 1
3385883 214601233 0.5
3040421 214831946 1
3040421 214831948 1
3040421 214829880 1
3040421 214829882 0.5
7023783 214850282 1
7023783 214850295 1
7023783 214850304 1
7023783 214850291 0.5
8805544 214695399 1
8805544 214851238 1
8805544 214848602 1
8805544 214849404 0.5
11244714 214855016 1
11244714 214853100 1
11244714 214864880 1
11244714 214854840 0.5
6950059 214836924 1
6950059 214829765 1
6950059 214834867 1
6950059 214835137 0.5
6950059 214850402 0.5
6950059 214820454 0.5
6950059 214609325 0.5
6950059 214839600 0.5
6950059 214846070 0.5
6950059 214839932 0.5
8504494 214851287 1
8504494 214580293 1
8504494 214851017 1
8504494 214716110 0.5
976049 214691557 1
976049 214691587 1
976049 214820392 1
976049 214840899 0.5
976049 214829100 0.5
976049 214716909 0.5
2685811 214836517 1
2685811 214829882 1
2685811 214587697 1
2685811 214577450 0.5
2685811 214835019 0.5
2685811 214829887 0.5
9800564 214853454 1
9800564 214853340 1
9800564 214853424 1
9800564 214850949 0.5
9800564 214853422 0.5
9651387 214853420 1
9651387 214853422 1
9651387 214850945 1
9651387 214850949 0.5
5815491 214848309 1
5815491 214846012 1
5815491 214829882 1
5815491 214845984 0.5
5815491 214826945 0.5
5815491 214684108 0.5
5229766 214844370 1
5229766 214844396 1
5229766 214844398 1
5229766 214844400 0.5
6051021 214846472 1
6051021 214846460 1
6051021 214850880 1
6051021 214837442 0.5
11293904 214853102 1
11293904 214854787 1
11293904 214864880 1
11293904 214854785 0.5
7736532 214850771 1
7736532 214851290 1
7736532 214849031 1
7736532 214849001 0.5
7736532 214845131 0.5
7736532 214839932 0.5
2405591 214829880 1
2405591 214829882 1
2405591 214831946 1
2405591 214684734 0.5
2405591 214829878 0.5
2405591 214831950 0.5
2405591 214711087 0.5
7726297 214744258 1
7726297 214835126 1
7726297 214850310 1
7726297 214700000 0.5
7726297 214743515 0.5
7726297 214851279 0.5
4774349 214836853 1
4774349 214828982 1
4774349 214586694 1
4774349 214717286 0.5
4774349 214602598 0.5
4774349 214577387 0.5
4774349 214829775 0.5
4774349 214587317 0.5
4774349 214827005 0.5
4774349 214826623 0.5
9190619 214738457 1
9190619 214850711 1
9190619 214706272 1
9190619 214716909 0.5
5455069 214844342 1
5455069 214844345 1
5455069 214835109 1
5455069 214556025 0.5
5455069 214844372 0.5
4877534 214587317 1
4877534 214829280 1
4877534 214602598 1
4877534 214828985 0.5
8897761 214853105 1
8897761 214851326 1
8897761 214853094 1
8897761 214853248 0.5
10136803 214854148 1
10136803 214853848 1
10136803 214853852 1
10136803 214854176 0.5
3595929 214836932 1
3595929 214835109 1
3595929 214826990 1
3595929 214838227 0.5
9445586 214853420 1
9445586 214850942 1
9445586 214850945 1
9445586 214853094 0.5
7126417 214849292 1
7126417 214849344 1
7126417 214849764 1
7126417 214667912 0.5
7126417 214509401 0.5
7126417 214844355 0.5
4758057 214837494 1
4758057 214847255 1
4758057 214847261 1
4758057 214684513 0.5
4758057 214716939 0.5
4758057 214716937 0.5
4758057 214716971 0.5
4758057 214716973 0.5
4758057 214717007 0.5
4758057 214554358 0.5
4758057 214717016 0.5
4758057 214848729 0.5
4758057 214839965 0.5
10140196 214853454 1
10140196 214849078 1
10140196 214850942 1
10140196 214578577 0.5
3325179 214712126 1
3325179 214831959 1
3325179 214831965 1
3325179 214826977 0.5
3325179 214826818 0.5
3325179 214835019 0.5
3325179 214582948 0.5
3325179 214537541 0.5
3325179 214563335 0.5
3325179 214554283 0.5
3325179 214556942 0.5
3325179 214601233 0.5
3325179 214835475 0.5
3325179 214826837 0.5
3325179 214826711 0.5
3325179 214829850 0.5
3325179 214826623 0.5
3325179 214826908 0.5
3325179 214836875 0.5
3325179 214701343 0.5
8833354 214853135 1
8833354 214853233 1
8833354 214853195 1
8833354 214832604 0.5
8833354 214853218 0.5
8833354 214846404 0.5
8833354 214851125 0.5
5930238 214846417 1
5930238 214846127 1
5930238 214846067 1
5930238 214706102 0.5
6434048 214612751 1
6434048 214848980 1
6434048 214533020 1
6434048 214844452 0.5
6434048 214846535 0.5
6434048 214848328 0.5
6434048 214848330 0.5
6434048 214848977 0.5
6434048 214821339 0.5
6434048 214844447 0.5
9907072 214853683 1
9907072 214853996 1
9907072 214850936 1
9907072 214853227 0.5
9907072 214853709 0.5
9907072 214854163 0.5
9907072 214850711 0.5
9907072 214853400 0.5
9907072 214853722 0.5
9067781 214853165 1
9067781 214851742 1
9067781 214853128 1
9067781 214853087 0.5
10977836 214854352 1
10977836 214854536 1
10977836 214853244 1
10977836 214854354 0.5
10977836 214848326 0.5
10977836 214648247 0.5
9782487 214853698 1
9782487 214853722 1
9782487 214853767 1
9782487 214853713 0.5
9782487 214853700 0.5
400653 214832559 1
400653 214832557 1
400653 214811752 1
400653 214811754 0.5
11543449 214854800 1
11543449 214848335 1
11543449 214675888 1
11543449 214848986 0.5
11543449 214850765 0.5
11543449 214850366 0.5
1394904 214834877 1
1394904 214826610 1
1394904 214834880 1
1394904 214829387 0.5
1394904 214833755 0.5
10745049 214854313 1
10745049 214854551 1
10745049 214854257 1
10745049 214546102 0.5
10332719 214854300 1
10332719 214849464 1
10332719 214854579 1
10332719 214854547 0.5
5641501 214848695 1
5641501 214839971 1
5641501 214844400 1
5641501 214579288 0.5
5641501 214839932 0.5
10335519 214853848 1
10335519 214853225 1
10335519 214853852 1
10335519 214854176 0.5
10335519 214854352 0.5
10335519 214853242 0.5
10335519 214554675 0.5
10335519 214853846 0.5
2000163 214826666 1
2000163 214829664 1
2000163 214835124 1
2000163 214832722 0.5
2000163 214831948 0.5
1582373 214629264 1
1582373 214581489 1
1582373 214684710 1
1582373 214680371 0.5
1582373 214695412 0.5
1582373 214703771 0.5
1582373 214704182 0.5
2991104 214828982 1
2991104 214687565 1
2991104 214839617 1
2991104 214826623 0.5
2991104 214831965 0.5
2991104 214738455 0.5
5643562 214848305 1
5643562 214848300 1
5643562 214846001 1
5643562 214848298 0.5
5643562 214829797 0.5
962557 214829747 1
962557 214829745 1
962557 214828995 1
962557 214601805 0.5
6337836 214849070 1
6337836 214848605 1
6337836 214844372 1
6337836 214848795 0.5
6337836 214848950 0.5
6296114 214848656 1
6296114 214846530 1
6296114 214848808 1
6296114 214848832 0.5
6296114 214848613 0.5
6296114 214716710 0.5
6937908 214849286 1
6937908 214849132 1
6937908 214849097 1
6937908 214676480 0.5
6937908 214851009 0.5
6937908 214838094 0.5
6937908 214667859 0.5
6937908 214849239 0.5
6937908 214849331 0.5
2737462 214834867 1
2737462 214826565 1
2737462 214835017 1
2737462 214835111 0.5
2945247 214844394 1
2945247 214829878 1
2945247 214829882 1
2945247 214832657 0.5
2945247 214844439 0.5
9590076 214853420 1
9590076 214850945 1
9590076 214853340 1
9590076 214744258 0.5
9590076 214831955 0.5
9590076 214705734 0.5
9291073 214853657 1
9291073 214846014 1
9291073 214700000 1
9291073 214850945 0.5
9291073 214831946 0.5
9291073 214680371 0.5
9291073 214717511 0.5
10999106 214855016 1
10999106 214853102 1
10999106 214854782 1
10999106 214854785 0.5
10999106 214854853 0.5
10999106 214854791 0.5
10999106 214854793 0.5
10999106 214854797 0.5
10999106 214854800 0.5
10999106 214854840 0.5
10999106 214854789 0.5
9631043 214853460 1
9631043 214853428 1
9631043 214850291 1
9631043 214829885 0.5
7843041 214828989 1
7843041 214580293 1
7843041 214846385 1
7843041 214850934 0.5
7300424 214853758 1
7300424 214848305 1
7300424 214853173 1
7300424 214853177 0.5
7886153 214819412 1
7886153 214851163 1
7886153 214851097 1
7886153 214851592 0.5
7886153 214851073 0.5
7886153 214851131 0.5
7886153 214851165 0.5
7886153 214851238 0.5
6939978 214846112 1
6939978 214846427 1
6939978 214846415 1
6939978 214846466 0.5
6939978 214553735 0.5
8518996 214716714 1
8518996 214716746 1
8518996 214716654 1
8518996 214851131 0.5
8518996 214851163 0.5
8518996 214851165 0.5
7601496 214835126 1
7601496 214851279 1
7601496 214850790 1
7601496 214851097 0.5
7601496 214743515 0.5
7601496 214853143 0.5
10923363 214854853 1
10923363 214854785 1
10923363 214857204 1
10923363 214835000 0.5
10923363 214861455 0.5
4120038 214632272 1
4120038 214831970 1
4120038 214845129 1
4120038 214587384 0.5
4120038 214717877 0.5
5303657 214820274 1
5303657 214845418 1
5303657 214842555 1
5303657 214820272 0.5
5303657 214844932 0.5
5303657 214556861 0.5
5303657 214587703 0.5
7705963 214845585 1
7705963 214577025 1
7705963 214849230 1
7705963 214826953 0.5
7705963 214846404 0.5
7705963 214850405 0.5
7705963 214850870 0.5
7705963 214557095 0.5
5907821 214846367 1
5907821 214846460 1
5907821 214846457 1
5907821 214717087 0.5
11486578 214853102 1
11486578 214853100 1
11486578 214684717 1
11486578 214854840 0.5
11486578 214854782 0.5
8729974 214853165 1
8729974 214845962 1
8729974 214851744 1
8729974 214853087 0.5
8154004 214851317 1
8154004 214851161 1
8154004 214716581 1
8154004 214851080 0.5
1424763 214832559 1
1424763 214811758 1
1424763 214811739 1
1424763 214819586 0.5
1424763 214582948 0.5
1424763 214709702 0.5
1424763 214650626 0.5
1424763 214561775 0.5
1424763 214680720 0.5
1424763 214553572 0.5
11144768 214864880 1
11144768 214854785 1
11144768 214712244 1
11144768 214844355 0.5
52762 214840415 1
52762 214546102 1
52762 214685795 1
52762 214532072 0.5
52762 214535621 0.5
52762 214640893 0.5
8441221 214853096 1
8441221 214853085 1
8441221 214851326 1
8441221 214845457 0.5
8441221 214850402 0.5
8441221 214853090 0.5
8441221 214853094 0.5
8441221 214831967 0.5
4422658 214845131 1
4422658 214602733 1
4422658 214839973 1
4422658 214839600 0.5
4422658 214839975 0.5
4422658 214826951 0.5
5444902 214844370 1
5444902 214844372 1
5444902 214846065 1
5444902 214844402 0.5
9225154 214854152 1
9225154 214853702 1
9225154 214850741 1
9225154 214853698 0.5
9225154 214821032 0.5
9225154 214835561 0.5
9225154 214853707 0.5
9225154 214820396 0.5
9225154 214717522 0.5
9225154 214826994 0.5
10833298 214853100 1
10833298 214854785 1
10833298 214864880 1
10833298 214854840 0.5
586257 214684757 1
586257 214819490 1
586257 214827009 1
586257 214642560 0.5
586257 214829257 0.5
586257 214829100 0.5
586257 214711277 0.5
586257 214821300 0.5
586257 214714697 0.5
586257 214821401 0.5
5912814 214846033 1
5912814 214831944 1
5912814 214829880 1
5912814 214829887 0.5
5912814 214846031 0.5
5912814 214846029 0.5
5912814 214829878 0.5
5912814 214673295 0.5
7888278 214846378 1
7888278 214545902 1
7888278 214551917 1
7888278 214850396 0.5
5344663 214845962 1
5344663 214811758 1
5344663 214846119 1
5344663 214553257 0.5
5344663 214668249 0.5
5344663 214832019 0.5
5344663 214536197 0.5
5344663 214845965 0.5
3106826 214832115 1
3106826 214829030 1
3106826 214832124 1
3106826 214835122 0.5
3106826 214832722 0.5
4830962 214613741 1
4830962 214829773 1
4830962 214564706 1
4830962 214651777 0.5
4830962 214829771 0.5
4830962 214650566 0.5
4830962 214582374 0.5
4830962 214560615 0.5
4830962 214582346 0.5
4830962 214580171 0.5
4830962 214595150 0.5
4830962 214582382 0.5
4830962 214836795 0.5
4830962 214836958 0.5
4830962 214707941 0.5
10315168 214854298 1
10315168 214853767 1
10315168 214848658 1
10315168 214846530 0.5
10315168 214829799 0.5
10315168 214853730 0.5
10315168 214853709 0.5
10315168 214820402 0.5
10315168 214846067 0.5
10315168 214854517 0.5
10315168 214706102 0.5
10315168 214853722 0.5
10315168 214854527 0.5
10315168 214851581 0.5
10315168 214717562 0.5
6446501 214849076 1
6446501 214819627 1
6446501 214851009 1
6446501 214760897 0.5
6446501 214699044 0.5
6446501 214714790 0.5
6446501 214845577 0.5
6446501 214845579 0.5
6446501 214849070 0.5
6446501 214577518 0.5
2590122 214600492 1
2590122 214826977 1
2590122 214706216 1
2590122 214554662 0.5
2590122 214642153 0.5
2590122 214609325 0.5
2590122 214834867 0.5
2590122 214829364 0.5
2590122 214642805 0.5
2590122 214580190 0.5
5513733 214826565 1
5513733 214844368 1
5513733 214838137 1
5513733 214839969 0.5
5513733 214845971 0.5
5513733 214712126 0.5
7306482 214850739 1
7306482 214564387 1
7306482 214850938 1
7306482 214850848 0.5
7306482 214850940 0.5
7306482 214849762 0.5
7306482 214850700 0.5
7306482 214573310 0.5
10364829 214854536 1
10364829 214854352 1
10364829 214854577 1
10364829 214853113 0.5
10343868 214852978 1
10343868 214853105 1
10343868 214852980 1
10343868 214853728 0.5
10343868 214853113 0.5
10343868 214853724 0.5
10343868 214853244 0.5
10343868 214853735 0.5
7906754 214850743 1
7906754 214716939 1
7906754 214850771 1
7906754 214716977 0.5
7906754 214716986 0.5
7906754 214716980 0.5
7906754 214564382 0.5
6377977 214848596 1
6377977 214848926 1
6377977 214848847 1
6377977 214846125 0.5
9616837 214853454 1
9616837 214853428 1
9616837 214850942 1
9616837 214853422 0.5
11496673 214556942 1
11496673 214854354 1
11496673 214857810 1
11496673 214714755 0.5
11496673 214553572 0.5
11496673 214851013 0.5
11496673 214846121 0.5
11496673 214580240 0.5
11496673 214857557 0.5
5295566 214844398 1
5295566 214844396 1
5295566 214844400 1
5295566 214835473 0.5
3450322 214706180 1
3450322 214829079 1
3450322 214836830 1
3450322 214836875 0.5
4378068 214839975 1
4378068 214836512 1
4378068 214845131 1
4378068 214839587 0.5
2229717 214829878 1
2229717 214829882 1
2229717 214829887 1
2229717 214836407 0.5
1775062 214829327 1
1775062 214829032 1
1775062 214829038 1
1775062 214829006 0.5
2081031 214829707 1
2081031 214832720 1
2081031 214829861 1
2081031 214829857 0.5
2081031 214829855 0.5
8414682 214851290 1
8414682 214851242 1
8414682 214676306 1
8414682 214552522 0.5
8414682 214844347 0.5
8414682 214564380 0.5
8414682 214850743 0.5
2780003 214837916 1
2780003 214835132 1
2780003 214835503 1
2780003 214837918 0.5
520721 214716971 1
520721 214716975 1
520721 214716977 1
520721 214716967 0.5
520721 214716937 0.5
520721 214716973 0.5
520721 214716943 0.5
520721 214716945 0.5
520721 214716947 0.5
520721 214716980 0.5
520721 214716986 0.5
520721 214717007 0.5
3280357 214829773 1
3280357 214829769 1
3280357 214836795 1
3280357 214839600 0.5
3280357 214829771 0.5
9108966 214853135 1
9108966 214853233 1
9108966 214853195 1
9108966 214853184 0.5
9108966 214853227 0.5
9108966 214851748 0.5
10016556 214853767 1
10016556 214716343 1
10016556 214853730 1
10016556 214853698 0.5
10016556 214853702 0.5
10016556 214687847 0.5
10016556 214577450 0.5
10016556 214853707 0.5
10016556 214718220 0.5
10016556 214854733 0.5
10016556 214850743 0.5
10016556 214853722 0.5
10016556 214854174 0.5
4845032 214832147 1
4845032 214838107 1
4845032 214839962 1
4845032 214533489 0.5
4845032 214509195 0.5
4845032 214829100 0.5
4845032 214509206 0.5
9616878 214854017 1
9616878 214853865 1
9616878 214853996 1
9616878 214854146 0.5
9616878 214711524 0.5
9616878 214853992 0.5
9616878 214854159 0.5
9616878 214854172 0.5
9616878 214853726 0.5
5529071 214835428 1
5529071 214835462 1
5529071 214844396 1
5529071 214696899 0.5
5529071 214838225 0.5
5529071 214844400 0.5
5529071 214601233 0.5
5529071 214835064 0.5
5529071 214844347 0.5
10563058 214551900 1
10563058 214551920 1
10563058 214716110 1
10563058 214850370 0.5
10563058 214753515 0.5
10563058 214587317 0.5
38483 214826803 1
38483 214821277 1
38483 214821285 1
38483 214826705 0.5
38483 214826801 0.5
5275801 214571402 1
5275801 214844342 1
5275801 214844398 1
5275801 214844400 0.5
5275801 214844396 0.5
5275801 214846031 0.5
10091299 214853730 1
10091299 214853767 1
10091299 214853700 1
10091299 214853722 0.5
10091299 214853698 0.5
4488698 214839962 1
4488698 214717539 1
4488698 214835745 1
4488698 214685152 0.5
4488698 214839973 0.5
4488698 214557223 0.5
4488698 214821032 0.5
4488698 214835469 0.5
4488698 214839600 0.5
4488698 214832147 0.5
4488698 214837494 0.5
4488698 214836855 0.5
4488698 214839960 0.5
4488698 214847261 0.5
7625623 214612738 1
7625623 214567100 1
7625623 214567106 1
7625623 214826897 0.5
7625623 214821309 0.5
8398332 214716654 1
8398332 214716671 1
8398332 214684942 1
8398332 214851579 0.5
3128831 214835165 1
3128831 214829885 1
3128831 214540125 1
3128831 214829880 0.5
3128831 214829878 0.5
4787998 214837280 1
4787998 214837288 1
4787998 214838096 1
4787998 214829280 0.5
4787998 214586694 0.5
4787998 214845131 0.5
4787998 214746380 0.5
4787998 214829775 0.5
4787998 214587317 0.5
4787998 214836855 0.5
4787998 214847261 0.5
2266629 214829887 1
2266629 214829880 1
2266629 214829882 1
2266629 214829885 0.5
2266629 214835111 0.5
10597652 214854354 1
10597652 214854268 1
10597652 214854577 1
10597652 214684785 0.5
10597652 214684762 0.5
10597652 214850739 0.5
1191169 214551630 1
1191169 214551632 1
1191169 214821302 1
1191169 214821305 0.5
10032648 214850765 1
10032648 214850754 1
10032648 214717888 1
10032648 214850756 0.5
10032648 214718220 0.5
9266699 214853420 1
9266699 214700002 1
9266699 214853325 1
9266699 214826987 0.5
6166038 214846417 1
6166038 214846468 1
6166038 214846427 1
6166038 214846067 0.5
6166038 214846127 0.5
5830169 214846470 1
5830169 214845135 1
5830169 214849010 1
5830169 214846065 0.5
5830169 214845418 0.5
10604058 214853107 1
10604058 214837286 1
10604058 214678376 1
10604058 214849320 0.5
10604058 214853075 0.5
10604058 214853165 0.5
3825182 214836795 1
3825182 214829773 1
3825182 214829771 1
3825182 214613741 0.5
3825182 214836870 0.5
1287711 214829657 1
1287711 214821350 1
1287711 214748319 1
1287711 214826561 0.5
1287711 214652970 0.5
1287711 214698446 0.5
1287711 214711477 0.5
1287711 214819770 0.5
1287711 214783357 0.5
2100768 214832720 1
2100768 214829846 1
2100768 214829711 1
2100768 214829857 0.5
6825904 214848322 1
6825904 214846475 1
6825904 214849312 1
6825904 214846464 0.5
6825904 214846305 0.5
6825904 214846419 0.5
6825904 214585670 0.5
6825904 214667857 0.5
11038246 214854716 1
11038246 214851757 1
11038246 214854720 1
11038246 214857549 0.5
11038246 214854354 0.5
11038246 214853081 0.5
11038246 214853083 0.5
11038246 214710013 0.5
11038246 214853726 0.5
7833129 214849365 1
7833129 214850621 1
7833129 214850711 1
7833129 214821032 0.5
7833129 214846065 0.5
7833129 214848622 0.5
7833129 214846470 0.5
7833129 214849745 0.5
8252973 214853105 1
8252973 214853096 1
8252973 214853085 1
8252973 214852980 0.5
8252973 214851317 0.5
8252973 214853077 0.5
8395357 214851028 1
8395357 214851575 1
8395357 214685049 1
8395357 214851317 0.5
4398641 214839975 1
4398641 214839969 1
4398641 214839973 1
4398641 214839960 0.5
4398641 214839971 0.5
3920824 214826938 1
3920824 214829771 1
3920824 214836795 1
3920824 214829769 0.5
3920824 214829773 0.5
8056374 214838122 1
8056374 214849048 1
8056374 214849055 1
8056374 214845579 0.5
8056374 214850285 0.5
6370874 214743515 1
6370874 214587328 1
6370874 214848982 1
6370874 214700002 0.5
6370874 214712237 0.5
10520128 214854579 1
10520128 214854585 1
10520128 214819577 1
10520128 214648250 0.5
10520128 214854547 0.5
10520128 214854300 0.5
1007542 214821302 1
1007542 214842577 1
1007542 214821309 1
1007542 214584907 0.5
1007542 214584939 0.5
1902234 214832717 1
1902234 214829705 1
1902234 214828995 1
1902234 214821285 0.5
1902234 214826711 0.5
1650251 214826610 1
1650251 214829366 1
1650251 214834877 1
1650251 214829387 0.5
1650251 214833755 0.5
7396942 214844400 1
7396942 214844372 1
7396942 214844355 1
7396942 214819378 0.5
7396942 214849757 0.5
3399254 214826998 1
3399254 214836519 1
3399254 214834877 1
3399254 214743497 0.5
3399254 214701307 0.5
10281913 214853728 1
10281913 214854352 1
10281913 214854354 1
10281913 214684785 0.5
10281913 214854358 0.5
10281913 214853702 0.5
10281913 214849245 0.5
2375262 214844394 1
2375262 214829887 1
2375262 214832780 1
2375262 214835111 0.5
5971552 214846119 1
5971552 214845962 1
5971552 214849010 1
5971552 214676377 0.5
5971552 214845971 0.5
4410978 214839973 1
4410978 214839960 1
4410978 214820400 1
4410978 214839600 0.5
4410978 214836330 0.5
4410978 214829852 0.5
4410978 214829850 0.5
1781347 214834877 1
1781347 214834880 1
1781347 214826610 1
1781347 214833755 0.5
5784849 214846119 1
5784849 214676377 1
5784849 214845954 1
5784849 214559660 0.5
6254183 214848596 1
6254183 214848384 1
6254183 214848847 1
6254183 214848337 0.5
6254183 214846535 0.5
5779052 214835017 1
5779052 214835019 1
5779052 214826565 1
5779052 214846065 0.5
5779052 214835747 0.5
5779052 214839973 0.5
5779052 214587697 0.5
7599732 214850282 1
7599732 214850771 1
7599732 214850295 1
7599732 214850743 0.5
7140981 214849757 1
7140981 214849760 1
7140981 214849738 1
7140981 214849736 0.5
7140981 214844400 0.5
7140981 214832004 0.5
5830262 214846119 1
5830262 214845962 1
5830262 214845954 1
5830262 214553257 0.5
5830262 214845965 0.5
8314489 214851122 1
8314489 214851581 1
8314489 214851575 1
8314489 214696897 0.5
8314489 214851075 0.5
8314489 214851236 0.5
8314489 214851013 0.5
8314489 214851137 0.5
8314489 214748334 0.5
8314489 214851133 0.5
5545598 214844398 1
5545598 214845587 1
5545598 214844342 1
5545598 214835064 0.5
5545598 214844345 0.5
5545598 214844355 0.5
5545598 214847940 0.5
10658069 214854722 1
10658069 214853081 1
10658069 214851757 1
10658069 214853083 0.5
10658069 214854716 0.5
6497922 214846535 1
6497922 214848330 1
6497922 214848688 1
6497922 214846479 0.5
5394052 214826945 1
5394052 214829790 1
5394052 214832143 1
5394052 214847940 0.5
6217349 214848375 1
6217349 214832604 1
6217349 214848371 1
6217349 214558192 0.5
6217349 214556055 0.5
6143623 214844368 1
6143623 214846014 1
6143623 214644688 1
6143623 214846417 0.5
6143623 214844402 0.5
6143623 214846033 0.5
6143623 214846031 0.5
4961928 214844400 1
4961928 214844398 1
4961928 214848176 1
4961928 214835473 0.5
4961928 214839977 0.5
9776778 214567215 1
9776778 214567327 1
9776778 214567333 1
9776778 214854146 0.5
9776778 214564387 0.5
9776778 214854536 0.5
9776778 214690796 0.5
9776778 214853132 0.5
9776778 214849455 0.5
9776778 214849363 0.5
9776778 214718165 0.5
9776778 214854358 0.5
9776778 214853242 0.5
9776778 214854300 0.5
9776778 214854579 0.5
3108499 214829878 1
3108499 214831948 1
3108499 214826833 1
3108499 214829880 0.5
3108499 214829882 0.5
3108499 214829885 0.5
3108499 214829887 0.5
10579858 214854536 1
10579858 214853244 1
10579858 214853113 1
10579858 214854354 0.5
10579858 214854300 0.5
11153117 214854853 1
11153117 214854785 1
11153117 214854800 1
11153117 214864880 0.5
11153117 214854840 0.5
11153117 214854782 0.5
4300453 214829790 1
4300453 214839641 1
4300453 214839590 1
4300453 214829797 0.5
4300453 214832143 0.5
10160387 214854510 1
10160387 214854262 1
10160387 214853715 1
10160387 214854545 0.5
10160387 214567327 0.5
10160387 214567333 0.5
10160387 214854549 0.5
2350024 214826977 1
2350024 214831946 1
2350024 214834877 1
2350024 214835124 0.5
2350024 214821397 0.5
2350024 214831959 0.5
9895603 214854268 1
9895603 214854264 1
9895603 214853735 1
9895603 214567329 0.5
9895603 214567215 0.5
9895603 214684785 0.5
9895603 214684762 0.5
9895603 214853726 0.5
9895603 214854335 0.5
8310454 214851161 1
8310454 214851131 1
8310454 214851163 1
8310454 214851080 0.5
8310454 214716671 0.5
10674972 214854819 1
10674972 214854857 1
10674972 214854300 1
10674972 214853102 0.5
3894969 214835747 1
3894969 214838225 1
3894969 214835475 1
3894969 214748336 0.5
3894969 214819430 0.5
3894969 214586694 0.5
3894969 214835017 0.5
3894969 214582410 0.5
3894969 214832780 0.5
3894969 214826990 0.5
3894969 214537935 0.5
3894969 214839600 0.5
3894969 214582417 0.5
3894969 214827000 0.5
3894969 214838137 0.5
3894969 214836926 0.5
7016123 214846412 1
7016123 214849031 1
7016123 214846479 1
7016123 214846466 0.5
7016123 214829797 0.5
7016123 214849736 0.5
7016123 214846530 0.5
7016123 214846447 0.5
7016123 214800272 0.5
7016123 214846417 0.5
7016123 214846415 0.5
7016123 214845885 0.5
6133436 214826998 1
6133436 214748336 1
6133436 214846031 1
6133436 214845986 0.5
6133436 214835473 0.5
6133436 214743495 0.5
6133436 214680720 0.5
6133436 214845457 0.5
6133436 214846033 0.5
6133436 214820443 0.5
5662204 214846007 1
5662204 214846031 1
5662204 214845984 1
5662204 214845986 0.5
5662204 214846061 0.5
5662204 214846447 0.5
5662204 214748336 0.5
5662204 214820377 0.5
5662204 214845917 0.5
5662204 214845887 0.5
6334272 214848337 1
6334272 214848596 1
6334272 214848607 1
6334272 214846530 0.5
1046209 214844394 1
1046209 214844458 1
1046209 214821339 1
1046209 214821309 0.5
1046209 214844462 0.5
7664587 214850743 1
7664587 214677615 1
7664587 214584926 1
7664587 214819378 0.5
7664587 214819380 0.5
7664587 214821022 0.5
9787904 214853330 1
9787904 214848309 1
9787904 214829880 1
9787904 214850285 0.5
9787904 214684734 0.5
10045127 214853865 1
10045127 214854165 1
10045127 214854146 1
10045127 214850760 0.5
10045127 214853413 0.5
10045127 214698446 0.5
7615436 214850621 1
7615436 214850936 1
7615436 214564382 1
7615436 214849408 0.5
7615436 214573305 0.5
7615436 214850762 0.5
7615436 214848302 0.5
7615436 214586694 0.5
6381259 214848656 1
6381259 214839311 1
6381259 214846530 1
6381259 214710088 0.5
8070864 214853173 1
8070864 214705020 1
8070864 214851155 1
8070864 214828882 0.5
9879252 214853702 1
9879252 214853730 1
9879252 214853767 1
9879252 214850949 0.5
988793 214716986 1
988793 214832655 1
988793 214716984 1
988793 214832653 0.5
988793 214716982 0.5
7636701 214850282 1
7636701 214717005 1
7636701 214848746 1
7636701 214849318 0.5
7636701 214845577 0.5
7636701 214717003 0.5
7636701 214846033 0.5
7636701 214829878 0.5
7636701 214849179 0.5
11075299 214853102 1
11075299 214854782 1
11075299 214855016 1
11075299 214714755 0.5
11075299 214854733 0.5
11075299 214854819 0.5
11075299 214854838 0.5
8732388 214853248 1
8732388 214853227 1
8732388 214853222 1
8732388 214853184 0.5
8732388 214848997 0.5
8732388 214851077 0.5
8732388 214849395 0.5
8732388 214853182 0.5
8732388 214850870 0.5
8732388 214850938 0.5
8732388 214851326 0.5
8732388 214717247 0.5
4425453 214829792 1
4425453 214540070 1
4425453 214646745 1
4425453 214835120 0.5
4425453 214514640 0.5
4425453 214676570 0.5
8280486 214564380 1
8280486 214845986 1
8280486 214851290 1
8280486 214819612 0.5
8280486 214851133 0.5
9494258 214853698 1
9494258 214853700 1
9494258 214853730 1
9494258 214853707 0.5
9494258 214850949 0.5
6340339 214848613 1
6340339 214848832 1
6340339 214848808 1
6340339 214848851 0.5
2860789 214831959 1
2860789 214716110 1
2860789 214601233 1
2860789 214829878 0.5
10188263 214849325 1
10188263 214853702 1
10188263 214854159 1
10188263 214853698 0.5
4314871 214835167 1
4314871 214835109 1
4314871 214840001 1
4314871 214819725 0.5
4314871 214819727 0.5
4314871 214836947 0.5
4314871 214821015 0.5
4314871 214833755 0.5
4314871 214839999 0.5
9782799 214717888 1
9782799 214853850 1
9782799 214850771 1
9782799 214850743 0.5
9782799 214572182 0.5
9782799 214853767 0.5
3921663 214836851 1
3921663 214545879 1
3921663 214580291 1
3921663 214580304 0.5
2694914 214581427 1
2694914 214829394 1
2694914 214533020 1
2694914 214612738 0.5
2694914 214821339 0.5
349958 214820396 1
349958 214820392 1
349958 214826612 1
349958 214819376 0.5
10147591 214853730 1
10147591 214853713 1
10147591 214853722 1
10147591 214853698 0.5
10147591 214853707 0.5
10147591 214853700 0.5
8896266 214853105 1
8896266 214853094 1
8896266 214853248 1
8896266 214853096 0.5
11087117 214675895 1
11087117 214850754 1
11087117 214675888 1
11087117 214819410 0.5
11087117 214718220 0.5
8767252 214820345 1
8767252 214846061 1
8767252 214848658 1
8767252 214853090 0.5
8767252 214849762 0.5
8767252 214846447 0.5
8767252 214844400 0.5
8767252 214838225 0.5
8767252 214820402 0.5
8767252 214846067 0.5
8767252 214706102 0.5
8767252 214851581 0.5
8767252 214851326 0.5
5891861 214846412 1
5891861 214846417 1
5891861 214848950 1
5891861 214716752 0.5
5891861 214848337 0.5
5891861 214826610 0.5
5891861 214836855 0.5
5891861 214829850 0.5
5891861 214846427 0.5
5891861 214665277 0.5
5891861 214826623 0.5
2793241 214832115 1
2793241 214835122 1
2793241 214832124 1
2793241 214821407 0.5
2793241 214835017 0.5
2793241 214835019 0.5
2793241 214827011 0.5
2793241 214743497 0.5
7951663 214819772 1
7951663 214850315 1
7951663 214850743 1
7951663 214850938 0.5
7951663 214712235 0.5
7951663 214849796 0.5
7951663 214826805 0.5
7951663 214849747 0.5
4890396 214551883 1
4890396 214716671 1
4890396 214558192 1
4890396 214714794 0.5
4890396 214716714 0.5
4890396 214711284 0.5
4890396 214684845 0.5
4890396 214848326 0.5
10098462 214849807 1
10098462 214854264 1
10098462 214684785 1
10098462 214854510 0.5
4158768 214829797 1
4158768 214839932 1
4158768 214819760 1
4158768 214847968 0.5
4158768 214838096 0.5
4158768 214839587 0.5
4158768 214684843 0.5
4158768 214832145 0.5
7681828 214850771 1
7681828 214835019 1
7681828 214850936 1
7681828 214601233 0.5
7681828 214557095 0.5
11278122 214853381 1
11278122 214850739 1
11278122 214826994 1
11278122 214857557 0.5
7478578 214850938 1
7478578 214850790 1
7478578 214612901 1
7478578 214850936 0.5
9641468 214853767 1
9641468 214853730 1
9641468 214853420 1
9641468 214853698 0.5
9641468 214850949 0.5
9641468 214850282 0.5
9641468 214853707 0.5
9641468 214846033 0.5
9641468 214829878 0.5
9641468 214684730 0.5
9641468 214854172 0.5
9641468 214853722 0.5
10929973 214854840 1
10929973 214853362 1
10929973 214854853 1
10929973 214712675 0.5
10929973 214854795 0.5
10929973 214853094 0.5
98104 214832653 1
98104 214832657 1
98104 214716999 1
98104 214716967 0.5
5705531 214845962 1
5705531 214840483 1
5705531 214838109 1
5705531 214712272 0.5
5705531 214849072 0.5
5705531 214829317 0.5
5705531 214811758 0.5
5705531 214848313 0.5
2432829 214829887 1
2432829 214829880 1
2432829 214649726 1
2432829 214829882 0.5
2432829 214829885 0.5
8722241 214853105 1
8722241 214853096 1
8722241 214851326 1
8722241 214853090 0.5
8722241 214853085 0.5
2717508 214835747 1
2717508 214835019 1
2717508 214835132 1
2717508 214832792 0.5
6426437 214848605 1
6426437 214849070 1
6426437 214684717 1
6426437 214848977 0.5
8900423 214716714 1
8900423 214851161 1
8900423 214853132 1
8900423 214851080 0.5
8900423 214853242 0.5
8900423 214848851 0.5
8900423 214853182 0.5
8900423 214853222 0.5
147272 214748300 1
147272 214748304 1
147272 214753507 1
147272 214748295 0.5
10149707 214854510 1
10149707 214850790 1
10149707 214854172 1
10149707 214509401 0.5
10149707 214854118 0.5
5250893 214839969 1
5250893 214839971 1
5250893 214845984 1
5250893 214846033 0.5
5250893 214829797 0.5
5250893 214846001 0.5
7136909 214839947 1
7136909 214836885 1
7136909 214718182 1
7136909 214826904 0.5
7136909 214819777 0.5
7136909 214561775 0.5
8942614 214851581 1
8942614 214846067 1
8942614 214851013 1
8942614 214851290 0.5
8942614 214757390 0.5
8942614 214851133 0.5
8942614 214716110 0.5
11546456 214854791 1
11546456 214854797 1
11546456 214853100 1
11546456 214854789 0.5
11546456 214850287 0.5
7542617 214850366 1
7542617 214850282 1
7542617 214819380 1
7542617 214850304 0.5
7542617 214819378 0.5
10733404 214854257 1
10733404 214854223 1
10733404 214854080 1
10733404 214854221 0.5
9367394 214819395 1
9367394 214838107 1
9367394 214850285 1
9367394 214850949 0.5
9367394 214845579 0.5
9367394 214684717 0.5
9367394 214846031 0.5
9367394 214853338 0.5
9367394 214829882 0.5
342943 214826801 1
342943 214826625 1
342943 214837485 1
342943 214826700 0.5
7892836 214850282 1
7892836 214850304 1
7892836 214849745 1
7892836 214838107 0.5
7892836 214850285 0.5
7892836 214829878 0.5
10920318 214851326 1
10920318 214853105 1
10920318 214853096 1
10920318 214853094 0.5
3975019 214829773 1
3975019 214826938 1
3975019 214836795 1
3975019 214829769 0.5
3975019 214829771 0.5
3975019 214836870 0.5
9035984 214853242 1
9035984 214851750 1
9035984 214853085 1
9035984 214853186 0.5
9035984 214853188 0.5
9035984 214850405 0.5
9035984 214853237 0.5
10260333 214853154 1
10260333 214854838 1
10260333 214853730 1
10260333 214853728 0.5
10260333 214853735 0.5
7780298 214716930 1
7780298 214717007 1
7780298 214853758 1
7780298 214716935 0.5
1470324 214826610 1
1470324 214829387 1
1470324 214834880 1
1470324 214833755 0.5
954229 214587317 1
954229 214820810 1
954229 214819430 1
954229 214832780 0.5
6586943 214849320 1
6586943 214849322 1
6586943 214849318 1
6586943 214849192 0.5
6586943 214849185 0.5
6586943 214849179 0.5
9931256 214853698 1
9931256 214853730 1
9931256 214853700 1
9931256 214853707 0.5
4812902 214826610 1
4812902 214839971 1
4812902 214820392 1
4812902 214839600 0.5
4812902 214828985 0.5
4812902 214847255 0.5
4812902 214602598 0.5
4812902 214839975 0.5
9310079 214748336 1
9310079 214853700 1
9310079 214853767 1
9310079 214835473 0.5
3626883 214838227 1
3626883 214835109 1
3626883 214820220 1
3626883 214829762 0.5
3626883 214561402 0.5
3626883 214708029 0.5
3981192 214838227 1
3981192 214835109 1
3981192 214826990 1
3981192 214836932 0.5
8794368 214852978 1
8794368 214853094 1
8794368 214852980 1
8794368 214853096 0.5
8794368 214640353 0.5
8794368 214718312 0.5
8794368 214853105 0.5
1722258 214834880 1
1722258 214834877 1
1722258 214820805 1
1722258 214833755 0.5
7070019 214847261 1
7070019 214847255 1
7070019 214832156 1
7070019 214575665 0.5
466836 214821290 1
466836 214821277 1
466836 214821285 1
466836 214839752 0.5
8718233 214829887 1
8718233 214850947 1
8718233 214850285 1
8718233 214846029 0.5
540571 214839600 1
540571 214725532 1
540571 214819376 1
540571 214819385 0.5
540571 214717890 0.5
3843996 214838227 1
3843996 214826990 1
3843996 214836932 1
3843996 214838137 0.5
3843996 214708029 0.5
6236061 214820259 1
6236061 214820265 1
6236061 214820261 1
6236061 214839369 0.5
6236061 214820227 0.5
6236061 214820233 0.5
6594462 214849003 1
6594462 214846085 1
6594462 214848969 1
6594462 214553936 0.5
6594462 214577450 0.5
6594462 214561494 0.5
7980959 214850405 1
7980959 214850760 1
7980959 214850741 1
7980959 214850876 0.5
7980959 214850790 0.5
4840433 214832012 1
4840433 214839594 1
4840433 214839358 1
4840433 214838098 0.5
11055018 214854802 1
11055018 214716671 1
11055018 214855016 1
11055018 214854785 0.5
8499116 214844394 1
8499116 214845422 1
8499116 214844439 1
8499116 214534350 0.5
8499116 214850415 0.5
7534511 214717003 1
7534511 214717007 1
7534511 214716926 1
7534511 214561496 0.5
7534511 214853122 0.5
7534511 214854630 0.5
10446769 214835167 1
10446769 214846472 1
10446769 214835109 1
10446769 214853698 0.5
10446769 214554973 0.5
1423581 214826621 1
1423581 214826619 1
1423581 214821015 1
1423581 214556025 0.5
1423581 214819562 0.5
1423581 214559563 0.5
1423581 214826617 0.5
7319477 214510460 1
7319477 214849093 1
7319477 214710013 1
7319477 214849132 0.5
7319477 214712242 0.5
7319477 214712244 0.5
7319477 214744764 0.5
7319477 214510447 0.5
2650039 214829885 1
2650039 214829878 1
2650039 214831946 1
2650039 214684730 0.5
5168799 214819627 1
5168799 214831955 1
5168799 214831946 1
5168799 214829878 0.5
4562877 214717007 1
4562877 214716926 1
4562877 214717005 1
4562877 214716928 0.5
4562877 214716939 0.5
8152843 214851579 1
8152843 214832604 1
8152843 214716707 1
8152843 214561674 0.5
8152843 214837027 0.5
8152843 214837014 0.5
8152843 214716671 0.5
5218527 214845581 1
5218527 214832154 1
5218527 214845577 1
5218527 214845579 0.5
2887672 214716980 1
2887672 214716937 1
2887672 214716939 1
2887672 214716977 0.5
2680787 214533022 1
2680787 214835017 1
2680787 214835019 1
2680787 214835747 0.5
6236118 214700000 1
6236118 214601272 1
6236118 214718405 1
6236118 214512611 0.5
10094452 214850739 1
10094452 214854300 1
10094452 214851281 1
10094452 214854354 0.5
196571 214712237 1
196571 214711438 1
196571 214711312 1
196571 214712235 0.5
196571 214826893 0.5
10653663 214854300 1
10653663 214854547 1
10653663 214854579 1
10653663 214567333 0.5
10653663 214854534 0.5
10653663 214567215 0.5
10653663 214684785 0.5
10653663 214854262 0.5
10653663 214684762 0.5
10653663 214849807 0.5
10653663 214853726 0.5
9860433 214853730 1
9860433 214705734 1
9860433 214851099 1
9860433 214849312 0.5
9860433 214854174 0.5
9860433 214853702 0.5
7335932 214831948 1
7335932 214849745 1
7335932 214514287 1
7335932 214845354 0.5
7335932 214846012 0.5
7335932 214838102 0.5
5310447 214826949 1
5310447 214835428 1
5310447 214835064 1
5310447 214844368 0.5
5310447 214844370 0.5
5310447 214845590 0.5
3743121 214829773 1
3743121 214829771 1
3743121 214613741 1
3743121 214582378 0.5
3743121 214582350 0.5
3743121 214595150 0.5
11147249 214853994 1
11147249 214854174 1
11147249 214567215 1
11147249 214567329 0.5
11147249 214851750 0.5
11147249 214853113 0.5
11235314 214712235 1
11235314 214850310 1
11235314 214829880 1
11235314 214849055 0.5
7209164 214846404 1
7209164 214849736 1
7209164 214849757 1
7209164 214651777 0.5
7209164 214573310 0.5
4032501 214836883 1
4032501 214575103 1
4032501 214819410 1
4032501 214847968 0.5
2953209 214829880 1
2953209 214829394 1
2953209 214835132 1
2953209 214831946 0.5
2953209 214684717 0.5
2953209 214829390 0.5
2953209 214829878 0.5
2953209 214829882 0.5
2953209 214829885 0.5
8761338 214853085 1
8761338 214853090 1
8761338 214853248 1
8761338 214853094 0.5
22777 214826700 1
22777 214826801 1
22777 214826608 1
22777 214829285 0.5
22777 214826702 0.5
225276 214716982 1
225276 214716984 1
225276 214716986 1
225276 214716971 0.5
6410238 214848596 1
6410238 214849076 1
6410238 214848605 1
6410238 214839973 0.5
6410238 214848950 0.5
