8046334 214851326 1
8046334 214853096 1
8046334 214853085 1
8046334 214853090 0.5
3680518 214832023 1
3680518 214836926 1
3680518 214838111 1
3680518 214829799 0.5
4836093 214710099 1
4836093 214678987 1
4836093 214710101 1
4836093 214635493 0.5
5378053 214844345 1
5378053 214829765 1
5378053 214844396 1
5378053 214748336 0.5
5378053 214601233 0.5
5378053 214835428 0.5
5378053 214554982 0.5
1654791 214826610 1
1654791 214819760 1
1654791 214834880 1
1654791 214836330 0.5
1654791 214819762 0.5
1654791 214834877 0.5
5783876 214846119 1
5783876 214676377 1
5783876 214835167 1
5783876 214845971 0.5
5783876 214835428 0.5
5783876 214829765 0.5
1184087 214827011 1
1184087 214826617 1
1184087 214826621 1
1184087 214826619 0.5
1184087 214826615 0.5
7440398 214716971 1
7440398 214717007 1
7440398 214716943 1
7440398 214820938 0.5
7440398 214849747 0.5
7440398 214716982 0.5
7440398 214716973 0.5
7440398 214849286 0.5
1069071 214828980 1
1069071 214586694 1
1069071 214829280 1
1069071 214839600 0.5
1069071 214718385 0.5
1069071 214577450 0.5
1069071 214586743 0.5
5707792 214844439 1
5707792 214844462 1
5707792 214820377 1
5707792 214839592 0.5
5707792 214533020 0.5
5707792 214698446 0.5
5707792 214850870 0.5
5707792 214839962 0.5
5707792 214821339 0.5
5707792 214602716 0.5
4596214 214838102 1
4596214 214832012 1
4596214 214826715 1
4596214 214684710 0.5
4596214 214717511 0.5
4596214 214819400 0.5
4596214 214673295 0.5
4596214 214838098 0.5
4596214 214718255 0.5
8433683 214850932 1
8433683 214850852 1
8433683 214838122 1
8433683 214700876 0.5
8433683 214677924 0.5
10600468 214854118 1
10600468 214854065 1
10600468 214854060 1
10600468 214853722 0.5
10600468 214853711 0.5
4831577 214835747 1
4831577 214834867 1
4831577 214587712 1
4831577 214839960 0.5
2093086 214828965 1
2093086 214554371 1
2093086 214821410 1
2093086 214834880 0.5
2093086 214820392 0.5
2093086 214828959 0.5
2093086 214834873 0.5
10469408 214853102 1
10469408 214850947 1
10469408 214850945 1
10469408 214850872 0.5
10469408 214850700 0.5
10469408 214583670 0.5
10469408 214850870 0.5
405537 214820233 1
405537 214821290 1
405537 214820261 1
405537 214821277 0.5
1189922 214829045 1
1189922 214829336 1
1189922 214553762 1
1189922 214701212 0.5
10461228 214854264 1
10461228 214854268 1
10461228 214567327 1
10461228 214567333 0.5
9720811 214678376 1
9720811 214852987 1
9720811 214849010 1
9720811 214845962 0.5
9720811 214853115 0.5
9720811 214853165 0.5
9720811 214846119 0.5
10721328 214854823 1
10721328 214854335 1
10721328 214738457 1
10721328 214573305 0.5
10721328 214854545 0.5
10721328 214853113 0.5
10721328 214716909 0.5
10721328 214853855 0.5
4311089 214839587 1
4311089 214829321 1
4311089 214820402 1
4311089 214829280 0.5
4311089 214839932 0.5
4311089 214706102 0.5
1197406 214826563 1
1197406 214839600 1
1197406 214826610 1
1197406 214641962 0.5
1462328 214829664 1
1462328 214819577 1
1462328 214829666 1
1462328 214716120 0.5
1462328 214826610 0.5
4452411 214835015 1
4452411 214836512 1
4452411 214831970 1
4452411 214838109 0.5
8345662 214850621 1
8345662 214851011 1
8345662 214849365 1
8345662 214850720 0.5
8345662 214821032 0.5
8345662 214581592 0.5
8345662 214850405 0.5
8345662 214564382 0.5
6621877 214706147 1
6621877 214709807 1
6621877 214846385 1
6621877 214553702 0.5
2263104 214829880 1
2263104 214829887 1
2263104 214829882 1
2263104 214829885 0.5
8038468 214851135 1
8038468 214849136 1
8038468 214851290 1
8038468 214844400 0.5
8038468 214851313 0.5
8038468 214846475 0.5
8038468 214849252 0.5
1910857 214829878 1
1910857 214829882 1
1910857 214829887 1
1910857 214831965 0.5
5890122 214848656 1
5890122 214848682 1
5890122 214845583 1
5890122 214586432 0.5
5890122 214820392 0.5
5890122 214836932 0.5
5890122 214850788 0.5
5890122 214826990 0.5
7483469 214850936 1
7483469 214850870 1
7483469 214564382 1
7483469 214850692 0.5
7483469 214850405 0.5
7483469 214850760 0.5
7483469 214850700 0.5
7483469 214850876 0.5
7483469 214850621 0.5
10129487 214853698 1
10129487 214853730 1
10129487 214846333 1
10129487 214845986 0.5
10129487 214851075 0.5
10129487 214849284 0.5
10129487 214854118 0.5
10129487 214557009 0.5
10129487 214602733 0.5
10129487 214853713 0.5
10129487 214849331 0.5
10129487 214838225 0.5
10129487 214849046 0.5
10129487 214714779 0.5
10129487 214854527 0.5
2332752 214533022 1
2332752 214612704 1
2332752 214844439 1
2332752 214551607 0.5
1837139 214829887 1
1837139 214829880 1
1837139 214826745 1
1837139 214826977 0.5
1837139 214551746 0.5
1837139 214821017 0.5
8908888 214853096 1
8908888 214853094 1
8908888 214853105 1
8908888 214853248 0.5
8650841 214551626 1
8650841 214851737 1
8650841 214852987 1
8650841 214850949 0.5
8650841 214853094 0.5
8650841 214849033 0.5
8650841 214716746 0.5
8650841 214716654 0.5
8650841 214853085 0.5
8650841 214716714 0.5
5111904 214845577 1
5111904 214845581 1
5111904 214829887 1
5111904 214845352 0.5
671419 214827013 1
671419 214839997 1
671419 214844297 1
671419 214820192 0.5
671419 214708370 0.5
671419 214820237 0.5
671419 214539110 0.5
671419 214613743 0.5
974948 214827007 1
974948 214827005 1
974948 214827009 1
974948 214827000 0.5
974948 214826925 0.5
594022 214829321 1
594022 214821290 1
594022 214717847 1
594022 214800272 0.5
594022 214534449 0.5
594022 214717850 0.5
594022 214684843 0.5
594022 214718385 0.5
774253 214837442 1
774253 214838831 1
774253 214837485 1
774253 214837490 0.5
774253 214837483 0.5
774253 214837487 0.5
5816431 214716926 1
5816431 214716939 1
5816431 214716947 1
5816431 214554358 0.5
8906866 214853242 1
8906866 214853135 1
8906866 214851750 1
8906866 214853184 0.5
8906866 214851131 0.5
8906866 214851748 0.5
8906866 214853227 0.5
8906866 214851028 0.5
8906866 214853237 0.5
8906866 214851097 0.5
8906866 214851163 0.5
8906866 214851165 0.5
3012724 214829878 1
3012724 214612738 1
3012724 214551607 1
3012724 214831946 0.5
3012724 214847276 0.5
3012724 214829880 0.5
3012724 214829882 0.5
3012724 214829885 0.5
3012724 214829887 0.5
11178104 214854165 1
11178104 214854313 1
11178104 214854017 1
11178104 214850760 0.5
11178104 214850743 0.5
10401914 214853698 1
10401914 214853767 1
10401914 214854060 1
10401914 214853730 0.5
10401914 214853702 0.5
8616298 214849010 1
8616298 214851742 1
8616298 214851755 1
8616298 214845939 0.5
10653822 214854358 1
10653822 214853724 1
10653822 214849807 1
10653822 214854545 0.5
10653822 214854579 0.5
10653822 214854549 0.5
9990271 214853852 1
9990271 214853846 1
9990271 214853994 1
9990271 214854176 0.5
9990271 214853850 0.5
9990271 214854148 0.5
10106801 214853730 1
10106801 214853702 1
10106801 214853722 1
10106801 214853698 0.5
10106801 214853767 0.5
10106801 214854152 0.5
10106801 214853353 0.5
10106801 214853707 0.5
10106801 214853713 0.5
2783362 214829878 1
2783362 214826985 1
2783362 214540127 1
2783362 214826983 0.5
534659 214712126 1
534659 214718220 1
534659 214832559 1
534659 214842281 0.5
534659 214639370 0.5
534659 214508942 0.5
1681543 214826610 1
1681543 214834880 1
1681543 214834877 1
1681543 214559960 0.5
1681543 214829672 0.5
1468552 214821410 1
1468552 214821412 1
1468552 214826589 1
1468552 214819760 0.5
1468552 214819762 0.5
1468552 214684843 0.5
9882888 214853422 1
9882888 214848300 1
9882888 214853420 1
9882888 214849809 0.5
9882888 214849796 0.5
2936973 214829280 1
2936973 214827002 1
2936973 214717522 1
2936973 214561775 0.5
9416846 214845973 1
9416846 214853115 1
9416846 214851759 1
9416846 214851326 0.5
9416846 214853094 0.5
2102637 214829878 1
2102637 214829887 1
2102637 214829885 1
2102637 214829880 0.5
6897808 214848337 1
6897808 214849012 1
6897808 214554982 1
6897808 214848380 0.5
6897808 214836932 0.5
5843128 214845917 1
5843128 214835745 1
5843128 214676075 1
5843128 214845135 0.5
5843128 214826990 0.5
5843128 214676079 0.5
9585107 214853435 1
9585107 214854148 1
9585107 214853722 1
9585107 214853709 0.5
3664026 214836926 1
3664026 214838137 1
3664026 214838225 1
3664026 214836795 0.5
3664026 214613741 0.5
3664026 214836870 0.5
3672223 214839587 1
3672223 214677615 1
3672223 214748336 1
3672223 214819760 0.5
3672223 214819762 0.5
3672223 214832557 0.5
3672223 214832559 0.5
11315361 214857570 1
11315361 214857568 1
11315361 214857562 1
11315361 214854894 0.5
835751 214826925 1
835751 214834865 1
835751 214826912 1
835751 214714794 0.5
835751 214827007 0.5
10148008 214853700 1
10148008 214853992 1
10148008 214853722 1
10148008 214853698 0.5
1675433 214834880 1
1675433 214826610 1
1675433 214712126 1
1675433 214833755 0.5
1675433 214716339 0.5
1675433 214642805 0.5
1675433 214834877 0.5
6562601 214716707 1
6562601 214832604 1
6562601 214848375 1
6562601 214849012 0.5
6562601 214571188 0.5
6562601 214684942 0.5
2388139 214829878 1
2388139 214829882 1
2388139 214831948 1
2388139 214821407 0.5
8470704 214853096 1
8470704 214853085 1
8470704 214853105 1
8470704 214853090 0.5
8470704 214852978 0.5
8470704 214853094 0.5
4370609 214839596 1
4370609 214826942 1
4370609 214838102 1
4370609 214831944 0.5
4370609 214838096 0.5
4370609 214831942 0.5
5836984 214846318 1
5836984 214846010 1
5836984 214829739 1
5836984 214819586 0.5
5836984 214839973 0.5
5836984 214846117 0.5
5836984 214821035 0.5
5836984 214832145 0.5
5836984 214845971 0.5
5836984 214544357 0.5
5836984 214848997 0.5
6971579 214849312 1
6971579 214848849 1
6971579 214667857 1
6971579 214844409 0.5
6971579 214665277 0.5
6971579 214834877 0.5
6971579 214849239 0.5
4006077 214848729 1
4006077 214820377 1
4006077 214836924 1
4006077 214561472 0.5
4006077 214602386 0.5
4006077 214532107 0.5
4006077 214836932 0.5
672051 214709634 1
672051 214826876 1
672051 214717286 1
672051 214826872 0.5
672051 214743369 0.5
672051 214819490 0.5
672051 214826908 0.5
672051 214664919 0.5
430271 214821020 1
430271 214819528 1
430271 214821292 1
430271 214718160 0.5
430271 214556840 0.5
4096196 214826945 1
4096196 214838098 1
4096196 214826942 1
4096196 214819760 0.5
4096196 214832012 0.5
2537669 214829852 1
2537669 214820396 1
2537669 214674487 1
2537669 214819721 0.5
2537669 214574670 0.5
11165897 214712242 1
11165897 214854804 1
11165897 214854722 1
11165897 214853081 0.5
11165897 214853083 0.5
11165897 214849100 0.5
11165897 214709685 0.5
4960458 214838227 1
4960458 214835109 1
4960458 214826990 1
4960458 214553257 0.5
4960458 214549277 0.5
4960458 214832150 0.5
4960458 214554982 0.5
4960458 214556025 0.5
8671439 214853248 1
8671439 214853105 1
8671439 214851326 1
8671439 214853096 0.5
8671439 214853090 0.5
8671439 214853085 0.5
8671439 214853094 0.5
8136912 214851125 1
8136912 214851155 1
8136912 214851590 1
8136912 214851152 0.5
8136912 214851322 0.5
8101502 214851122 1
8101502 214579875 1
8101502 214851581 1
8101502 214851097 0.5
8101502 214743339 0.5
8101502 214851236 0.5
10924242 214837873 1
10924242 214709634 1
10924242 214849468 1
10924242 214744670 0.5
10924242 214709685 0.5
10924242 214705757 0.5
10924242 214848375 0.5
4303059 214838107 1
4303059 214838096 1
4303059 214838105 1
4303059 214836881 0.5
4303059 214821309 0.5
4303059 214826623 0.5
4958424 214838092 1
4958424 214832156 1
4958424 214838094 1
4958424 214837280 0.5
11023967 214712242 1
11023967 214854699 1
11023967 214849048 1
11023967 214712244 0.5
11023967 214854682 0.5
11023967 214849100 0.5
11023967 214849052 0.5
5349596 214845583 1
5349596 214844372 1
5349596 214844398 1
5349596 214838137 0.5
8282341 214848302 1
8282341 214853087 1
8282341 214853165 1
8282341 214845962 0.5
8282341 214845971 0.5
10510566 214854300 1
10510566 214819577 1
10510566 214854579 1
10510566 214850621 0.5
10510566 214849365 0.5
10510566 214564382 0.5
10510566 214853135 0.5
1937222 214587697 1
1937222 214835124 1
1937222 214829321 1
1937222 214800272 0.5
1937222 214819762 0.5
1937222 214835087 0.5
1937222 214717847 0.5
1937222 214835111 0.5
9322729 214850949 1
9322729 214850942 1
9322729 214853340 1
9322729 214853426 0.5
2033159 214826711 1
2033159 214829368 1
2033159 214712132 1
2033159 214717410 0.5
2033159 214582346 0.5
2033159 214582348 0.5
2033159 214835754 0.5
2033159 214582350 0.5
10083959 214853094 1
10083959 214853085 1
10083959 214853248 1
10083959 214845986 0.5
10083959 214853722 0.5
10083959 214851326 0.5
3899628 214829786 1
3899628 214820452 1
3899628 214839982 1
3899628 214829797 0.5
5200061 214839356 1
5200061 214832010 1
5200061 214678987 1
5200061 214744768 0.5
5200061 214835552 0.5
5200061 214542759 0.5
893172 214826615 1
893172 214821015 1
893172 214826621 1
893172 214553844 0.5
893172 214826612 0.5
893172 214826617 0.5
5848446 214846014 1
5848446 214846033 1
5848446 214839973 1
5848446 214613915 0.5
5848446 214509125 0.5
7309558 214849775 1
7309558 214849753 1
7309558 214849747 1
7309558 214819410 0.5
7309558 214705997 0.5
338167 214643949 1
338167 214716986 1
338167 214716984 1
338167 214832655 0.5
338167 214832653 0.5
338167 214716967 0.5
8988921 214853075 1
8988921 214853107 1
8988921 214848847 1
8988921 214711205 0.5
8988921 214846119 0.5
8988921 214853128 0.5
8988921 214712124 0.5
8988921 214851281 0.5
8988921 214853109 0.5
8988921 214851292 0.5
3924221 214836887 1
3924221 214838096 1
3924221 214831944 1
3924221 214838105 0.5
3924221 214560622 0.5
1921278 214831948 1
1921278 214829882 1
1921278 214831946 1
1921278 214819400 0.5
1921278 214684710 0.5
4237567 214538591 1
4237567 214838109 1
4237567 214831970 1
4237567 214838096 0.5
4237567 214839600 0.5
4237567 214836947 0.5
10078592 214853848 1
10078592 214567329 1
10078592 214854264 1
10078592 214684762 0.5
10078592 214853852 0.5
1458434 214834880 1
1458434 214826589 1
1458434 214834877 1
1458434 214826610 0.5
1458434 214829053 0.5
1458434 214829366 0.5
1458434 214820807 0.5
1833221 214829865 1
1833221 214829861 1
1833221 214829863 1
1833221 214829707 0.5
9687302 214853420 1
9687302 214826987 1
9687302 214850942 1
9687302 214853342 0.5
9687302 214853321 0.5
9687302 214850947 0.5
9687302 214850949 0.5
9687302 214743515 0.5
6883593 214849318 1
6883593 214665277 1
6883593 214849322 1
6883593 214849344 0.5
9601292 214853422 1
9601292 214850947 1
9601292 214853420 1
9601292 214850942 0.5
10152206 214853454 1
10152206 214850945 1
10152206 214845581 1
10152206 214831948 0.5
10152206 214853422 0.5
10152206 214853428 0.5
10152206 214850295 0.5
10152206 214848692 0.5
10152206 214850942 0.5
5161236 214844349 1
5161236 214845581 1
5161236 214826833 1
5161236 214832156 0.5
10369301 214848658 1
10369301 214853700 1
10369301 214853767 1
10369301 214711682 0.5
5223129 214844342 1
5223129 214835109 1
5223129 214829850 1
5223129 214836932 0.5
5223129 214845583 0.5
5223129 214698418 0.5
5223129 214844345 0.5
5223129 214838137 0.5
5223129 214844347 0.5
5223129 214829852 0.5
10404122 214826822 1
10404122 214668219 1
10404122 214849286 1
10404122 214744779 0.5
10404122 214850940 0.5
10404122 214849245 0.5
11000092 214853420 1
11000092 214853081 1
11000092 214684710 1
11000092 214712240 0.5
11000092 214717511 0.5
986501 214820261 1
986501 214828989 1
986501 214821290 1
986501 214821277 0.5
10023203 214844400 1
10023203 214844372 1
10023203 214853996 1
10023203 214844396 0.5
10023203 214853730 0.5
10023203 214850700 0.5
10023203 214853210 0.5
7950628 214846318 1
7950628 214846312 1
7950628 214849010 1
7950628 214819393 0.5
7950628 214709702 0.5
7950628 214557322 0.5
7950628 214559660 0.5
7950628 214845971 0.5
7950628 214582200 0.5
8234374 214853096 1
8234374 214853105 1
8234374 214853085 1
8234374 214852980 0.5
8234374 214853094 0.5
102183 214826835 1
102183 214820237 1
102183 214664919 1
102183 214826897 0.5
102183 214826955 0.5
102183 214557206 0.5
2398509 214829878 1
2398509 214829882 1
2398509 214829887 1
2398509 214829880 0.5
2398509 214831946 0.5
10422579 214854300 1
10422579 214854579 1
10422579 214853852 1
10422579 214819577 0.5
10422579 214854172 0.5
10422579 214850621 0.5
10422579 214853135 0.5
6043957 214846367 1
6043957 214848317 1
6043957 214848322 1
6043957 214846475 0.5
9132343 214853075 1
9132343 214852982 1
9132343 214853265 1
9132343 214853128 0.5
9132343 214853355 0.5
9132343 214851742 0.5
9132343 214677830 0.5
6740281 214849286 1
6740281 214849192 1
6740281 214849342 1
6740281 214849322 0.5
6740281 214849245 0.5
2468154 214829880 1
2468154 214829878 1
2468154 214831948 1
2468154 214575641 0.5
9424607 214853420 1
9424607 214853422 1
9424607 214850942 1
9424607 214850945 0.5
9080491 214853128 1
9080491 214853130 1
9080491 214678387 1
9080491 214581761 0.5
9080491 214853111 0.5
9080491 214853169 0.5
7903968 214849357 1
7903968 214845422 1
7903968 214850936 1
7903968 214718216 0.5
7903968 214850743 0.5
7690563 214853173 1
7690563 214853175 1
7690563 214853758 1
7690563 214849408 0.5
7690563 214853177 0.5
9641468 214853767 1
9641468 214853730 1
9641468 214853420 1
9641468 214853698 0.5
9641468 214850949 0.5
9641468 214850282 0.5
9641468 214853707 0.5
9641468 214846033 0.5
9641468 214829878 0.5
9641468 214684730 0.5
9641468 214854172 0.5
9641468 214853722 0.5
7983429 214850304 1
7983429 214846072 1
7983429 214849777 1
7983429 214845986 0.5
5814606 214846014 1
5814606 214848305 1
5814606 214846033 1
5814606 214642805 0.5
2556597 214829880 1
2556597 214829882 1
2556597 214686082 1
2556597 214831955 0.5
2556597 214826835 0.5
2556597 214684046 0.5
10576213 214854536 1
10576213 214849807 1
10576213 214854352 1
10576213 214853113 0.5
10576213 214854354 0.5
10576213 214853244 0.5
10576213 214819599 0.5
11239766 214851757 1
11239766 214854780 1
11239766 214854332 1
11239766 214854731 0.5
6619479 214849292 1
6619479 214848986 1
6619479 214845133 1
6619479 214582104 0.5
6619479 214560585 0.5
6619479 214834877 0.5
8866137 214853130 1
8866137 214853169 1
8866137 214853109 1
8866137 214678387 0.5
8866137 214846117 0.5
10154331 214853700 1
10154331 214853767 1
10154331 214853722 1
10154331 214846067 0.5
10154331 214743495 0.5
7962341 214716645 1
7962341 214850621 1
7962341 214564382 1
7962341 214850848 0.5
7962341 214844409 0.5
889187 214821285 1
889187 214821277 1
889187 214826803 1
889187 214826801 0.5
889187 214585395 0.5
889187 214535621 0.5
11514212 214853105 1
11514212 214853096 1
11514212 214851326 1
11514212 214852978 0.5
11514212 214853094 0.5
4055333 214829887 1
4055333 214826891 1
4055333 214716746 1
4055333 214831944 0.5
4055333 214716714 0.5
4055333 214832143 0.5
4055333 214838096 0.5
4055333 214556212 0.5
4055333 214514287 0.5
4782443 214836956 1
4782443 214844327 1
4782443 214847255 1
4782443 214835552 0.5
4782443 214835548 0.5
7903596 214748297 1
7903596 214748338 1
7903596 214748293 1
7903596 214748300 0.5
11033997 214853317 1
11033997 214854795 1
11033997 214854782 1
11033997 214857204 0.5
1400553 214559726 1
1400553 214837483 1
1400553 214698446 1
1400553 214837442 0.5
2240637 214600509 1
2240637 214829878 1
2240637 214829887 1
2240637 214705115 0.5
2240637 214716982 0.5
5605754 214846012 1
5605754 214846029 1
5605754 214846033 1
5605754 214718255 0.5
5605754 214832012 0.5
5605754 214717511 0.5
448892 214717888 1
448892 214718160 1
448892 214826874 1
448892 214821024 0.5
3864957 214829042 1
3864957 214829032 1
3864957 214700992 1
3864957 214700990 0.5
7911806 214716645 1
7911806 214846029 1
7911806 214684730 1
7911806 214684736 0.5
7911806 214832023 0.5
5192068 214839969 1
5192068 214835747 1
5192068 214832150 1
5192068 214837882 0.5
5192068 214821412 0.5
5192068 214573629 0.5
5192068 214746382 0.5
5192068 214829775 0.5
5834476 214845917 1
5834476 214846001 1
5834476 214848997 1
5834476 214846447 0.5
10312076 214640353 1
10312076 214854345 1
10312076 214849807 1
10312076 214854555 0.5
5736514 214848305 1
5736514 214848298 1
5736514 214826889 1
5736514 214826891 0.5
10103182 214853767 1
10103182 214853992 1
10103182 214853865 1
10103182 214853996 0.5
10097041 214853700 1
10097041 214853722 1
10097041 214853730 1
10097041 214854152 0.5
2621842 214829878 1
2621842 214829887 1
2621842 214821326 1
2621842 214831967 0.5
8617554 214853135 1
8617554 214845585 1
8617554 214564387 1
8617554 214853225 0.5
8617554 214845587 0.5
8617554 214853182 0.5
4472351 214836050 1
4472351 214836075 1
4472351 214836146 1
4472351 214577057 0.5
11276697 214854819 1
11276697 214854815 1
11276697 214854152 1
11276697 214820396 0.5
11276697 214849252 0.5
5609199 214845583 1
5609199 214844347 1
5609199 214844355 1
5609199 214582175 0.5
5609199 214845887 0.5
8585629 214850694 1
8585629 214850747 1
8585629 214838122 1
8585629 214595139 0.5
8585629 214584926 0.5
10570142 214839395 1
10570142 214836517 1
10570142 214696160 1
10570142 214690747 0.5
7714084 214850936 1
7714084 214850741 1
7714084 214850310 1
7714084 214844400 0.5
7714084 214850295 0.5
7714084 214850771 0.5
7714084 214821022 0.5
7714084 214850743 0.5
6767011 214845971 1
6767011 214709702 1
6767011 214849331 1
6767011 214834880 0.5
6767011 214846535 0.5
6767011 214845962 0.5
6767011 214829387 0.5
6767011 214848620 0.5
6767011 214849239 0.5
10875302 214853730 1
10875302 214854538 1
10875302 214853702 1
10875302 214851122 0.5
10875302 214854731 0.5
10139036 214853702 1
10139036 214853700 1
10139036 214853767 1
10139036 214854152 0.5
10139036 214853698 0.5
10139036 214853722 0.5
10139036 214853765 0.5
7538418 214850940 1
7538418 214850739 1
7538418 214850741 1
7538418 214851011 0.5
7538418 214850405 0.5
10007283 214853730 1
10007283 214853722 1
10007283 214853700 1
10007283 214853767 0.5
1421726 214834877 1
1421726 214829387 1
1421726 214826610 1
1421726 214834880 0.5
1421726 214833755 0.5
1421726 214821407 0.5
5003337 214844330 1
5003337 214602830 1
5003337 214844332 1
5003337 214844327 0.5
6387103 214848950 1
6387103 214848656 1
6387103 214845131 1
6387103 214844400 0.5
6387103 214832145 0.5
6387103 214848682 0.5
6387103 214844372 0.5
2687127 214835745 1
2687127 214826565 1
2687127 214835019 1
2687127 214743335 0.5
2687127 214563337 0.5
2687127 214753515 0.5
2687127 214819760 0.5
2687127 214601233 0.5
2687127 214717522 0.5
2687127 214833755 0.5
5283573 214844342 1
5283573 214844347 1
5283573 214844345 1
5283573 214836932 0.5
5283573 214832150 0.5
10686917 214854495 1
10686917 214718220 1
10686917 214850754 1
10686917 214854545 0.5
10686917 214650508 0.5
9636294 214849010 1
9636294 214848337 1
9636294 214849333 1
9636294 214853111 0.5
9636294 214853385 0.5
9636294 214581611 0.5
9636294 214846125 0.5
9636294 214851159 0.5
9636294 214582200 0.5
9636294 214851290 0.5
7377352 214849344 1
7377352 214835473 1
7377352 214826949 1
7377352 214849312 0.5
7377352 214612730 0.5
7377352 214577387 0.5
6078921 214846119 1
6078921 214846010 1
6078921 214849010 1
6078921 214821384 0.5
6078921 214845965 0.5
8198604 214716714 1
8198604 214851131 1
8198604 214716746 1
8198604 214716654 0.5
6312397 214848410 1
6312397 214848950 1
6312397 214838137 1
6312397 214819760 0.5
6312397 214836926 0.5
6312397 214839975 0.5
2892238 214835747 1
2892238 214835017 1
2892238 214835019 1
2892238 214743495 0.5
2892238 214557095 0.5
2892238 214668270 0.5
2892238 214828985 0.5
2892238 214819762 0.5
2892238 214835475 0.5
2892238 214553621 0.5
2892238 214831959 0.5
2892238 214821401 0.5
2892238 214717562 0.5
2892238 214831965 0.5
2892238 214554431 0.5
2363858 214829882 1
2363858 214829878 1
2363858 214829887 1
2363858 214829880 0.5
373206 214827026 1
373206 214838831 1
373206 214826705 1
373206 214691255 0.5
373206 214709735 0.5
5734878 214844398 1
5734878 214844372 1
5734878 214844400 1
5734878 214601233 0.5
5734878 214826990 0.5
5734878 214835473 0.5
1285367 214551630 1
1285367 214684160 1
1285367 214640012 1
1285367 214821305 0.5
1285367 214533026 0.5
1285367 214710099 0.5
1285367 214821309 0.5
1285367 214821302 0.5
9338248 214853420 1
9338248 214850947 1
9338248 214850945 1
9338248 214853422 0.5
9338248 214853158 0.5
1643709 214834880 1
1643709 214829366 1
1643709 214834877 1
1643709 214829387 0.5
4211173 214826942 1
4211173 214845131 1
4211173 214836857 1
4211173 214820392 0.5
8049127 214851097 1
8049127 214851163 1
8049127 214850936 1
8049127 214743495 0.5
8049127 214850743 0.5
2286063 214831948 1
2286063 214645708 1
2286063 214835132 1
2286063 214826818 0.5
11307507 214854358 1
11307507 214859126 1
11307507 214567333 1
11307507 214695553 0.5
11307507 214686547 0.5
11307507 214567327 0.5
11307507 214857257 0.5
4801012 214839971 1
4801012 214845131 1
4801012 214839960 1
4801012 214839975 0.5
625142 214826619 1
625142 214826908 1
625142 214826837 1
625142 214826621 0.5
625142 214827007 0.5
625142 214826998 0.5
625142 214716902 0.5
625142 214743335 0.5
625142 214821300 0.5
625142 214748334 0.5
625142 214826927 0.5
625142 214640017 0.5
625142 214827026 0.5
625142 214746388 0.5
625142 214690110 0.5
625142 214744775 0.5
625142 214826615 0.5
625142 214821401 0.5
625142 214827002 0.5
625142 214718255 0.5
625142 214718396 0.5
625142 214827005 0.5
625142 214832670 0.5
625142 214826932 0.5
7739901 214850938 1
7739901 214848845 1
7739901 214850771 1
7739901 214667859 0.5
7739901 214577387 0.5
7739901 214677757 0.5
7739901 214717286 0.5
7739901 214850743 0.5
9077248 214853096 1
9077248 214853105 1
9077248 214851326 1
9077248 214853085 0.5
1212929 214828991 1
1212929 214829336 1
1212929 214829045 1
1212929 214712278 0.5
1212929 214546102 0.5
5603842 214849010 1
5603842 214846119 1
5603842 214845962 1
5603842 214845965 0.5
5603842 214846117 0.5
7621123 214850936 1
7621123 214710097 1
7621123 214716645 1
7621123 214827032 0.5
2887791 214553732 1
2887791 214587712 1
2887791 214835017 1
2887791 214826565 0.5
5519878 214819438 1
5519878 214811752 1
5519878 214819496 1
5519878 214835739 0.5
10452737 214853113 1
10452737 214854300 1
10452737 214854534 1
10452737 214854536 0.5
10452737 214854352 0.5
10452737 214820394 0.5
10452737 214853244 0.5
4338188 214834877 1
4338188 214832147 1
4338188 214839969 1
4338188 214819762 0.5
4338188 214839617 0.5
4338188 214833755 0.5
4338188 214829387 0.5
4338188 214829657 0.5
4338188 214829799 0.5
4338188 214836330 0.5
4338188 214743339 0.5
4338188 214602733 0.5
4338188 214675890 0.5
4338188 214553844 0.5
4338188 214684843 0.5
4338188 214838137 0.5
4338188 214821401 0.5
4338188 214716667 0.5
4338188 214821015 0.5
4338188 214556025 0.5
10084887 214850949 1
10084887 214850942 1
10084887 214850945 1
10084887 214850947 0.5
10084887 214853428 0.5
10084887 214853454 0.5
10084887 214853422 0.5
7594522 214716645 1
7594522 214851099 1
7594522 214846535 1
7594522 214835137 0.5
7594522 214709702 0.5
7594522 214848337 0.5
7594522 214848328 0.5
7594522 214819760 0.5
7594522 214710097 0.5
7594522 214819762 0.5
7594522 214827032 0.5
7594522 214851290 0.5
7594522 214849275 0.5
7594522 214851101 0.5
8487451 214851097 1
8487451 214853135 1
8487451 214853188 1
8487451 214716714 0.5
8487451 214684942 0.5
10650143 214854534 1
10650143 214579220 1
10650143 214554950 1
10650143 214853760 0.5
10650143 214709625 0.5
10650143 214854146 0.5
8665091 214852980 1
8665091 214853077 1
8665091 214852978 1
8665091 214851326 0.5
5548577 214844398 1
5548577 214844400 1
5548577 214844372 1
5548577 214835473 0.5
4262434 214831970 1
4262434 214526083 1
4262434 214836887 1
4262434 214839965 0.5
2325029 214829878 1
2325029 214829882 1
2325029 214829885 1
2325029 214835124 0.5
2325029 214826921 0.5
2325029 214832555 0.5
2325029 214753515 0.5
2325029 214835111 0.5
10606001 214854716 1
10606001 214854827 1
10606001 214851757 1
10606001 214853083 0.5
10606001 214853079 0.5
4672041 214845131 1
4672041 214839973 1
4672041 214836330 1
4672041 214839960 0.5
4672041 214829852 0.5
4631087 214839967 1
4631087 214848178 1
4631087 214839962 1
4631087 214836330 0.5
5800496 214829666 1
5800496 214850872 1
5800496 214845984 1
5800496 214738455 0.5
5800496 214832780 0.5
5800496 214601229 0.5
5800496 214601233 0.5
5800496 214821015 0.5
5800496 214668185 0.5
5800496 214584092 0.5
5800496 214839965 0.5
5800496 214848176 0.5
5800496 214835107 0.5
5800496 214839973 0.5
5800496 214821032 0.5
5800496 214743339 0.5
5800496 214820454 0.5
5800496 214717742 0.5
5800496 214553565 0.5
5800496 214839600 0.5
5800496 214848178 0.5
5800496 214821300 0.5
5800496 214828982 0.5
5800496 214846007 0.5
5800496 214665277 0.5
5800496 214845887 0.5
5800496 214850880 0.5
5800496 214839617 0.5
5800496 214826563 0.5
5800496 214583670 0.5
5800496 214687565 0.5
5800496 214716752 0.5
5800496 214846033 0.5
5800496 214845917 0.5
5800496 214829797 0.5
5800496 214826977 0.5
5800496 214848997 0.5
5800496 214819430 0.5
5800496 214838225 0.5
5800496 214849001 0.5
5800496 214845806 0.5
5800496 214708335 0.5
5800496 214832115 0.5
5800496 214848630 0.5
5800496 214836855 0.5
5800496 214826623 0.5
6507057 214846535 1
6507057 214848808 1
6507057 214848330 1
6507057 214848832 0.5
6507057 214848613 0.5
7019061 214684715 1
7019061 214829792 1
7019061 214849807 1
7019061 214700002 0.5
7019061 214850315 0.5
8377097 214716975 1
8377097 214716984 1
8377097 214846035 1
8377097 214832657 0.5
8377097 214744775 0.5
9792948 214853722 1
9792948 214853713 1
9792948 214853700 1
9792948 214853702 0.5
301626 214821020 1
301626 214819547 1
301626 214718160 1
301626 214717888 0.5
301626 214819552 0.5
301626 214535621 0.5
301626 214553257 0.5
301626 214821024 0.5
301626 214559660 0.5
301626 214572182 0.5
301626 214674487 0.5
301626 214718169 0.5
301626 214819550 0.5
2861151 214709252 1
2861151 214826565 1
2861151 214835019 1
2861151 214835132 0.5
2861151 214691471 0.5
8272446 214851099 1
8272446 214851075 1
8272446 214849153 1
8272446 214851133 0.5
3824197 214708046 1
3824197 214820255 1
3824197 214827030 1
3824197 214714697 0.5
3824197 214709546 0.5
3824197 214838505 0.5
7008839 214848609 1
7008839 214848410 1
7008839 214848847 1
7008839 214848328 0.5
7008839 214848377 0.5
7008839 214848330 0.5
7008839 214826990 0.5
9456206 214854551 1
9456206 214851324 1
9456206 214685795 1
9456206 214851320 0.5
4782672 214821305 1
4782672 214821309 1
4782672 214844441 1
4782672 214821313 0.5
4782672 214821341 0.5
3232867 214829012 1
3232867 214836534 1
3232867 214832792 1
3232867 214791635 0.5
11054862 214853102 1
11054862 214854840 1
11054862 214864880 1
11054862 214850315 0.5
11054862 214850310 0.5
11054862 214561481 0.5
11054862 214854731 0.5
11054862 214854800 0.5
11054862 214829878 0.5
11054862 214820188 0.5
7894799 214838122 1
7894799 214845131 1
7894799 214838137 1
7894799 214717890 0.5
7894799 214586694 0.5
7894799 214835019 0.5
7894799 214640017 0.5
7894799 214553561 0.5
7894799 214845435 0.5
7894799 214839932 0.5
7894799 214845917 0.5
7641701 214844439 1
7641701 214612704 1
7641701 214844456 1
7641701 214551626 0.5
7641701 214844458 0.5
4782697 214839973 1
4782697 214748336 1
4782697 214829850 1
4782697 214848178 0.5
4782697 214845131 0.5
3177066 214832124 1
3177066 214557223 1
3177066 214832115 1
3177066 214835745 0.5
3177066 214835122 0.5
3177066 214743497 0.5
3275371 214835722 1
3275371 214845607 1
3275371 214829750 1
3275371 214561603 0.5
3275371 214725500 0.5
3275371 214717526 0.5
7665414 214551626 1
7665414 214844462 1
7665414 214844439 1
7665414 214612704 0.5
7665414 214844456 0.5
7665414 214844441 0.5
9599607 214853420 1
9599607 214850942 1
9599607 214853454 1
9599607 214850945 0.5
9599607 214853330 0.5
518777 214820400 1
518777 214748336 1
518777 214819721 1
518777 214820402 0.5
10277498 214854354 1
10277498 214854352 1
10277498 214854536 1
10277498 214556216 0.5
10277498 214580424 0.5
2851454 214835019 1
2851454 214587697 1
2851454 214835017 1
2851454 214748336 0.5
2851454 214826565 0.5
2851454 214831959 0.5
5436031 214840091 1
5436031 214836956 1
5436031 214669730 1
5436031 214834877 0.5
5416384 214844370 1
5416384 214835064 1
5416384 214826949 1
5416384 214581572 0.5
5416384 214835473 0.5
5416384 214835428 0.5
3883651 214829765 1
3883651 214835167 1
3883651 214836924 1
3883651 214532859 0.5
3883651 214746380 0.5
3883651 214746375 0.5
9779846 214718169 1
9779846 214853698 1
9779846 214718160 1
9779846 214853707 0.5
2513546 214831950 1
2513546 214831948 1
2513546 214829885 1
2513546 214716977 0.5
2513546 214829882 0.5
2513546 214716971 0.5
4240151 214838107 1
4240151 214838096 1
4240151 214705997 1
4240151 214836881 0.5
4240151 214829102 0.5
809613 214821302 1
809613 214571188 1
809613 214828987 1
809613 214837442 0.5
809613 214837483 0.5
7852696 214676306 1
7852696 214850743 1
7852696 214677615 1
7852696 214850552 0.5
10877596 214854716 1
10877596 214853079 1
10877596 214853083 1
10877596 214854722 0.5
6523549 214849185 1
6523549 214848656 1
6523549 214848605 1
6523549 214687457 0.5
6523549 214839973 0.5
6523549 214849239 0.5
6523549 214844372 0.5
6523549 214849046 0.5
6523549 214848695 0.5
10513054 214684785 1
10513054 214567327 1
10513054 214567333 1
10513054 214854510 0.5
10513054 214854262 0.5
4936572 214837286 1
4936572 214832156 1
4936572 214837288 1
4936572 214838092 0.5
1772086 214587317 1
1772086 214833755 1
1772086 214829387 1
1772086 214745317 0.5
907911 214821309 1
907911 214826617 1
907911 214753515 1
907911 214746427 0.5
8094386 214677830 1
8094386 214849010 1
8094386 214848302 1
8094386 214851585 0.5
8094386 214853130 0.5
8094386 214561485 0.5
8094386 214850743 0.5
10668723 214859062 1
10668723 214832156 1
10668723 214711652 1
10668723 214850287 0.5
1798836 214831967 1
1798836 214748334 1
1798836 214826977 1
1798836 214543922 0.5
1798836 214835124 0.5
1798836 214800262 0.5
7029429 214849764 1
7029429 214851009 1
7029429 214844439 1
7029429 214844441 0.5
7029429 214844462 0.5
2442103 214821335 1
2442103 214831957 1
2442103 214738457 1
2442103 214820392 0.5
2442103 214601233 0.5
2442103 214835124 0.5
2442103 214831959 0.5
2442103 214827032 0.5
2442103 214829882 0.5
2442103 214831965 0.5
355006 214829285 1
355006 214826801 1
355006 214826625 1
355006 214691426 0.5
355006 214709634 0.5
355006 214691390 0.5
355006 214664919 0.5
5382848 214826833 1
5382848 214585633 1
5382848 214712051 1
5382848 214835473 0.5
5382848 214835426 0.5
8866497 214853165 1
8866497 214853169 1
8866497 214853130 1
8866497 214853128 0.5
10435266 214854536 1
10435266 214854354 1
10435266 214853244 1
10435266 214853113 0.5
6118084 214845982 1
6118084 214850880 1
6118084 214850870 1
6118084 214850872 0.5
6118084 214845980 0.5
1424069 214826610 1
1424069 214834880 1
1424069 214834877 1
1424069 214833755 0.5
1424069 214707875 0.5
5386017 214844368 1
5386017 214835064 1
5386017 214844355 1
5386017 214835426 0.5
5177163 214839937 1
5177163 214831970 1
5177163 214836512 1
5177163 214826728 0.5
5177163 214645595 0.5
842444 214748336 1
842444 214821300 1
842444 214744775 1
842444 214577450 0.5
842444 214826619 0.5
842444 214586469 0.5
5495586 214560534 1
5495586 214743367 1
5495586 214844398 1
5495586 214844400 0.5
5495586 214838092 0.5
5495586 214835426 0.5
5495586 214845380 0.5
5495586 214835473 0.5
7054457 214849747 1
7054457 214844402 1
7054457 214849734 1
7054457 214844396 0.5
7054457 214819468 0.5
7054457 214829102 0.5
7054457 214748327 0.5
8233971 214853128 1
8233971 214853075 1
8233971 214853107 1
8233971 214849010 0.5
8233971 214853109 0.5
8233971 214851742 0.5
8233971 214853087 0.5
713433 214837485 1
713433 214821309 1
713433 214821305 1
713433 214551617 0.5
713433 214837442 0.5
713433 214821315 0.5
713433 214612708 0.5
713433 214837483 0.5
713433 214698446 0.5
713433 214837490 0.5
713433 214821302 0.5
7882757 214850940 1
7882757 214850938 1
7882757 214850936 1
7882757 214850405 0.5
7882757 214850621 0.5
4749434 214838102 1
4749434 214554384 1
4749434 214575193 1
4749434 214844456 0.5
4749434 214819772 0.5
4749434 214844458 0.5
4749434 214844439 0.5
4749434 214831948 0.5
4749434 214554358 0.5
4749434 214551607 0.5
4749434 214821339 0.5
4749434 214533020 0.5
4749434 214716926 0.5
4708133 214831970 1
4708133 214718216 1
4708133 214839937 1
4708133 214838109 0.5
4708133 214839973 0.5
5579488 214846117 1
5579488 214676377 1
5579488 214821382 1
5579488 214846010 0.5
7606223 214716971 1
7606223 214716982 1
7606223 214850767 1
7606223 214716939 0.5
7606223 214578823 0.5
9388771 214853420 1
9388771 214850942 1
9388771 214853422 1
9388771 214850947 0.5
2861798 214835462 1
2861798 214836050 1
2861798 214836847 1
2861798 214836075 0.5
2618088 214829878 1
2618088 214831946 1
2618088 214831948 1
2618088 214684736 0.5
2618088 214705993 0.5
2618088 214673295 0.5
2618088 214831955 0.5
2618088 214831957 0.5
2618088 214826715 0.5
2618088 214829885 0.5
2618088 214829887 0.5
8139499 214685049 1
8139499 214848808 1
8139499 214851080 1
8139499 214716714 0.5
8139499 214851317 0.5
9775854 214848326 1
9775854 214854510 1
9775854 214854262 1
9775854 214567333 0.5
9775854 214684785 0.5
9775854 214854354 0.5
9775854 214848757 0.5
9775854 214854358 0.5
9775854 214684762 0.5
9775854 214854165 0.5
2394237 214829880 1
2394237 214829885 1
2394237 214831950 1
2394237 214834880 0.5
2394237 214819760 0.5
2394237 214819762 0.5
2394237 214684843 0.5
2394237 214829882 0.5
9338939 214846258 1
9338939 214853465 1
9338939 214850942 1
9338939 214821371 0.5
9338939 214821373 0.5
9338939 214705734 0.5
9338939 214853175 0.5
11547774 214854774 1
11547774 214712242 1
11547774 214854780 1
11547774 214849100 0.5
11066104 214854804 1
11066104 214854722 1
11066104 214710013 1
11066104 214853081 0.5
4766458 214845131 1
4766458 214602733 1
4766458 214839969 1
4766458 214748336 0.5
4766458 214839587 0.5
4766458 214839973 0.5
4766458 214602598 0.5
4766458 214839600 0.5
4766458 214848178 0.5
4766458 214839960 0.5
4766458 214829850 0.5
4766458 214848176 0.5
4766458 214829852 0.5
1966843 214829720 1
1966843 214829664 1
1966843 214829666 1
1966843 214706432 0.5
5343997 214844398 1
5343997 214844396 1
5343997 214844340 1
5343997 214835167 0.5
10004267 214853085 1
10004267 214853090 1
10004267 214851326 1
10004267 214853094 0.5
8432392 214853096 1
8432392 214853085 1
8432392 214853094 1
8432392 214853090 0.5
5438224 214844347 1
5438224 214844398 1
5438224 214844396 1
5438224 214844400 0.5
8907537 214853094 1
8907537 214852978 1
8907537 214853077 1
8907537 214853248 0.5
7777042 214849078 1
7777042 214850304 1
7777042 214819380 1
7777042 214819378 0.5
7777042 214846029 0.5
7777042 214850310 0.5
7777042 214829887 0.5
6462227 214848971 1
6462227 214849258 1
6462227 214848958 1
6462227 214848656 0.5
11148054 214855016 1
11148054 214854853 1
11148054 214864880 1
11148054 214854830 0.5
3664664 214836924 1
3664664 214836932 1
3664664 214838227 1
3664664 214691467 0.5
3664664 214829765 0.5
7752478 214716671 1
7752478 214851592 1
7752478 214851163 1
7752478 214851097 0.5
9272112 214853454 1
9272112 214853424 1
9272112 214839347 1
9272112 214853214 0.5
9272112 214508287 0.5
10154788 214853096 1
10154788 214853085 1
10154788 214853105 1
10154788 214844960 0.5
10154788 214829730 0.5
10154788 214839733 0.5
10154788 214855198 0.5
6928186 214848945 1
6928186 214849020 1
6928186 214848941 1
6928186 214848954 0.5
6928186 214849022 0.5
641839 214826932 1
641839 214829008 1
641839 214820807 1
641839 214829053 0.5
6001457 214846472 1
6001457 214848322 1
6001457 214846475 1
6001457 214849016 0.5
6001457 214848317 0.5
6001457 214846254 0.5
7707444 214540597 1
7707444 214712278 1
7707444 214774685 1
7707444 214832792 0.5
7707444 214558258 0.5
7707444 214834867 0.5
7707444 214829765 0.5
7707444 214609325 0.5
9116471 214716746 1
9116471 214851080 1
9116471 214851161 1
9116471 214716671 0.5
9116471 214851163 0.5
9116471 214848851 0.5
9116471 214851575 0.5
11512632 214684785 1
11512632 214567333 1
11512632 214567327 1
11512632 214854358 0.5
9734964 214850945 1
9734964 214853420 1
9734964 214853402 1
9734964 214831946 0.5
9734964 214821373 0.5
9734964 214716982 0.5
9734964 214829887 0.5
8219953 214850405 1
8219953 214601233 1
8219953 214850790 1
8219953 214850792 0.5
8219953 214829850 0.5
8219953 214829852 0.5
8219953 214557223 0.5
9128757 214853135 1
9128757 214853195 1
9128757 214851748 1
9128757 214853184 0.5
9128757 214850760 0.5
9128757 214853227 0.5
9128757 214850876 0.5
9128757 214853233 0.5
2325312 214834867 1
2325312 214835019 1
2325312 214837918 1
2325312 214835111 0.5
2325312 214832780 0.5
2325312 214819760 0.5
2325312 214819762 0.5
2325312 214835124 0.5
2325312 214837916 0.5
2325312 214831967 0.5
4510532 214716930 1
4510532 214832015 1
4510532 214831948 1
4510532 214716932 0.5
4510532 214716935 0.5
7104853 214567078 1
7104853 214829045 1
7104853 214551780 1
7104853 214849337 0.5
9119011 214853105 1
9119011 214851326 1
9119011 214853248 1
9119011 214851748 0.5
9119011 214853077 0.5
8919863 214853096 1
8919863 214853094 1
8919863 214853085 1
8919863 214567410 0.5
8919863 214851326 0.5
9417528 214853128 1
9417528 214678376 1
9417528 214850947 1
9417528 214853420 0.5
7979859 214850938 1
7979859 214564382 1
7979859 214850848 1
7979859 214849250 0.5
7979859 214564387 0.5
2308849 214829887 1
2308849 214831948 1
2308849 214835132 1
2308849 214700002 0.5
2308849 214829878 0.5
2308849 214826822 0.5
7523812 214828970 1
7523812 214848305 1
7523812 214848298 1
7523812 214716928 0.5
7523812 214828963 0.5
7523812 214554358 0.5
7523812 214845583 0.5
10604517 214854352 1
10604517 214853244 1
10604517 214854354 1
10604517 214837873 0.5
10604517 214853113 0.5
9588538 214852987 1
9588538 214853381 1
9588538 214844402 1
9588538 214853075 0.5
3726179 214835167 1
3726179 214835109 1
3726179 214848729 1
3726179 214838227 0.5
3726179 214836932 0.5
2822277 214837918 1
2822277 214835132 1
2822277 214836534 1
2822277 214836084 0.5
6516541 214846035 1
6516541 214835428 1
6516541 214667912 1
6516541 214586668 0.5
3617648 214836924 1
3617648 214838107 1
3617648 214684717 1
3617648 214829880 0.5
3617648 214650641 0.5
3617648 214717515 0.5
3617648 214836932 0.5
3138417 214837918 1
3138417 214573612 1
3138417 214587697 1
3138417 214680705 0.5
3138417 214835019 0.5
3138417 214837916 0.5
2374514 214831946 1
2374514 214829878 1
2374514 214829885 1
2374514 214829882 0.5
11338612 214854782 1
11338612 214854791 1
11338612 214853100 1
11338612 214855016 0.5
10699544 214854268 1
10699544 214854264 1
10699544 214854358 1
10699544 214567329 0.5
10699544 214853996 0.5
10699544 214854510 0.5
10699544 214567215 0.5
10699544 214684785 0.5
10699544 214684762 0.5
4557688 214839956 1
4557688 214839977 1
4557688 214845133 1
4557688 214839980 0.5
9486484 214850945 1
9486484 214850949 1
9486484 214850947 1
9486484 214853130 0.5
9486484 214581611 0.5
9486484 214853420 0.5
3652474 214836924 1
3652474 214826990 1
3652474 214835109 1
3652474 214836932 0.5
2407291 214829878 1
2407291 214829887 1
2407291 214819762 1
2407291 214831959 0.5
2407291 214831967 0.5
9632637 214853420 1
9632637 214850947 1
9632637 214853330 1
9632637 214821410 0.5
9632637 214573350 0.5
9632637 214850949 0.5
9632637 214705734 0.5
9632637 214829799 0.5
9632637 214853454 0.5
9632637 214853456 0.5
9632637 214851101 0.5
2130821 214835021 1
2130821 214829385 1
2130821 214829660 1
2130821 214829657 0.5
2454408 214829880 1
2454408 214831946 1
2454408 214831965 1
2454408 214829878 0.5
10554251 214567333 1
10554251 214854262 1
10554251 214684785 1
10554251 214853992 0.5
10554251 214854510 0.5
10554251 214857167 0.5
10554251 214854352 0.5
10554251 214854165 0.5
10554251 214854358 0.5
10554251 214853726 0.5
11039133 214854716 1
11039133 214853079 1
11039133 214854356 1
11039133 214854767 0.5
9950094 214854268 1
9950094 214854358 1
9950094 214853735 1
9950094 214853705 0.5
10574736 214854585 1
10574736 214854300 1
10574736 214854538 1
10574736 214648250 0.5
10574736 214821397 0.5
10574736 214648247 0.5
1743761 214748336 1
1743761 214743495 1
1743761 214587712 1
1743761 214832552 0.5
1743761 214832722 0.5
9538454 214853420 1
9538454 214850947 1
9538454 214853422 1
9538454 214850945 0.5
9538454 214850949 0.5
2044823 214829385 1
2044823 214829660 1
2044823 214835750 1
2044823 214829664 0.5
2044823 214743497 0.5
2044823 214820394 0.5
2044823 214819599 0.5
2044823 214821397 0.5
2044823 214829657 0.5
2044823 214819770 0.5
2044823 214829882 0.5
2044823 214821407 0.5
9001882 214851755 1
9001882 214848302 1
9001882 214851737 1
9001882 214850372 0.5
9001882 214852982 0.5
9001882 214850758 0.5
9001882 214853128 0.5
9001882 214850762 0.5
9001882 214845135 0.5
9001882 214601040 0.5
9001882 214836947 0.5
9001882 214819766 0.5
9001882 214852987 0.5
9001882 214853130 0.5
3373984 214834867 1
3373984 214602600 1
3373984 214835128 1
3373984 214609325 0.5
7813886 214849809 1
7813886 214700000 1
7813886 214850315 1
7813886 214850310 0.5
10406818 214854510 1
10406818 214854262 1
10406818 214853848 1
10406818 214837442 0.5
10406818 214567333 0.5
10406818 214853094 0.5
10406818 214854146 0.5
10406818 214584047 0.5
10406818 214854577 0.5
10406818 214854165 0.5
10406818 214854268 0.5
10374051 214668219 1
10374051 214849286 1
10374051 214748282 1
10374051 214853722 0.5
10374051 214643036 0.5
11135627 214854802 1
11135627 214855151 1
11135627 214853722 1
11135627 214854600 0.5
11135627 214854857 0.5
11135627 214854819 0.5
5882791 214676377 1
5882791 214848185 1
5882791 214652934 1
5882791 214573288 0.5
5882791 214712507 0.5
7191466 214850285 1
7191466 214850295 1
7191466 214850315 1
7191466 214850282 0.5
7191466 214850287 0.5
8922951 214853132 1
8922951 214851750 1
8922951 214853242 1
8922951 214853225 0.5
8922951 214853186 0.5
8922951 214853210 0.5
8922951 214853237 0.5
7404849 214850282 1
7404849 214849738 1
7404849 214849757 1
7404849 214846033 0.5
7809968 214850936 1
7809968 214850938 1
7809968 214850743 1
7809968 214850771 0.5
7809968 214850756 0.5
1962933 214829846 1
1962933 214829865 1
1962933 214829861 1
1962933 214829857 0.5
6665143 214850295 1
6665143 214849078 1
6665143 214845476 1
6665143 214716080 0.5
6665143 214650641 0.5
6665143 214845581 0.5
6665143 214578577 0.5
713656 214839600 1
713656 214748336 1
713656 214743495 1
713656 214819721 0.5
713656 214557279 0.5
713656 214826953 0.5
9290682 214853340 1
9290682 214850949 1
9290682 214839913 1
9290682 214831955 0.5
9290682 214820214 0.5
8909759 214829743 1
8909759 214849295 1
8909759 214717427 1
8909759 214849138 0.5
4621248 214821277 1
4621248 214821292 1
4621248 214821285 1
4621248 214819760 0.5
4621248 214839973 0.5
4365249 214821339 1
4365249 214551607 1
4365249 214844445 1
4365249 214533020 0.5
3867589 214820807 1
3867589 214836877 1
3867589 214651517 1
3867589 214709792 0.5
3867589 214561402 0.5
3867589 214573357 0.5
3867589 214836830 0.5
3867589 214836823 0.5
10437579 214826987 1
10437579 214712237 1
10437579 214840378 1
10437579 214668275 0.5
10437579 214835126 0.5
5487564 214845590 1
5487564 214844402 1
5487564 214602733 1
5487564 214743335 0.5
5487564 214845131 0.5
5487564 214844398 0.5
5487564 214844400 0.5
5487564 214844372 0.5
5487564 214835167 0.5
5487564 214845917 0.5
5487564 214717247 0.5
8100813 214716746 1
8100813 214851163 1
8100813 214716671 1
8100813 214851592 0.5
8100813 214851131 0.5
8100813 214684942 0.5
9063377 214567078 1
9063377 214718216 1
9063377 214716982 1
9063377 214716984 0.5
9063377 214844454 0.5
9256099 214831948 1
9256099 214850304 1
9256099 214845352 1
9256099 214684736 0.5
9256099 214846029 0.5
9256099 214850942 0.5
3152852 214829321 1
3152852 214706102 1
3152852 214820392 1
3152852 214743495 0.5
3152852 214819721 0.5
3152852 214744779 0.5
3152852 214687852 0.5
3152852 214835475 0.5
3152852 214826998 0.5
3152852 214837882 0.5
6159318 214832653 1
6159318 214716982 1
6159318 214717003 1
6159318 214717005 0.5
115529 214826829 1
115529 214826889 1
115529 214826891 1
115529 214717507 0.5
181217 214748336 1
181217 214709666 1
181217 214744535 1
181217 214819721 0.5
181217 214717562 0.5
181217 214554765 0.5
181217 214821022 0.5
181217 214743495 0.5
6876131 214826990 1
6876131 214848596 1
6876131 214848971 1
6876131 214829765 0.5
6435816 214848380 1
6435816 214849012 1
6435816 214848337 1
6435816 214835109 0.5
6435816 214821015 0.5
9794539 214854358 1
9794539 214854159 1
9794539 214853735 1
9794539 214853724 0.5
9794539 214567333 0.5
11221879 214851757 1
11221879 214854699 1
11221879 214854722 1
11221879 214849100 0.5
11221879 214711556 0.5
11221879 214853079 0.5
11399677 214829880 1
11399677 214829887 1
11399677 214832154 1
11399677 214829882 0.5
10701809 214853735 1
10701809 214854545 1
10701809 214853930 1
10701809 214853726 0.5
6951923 214849312 1
6951923 214850786 1
6951923 214848641 1
6951923 214829773 0.5
3152887 214602605 1
3152887 214829878 1
3152887 214826715 1
3152887 214835120 0.5
3152887 214831946 0.5
3152887 214512611 0.5
484344 214578823 1
484344 214580790 1
484344 214579762 1
484344 214839984 0.5
7709483 214837494 1
7709483 214846530 1
7709483 214849252 1
7709483 214850936 0.5
7709483 214651777 0.5
7709483 214850938 0.5
7709483 214844409 0.5
7709483 214675895 0.5
5508091 214844396 1
5508091 214844398 1
5508091 214844372 1
5508091 214748336 0.5
5508091 214844400 0.5
5508091 214832156 0.5
5508091 214844345 0.5
6315781 214848622 1
6315781 214846530 1
6315781 214848620 1
6315781 214849312 0.5
6315781 214849046 0.5
6315781 214845131 0.5
6315781 214684108 0.5
6315781 214848658 0.5
6315781 214848950 0.5
11535357 214854782 1
11535357 214853102 1
11535357 214854787 1
11535357 214695225 0.5
11535357 214829878 0.5
8041471 214716671 1
8041471 214716714 1
8041471 214851163 1
8041471 214851592 0.5
8041471 214849738 0.5
8041471 214832567 0.5
8041471 214851131 0.5
8041471 214849757 0.5
8041471 214714794 0.5
4529158 214718398 1
4529158 214845579 1
4529158 214838107 1
4529158 214829880 0.5
4529158 214684734 0.5
4529158 214711318 0.5
4529158 214711087 0.5
7229953 214850304 1
7229953 214853758 1
7229953 214567404 1
7229953 214850282 0.5
7229953 214567419 0.5
3495651 214840595 1
3495651 214537490 1
3495651 214838122 1
3495651 214584992 0.5
2415626 214829887 1
2415626 214826977 1
2415626 214831967 1
2415626 214819430 0.5
2415626 214835111 0.5
2415626 214832780 0.5
2415626 214819760 0.5
2415626 214601233 0.5
2415626 214819762 0.5
7353859 214849775 1
7353859 214849250 1
7353859 214850310 1
7353859 214835137 0.5
7353859 214602598 0.5
7353859 214819464 0.5
7353859 214850315 0.5
7353859 214844398 0.5
7353859 214819378 0.5
7353859 214820345 0.5
7353859 214849466 0.5
7353859 214557279 0.5
1244182 214826561 1
1244182 214834877 1
1244182 214826610 1
1244182 214829387 0.5
6312269 214711205 1
6312269 214848847 1
6312269 214849018 1
6312269 214712124 0.5
6312269 214711247 0.5
7552031 214850938 1
7552031 214850411 1
7552031 214850848 1
7552031 214850936 0.5
7552031 214820394 0.5
7552031 214850621 0.5
7445536 214748336 1
7445536 214845457 1
7445536 214836330 1
7445536 214846530 0.5
7445536 214848997 0.5
7445536 214831967 0.5
7445536 214848656 0.5
7445536 214848658 0.5
7445536 214839960 0.5
7445536 214820345 0.5
7445536 214716667 0.5
7445536 214844413 0.5
7445536 214836926 0.5
7445536 214839973 0.5
2649126 214829887 1
2649126 214829880 1
2649126 214831946 1
2649126 214829878 0.5
8723498 214853420 1
8723498 214850947 1
8723498 214853456 1
8723498 214853152 0.5
8723498 214850949 0.5
8723498 214853454 0.5
11156524 214567215 1
11156524 214567327 1
11156524 214854549 1
11156524 214684785 0.5
2962479 214835107 1
2962479 214832126 1
2962479 214832128 1
2962479 214839617 0.5
10785842 214855016 1
10785842 214854782 1
10785842 214712242 1
10785842 214644577 0.5
10785842 214854682 0.5
10785842 214857167 0.5
8885769 214853077 1
8885769 214853105 1
8885769 214852980 1
8885769 214853094 0.5
5276728 214844355 1
5276728 214835428 1
5276728 214844402 1
5276728 214835473 0.5
5276728 214835426 0.5
5276728 214835070 0.5
7050441 214718372 1
7050441 214711247 1
7050441 214829767 1
7050441 214579220 0.5
7893368 214850938 1
7893368 214849136 1
7893368 214849153 1
7893368 214851011 0.5
7893368 214850364 0.5
7893368 214850739 0.5
7893368 214587028 0.5
7893368 214587317 0.5
7893368 214850743 0.5
7893368 214850619 0.5
7893368 214821020 0.5
7893368 214849395 0.5
7893368 214849247 0.5
1168894 214691567 1
1168894 214842605 1
1168894 214843526 1
1168894 214840944 0.5
9028676 214852980 1
9028676 214853105 1
9028676 214853077 1
9028676 214853096 0.5
9028676 214853085 0.5
2524229 214826947 1
2524229 214684715 1
2524229 214826818 1
2524229 214587712 0.5
2524229 214685242 0.5
2524229 214711524 0.5
2524229 214706437 0.5
5250123 214844398 1
5250123 214844402 1
5250123 214844396 1
5250123 214844400 0.5
5250123 214844340 0.5
10416994 214853325 1
10416994 214854536 1
10416994 214854354 1
10416994 214853698 0.5
10416994 214850739 0.5
10416994 214853700 0.5
9901138 214853700 1
9901138 214853730 1
9901138 214853767 1
9901138 214853722 0.5
3314531 214836932 1
3314531 214826990 1
3314531 214835109 1
3314531 214553735 0.5
3687238 214835167 1
3687238 214829765 1
3687238 214836851 1
3687238 214835745 0.5
3687238 214838225 0.5
3687238 214832124 0.5
3687238 214836133 0.5
3687238 214717007 0.5
1188141 214717005 1
1188141 214829325 1
1188141 214829332 1
1188141 214717007 0.5
11187939 214854853 1
11187939 214864880 1
11187939 214850295 1
11187939 214854840 0.5
11187939 214831948 0.5
11187939 214850287 0.5
7789978 214718385 1
7789978 214845583 1
7789978 214716971 1
7789978 214850754 0.5
7789978 214850756 0.5
7789978 214850743 0.5
7789978 214845506 0.5
7789978 214851279 0.5
7789978 214748336 0.5
7789978 214850450 0.5
7789978 214832023 0.5
7789978 214716975 0.5
7789978 214829852 0.5
7789978 214821022 0.5
2397278 214829385 1
2397278 214835002 1
2397278 214829887 1
2397278 214831965 0.5
6627173 214848941 1
6627173 214848952 1
6627173 214850615 1
6627173 214848945 0.5
6627173 214848954 0.5
6627173 214849022 0.5
10394722 214853702 1
10394722 214853698 1
10394722 214853767 1
10394722 214854495 0.5
10394722 214854527 0.5
2653283 214829878 1
2653283 214829885 1
2653283 214831950 1
2653283 214829880 0.5
8408167 214558192 1
8408167 214851583 1
8408167 214716671 1
8408167 214851080 0.5
8408167 214716714 0.5
8408167 214851317 0.5
8408167 214851133 0.5
7662098 214844394 1
7662098 214844456 1
7662098 214850767 1
7662098 214853122 0.5
7662098 214651562 0.5
7662098 214821341 0.5
7662098 214844439 0.5
3105903 214835019 1
3105903 214573123 1
3105903 214831940 1
3105903 214835017 0.5
3105903 214601233 0.5
10345588 214567329 1
10345588 214854264 1
10345588 214854335 1
10345588 214854555 0.5
1154238 214832780 1
1154238 214820807 1
1154238 214829021 1
1154238 214839600 0.5
1154238 214829321 0.5
1154238 214828978 0.5
1154238 214748336 0.5
1154238 214601233 0.5
10169463 214567329 1
10169463 214567215 1
10169463 214854268 1
10169463 214684785 0.5
10169463 214853726 0.5
8766584 214851101 1
8766584 214851232 1
8766584 214851099 1
8766584 214851585 0.5
8766584 214554982 0.5
8766584 214840757 0.5
8766584 214844342 0.5
8766584 214851290 0.5
8766584 214564380 0.5
5350932 214849001 1
5350932 214845887 1
5350932 214846001 1
5350932 214845986 0.5
5350932 214844398 0.5
5350932 214846007 0.5
5794666 214844372 1
5794666 214836857 1
5794666 214846468 1
5794666 214844400 0.5
5794666 214667970 0.5
5794666 214532107 0.5
10208382 214853767 1
10208382 214556334 1
10208382 214748336 1
10208382 214851581 0.5
9346179 214846378 1
9346179 214834871 1
9346179 214853152 1
9346179 214850949 0.5
9346179 214853366 0.5
3061612 214587697 1
3061612 214826565 1
3061612 214835019 1
3061612 214826818 0.5
3061612 214826947 0.5
8168586 214848315 1
8168586 214851150 1
8168586 214851294 1
8168586 214829045 0.5
8168586 214677733 0.5
11146879 214850700 1
11146879 214849250 1
11146879 214850872 1
11146879 214846033 0.5
11146879 214854802 0.5
11146879 214709685 0.5
11146879 214850870 0.5
6057102 214846007 1
6057102 214846001 1
6057102 214846121 1
6057102 214845917 0.5
9036944 214851737 1
9036944 214853246 1
9036944 214845422 1
9036944 214850370 0.5
9405592 214853420 1
9405592 214850945 1
9405592 214853428 1
9405592 214705734 0.5
9405592 214580424 0.5
9405592 214853225 0.5
9405592 214853132 0.5
9405592 214851122 0.5
9405592 214846067 0.5
9405592 214853237 0.5
9405592 214850700 0.5
9405592 214853242 0.5
9405592 214717247 0.5
6654831 214848952 1
6654831 214849020 1
6654831 214849292 1
6654831 214848945 0.5
6654831 214848658 0.5
6654831 214849022 0.5
6654831 214848954 0.5
6654831 214849046 0.5
6134943 214846460 1
6134943 214846472 1
6134943 214846475 1
6134943 214849001 0.5
6134943 214846421 0.5
6134943 214846007 0.5
4494499 214839956 1
4494499 214839977 1
4494499 214843367 1
4494499 214837280 0.5
4494499 214839960 0.5
4494499 214838092 0.5
4494499 214837286 0.5
7023783 214850282 1
7023783 214850295 1
7023783 214850304 1
7023783 214850291 0.5
3933353 214836947 1
3933353 214835109 1
3933353 214826990 1
3933353 214560587 0.5
4409742 214845131 1
4409742 214848178 1
4409742 214832147 1
4409742 214839975 0.5
4409742 214602733 0.5
4409742 214711408 0.5
4409742 214587317 0.5
4409742 214836857 0.5
4409742 214839960 0.5
4409742 214838105 0.5
10178944 214854060 1
10178944 214854065 1
10178944 214854180 1
10178944 214746380 0.5
3437748 214835475 1
3437748 214587697 1
3437748 214826565 1
3437748 214832128 0.5
3437748 214601233 0.5
3866142 214838227 1
3866142 214829799 1
3866142 214745317 1
3866142 214651517 0.5
9964726 214854159 1
9964726 214853992 1
9964726 214853767 1
9964726 214832156 0.5
9964726 214853702 0.5
8295608 214851097 1
8295608 214851122 1
8295608 214851071 1
8295608 214851137 0.5
8295608 214851125 0.5
5917886 214835745 1
5917886 214716710 1
5917886 214848371 1
5917886 214716930 0.5
5917886 214716932 0.5
5917886 214533022 0.5
10980547 214854583 1
10980547 214714785 1
10980547 214857568 1
10980547 214857562 0.5
10980547 214850422 0.5
10980547 214854894 0.5
8162171 214851122 1
8162171 214748336 1
8162171 214851581 1
8162171 214557009 0.5
8162171 214851133 0.5
8162171 214846061 0.5
8162171 214716935 0.5
6573263 214846530 1
6573263 214848658 1
6573263 214573288 1
6573263 214850953 0.5
6573263 214700885 0.5
6573263 214849318 0.5
8895696 214853242 1
8895696 214853132 1
8895696 214853135 1
8895696 214853227 0.5
8895696 214851748 0.5
8895696 214853222 0.5
8895696 214853225 0.5
8895696 214853195 0.5
8895696 214853237 0.5
8895696 214685049 0.5
8895696 214853210 0.5
4189048 214706452 1
4189048 214832143 1
4189048 214826942 1
4189048 214829792 0.5
10970322 214639500 1
10970322 214845581 1
10970322 214717436 1
10970322 214850945 0.5
10970322 214851163 0.5
10970322 214676580 0.5
10970322 214743335 0.5
10970322 214836330 0.5
10970322 214854699 0.5
10970322 214650508 0.5
10970322 214645717 0.5
10970322 214851137 0.5
10970322 214850295 0.5
10970322 214851099 0.5
10970322 214851165 0.5
3229377 214836827 1
3229377 214836830 1
3229377 214576890 1
3229377 214819528 0.5
3229377 214826951 0.5
2550699 214829885 1
2550699 214554277 1
2550699 214831950 1
2550699 214828976 0.5
2550699 214826977 0.5
4877534 214587317 1
4877534 214829280 1
4877534 214602598 1
4877534 214828985 0.5
5571807 214846033 1
5571807 214846029 1
5571807 214846061 1
5571807 214748336 0.5
5571807 214829878 0.5
10947792 214854785 1
10947792 214864880 1
10947792 214854842 1
10947792 214855016 0.5
1389796 214821332 1
1389796 214835021 1
1389796 214712229 1
1389796 214834880 0.5
1389796 214826994 0.5
1389796 214829392 0.5
1389796 214826610 0.5
1389796 214829396 0.5
1389796 214821397 0.5
1389796 214829852 0.5
1389796 214834877 0.5
10042597 214853767 1
10042597 214853698 1
10042597 214853713 1
10042597 214853715 0.5
11259481 214853156 1
11259481 214855209 1
11259481 214853154 1
11259481 214864880 0.5
11259481 214854347 0.5
11259481 214854836 0.5
11259481 214854782 0.5
11259481 214853102 0.5
5645543 214848305 1
5645543 214848298 1
5645543 214849010 1
5645543 214846033 0.5
5561576 214844400 1
5561576 214844396 1
5561576 214844398 1
5561576 214844370 0.5
8422633 214850790 1
8422633 214851099 1
8422633 214845583 1
8422633 214587712 0.5
8422633 214711267 0.5
8422633 214853092 0.5
8422633 214835017 0.5
8422633 214844398 0.5
8422633 214844400 0.5
8422633 214851122 0.5
8422633 214850870 0.5
8422633 214851097 0.5
9817323 214853677 1
9817323 214854159 1
9817323 214853767 1
9817323 214853707 0.5
9379737 214853422 1
9379737 214853420 1
9379737 214850942 1
9379737 214846258 0.5
9379737 214853428 0.5
9379737 214705734 0.5
7157288 214849738 1
7157288 214849762 1
7157288 214849736 1
7157288 214844400 0.5
7501042 214564382 1
7501042 214850621 1
7501042 214850767 1
7501042 214850936 0.5
7501042 214820394 0.5
7501042 214851011 0.5
7501042 214849395 0.5
1322228 214821332 1
1322228 214826610 1
1322228 214829657 1
1322228 214826936 0.5
9581813 214853422 1
9581813 214853420 1
9581813 214850945 1
9581813 214853657 0.5
6250311 214848384 1
6250311 214848596 1
6250311 214848847 1
6250311 214549346 0.5
969979 214829079 1
969979 214828995 1
969979 214820805 1
969979 214820392 0.5
2365863 214829880 1
2365863 214829887 1
2365863 214819406 1
2365863 214674641 0.5
2365863 214826835 0.5
2540803 214829878 1
2540803 214831946 1
2540803 214829885 1
2540803 214829880 0.5
2540803 214829882 0.5
10802436 214854853 1
10802436 214853100 1
10802436 214864880 1
10802436 214854840 0.5
10802436 214854785 0.5
3015946 214829880 1
3015946 214711295 1
3015946 214829878 1
3015946 214831946 0.5
3015946 214829887 0.5
3015946 214831948 0.5
3015946 214829885 0.5
3015946 214673295 0.5
5263766 214651777 1
5263766 214835167 1
5263766 214844370 1
5263766 214650587 0.5
5263766 214821020 0.5
5263766 214707941 0.5
5263766 214826711 0.5
4560144 214831970 1
4560144 214845129 1
4560144 214836512 1
4560144 214587028 0.5
3788051 214839740 1
3788051 214848729 1
3788051 214836067 1
3788051 214602225 0.5
3257622 214836847 1
3257622 214840584 1
3257622 214691563 1
3257622 214832128 0.5
3257622 214839740 0.5
3257622 214844932 0.5
3257622 214832126 0.5
7589143 214844454 1
7589143 214612704 1
7589143 214844394 1
7589143 214850767 0.5
7589143 214844439 0.5
1185048 214829008 1
1185048 214820810 1
1185048 214820807 1
1185048 214829053 0.5
3496553 214832115 1
3496553 214819760 1
3496553 214832124 1
3496553 214835122 0.5
5341743 214835428 1
5341743 214835064 1
5341743 214835426 1
5341743 214826833 0.5
5341743 214826949 0.5
5341743 214835070 0.5
5341743 214835473 0.5
10598618 214854358 1
10598618 214854549 1
10598618 214854495 1
10598618 214854545 0.5
10598618 214853855 0.5
10598618 214854268 0.5
10598618 214853726 0.5
10598618 214684785 0.5
10335519 214853848 1
10335519 214853225 1
10335519 214853852 1
10335519 214854176 0.5
10335519 214854352 0.5
10335519 214853242 0.5
10335519 214554675 0.5
10335519 214853846 0.5
1621552 214834877 1
1621552 214829366 1
1621552 214828995 1
1621552 214829715 0.5
5090594 214832156 1
5090594 214837286 1
5090594 214837288 1
5090594 214837280 0.5
5090594 214838092 0.5
2000163 214826666 1
2000163 214829664 1
2000163 214835124 1
2000163 214832722 0.5
2000163 214831948 0.5
4711716 214845131 1
4711716 214839973 1
4711716 214839975 1
4711716 214744768 0.5
4711716 214839600 0.5
4711716 214829850 0.5
4711716 214829287 0.5
7732517 214850852 1
7732517 214850747 1
7732517 214710101 1
7732517 214849055 0.5
10960168 214853100 1
10960168 214855016 1
10960168 214854785 1
10960168 214854840 0.5
10960168 214854787 0.5
9291051 214853342 1
9291051 214853340 1
9291051 214853347 1
9291051 214853282 0.5
9291051 214853379 0.5
7224627 214849734 1
7224627 214849807 1
7224627 214849762 1
7224627 214849738 0.5
7224627 214849355 0.5
7224627 214832012 0.5
5260852 214829852 1
5260852 214844402 1
5260852 214748336 1
5260852 214834880 0.5
5260852 214826949 0.5
5260852 214838225 0.5
5260852 214844342 0.5
5260852 214844345 0.5
5260852 214834877 0.5
10263866 214854527 1
10263866 214854517 1
10263866 214820396 1
10263866 214854731 0.5
10263866 214839973 0.5
10263866 214853702 0.5
10263866 214835019 0.5
10263866 214848658 0.5
10263866 214846067 0.5
10263866 214706102 0.5
10263866 214854495 0.5
2663744 214831950 1
2663744 214829885 1
2663744 214686082 1
2663744 214829880 0.5
2663744 214831955 0.5
2663744 214684717 0.5
11392678 214853379 1
11392678 214853154 1
11392678 214848969 1
11392678 214844355 0.5
8076171 214853173 1
8076171 214849757 1
8076171 214844400 1
8076171 214849760 0.5
8076171 214849738 0.5
5973316 214846425 1
5973316 214846415 1
5973316 214846417 1
5973316 214670240 0.5
5973316 214707819 0.5
5973316 214846029 0.5
5973316 214846127 0.5
5973316 214849361 0.5
5973316 214643887 0.5
5973316 214846012 0.5
4728133 214839973 1
4728133 214829852 1
4728133 214829850 1
4728133 214839587 0.5
1881426 214691452 1
1881426 214840811 1
1881426 214691396 1
1881426 214691407 0.5
1881426 214691319 0.5
1881426 214840775 0.5
6176077 214846127 1
6176077 214846067 1
6176077 214849252 1
6176077 214839587 0.5
9665871 214831948 1
9665871 214846029 1
9665871 214850942 1
9665871 214850947 0.5
9665871 214829887 0.5
8705362 214850700 1
8705362 214848185 1
8705362 214850711 1
8705362 214853381 0.5
9842096 214853698 1
9842096 214853707 1
9842096 214853700 1
9842096 214853722 0.5
10171736 214567329 1
10171736 214567215 1
10171736 214567333 1
10171736 214854358 0.5
10171736 214853865 0.5
10171736 214854510 0.5
10171736 214853726 0.5
10171736 214854262 0.5
10171736 214854264 0.5
10171736 214567327 0.5
10171736 214854268 0.5
10171736 214854174 0.5
10171736 214853855 0.5
7901119 214551776 1
7901119 214826743 1
7901119 214848847 1
7901119 214826730 0.5
7901119 214853754 0.5
7901119 214676306 0.5
7901119 214850743 0.5
139983 214829741 1
139983 214826705 1
139983 214826627 1
139983 214716928 0.5
139983 214826816 0.5
139983 214553730 0.5
139983 214716935 0.5
139983 214717003 0.5
139983 214826810 0.5
139983 214716926 0.5
6669663 214849012 1
6669663 214848337 1
6669663 214826610 1
6669663 214849312 0.5
3040612 214820842 1
3040612 214551607 1
3040612 214602605 1
3040612 214581489 0.5
3040612 214512611 0.5
3040612 214533022 0.5
3040612 214716935 0.5
648549 214826837 1
648549 214821401 1
648549 214826908 1
648549 214714794 0.5
648549 214826876 0.5
9831786 214677615 1
9831786 214853722 1
9831786 214853700 1
9831786 214853707 0.5
9831786 214853683 0.5
11367788 214854787 1
11367788 214849132 1
11367788 214864880 1
11367788 214854774 0.5
11367788 214854699 0.5
11367788 214853100 0.5
11367788 214510445 0.5
11367788 214853102 0.5
11367788 214712242 0.5
11367788 214696470 0.5
11367788 214578011 0.5
237861 214826955 1
237861 214826715 1
237861 214748336 1
237861 214826623 0.5
3853686 214595150 1
3853686 214836924 1
3853686 214832143 1
3853686 214829773 0.5
3853686 214836795 0.5
3853686 214613741 0.5
3853686 214829765 0.5
5903742 214846412 1
5903742 214846417 1
5903742 214846425 1
5903742 214821410 0.5
5903742 214849275 0.5
5903742 214848330 0.5
5903742 214846535 0.5
204164 214826702 1
204164 214839997 1
204164 214821020 1
204164 214819427 0.5
204164 214819547 0.5
2827653 214821020 1
2827653 214714760 1
2827653 214835450 1
2827653 214644352 0.5
2827653 214835447 0.5
10120582 214853282 1
10120582 214853381 1
10120582 214844372 1
10120582 214844400 0.5
10120582 214853154 0.5
10120582 214853347 0.5
10120582 214846468 0.5
10120582 214849764 0.5
10120582 214844396 0.5
10120582 214718220 0.5
10120582 214848688 0.5
10120582 214846391 0.5
10120582 214853156 0.5
2626951 214836517 1
2626951 214834867 1
2626951 214826833 1
2626951 214819760 0.5
2626951 214835019 0.5
2626951 214554371 0.5
2626951 214819762 0.5
7380363 214849247 1
7380363 214849250 1
7380363 214849136 1
7380363 214687565 0.5
7380363 214828982 0.5
7380363 214826623 0.5
4203917 214821015 1
4203917 214835109 1
4203917 214712270 1
4203917 214829657 0.5
4203917 214819374 0.5
673411 214714794 1
673411 214835743 1
673411 214811754 1
673411 214821369 0.5
2874773 214835017 1
2874773 214826700 1
2874773 214829362 1
2874773 214587712 0.5
2874773 214829360 0.5
2874773 214835747 0.5
10927511 214854789 1
10927511 214854800 1
10927511 214853102 1
10927511 214835004 0.5
902556 214837483 1
902556 214837490 1
902556 214686900 1
902556 214837442 0.5
902556 214717860 0.5
902556 214826955 0.5
902556 214837487 0.5
902556 214540127 0.5
902556 214826835 0.5
902556 214820186 0.5
902556 214711087 0.5
902556 214820188 0.5
902556 214686911 0.5
3618208 214826990 1
3618208 214836932 1
3618208 214835109 1
3618208 214838227 0.5
2590122 214600492 1
2590122 214826977 1
2590122 214706216 1
2590122 214554662 0.5
2590122 214642153 0.5
2590122 214609325 0.5
2590122 214834867 0.5
2590122 214829364 0.5
2590122 214642805 0.5
2590122 214580190 0.5
4867503 214837494 1
4867503 214847255 1
4867503 214847261 1
4867503 214826565 0.5
4867504 214839965 1
4867504 214829887 1
4867504 214832147 1
4867504 214554675 0.5
4867504 214836084 0.5
4867504 214839973 0.5
4708411 214839969 1
4708411 214839975 1
4708411 214845806 1
4708411 214839960 0.5
4708411 214667970 0.5
4708411 214845131 0.5
4708411 214586469 0.5
8498619 214845917 1
8498619 214845583 1
8498619 214850705 1
8498619 214564320 0.5
8498619 214651777 0.5
8498619 214850754 0.5
8498619 214561475 0.5
8498619 214559660 0.5
8498619 214850765 0.5
8498619 214677615 0.5
8498619 214819640 0.5
8498619 214668249 0.5
4605376 214829102 1
4605376 214839913 1
4605376 214839401 1
4605376 214710152 0.5
4605376 214553700 0.5
3153349 214829878 1
3153349 214829882 1
3153349 214705792 1
3153349 214829885 0.5
10835398 214857570 1
10835398 214854838 1
10835398 214857568 1
10835398 214853994 0.5
10835398 214853182 0.5
10835398 214854118 0.5
10304968 214854174 1
10304968 214853724 1
10304968 214567215 1
10304968 214567329 0.5
10304968 214567333 0.5
10304968 214854354 0.5
10304968 214854262 0.5
10304968 214854264 0.5
10304968 214854268 0.5
2856524 214840584 1
2856524 214829750 1
2856524 214842555 1
2856524 214820274 0.5
1347019 214834880 1
1347019 214826610 1
1347019 214834877 1
1347019 214711280 0.5
1347019 214829387 0.5
1347019 214828976 0.5
1347019 214716339 0.5
1347019 214829366 0.5
1347019 214833755 0.5
1347019 214712124 0.5
1347019 214712126 0.5
1215953 214829085 1
1215953 214829327 1
1215953 214829330 1
1215953 214829317 0.5
9919956 214853722 1
9919956 214853700 1
9919956 214853730 1
9919956 214853707 0.5
10880471 214687475 1
10880471 214849753 1
10880471 214850702 1
10880471 214855016 0.5
10880471 214853102 0.5
10880471 214854512 0.5
10880471 214854065 0.5
10880471 214712242 0.5
10880471 214854772 0.5
10880471 214556212 0.5
10880471 214556218 0.5
10880471 214561468 0.5
10880471 214686879 0.5
2441847 214829878 1
2441847 214829887 1
2441847 214831948 1
2441847 214829657 0.5
2441847 214831931 0.5
3593692 214551626 1
3593692 214836534 1
3593692 214576607 1
3593692 214831935 0.5
306654 214744535 1
306654 214725532 1
306654 214800268 1
306654 214819376 0.5
306654 214748336 0.5
306654 214684843 0.5
10075616 214850947 1
10075616 214854536 1
10075616 214854579 1
10075616 214854352 0.5
10075616 214854547 0.5
2455009 214829878 1
2455009 214831946 1
2455009 214831948 1
2455009 214829882 0.5
2455009 214829885 0.5
4111842 214826942 1
4111842 214838102 1
4111842 214839596 1
4111842 214554000 0.5
4111842 214826945 0.5
4111842 214643949 0.5
3812841 214829765 1
3812841 214840483 1
3812841 214835167 1
3812841 214558258 0.5
2960874 214642805 1
2960874 214834867 1
2960874 214600492 1
2960874 214829767 0.5
9482789 214851122 1
9482789 214851313 1
9482789 214820396 1
9482789 214849312 0.5
9482789 214851236 0.5
9482789 214832747 0.5
9482789 214834877 0.5
9482789 214667857 0.5
9482789 214838227 0.5
9482789 214829366 0.5
9482789 214849239 0.5
9482789 214561402 0.5
9482789 214844347 0.5
9482789 214665277 0.5
10692079 214686879 1
10692079 214854838 1
10692079 214686864 1
10692079 214854731 0.5
8008616 214716746 1
8008616 214851131 1
8008616 214851592 1
8008616 214853222 0.5
8008616 214853135 0.5
5836282 214829720 1
5836282 214846380 1
5836282 214845135 1
5836282 214846472 0.5
5836282 214850953 0.5
5836282 214850957 0.5
3137459 214835747 1
3137459 214835019 1
3137459 214835017 1
3137459 214718377 0.5
3137459 214826947 0.5
4097534 214820231 1
4097534 214839592 1
4097534 214820263 1
4097534 214820259 0.5
5776947 214835745 1
5776947 214845583 1
5776947 214845131 1
5776947 214574672 0.5
9041152 214850720 1
9041152 214848986 1
9041152 214717498 1
9041152 214853184 0.5
9041152 214716082 0.5
9041152 214557701 0.5
9041152 214717085 0.5
9868802 214846029 1
9868802 214846033 1
9868802 214850947 1
9868802 214853420 0.5
9868802 214829878 0.5
2946569 214829878 1
2946569 214835132 1
2946569 214829887 1
2946569 214831948 0.5
2946569 214540125 0.5
8795607 214821024 1
8795607 214651777 1
8795607 214850765 1
8795607 214677615 0.5
9911536 214853325 1
9911536 214853210 1
9911536 214853242 1
9911536 214853321 0.5
2248208 214829878 1
2248208 214829880 1
2248208 214829887 1
2248208 214831946 0.5
11097621 214853100 1
11097621 214854860 1
11097621 214854787 1
11097621 214854332 0.5
6231581 214848682 1
6231581 214835167 1
6231581 214665277 1
6231581 214834880 0.5
6231581 214849284 0.5
6231581 214845131 0.5
6231581 214848656 0.5
6231581 214826610 0.5
6231581 214848596 0.5
6231581 214834877 0.5
10546609 214853767 1
10546609 214853700 1
10546609 214853698 1
10546609 214718220 0.5
9879071 214854268 1
9879071 214853722 1
9879071 214854264 1
9879071 214567329 0.5
9879071 214854532 0.5
9879071 214853413 0.5
9879071 214853702 0.5
9879071 214854152 0.5
9879071 214854510 0.5
9879071 214567215 0.5
9879071 214684785 0.5
9879071 214854358 0.5
9879071 214853848 0.5
9879071 214684762 0.5
9879071 214853726 0.5
10591777 214854352 1
10591777 214854577 1
10591777 214559960 1
10591777 214854345 0.5
10591777 214839172 0.5
3554851 214836926 1
3554851 214553561 1
3554851 214838137 1
3554851 214837882 0.5
3554851 214829850 0.5
3554851 214826990 0.5
10642594 214853702 1
10642594 214854527 1
10642594 214854515 1
10642594 214853698 0.5
10642594 214835017 0.5
10642594 214846061 0.5
10642594 214716110 0.5
10642594 214846067 0.5
10642594 214846007 0.5
10642594 214707995 0.5
10642594 214845887 0.5
10315304 214853113 1
10315304 214854545 1
10315304 214854300 1
10315304 214850621 0.5
382509 214826801 1
382509 214826700 1
382509 214826705 1
382509 214826702 0.5
134123 214826705 1
134123 214826900 1
134123 214819376 1
134123 214826608 0.5
134123 214821290 0.5
134123 214826810 0.5
134123 214687685 0.5
134123 214826799 0.5
6882909 214848845 1
6882909 214849046 1
6882909 214849312 1
6882909 214851009 0.5
6882909 214849012 0.5
6882909 214849022 0.5
4423603 214587317 1
4423603 214836853 1
4423603 214839973 1
4423603 214829280 0.5
4423603 214586694 0.5
4423603 214601233 0.5
4423603 214828985 0.5
4423603 214612730 0.5
4423603 214827007 0.5
2305588 214829880 1
2305588 214831946 1
2305588 214829882 1
2305588 214819468 0.5
1741019 214834880 1
1741019 214826610 1
1741019 214829387 1
1741019 214826994 0.5
1741019 214829366 0.5
10255927 214854536 1
10255927 214853113 1
10255927 214854352 1
10255927 214556216 0.5
10255927 214854577 0.5
10255927 214819410 0.5
10255927 214853244 0.5
10255927 214857167 0.5
2364987 214829846 1
2364987 214829711 1
2364987 214829863 1
2364987 214832722 0.5
2364987 214829707 0.5
2364987 214829861 0.5
2364987 214819770 0.5
10548854 214854527 1
10548854 214853702 1
10548854 214854581 1
10548854 214854298 0.5
8310333 214684942 1
8310333 214851131 1
8310333 214846475 1
8310333 214851097 0.5
8310333 214714794 0.5
8310333 214716746 0.5
11222413 214829882 1
11222413 214829878 1
11222413 214831946 1
11222413 214850949 0.5
11222413 214850310 0.5
11222413 214853420 0.5
11222413 214853422 0.5
11222413 214846033 0.5
11222413 214848309 0.5
11222413 214854840 0.5
253506 214826702 1
253506 214821277 1
253506 214821285 1
253506 214821290 0.5
253506 214826627 0.5
253506 214826900 0.5
253506 214826799 0.5
9930309 214853702 1
9930309 214853698 1
9930309 214853707 1
9930309 214853730 0.5
9930309 214853700 0.5
9930309 214853767 0.5
9930309 214854152 0.5
9930309 214853353 0.5
9930309 214853709 0.5
9930309 214853430 0.5
9930309 214846007 0.5
9930309 214853722 0.5
2729542 214602600 1
2729542 214834867 1
2729542 214835019 1
2729542 214832792 0.5
2631607 214829880 1
2631607 214829882 1
2631607 214831946 1
2631607 214581489 0.5
2631607 214826835 0.5
2631607 214819468 0.5
2631607 214711318 0.5
2631607 214819406 0.5
10135116 214854172 1
10135116 214853992 1
10135116 214853413 1
10135116 214854165 0.5
10135116 214853702 0.5
11087117 214675895 1
11087117 214850754 1
11087117 214675888 1
11087117 214819410 0.5
11087117 214718220 0.5
7839314 214850938 1
7839314 214851101 1
7839314 214564387 1
7839314 214848328 0.5
4951637 214844355 1
4951637 214835462 1
4951637 214847940 1
4951637 214836328 0.5
4951637 214836536 0.5
4951637 214603140 0.5
4951637 214835428 0.5
4984409 214839971 1
4984409 214835109 1
4984409 214538820 1
4984409 214718169 0.5
9334364 214850720 1
9334364 214753515 1
9334364 214743495 1
9334364 214714779 0.5
9334364 214851748 0.5
9334364 214851077 0.5
9334364 214854118 0.5
9334364 214853135 0.5
9334364 214746427 0.5
10561117 214540070 1
10561117 214853321 1
10561117 214839596 1
10561117 214712237 0.5
9647758 214853420 1
9647758 214853422 1
9647758 214850945 1
9647758 214853428 0.5
10610271 214853113 1
10610271 214854300 1
10610271 214854842 1
10610271 214854354 0.5
5387873 214835473 1
5387873 214835426 1
5387873 214835428 1
5387873 214835064 0.5
5387873 214838225 0.5
5387873 214826949 0.5
10852283 214853705 1
10852283 214854577 1
10852283 214854352 1
10852283 214854536 0.5
10852283 214819599 0.5
10852283 214853113 0.5
10852283 214853435 0.5
10852283 214853244 0.5
10852283 214570877 0.5
712292 214554982 1
712292 214826621 1
712292 214826998 1
712292 214826615 0.5
8117862 214851590 1
8117862 214851101 1
8117862 214748336 1
8117862 214577025 0.5
8117862 214849395 0.5
8117862 214851581 0.5
9342566 214853709 1
9342566 214853767 1
9342566 214846410 1
9342566 214853730 0.5
9342566 214839587 0.5
9342566 214853700 0.5
9342566 214850700 0.5
9342566 214844400 0.5
9342566 214846258 0.5
9342566 214845973 0.5
9342566 214853465 0.5
9342566 214851581 0.5
10779921 214854797 1
10779921 214853102 1
10779921 214864880 1
10779921 214854840 0.5
9584234 214845973 1
9584234 214853865 1
9584234 214854146 1
9584234 214849020 0.5
9584234 214853996 0.5
1769067 214821410 1
1769067 214826610 1
1769067 214834880 1
1769067 214821412 0.5
8529623 214851232 1
8529623 214851290 1
8529623 214552522 1
8529623 214851133 0.5
8347247 214851131 1
8347247 214851163 1
8347247 214684942 1
8347247 214716746 0.5
8347247 214851579 0.5
8347247 214851165 0.5
8725353 214853242 1
8725353 214853237 1
8725353 214851750 1
8725353 214853227 0.5
8725353 214851748 0.5
8725353 214832567 0.5
2992969 214587712 1
2992969 214609325 1
2992969 214834867 1
2992969 214835017 0.5
9640212 214852987 1
9640212 214849010 1
9640212 214853165 1
9640212 214557223 0.5
9640212 214678376 0.5
9640212 214853162 0.5
9640212 214850760 0.5
9640212 214853115 0.5
9640212 214854172 0.5
9640212 214845962 0.5
9641594 214853342 1
9641594 214853340 1
9641594 214853420 1
9641594 214850947 0.5
2730943 214712278 1
2730943 214826587 1
2730943 214717400 1
2730943 214684760 0.5
2730943 214834972 0.5
2730943 214819757 0.5
6887018 214849312 1
6887018 214848682 1
6887018 214845131 1
6887018 214839971 0.5
6887018 214850953 0.5
6887018 214835019 0.5
6887018 214848845 0.5
6887018 214826610 0.5
6887018 214848695 0.5
9907838 214854538 1
9907838 214854515 1
9907838 214853767 1
9907838 214853702 0.5
6236437 214835167 1
6236437 214848596 1
6236437 214848847 1
6236437 214848688 0.5
6236437 214848337 0.5
6236437 214829765 0.5
6236437 214826990 0.5
10695244 214861498 1
10695244 214839997 1
10695244 214840001 1
10695244 214839995 0.5
10695244 214556212 0.5
5299842 214835428 1
5299842 214844370 1
5299842 214835064 1
5299842 214835426 0.5
5299842 214844355 0.5
5299842 214553604 0.5
5299842 214826949 0.5
5299842 214835462 0.5
5299842 214836328 0.5
5299842 214640012 0.5
5299842 214835473 0.5
5299842 214835070 0.5
7952007 214851099 1
7952007 214849153 1
7952007 214850741 1
7952007 214850936 0.5
7952007 214839962 0.5
7952007 214850621 0.5
7952007 214711247 0.5
8920712 214850792 1
8920712 214853242 1
8920712 214685049 1
8920712 214556055 0.5
9537162 214850949 1
9537162 214850945 1
9537162 214853340 1
9537162 214711307 0.5
9537162 214831955 0.5
9537162 214850947 0.5
9537162 214853422 0.5
9537162 214853454 0.5
6321806 214836506 1
6321806 214848926 1
6321806 214711247 1
6321806 214835109 0.5
6321806 214848656 0.5
6321806 214848337 0.5
6321806 214848630 0.5
6321806 214561402 0.5
6321806 214848380 0.5
9657239 214850947 1
9657239 214853379 1
9657239 214853420 1
9657239 214853422 0.5
9657239 214584092 0.5
9657239 214850949 0.5
9657239 214853454 0.5
2227862 214829852 1
2227862 214829878 1
2227862 214829887 1
2227862 214829850 0.5
2227862 214819762 0.5
10908832 214853102 1
10908832 214854782 1
10908832 214676945 1
10908832 214846033 0.5
10908832 214854860 0.5
7691928 214839962 1
7691928 214850870 1
7691928 214557223 1
7691928 214829666 0.5
7691928 214850692 0.5
7691928 214850700 0.5
7691928 214850709 0.5
7691928 214850936 0.5
7691928 214850876 0.5
8734366 214853184 1
8734366 214853135 1
8734366 214850947 1
8734366 214684736 0.5
8734366 214853195 0.5
8734366 214853188 0.5
8734366 214853190 0.5
8734366 214853227 0.5
8734366 214853233 0.5
8734366 214579875 0.5
8734366 214559940 0.5
8734366 214584092 0.5
8734366 214850557 0.5
8734366 214853182 0.5
8734366 214711295 0.5
2631329 214829880 1
2631329 214829887 1
2631329 214686082 1
2631329 214831955 0.5
2631329 214831957 0.5
10837666 214854770 1
10837666 214855209 1
10837666 214854772 1
10837666 214854332 0.5
10837666 214857551 0.5
10704547 214567329 1
10704547 214567215 1
10704547 214854358 1
10704547 214569707 0.5
10704547 214854545 0.5
10704547 214854549 0.5
10704547 214684502 0.5
10704547 214854264 0.5
10704547 214684762 0.5
2211494 214557817 1
2211494 214835132 1
2211494 214587697 1
2211494 214691152 0.5
2211494 214826565 0.5
1369768 214834877 1
1369768 214833755 1
1369768 214819430 1
1369768 214667970 0.5
1369768 214820807 0.5
1369768 214577450 0.5
1369768 214839600 0.5
1369768 214826610 0.5
1369768 214826996 0.5
1369768 214819770 0.5
3024554 214836517 1
3024554 214686082 1
3024554 214835747 1
3024554 214827035 0.5
5449774 214835428 1
5449774 214835426 1
5449774 214826949 1
5449774 214835473 0.5
5449774 214838225 0.5
2495403 214829882 1
2495403 214829878 1
2495403 214831948 1
2495403 214829887 0.5
10434222 214854352 1
10434222 214854547 1
10434222 214705100 1
10434222 214829034 0.5
1597104 214821410 1
1597104 214826932 1
1597104 214820810 1
1597104 214834880 0.5
1597104 214820235 0.5
1597104 214583947 0.5
1597104 214548103 0.5
1597104 214819691 0.5
1597104 214826895 0.5
1597104 214826610 0.5
1597104 214556861 0.5
784328 214716928 1
784328 214716982 1
784328 214717003 1
784328 214716937 0.5
784328 214716971 0.5
1529783 214834880 1
1529783 214711280 1
1529783 214829390 1
1529783 214834877 0.5
9865163 214853094 1
9865163 214853105 1
9865163 214851326 1
9865163 214853090 0.5
9865163 214851714 0.5
3739332 214836932 1
3739332 214826990 1
3739332 214838227 1
3739332 214835109 0.5
3739332 214708040 0.5
3739332 214829769 0.5
3739332 214829765 0.5
3739332 214826938 0.5
3739332 214836924 0.5
3739332 214835167 0.5
5586631 214845420 1
5586631 214846012 1
5586631 214845489 1
5586631 214846029 0.5
5703531 214846012 1
5703531 214838102 1
5703531 214845354 1
5703531 214706428 0.5
5703531 214831948 0.5
1331782 214828974 1
1331782 214712270 1
1331782 214834880 1
1331782 214826833 0.5
1331782 214516033 0.5
9103056 214828952 1
9103056 214853212 1
9103056 214852982 1
9103056 214836536 0.5
2291409 214829878 1
2291409 214829882 1
2291409 214829887 1
2291409 214831948 0.5
2291409 214831965 0.5
1675897 214821410 1
1675897 214821412 1
1675897 214834880 1
1675897 214834877 0.5
8054644 214853173 1
8054644 214851122 1
8054644 214853094 1
8054644 214545864 0.5
8054644 214853177 0.5
8054644 214551909 0.5
8054644 214551917 0.5
265612 214839984 1
265612 214706216 1
265612 214774665 1
265612 214820201 0.5
10995422 214850947 1
10995422 214854583 1
10995422 214829887 1
10995422 214850304 0.5
10995422 214854785 0.5
10995422 214686879 0.5
10995422 214854830 0.5
10995422 214854857 0.5
5250783 214844342 1
5250783 214844345 1
5250783 214844396 1
5250783 214844402 0.5
10120929 214853767 1
10120929 214850711 1
10120929 214850947 1
10120929 214853700 0.5
10120929 214716909 0.5
10120929 214850942 0.5
11075299 214853102 1
11075299 214854782 1
11075299 214855016 1
11075299 214714755 0.5
11075299 214854733 0.5
11075299 214854819 0.5
11075299 214854838 0.5
9686476 214853428 1
9686476 214850947 1
9686476 214853420 1
9686476 214853422 0.5
7601897 214851135 1
7601897 214564380 1
7601897 214851290 1
7601897 214561496 0.5
7601897 214851232 0.5
8744682 214532008 1
8744682 214532006 1
8744682 214850295 1
8744682 214829882 0.5
2221803 214826983 1
2221803 214829885 1
2221803 214829878 1
2221803 214829090 0.5
5699308 214835017 1
5699308 214845984 1
5699308 214826565 1
5699308 214845457 0.5
5699308 214845887 0.5
9846511 214853730 1
9846511 214853702 1
9846511 214853767 1
9846511 214853690 0.5
9846511 214717867 0.5
6497576 214844345 1
6497576 214848630 1
6497576 214845131 1
6497576 214848656 0.5
6497576 214848682 0.5
6497576 214844372 0.5
6190834 214846460 1
6190834 214846425 1
6190834 214846466 1
6190834 214667912 0.5
6190834 214845420 0.5
7938003 214850938 1
7938003 214850739 1
7938003 214819599 1
7938003 214564387 0.5
669428 214837490 1
669428 214837485 1
669428 214837483 1
669428 214837442 0.5
669428 214837487 0.5
1017589 214714880 1
1017589 214580293 1
1017589 214580291 1
1017589 214612785 0.5
10428713 214854542 1
10428713 214845583 1
10428713 214848849 1
10428713 214820345 0.5
10428713 214854731 0.5
10428713 214850619 0.5
10428713 214844347 0.5
5211896 214837918 1
5211896 214677615 1
5211896 214718165 1
5211896 214632272 0.5
5211896 214839937 0.5
5211896 214573277 0.5
5211896 214538951 0.5
5211896 214573288 0.5
5211896 214826730 0.5
5211896 214645295 0.5
5211896 214538992 0.5
5211896 214826610 0.5
5211896 214826739 0.5
5211896 214718167 0.5
5211896 214645181 0.5
9342989 214853428 1
9342989 214850949 1
9342989 214853338 1
9342989 214853420 0.5
2361083 214829880 1
2361083 214831946 1
2361083 214831948 1
2361083 214829882 0.5
1683196 214826563 1
1683196 214821332 1
1683196 214828995 1
1683196 214829392 0.5
1683196 214553735 0.5
2424577 214705736 1
2424577 214831948 1
2424577 214686082 1
2424577 214826818 0.5
2424577 214819468 0.5
2447328 214829880 1
2447328 214829882 1
2447328 214831946 1
2447328 214831948 0.5
4245259 214838109 1
4245259 214829775 1
4245259 214602598 1
4245259 214835167 0.5
10243859 214850947 1
10243859 214853100 1
10243859 214850949 1
10243859 214829880 0.5
10243859 214829887 0.5
10243859 214846029 0.5
10243859 214684734 0.5
10243859 214846031 0.5
4577044 214691428 1
4577044 214845131 1
4577044 214834877 1
4577044 214839960 0.5
7077653 214850726 1
7077653 214849363 1
7077653 214850417 1
7077653 214850792 0.5
7077653 214850855 0.5
474908 214820383 1
474908 214826702 1
474908 214821285 1
474908 214826803 0.5
474908 214829310 0.5
8064798 214712237 1
8064798 214826987 1
8064798 214840378 1
8064798 214853122 0.5
8064798 214712235 0.5
8064798 214835126 0.5
5684274 214748336 1
5684274 214844355 1
5684274 214846001 1
5684274 214835428 0.5
5684274 214832023 0.5
9563937 214852987 1
9563937 214852985 1
9563937 214850945 1
9563937 214853210 0.5
9563937 214853420 0.5
9563937 214850949 0.5
1783586 214834880 1
1783586 214829752 1
1783586 214834877 1
1783586 214829392 0.5
1783586 214677821 0.5
575268 214826897 1
575268 214826912 1
575268 214828987 1
575268 214820842 0.5
4493582 214838109 1
4493582 214839937 1
4493582 214612901 1
4493582 214831970 0.5
4493582 214842735 0.5
147238 214572182 1
147238 214821020 1
147238 214832557 1
147238 214572234 0.5
749873 214826705 1
749873 214826608 1
749873 214826897 1
749873 214826801 0.5
749873 214826606 0.5
9703211 214853996 1
9703211 214854148 1
9703211 214854176 1
9703211 214853848 0.5
9703211 214853994 0.5
9703211 214853767 0.5
9703211 214850855 0.5
9388076 214853317 1
9388076 214853420 1
9388076 214853422 1
9388076 214850945 0.5
9388076 214680371 0.5
6834483 214849239 1
6834483 214848410 1
6834483 214849734 1
6834483 214846427 0.5
6834483 214845887 0.5
7589468 214716971 1
7589468 214850621 1
7589468 214848309 1
7589468 214716977 0.5
7589468 214716982 0.5
7589468 214855183 0.5
1341239 214829657 1
1341239 214829660 1
1341239 214826932 1
1341239 214829008 0.5
1341239 214820810 0.5
1341239 214744779 0.5
1341239 214826670 0.5
1341239 214826927 0.5
2613048 214829887 1
2613048 214829878 1
2613048 214829325 1
2613048 214831946 0.5
2613048 214831948 0.5
2613048 214829327 0.5
9062201 214853105 1
9062201 214853085 1
9062201 214853090 1
9062201 214853096 0.5
10119818 214853085 1
10119818 214853248 1
10119818 214853094 1
10119818 214853096 0.5
10119818 214853090 0.5
10119818 214852978 0.5
10119818 214851326 0.5
8412992 214570963 1
8412992 214851017 1
8412992 214851590 1
8412992 214851583 0.5
8783681 214844394 1
8783681 214853077 1
8783681 214851131 1
8783681 214821305 0.5
8783681 214853233 0.5
8783681 214716671 0.5
8783681 214832655 0.5
7661909 214853173 1
7661909 214853758 1
7661909 214851120 1
7661909 214853177 0.5
7661909 214853175 0.5
8734536 214853242 1
8734536 214851750 1
8734536 214853162 1
8734536 214685049 0.5
8734536 214853237 0.5
8734536 214853222 0.5
4282942 214829885 1
4282942 214632146 1
4282942 214831944 1
4282942 214838096 0.5
4282942 214829878 0.5
6612621 214849312 1
6612621 214665277 1
6612621 214667859 1
6612621 214849331 0.5
2682707 214826833 1
2682707 214821032 1
2682707 214831948 1
2682707 214831946 0.5
2682707 214829666 0.5
10694484 214853724 1
10694484 214853248 1
10694484 214854857 1
10694484 214853090 0.5
10694484 214854733 0.5
9103189 214852987 1
9103189 214853107 1
9103189 214853075 1
9103189 214853115 0.5
9103189 214848302 0.5
9103189 214853094 0.5
4183901 214838105 1
4183901 214838098 1
4183901 214839915 1
4183901 214838107 0.5
4532063 214829852 1
4532063 214845131 1
4532063 214826951 1
4532063 214839973 0.5
4122468 214838109 1
4122468 214836512 1
4122468 214831970 1
4122468 214538820 0.5
5894143 214846374 1
5894143 214850872 1
5894143 214849252 1
5894143 214845885 0.5
2043758 214712126 1
2043758 214712124 1
2043758 214668185 1
2043758 214834880 0.5
2043758 214657318 0.5
2043758 214820400 0.5
2043758 214557009 0.5
2043758 214826610 0.5
2043758 214553844 0.5
2043758 214583670 0.5
9281853 214853422 1
9281853 214853420 1
9281853 214844396 1
9281853 214848185 0.5
9281853 214851099 0.5
9281853 214691390 0.5
9281853 214851326 0.5
7663479 214851579 1
7663479 214850405 1
7663479 214851163 1
7663479 214850936 0.5
7663479 214851073 0.5
116597 214821277 1
116597 214821285 1
116597 214826803 1
116597 214826810 0.5
5674873 214849010 1
5674873 214820443 1
5674873 214846119 1
5674873 214680360 0.5
5674873 214676377 0.5
5674873 214832019 0.5
5674873 214845965 0.5
5674873 214821382 0.5
5205882 214832150 1
5205882 214826990 1
5205882 214844347 1
5205882 214839973 0.5
5205882 214838092 0.5
5205882 214845583 0.5
5205882 214748336 0.5
5205882 214848727 0.5
5205882 214836536 0.5
8990588 214853132 1
8990588 214851750 1
8990588 214853242 1
8990588 214853237 0.5
8990588 214853182 0.5
8990588 214853135 0.5
7167869 214849228 1
7167869 214849301 1
7167869 214850786 1
7167869 214845585 0.5
7560512 214845962 1
7560512 214849010 1
7560512 214846119 1
7560512 214536195 0.5
6543241 214846082 1
6543241 214644690 1
6543241 214687805 1
6543241 214829317 0.5
6127498 214848315 1
6127498 214850876 1
6127498 214850880 1
6127498 214846472 0.5
6127498 214832145 0.5
6127498 214835019 0.5
6127498 214845980 0.5
8675991 214851590 1
8675991 214748321 1
8675991 214844347 1
8675991 214555492 0.5
8675991 214835750 0.5
8675991 214832747 0.5
8675991 214748334 0.5
8675991 214851122 0.5
8675991 214829366 0.5
8675991 214850619 0.5
4829072 214743350 1
4829072 214831944 1
4829072 214839641 1
4829072 214826942 0.5
2596846 214829880 1
2596846 214831948 1
2596846 214836517 1
2596846 214819760 0.5
2596846 214544327 0.5
2596846 214716110 0.5
2596846 214514640 0.5
2596846 214559317 0.5
2596846 214831967 0.5
8232854 214851236 1
8232854 214716645 1
8232854 214851133 1
8232854 214851097 0.5
8232854 214564380 0.5
3899033 214712237 1
3899033 214712235 1
3899033 214684702 1
3899033 214700002 0.5
2168481 214829846 1
2168481 214829707 1
2168481 214829711 1
2168481 214829865 0.5
2168481 214829878 0.5
1067333 214743495 1
1067333 214714779 1
1067333 214819719 1
1067333 214587712 0.5
1067333 214714755 0.5
1067333 214821401 0.5
1067333 214826998 0.5
1067333 214819721 0.5
1067333 214601229 0.5
1067333 214819378 0.5
1067333 214706102 0.5
1067333 214828982 0.5
1067333 214819385 0.5
1067333 214612730 0.5
1067333 214557279 0.5
1067333 214834877 0.5
1067333 214819762 0.5
4007922 214831974 1
4007922 214838227 1
4007922 214839395 1
4007922 214839600 0.5
4007922 214672944 0.5
4007922 214705691 0.5
4007922 214550820 0.5
10844066 214853102 1
10844066 214864880 1
10844066 214854782 1
10844066 214854808 0.5
10844066 214848658 0.5
10844066 214859246 0.5
6485926 214848847 1
6485926 214848926 1
6485926 214708016 1
6485926 214581954 0.5
6485926 214707950 0.5
5789609 214845885 1
5789609 214845412 1
5789609 214849252 1
5789609 214844400 0.5
5789609 214846427 0.5
7832903 214850295 1
7832903 214850282 1
7832903 214850304 1
7832903 214846033 0.5
7832903 214838107 0.5
7832903 214829878 0.5
10770418 214854300 1
10770418 214854547 1
10770418 214854802 1
10770418 214854545 0.5
10770418 214716714 0.5
10770418 214854549 0.5
10770418 214854534 0.5
7534511 214717003 1
7534511 214717007 1
7534511 214716926 1
7534511 214561496 0.5
7534511 214853122 0.5
7534511 214854630 0.5
7899056 214850295 1
7899056 214850282 1
7899056 214850315 1
7899056 214850291 0.5
2586547 214540127 1
2586547 214829880 1
2586547 214829887 1
2586547 214829878 0.5
4008606 214835747 1
4008606 214819779 1
4008606 214539050 1
4008606 214586432 0.5
4008606 214557009 0.5
4008606 214585644 0.5
4008606 214829366 0.5
4008606 214539110 0.5
8273848 214819412 1
8273848 214851581 1
8273848 214851236 1
8273848 214851024 0.5
8273848 214586490 0.5
8273848 214851167 0.5
5281321 214844400 1
5281321 214845583 1
5281321 214845412 1
5281321 214845585 0.5
5281321 214832150 0.5
5281321 214844398 0.5
4437692 214847261 1
4437692 214847255 1
4437692 214837494 1
4437692 214848176 0.5
687478 214829310 1
687478 214827009 1
687478 214821339 1
687478 214821315 0.5
8337351 214851097 1
8337351 214716714 1
8337351 214684942 1
8337351 214716746 0.5
8337351 214851163 0.5
8337351 214851287 0.5
2701256 214690747 1
2701256 214684717 1
2701256 214829880 1
2701256 214650632 0.5
2701256 214826835 0.5
2701256 214820396 0.5
2701256 214695285 0.5
2394142 214829880 1
2394142 214831946 1
2394142 214540127 1
2394142 214819468 0.5
2394142 214832780 0.5
2394142 214601233 0.5
5492683 214844355 1
5492683 214844368 1
5492683 214714760 1
5492683 214835428 0.5
5492683 214548868 0.5
5492683 214850775 0.5
10006478 214853992 1
10006478 214853715 1
10006478 214853865 1
10006478 214850760 0.5
10006478 214854165 0.5
10006478 214838094 0.5
1675217 214833755 1
1675217 214829387 1
1675217 214826610 1
1675217 214834877 0.5
4210643 214564706 1
4210643 214595150 1
4210643 214831944 1
4210643 214838105 0.5
4210643 214836795 0.5
4210643 214582348 0.5
4210643 214613741 0.5
4210643 214829773 0.5
9235528 214853338 1
9235528 214850949 1
9235528 214853325 1
9235528 214853465 0.5
9235528 214850947 0.5
9235528 214844372 0.5
9235528 214821373 0.5
9235528 214826987 0.5
894942 214821302 1
894942 214821305 1
894942 214821339 1
894942 214683872 0.5
894942 214515872 0.5
1476581 214829366 1
1476581 214834875 1
1476581 214826610 1
1476581 214829387 0.5
1476581 214833755 0.5
10760167 214853113 1
10760167 214854577 1
10760167 214819599 1
10760167 214851122 0.5
10760167 214854300 0.5
7686123 214651777 1
7686123 214850765 1
7686123 214850771 1
7686123 214850555 0.5
7686123 214676375 0.5
7349033 214712235 1
7349033 214838094 1
7349033 214849245 1
7349033 214821292 0.5
7349033 214846477 0.5
7349033 214849286 0.5
7557102 214850938 1
7557102 214846404 1
7557102 214849395 1
7557102 214832147 0.5
7557102 214850726 0.5
7557102 214850743 0.5
10973167 214853081 1
10973167 214854720 1
10973167 214851757 1
10973167 214853083 0.5
11166376 214854802 1
11166376 214854722 1
11166376 214854699 1
11166376 214854682 0.5
8685993 214853165 1
8685993 214851742 1
8685993 214678376 1
8685993 214853128 0.5
8685993 214848302 0.5
5920756 214838227 1
5920756 214848337 1
5920756 214835109 1
5920756 214826610 0.5
3069943 214835019 1
3069943 214587712 1
3069943 214835017 1
3069943 214553561 0.5
3069943 214834867 0.5
3069943 214717412 0.5
3069943 214609325 0.5
3069943 214674427 0.5
2520903 214835002 1
2520903 214829385 1
2520903 214835019 1
2520903 214835124 0.5
2520903 214819762 0.5
2520903 214829887 0.5
2520903 214832780 0.5
2520903 214725532 0.5
3777151 214718255 1
3777151 214838137 1
3777151 214836926 1
3777151 214819400 0.5
3777151 214831946 0.5
3777151 214831948 0.5
3777151 214673295 0.5
3225596 214829012 1
3225596 214836877 1
3225596 214829083 1
3225596 643078800 0.5
3225596 214827030 0.5
9478142 214854148 1
9478142 214851317 1
9478142 214853132 1
9478142 214567329 0.5
9478142 214853186 0.5
9478142 214851587 0.5
9478142 214567333 0.5
9478142 214850726 0.5
9478142 214850792 0.5
9478142 214853865 0.5
9478142 214850417 0.5
9478142 214832147 0.5
9478142 214579875 0.5
9478142 214851097 0.5
9478142 214850938 0.5
9478142 214853852 0.5
9478142 214853242 0.5
7047167 214848986 1
7047167 214848641 1
7047167 214849807 1
7047167 214844400 0.5
7047167 214819410 0.5
7047167 214849179 0.5
7047167 214848658 0.5
7047167 214849318 0.5
