8024076 214844342 1
8024076 214851290 1
8024076 214573288 1
8024076 214851232 0.5
8024076 214835109 0.5
8024076 214850705 0.5
8024076 214606792 0.5
8024076 214848380 0.5
8024076 214829387 0.5
8024076 214848337 0.5
8024076 214675890 0.5
8024076 214851159 0.5
8024076 214556025 0.5
8024076 214564380 0.5
8437773 214820443 1
8437773 214845879 1
8437773 214848847 1
8437773 214853107 0.5
8437773 214832019 0.5
8437773 214853165 0.5
10188814 214853850 1
10188814 214849325 1
10188814 214853677 1
10188814 214821377 0.5
10188814 214854122 0.5
10188814 214853690 0.5
10188814 214829034 0.5
6924304 214849327 1
6924304 214849292 1
6924304 214849123 1
6924304 214849127 0.5
6916116 214848849 1
6916116 214849318 1
6916116 214846112 1
6916116 214849046 0.5
6916116 214696470 0.5
4534294 214836857 1
4534294 214839973 1
4534294 214848176 1
4534294 214839600 0.5
4534294 214839967 0.5
2828311 214834867 1
2828311 214835747 1
2828311 214835137 1
2828311 214832722 0.5
2828311 214581427 0.5
2828311 214832124 0.5
2828311 214835122 0.5
10862617 214854840 1
10862617 214853100 1
10862617 214854782 1
10862617 214850949 0.5
10862617 214846031 0.5
4810779 214710062 1
4810779 214838107 1
4810779 214845129 1
4810779 214831944 0.5
8421404 214849250 1
8421404 214849745 1
8421404 214849762 1
8421404 214848688 0.5
8421404 214850700 0.5
8421404 214687565 0.5
8421404 214850711 0.5
10932253 214854517 1
10932253 214854579 1
10932253 214853698 1
10932253 214854527 0.5
11304994 214853090 1
11304994 214853105 1
11304994 214853096 1
11304994 214512122 0.5
11304994 214851326 0.5
1828899 214829711 1
1828899 214829707 1
1828899 214826705 1
1828899 214829672 0.5
8945708 214851750 1
8945708 214853132 1
8945708 214853210 1
8945708 214853195 0.5
8945708 214851748 0.5
8945708 214853237 0.5
4472966 214845131 1
4472966 214838137 1
4472966 214587317 1
4472966 214586432 0.5
4472966 214839969 0.5
4472966 214839973 0.5
4472966 214819430 0.5
4472966 214602733 0.5
10793008 214710062 1
10793008 214744260 1
10793008 214853263 1
10793008 214854827 0.5
3186737 214821290 1
3186737 214821292 1
3186737 214821277 1
3186737 214821285 0.5
8714294 214851135 1
8714294 214853212 1
8714294 214851129 1
8714294 214851075 0.5
8714294 214850630 0.5
8714294 214837286 0.5
8714294 214716746 0.5
8714294 214851022 0.5
8714294 214716977 0.5
8714294 214820402 0.5
8714294 214849318 0.5
8714294 214851322 0.5
8714294 214851163 0.5
8714294 214832604 0.5
4753532 214839973 1
4753532 214839971 1
4753532 214845806 1
4753532 214702905 0.5
4753532 214537541 0.5
4753532 214574670 0.5
9007161 214853130 1
9007161 214851742 1
9007161 214845962 1
9007161 214819393 0.5
9007161 214848926 0.5
1843924 214829852 1
1843924 214819376 1
1843924 214587712 1
1843924 214834880 0.5
1843924 214706102 0.5
1843924 214586743 0.5
10991681 214848658 1
10991681 214854838 1
10991681 214854731 1
10991681 214854356 0.5
10991681 214854815 0.5
11241541 214853113 1
11241541 214853855 1
11241541 214853735 1
11241541 214853728 0.5
11241541 214716645 0.5
11241541 214820394 0.5
11241541 214854547 0.5
11241541 214854581 0.5
11241541 214850743 0.5
11241541 214850936 0.5
11241541 214819577 0.5
11241541 214853726 0.5
439649 214826715 1
439649 214668677 1
439649 214555492 1
439649 214748321 0.5
439649 214711078 0.5
439649 214717511 0.5
439649 214705993 0.5
439649 214673295 0.5
439649 214559960 0.5
439649 214684730 0.5
439649 214748319 0.5
4776008 214839347 1
4776008 214835711 1
4776008 214829765 1
4776008 214835167 0.5
4776008 214832557 0.5
4776008 214595150 0.5
4776008 214540479 0.5
9028963 214677733 1
9028963 214678376 1
9028963 214535051 1
9028963 214853128 0.5
9028963 214677830 0.5
9515092 214853435 1
9515092 214853850 1
9515092 214853683 1
9515092 214854176 0.5
9515092 214853152 0.5
9515092 214850792 0.5
9515092 214848688 0.5
9515092 214853413 0.5
9787477 214853767 1
9787477 214853730 1
9787477 214853698 1
9787477 214854152 0.5
9787477 214853353 0.5
9787477 214853702 0.5
9787477 214853713 0.5
7153753 214826728 1
7153753 214826730 1
7153753 214645181 1
7153753 214645295 0.5
612451 214826816 1
612451 214826608 1
612451 214826700 1
612451 214826705 0.5
612451 214821300 0.5
612451 214717286 0.5
10952808 214853102 1
10952808 214864880 1
10952808 214854840 1
10952808 214853420 0.5
10952808 214854782 0.5
10102889 214706216 1
10102889 214556728 1
10102889 214700876 1
10102889 214563195 0.5
10102889 214836877 0.5
9156967 214835109 1
9156967 214853385 1
9156967 214848330 1
9156967 214851290 0.5
9156967 214821410 0.5
9156967 214849284 0.5
9156967 214846535 0.5
9156967 214848328 0.5
9156967 214665277 0.5
9156967 214844345 0.5
9156967 214838227 0.5
9156967 214849239 0.5
9156967 214848377 0.5
9156967 214849018 0.5
9156967 214849275 0.5
9156967 214851101 0.5
9156967 214834877 0.5
5871724 214846312 1
5871724 214845879 1
5871724 214846010 1
5871724 214564320 0.5
5643282 214846033 1
5643282 214846029 1
5643282 214846012 1
5643282 214831948 0.5
5494896 214612901 1
5494896 214677962 1
5494896 214826741 1
5494896 214839937 0.5
5494896 214645595 0.5
5494896 214826739 0.5
5494896 214645181 0.5
8409201 214851163 1
8409201 214684942 1
8409201 214851165 1
8409201 214564451 0.5
8409201 214850760 0.5
8409201 214716654 0.5
8409201 214698446 0.5
8409201 214851097 0.5
8409201 214851131 0.5
1598032 214826610 1
1598032 214834880 1
1598032 214642153 1
1598032 214829664 0.5
1598032 214829387 0.5
1598032 214829390 0.5
1598032 214716339 0.5
1598032 214833755 0.5
1598032 214834877 0.5
1598032 214821407 0.5
10401914 214853698 1
10401914 214853767 1
10401914 214854060 1
10401914 214853730 0.5
10401914 214853702 0.5
9846463 214853767 1
9846463 214853730 1
9846463 214853713 1
9846463 214684730 0.5
9846463 214853094 0.5
637052 214826998 1
637052 214826927 1
637052 214821339 1
637052 214574672 0.5
637052 214587317 0.5
637052 214826837 0.5
10719357 214853090 1
10719357 214853094 1
10719357 214853105 1
10719357 214853096 0.5
10719357 214853085 0.5
3954814 214826990 1
3954814 214835109 1
3954814 214836932 1
3954814 214838227 0.5
3755401 214835109 1
3755401 214826990 1
3755401 214838227 1
3755401 214676962 0.5
3755401 214829762 0.5
3755401 214829799 0.5
4511874 214839973 1
4511874 214845131 1
4511874 214839969 1
4511874 214829280 0.5
4511874 214587317 0.5
4511874 214602598 0.5
4511874 214839975 0.5
4712581 214839943 1
4712581 214575103 1
4712581 214843895 1
4712581 214829730 0.5
8808582 214853105 1
8808582 214851326 1
8808582 214853248 1
8808582 214853085 0.5
1681543 214826610 1
1681543 214834880 1
1681543 214834877 1
1681543 214559960 0.5
1681543 214829672 0.5
2824872 214837916 1
2824872 214587697 1
2824872 214837438 1
2824872 214837918 0.5
2824872 214587028 0.5
2824872 214826565 0.5
2824872 214835462 0.5
2107757 214587388 1
2107757 214829865 1
2107757 214829711 1
2107757 214829861 0.5
2107757 214829846 0.5
5329051 214832156 1
5329051 214838094 1
5329051 214836956 1
5329051 214837280 0.5
5329051 214838092 0.5
5329051 214837286 0.5
7917724 214844394 1
7917724 214844456 1
7917724 214716984 1
7917724 214844458 0.5
7917724 214551626 0.5
7917724 214716986 0.5
7917724 214821309 0.5
7917724 214832655 0.5
9701379 214853132 1
9701379 214853195 1
9701379 214826994 1
9701379 214851073 0.5
9906337 214853454 1
9906337 214853420 1
9906337 214850945 1
9906337 214850947 0.5
2642086 214829880 1
2642086 214829882 1
2642086 214831948 1
2642086 214829878 0.5
10148008 214853700 1
10148008 214853992 1
10148008 214853722 1
10148008 214853698 0.5
4272297 214839932 1
4272297 214839973 1
4272297 214845131 1
4272297 214826977 0.5
4272297 214833755 0.5
4272297 214707875 0.5
4272297 214821401 0.5
4272297 214831959 0.5
8618157 214848656 1
8618157 214849239 1
8618157 214853130 1
8618157 214839587 0.5
8618157 214706102 0.5
8618157 214677615 0.5
4530351 214829878 1
4530351 214829885 1
4530351 214829887 1
4530351 214845577 0.5
4530351 214684730 0.5
4530351 214829882 0.5
4530351 214838105 0.5
5640368 214582200 1
5640368 214819528 1
5640368 214820443 1
5640368 214821035 0.5
9275574 214853422 1
9275574 214850947 1
9275574 214853420 1
9275574 214846344 0.5
9275574 214844372 0.5
9275574 214850711 0.5
9275574 214848185 0.5
9275574 214576890 0.5
9275574 214821373 0.5
3243721 214835167 1
3243721 214835109 1
3243721 214829765 1
3243721 214838227 0.5
3243721 214826990 0.5
5120186 214828963 1
5120186 214844319 1
5120186 214676945 1
5120186 214836536 0.5
5120186 214644607 0.5
2078251 214712126 1
2078251 214821410 1
2078251 214712124 1
2078251 214829850 0.5
2078251 214821412 0.5
2078251 214826589 0.5
2078251 214821022 0.5
11499712 214855016 1
11499712 214853102 1
11499712 214854782 1
11499712 214850310 0.5
11499712 214859246 0.5
7999686 214845958 1
7999686 214850938 1
7999686 214851317 1
7999686 214844347 0.5
7999686 214848165 0.5
7999686 214835750 0.5
7999686 214850792 0.5
7999686 214832147 0.5
7999686 214849012 0.5
7999686 214829366 0.5
7999686 214850743 0.5
7999686 214849395 0.5
10186951 214853852 1
10186951 214854148 1
10186951 214853413 1
10186951 214854176 0.5
10186951 214853848 0.5
10186951 214853994 0.5
10682569 214849809 1
10682569 214684715 1
10682569 214850947 1
10682569 214684736 0.5
10682569 214850304 0.5
10682569 214684717 0.5
10682569 214850366 0.5
10682569 214846029 0.5
4802762 214839915 1
4802762 214848326 1
4802762 214748310 1
4802762 214836142 0.5
1644919 214743515 1
1644919 214684702 1
1644919 214829392 1
1644919 214680369 0.5
1644919 214829366 0.5
10680354 214851232 1
10680354 214849284 1
10680354 214851101 1
10680354 214667857 0.5
10680354 214821410 0.5
10680354 214665277 0.5
3627218 214826990 1
3627218 214835167 1
3627218 214835109 1
3627218 214577057 0.5
3627218 214836932 0.5
3627218 214838227 0.5
3627218 214587028 0.5
3627218 214832023 0.5
3627218 214838137 0.5
3627218 214836924 0.5
10510554 214854352 1
10510554 214854536 1
10510554 214853113 1
10510554 214854577 0.5
10510554 214854354 0.5
11067611 214712242 1
11067611 214854804 1
11067611 214854780 1
11067611 214712244 0.5
11067611 214854682 0.5
11067611 214854731 0.5
11067611 214849100 0.5
10930396 214853767 1
10930396 214853081 1
10930396 214854770 1
10930396 214854152 0.5
10930396 214854515 0.5
10930396 214580276 0.5
2994398 214835132 1
2994398 214835745 1
2994398 214602600 1
2994398 214587712 0.5
2994398 214835137 0.5
2994398 214600492 0.5
2994398 214826565 0.5
8441289 214851080 1
8441289 214832567 1
8441289 214850700 1
8441289 214851099 0.5
8441289 214851133 0.5
10950887 214564380 1
10950887 214851232 1
10950887 214851290 1
10950887 214848384 0.5
9240809 214829880 1
9240809 214850949 1
9240809 214853422 1
9240809 214826835 0.5
9240809 214853420 0.5
8698092 214564382 1
8698092 214819577 1
8698092 214850621 1
8698092 214716645 0.5
8698092 214743335 0.5
8698092 214836330 0.5
8698092 214819760 0.5
8698092 214710097 0.5
8698092 214819762 0.5
8698092 214850771 0.5
8698092 214850743 0.5
8698092 214850936 0.5
8698092 214851099 0.5
8698092 214844413 0.5
5904477 214850880 1
5904477 214850876 1
5904477 214845960 1
5904477 214850872 0.5
5904477 214837483 0.5
7639278 214851120 1
7639278 214853173 1
7639278 214853758 1
7639278 214828882 0.5
7639278 214853437 0.5
3096816 214835747 1
3096816 214835019 1
3096816 214602600 1
3096816 214835745 0.5
3096816 214834867 0.5
3096816 214600492 0.5
3096816 214835017 0.5
8227057 214831955 1
8227057 214848630 1
8227057 214845885 1
8227057 214848641 0.5
8227057 214696899 0.5
8227057 214851236 0.5
8227057 214848682 0.5
8227057 214826610 0.5
8227057 214667857 0.5
8227057 214717522 0.5
8227057 214606963 0.5
8227057 214716667 0.5
8227057 214839932 0.5
5614291 214845984 1
5614291 214845917 1
5614291 214844372 1
5614291 214844398 0.5
5614291 214846447 0.5
4339958 214838105 1
4339958 214838096 1
4339958 214839641 1
4339958 214829797 0.5
4339958 214831942 0.5
6735913 214848380 1
6735913 214848596 1
6735913 214848384 1
6735913 214848337 0.5
6735913 214848410 0.5
6735913 214835109 0.5
6735913 214826990 0.5
6735913 214848377 0.5
8056532 214851581 1
8056532 214851013 1
8056532 214846007 1
8056532 214839600 0.5
8056532 214850402 0.5
8056532 214706102 0.5
3225858 214559960 1
3225858 214836352 1
3225858 214836084 1
3225858 214555492 0.5
3225858 214557701 0.5
8254507 214835017 1
8254507 214587712 1
8254507 214748336 1
8254507 214829850 0.5
8254507 214835019 0.5
4872453 214845131 1
4872453 214839973 1
4872453 214839969 1
4872453 214606948 0.5
10881286 214854823 1
10881286 214717802 1
10881286 214710013 1
10881286 214712240 0.5
10881286 214578011 0.5
10881286 214510445 0.5
3844287 214835109 1
3844287 214826990 1
3844287 214832023 1
3844287 214826932 0.5
3844287 214538484 0.5
3844287 214702905 0.5
3844287 214826927 0.5
7893264 214844454 1
7893264 214835126 1
7893264 214851279 1
7893264 214844456 0.5
7893264 214551624 0.5
7893264 214844394 0.5
7893264 214844439 0.5
8325397 214853182 1
8325397 214851326 1
8325397 214852978 1
8325397 214853248 0.5
7600408 214850938 1
7600408 214850936 1
7600408 214564387 1
7600408 214850771 0.5
7600408 214850743 0.5
617178 214833800 1
617178 214820261 1
617178 214820233 1
617178 214684513 0.5
617178 214820227 0.5
617178 214535621 0.5
617178 214820231 0.5
617178 214833802 0.5
617178 214584939 0.5
617178 214821302 0.5
617178 214821305 0.5
617178 214821339 0.5
617178 214821307 0.5
617178 214844357 0.5
11271042 214857568 1
11271042 214857570 1
11271042 214857260 1
11271042 214857268 0.5
2451746 214829878 1
2451746 214829882 1
2451746 214831946 1
2451746 214829887 0.5
6125798 214846479 1
6125798 214846464 1
6125798 214844398 1
6125798 214845380 0.5
6125798 214846470 0.5
6125798 214848622 0.5
6125798 214846065 0.5
6125798 214844402 0.5
6125798 214846425 0.5
6125798 214846457 0.5
6125798 214846427 0.5
9773352 214573357 1
9773352 214849153 1
9773352 214573350 1
9773352 214556595 0.5
9773352 214821410 0.5
9773352 214849155 0.5
9773352 214745317 0.5
9773352 214746382 0.5
9283884 214853340 1
9283884 214853342 1
9283884 214853321 1
9283884 214853420 0.5
9283884 214712237 0.5
11400584 214857262 1
11400584 214857257 1
11400584 214857557 1
11400584 214857568 0.5
11400584 214857570 0.5
11400584 214857810 0.5
8943927 214853214 1
8943927 214852985 1
8943927 214853105 1
8943927 214853096 0.5
778292 214820392 1
778292 214820261 1
778292 214820233 1
778292 214839600 0.5
2578747 214826979 1
2578747 214829878 1
2578747 214829887 1
2578747 214829882 0.5
2578747 214831965 0.5
1528124 214834880 1
1528124 214826610 1
1528124 214834877 1
1528124 214833755 0.5
8775997 214853160 1
8775997 214852980 1
8775997 214853077 1
8775997 214853096 0.5
11180353 214854793 1
11180353 214853100 1
11180353 214854787 1
11180353 214854782 0.5
11180353 214853428 0.5
11180353 214853102 0.5
11180353 214853158 0.5
3656002 214514274 1
3656002 214826715 1
3656002 214820186 1
3656002 214836932 0.5
3656002 214829878 0.5
3656002 214514248 0.5
3656002 214584092 0.5
3656002 214829880 0.5
3656002 214838098 0.5
3656002 214826835 0.5
3656002 214711318 0.5
3656002 214820184 0.5
3656002 214838107 0.5
3656002 214820188 0.5
3656002 214684734 0.5
5724484 214846033 1
5724484 214846029 1
5724484 214846012 1
5724484 214846014 0.5
5724484 214846031 0.5
3393869 214829788 1
3393869 214829765 1
3393869 214829762 1
3393869 214836947 0.5
11004244 214853102 1
11004244 214853100 1
11004244 214864880 1
11004244 214860208 0.5
11004244 214854782 0.5
4440406 214847255 1
4440406 214847261 1
4440406 214837494 1
4440406 214836855 0.5
6879579 214848847 1
6879579 214848969 1
6879579 214707875 1
6879579 214845410 0.5
6879579 214846117 0.5
6879579 214709702 0.5
6879579 214557322 0.5
6879579 214819586 0.5
6879579 214846477 0.5
6879579 214846033 0.5
6879579 214845971 0.5
6879579 214848695 0.5
6879579 214839973 0.5
7672162 214850936 1
7672162 214850938 1
7672162 214716645 1
7672162 214851011 0.5
7672162 214850758 0.5
9955683 214854495 1
9955683 214854358 1
9955683 214854549 1
9955683 214854536 0.5
9955683 214853994 0.5
9955683 214854352 0.5
9955683 214854545 0.5
9955683 214854268 0.5
9955683 214853855 0.5
10541412 214854352 1
10541412 214854536 1
10541412 214853698 1
10541412 214853113 0.5
10541412 214854075 0.5
10541412 214832156 0.5
10541412 214853413 0.5
6732133 214850786 1
6732133 214848641 1
6732133 214848335 1
6732133 214851009 0.5
6732133 214835042 0.5
6732133 214844355 0.5
6732133 214718372 0.5
6732133 214849745 0.5
6732133 214582346 0.5
6732133 214585633 0.5
6732133 214712270 0.5
6732133 214826833 0.5
6732133 214849742 0.5
6732133 214848954 0.5
1024359 214829321 1
1024359 214828985 1
1024359 214587317 1
1024359 214574672 0.5
1024359 214553561 0.5
1024359 214706102 0.5
1024359 214717847 0.5
9111612 214853077 1
9111612 214853094 1
9111612 214852980 1
9111612 214853248 0.5
9111612 214853096 0.5
9111612 214852978 0.5
9111612 214853085 0.5
9111612 214851326 0.5
1638764 214834877 1
1638764 214826610 1
1638764 214834880 1
1638764 214829387 0.5
3674478 214836932 1
3674478 214576545 1
3674478 214836924 1
3674478 214826977 0.5
3674478 214839587 0.5
3674478 214829321 0.5
3674478 214687852 0.5
3674478 214838227 0.5
3674478 214826998 0.5
3674478 214828985 0.5
6961213 214838107 1
6961213 214848977 1
6961213 214831948 1
6961213 214850315 0.5
6961213 214846031 0.5
6961213 214826835 0.5
6961213 214838102 0.5
6961213 214829880 0.5
6961213 214832015 0.5
6961213 214846012 0.5
9671024 214853212 1
9671024 214852987 1
9671024 214853105 1
9671024 214846312 0.5
9671024 214853128 0.5
9671024 214853077 0.5
9671024 214853085 0.5
4852081 214835109 1
4852081 214838227 1
4852081 214826990 1
4852081 214834880 0.5
4852081 214833755 0.5
4852081 214582948 0.5
4852081 214820810 0.5
4852081 214554283 0.5
4852081 214826610 0.5
4852081 214845587 0.5
4852081 214845435 0.5
8524146 214685049 1
8524146 214851163 1
8524146 214851161 1
8524146 214851587 0.5
3101758 214837882 1
3101758 214826951 1
3101758 214586668 1
3101758 214602600 0.5
3101758 214835017 0.5
3101758 214609325 0.5
3101758 214832792 0.5
3101758 214826874 0.5
3101758 214836827 0.5
4374969 214705736 1
4374969 214845129 1
4374969 214839973 1
4374969 214821410 0.5
4374969 214839971 0.5
4374969 214848178 0.5
4374969 214706102 0.5
4374969 214838111 0.5
4688247 214832147 1
4688247 214839965 1
4688247 214836857 1
4688247 214835124 0.5
4688247 214602598 0.5
4688247 214839975 0.5
2709567 214835019 1
2709567 214835017 1
2709567 214826565 1
2709567 214753505 0.5
5044606 214826820 1
5044606 214838092 1
5044606 214836956 1
5044606 214837280 0.5
9376127 214744260 1
9376127 214836827 1
9376127 214853420 1
9376127 214853152 0.5
9376127 214853330 0.5
6230182 214848605 1
6230182 214848615 1
6230182 214848622 1
6230182 214687457 0.5
6230182 214819779 0.5
6230182 214848613 0.5
6230182 214848969 0.5
6230182 214848950 0.5
6230182 214509401 0.5
9282529 214853420 1
9282529 214853428 1
9282529 214850942 1
9282529 214850949 0.5
8114567 214851161 1
8114567 214716671 1
8114567 214851080 1
8114567 214716714 0.5
8114567 214851317 0.5
1864073 214829379 1
1864073 214821399 1
1864073 214826874 1
1864073 214716641 0.5
1864073 214674427 0.5
1864073 214743495 0.5
5728652 214845420 1
5728652 214641412 1
5728652 214843322 1
5728652 214851090 0.5
5728652 214848180 0.5
5728652 214840237 0.5
5728652 214509845 0.5
7932304 214850938 1
7932304 214850767 1
7932304 214699412 1
7932304 214844400 0.5
8585629 214850694 1
8585629 214850747 1
8585629 214838122 1
8585629 214595139 0.5
8585629 214584926 0.5
477253 214706102 1
477253 214748336 1
477253 214743335 1
477253 214587712 0.5
477253 214674401 0.5
477253 214819719 0.5
477253 214820392 0.5
477253 214684843 0.5
477253 214826810 0.5
477253 214690110 0.5
5724912 214845980 1
5724912 214829878 1
5724912 214846033 1
5724912 214711408 0.5
5724912 214829880 0.5
5724912 214684730 0.5
5724912 214838105 0.5
5724912 214846031 0.5
5046696 214838227 1
5046696 214836932 1
5046696 214835109 1
5046696 214836795 0.5
5046696 214718379 0.5
5046696 214613741 0.5
5046696 214595150 0.5
9699753 214853422 1
9699753 214853420 1
9699753 214850949 1
9699753 214853154 0.5
9308588 214853420 1
9308588 214853147 1
9308588 214829887 1
9308588 214684730 0.5
9308588 214850947 0.5
5368237 214836536 1
5368237 214844321 1
5368237 214743350 1
5368237 214848174 0.5
7717221 214564382 1
7717221 214850621 1
7717221 214850741 1
7717221 214851097 0.5
7717221 214837442 0.5
7717221 214837483 0.5
7717221 214557701 0.5
7717221 214850870 0.5
9102408 214851135 1
9102408 214851744 1
9102408 214839596 1
9102408 214553810 0.5
8288623 214853096 1
8288623 214853105 1
8288623 214853094 1
8288623 214852978 0.5
4600222 214836512 1
4600222 214819528 1
4600222 214838109 1
4600222 214839915 0.5
4600222 214832302 0.5
8358327 214564380 1
8358327 214851163 1
8358327 214851290 1
8358327 214850848 0.5
8358327 214552522 0.5
8358327 214564387 0.5
8358327 214846404 0.5
8925626 214852980 1
8925626 214853077 1
8925626 214853105 1
8925626 214851326 0.5
2816446 214829878 1
2816446 214829880 1
2816446 214829887 1
2816446 214555580 0.5
10443971 214851326 1
10443971 214853094 1
10443971 214853085 1
10443971 214853248 0.5
10443971 214853090 0.5
10443971 214852978 0.5
10158497 214835019 1
10158497 214577450 1
10158497 214853700 1
10158497 214853698 0.5
10158497 214853767 0.5
10158497 214819464 0.5
10158497 214854540 0.5
10158497 214853420 0.5
10158497 214710062 0.5
10158497 214853430 0.5
10158497 214820345 0.5
10158497 214853722 0.5
10158497 214849020 0.5
6647043 214849342 1
6647043 214849192 1
6647043 214849134 1
6647043 214848658 0.5
6647043 214832619 0.5
6647043 214712244 0.5
6647043 214849093 0.5
6647043 214849179 0.5
2972106 214716973 1
2972106 214835019 1
2972106 214835747 1
2972106 214587712 0.5
2972106 214835017 0.5
2972106 214835132 0.5
1905106 214821317 1
1905106 214565557 1
1905106 214717440 1
1905106 214547814 0.5
10340819 214820394 1
10340819 214854352 1
10340819 214854536 1
10340819 214853767 0.5
7605533 214851292 1
7605533 214851129 1
7605533 214851577 1
7605533 214851290 0.5
7605533 214845954 0.5
7605533 214849738 0.5
7605533 214716110 0.5
7605533 214835167 0.5
10270798 214844355 1
10270798 214850735 1
10270798 214848658 1
10270798 214849312 0.5
10270798 214854836 0.5
10270798 214854298 0.5
10270798 214844396 0.5
10270798 214573629 0.5
530466 214821290 1
530466 214821277 1
530466 214821292 1
530466 214748340 0.5
9878948 214853698 1
9878948 214853713 1
9878948 214853730 1
9878948 214853707 0.5
7249999 214850282 1
7249999 214850304 1
7249999 214850310 1
7249999 214849764 0.5
10168796 214853210 1
10168796 214854148 1
10168796 214853113 1
10168796 214744779 0.5
10168796 214850411 0.5
10168796 214849455 0.5
10168796 214849365 0.5
10168796 214854585 0.5
10168796 214850621 0.5
61119 214821290 1
61119 214826700 1
61119 214826801 1
61119 214832559 0.5
8800734 214851135 1
8800734 214827022 1
8800734 214851017 1
8800734 214677941 0.5
8800734 214846391 0.5
10473296 214853420 1
10473296 214853342 1
10473296 214850942 1
10473296 214853424 0.5
10473296 214850945 0.5
10473296 214850949 0.5
10473296 214853454 0.5
1557251 214826610 1
1557251 214834877 1
1557251 214829366 1
1557251 214829042 0.5
1557251 214826994 0.5
1557251 214828965 0.5
158178 214821300 1
158178 214717286 1
158178 214826908 1
158178 214826799 0.5
10420707 214853767 1
10420707 214854517 1
10420707 214854298 1
10420707 214853709 0.5
7868901 214853145 1
7868901 214853143 1
7868901 214706216 1
7868901 214850932 0.5
792322 214821315 1
792322 214826615 1
792322 214827009 1
792322 214826617 0.5
10033656 214854065 1
10033656 214644560 1
10033656 214854118 1
10033656 214835561 0.5
10033656 214687959 0.5
9835003 214854146 1
9835003 214853700 1
9835003 214853722 1
9835003 214851097 0.5
9835003 214837442 0.5
9835003 214839587 0.5
2748924 214714757 1
2748924 214587697 1
2748924 214826947 1
2748924 214587712 0.5
2748924 214835747 0.5
2748924 214826565 0.5
2748924 214554662 0.5
2597374 214743515 1
2597374 214684702 1
2597374 214832792 1
2597374 214602600 0.5
2597374 214680369 0.5
2597374 214700002 0.5
2597374 214712237 0.5
2597374 214600989 0.5
4022809 214829882 1
4022809 214632146 1
4022809 214838098 1
4022809 214684736 0.5
4022809 214829878 0.5
4022809 214684710 0.5
4022809 214711295 0.5
5583369 214829280 1
5583369 214826833 1
5583369 214744768 1
5583369 214846412 0.5
5583369 214821300 0.5
9013772 214853105 1
9013772 214853094 1
9013772 214853248 1
9013772 214853085 0.5
5005837 214840082 1
5005837 214844325 1
5005837 214844327 1
5005837 214652411 0.5
5005837 214819539 0.5
4398168 214845131 1
4398168 214748338 1
4398168 214753513 1
4398168 214587317 0.5
8718866 214849155 1
8718866 214849136 1
8718866 214849757 1
8718866 214839973 0.5
8718866 214717286 0.5
8718866 214743495 0.5
8718866 214849001 0.5
8718866 214839975 0.5
8718866 214849102 0.5
8718866 214844400 0.5
8718866 214846007 0.5
8718866 214837882 0.5
8718866 214717562 0.5
3674644 214829773 1
3674644 214829765 1
3674644 214829769 1
3674644 214820220 0.5
10618744 214854519 1
10618744 214685797 1
10618744 214854341 1
10618744 214854257 0.5
4452889 214839973 1
4452889 214845131 1
4452889 214602733 1
4452889 214839600 0.5
4452889 214839975 0.5
11123227 214854782 1
11123227 214854840 1
11123227 214853100 1
11123227 214854787 0.5
11123227 214854791 0.5
10986012 214854853 1
10986012 214864880 1
10986012 214854795 1
10986012 214684762 0.5
10986012 214853726 0.5
11483679 214582942 1
11483679 214853342 1
11483679 214832143 1
11483679 214854800 0.5
11483679 214848298 0.5
11483679 214850366 0.5
9943586 214854547 1
9943586 214854579 1
9943586 214854300 1
9943586 214852978 0.5
5399082 214844345 1
5399082 214844342 1
5399082 214844402 1
5399082 214832150 0.5
4395564 214602538 1
4395564 214836041 1
4395564 214837905 1
4395564 214837914 0.5
4352434 214838109 1
4352434 214820392 1
4352434 214587712 1
4352434 214819760 0.5
4352434 214839960 0.5
4352434 214587317 0.5
7639598 214850758 1
7639598 214850765 1
7639598 214850552 1
7639598 214850754 0.5
7662129 214848926 1
7662129 214845506 1
7662129 214535051 1
7662129 214850282 0.5
7662129 214640893 0.5
7539251 214850619 1
7539251 214564387 1
7539251 214850940 1
7539251 214850848 0.5
7539251 214820456 0.5
1358612 214829392 1
1358612 214826563 1
1358612 214835752 1
1358612 214709792 0.5
1358612 214744779 0.5
1557048 214821407 1
1557048 214821017 1
1557048 214834880 1
1557048 214574672 0.5
1557048 214587266 0.5
1557048 214821412 0.5
1557048 214832722 0.5
9777727 214854352 1
9777727 214849807 1
9777727 214853730 1
9777727 214853330 0.5
6586947 214848658 1
6586947 214848849 1
6586947 214849292 1
6586947 214710088 0.5
6586947 214849320 0.5
6586947 214849322 0.5
6586947 214848947 0.5
6586947 214849046 0.5
11246148 214854767 1
11246148 214853072 1
11246148 214854780 1
11246148 214851587 0.5
9180027 214853165 1
9180027 214853075 1
9180027 214853107 1
9180027 214851742 0.5
9180027 214853094 0.5
8407629 214850932 1
8407629 214850730 1
8407629 214645963 1
8407629 214846119 0.5
8407629 214577612 0.5
8407629 214845962 0.5
8407629 214850732 0.5
8407629 214848302 0.5
8407629 214509401 0.5
4493904 214820396 1
4493904 214820392 1
4493904 214819410 1
4493904 214836512 0.5
4493904 214685857 0.5
4493904 214835747 0.5
4493904 214839973 0.5
4493904 214743495 0.5
4493904 214835017 0.5
4493904 214577450 0.5
4493904 214687852 0.5
4493904 214845581 0.5
4493904 214832143 0.5
4493904 214839932 0.5
4493904 214838227 0.5
4493904 214839969 0.5
4493904 214640353 0.5
4493904 214685820 0.5
4493904 214829790 0.5
4493904 214829887 0.5
10299986 214854536 1
10299986 214853113 1
10299986 214854352 1
10299986 214854577 0.5
2583651 214829880 1
2583651 214829887 1
2583651 214829882 1
2583651 214831946 0.5
2583651 214829885 0.5
10025391 214854510 1
10025391 214853726 1
10025391 214684762 1
10025391 214684785 0.5
156254 214826612 1
156254 214826615 1
156254 214826621 1
156254 214826619 0.5
156254 214712126 0.5
10579387 214854840 1
10579387 214853424 1
10579387 214854853 1
10579387 214850368 0.5
10579387 214848967 0.5
10579387 214854795 0.5
10579387 214853420 0.5
10579387 214853454 0.5
10579387 214850287 0.5
10579387 214849076 0.5
2259556 214820270 1
2259556 214820231 1
2259556 214820263 1
2259556 214826801 0.5
2302737 214831952 1
2302737 214831950 1
2302737 214686082 1
2302737 214831957 0.5
8991344 214583610 1
8991344 214717061 1
8991344 214851238 1
8991344 214851017 0.5
8991344 214853212 0.5
10461809 214567215 1
10461809 214854358 1
10461809 214567329 1
10461809 214853186 0.5
10461809 214567333 0.5
10461809 214853420 0.5
10461809 214854264 0.5
10461809 214853722 0.5
10461809 214854268 0.5
10461809 214853182 0.5
10232254 214853700 1
10232254 214853722 1
10232254 214854857 1
10232254 214850402 0.5
10232254 214854540 0.5
10232254 214820402 0.5
10232254 214706102 0.5
10232254 214829799 0.5
11313744 214857262 1
11313744 214857257 1
11313744 214849464 1
11313744 214859919 0.5
9923193 214853700 1
9923193 214853722 1
9923193 214853852 1
9923193 214854152 0.5
9923193 214853848 0.5
9923193 214850938 0.5
1630847 214834880 1
1630847 214834877 1
1630847 214685857 1
1630847 214800272 0.5
1630847 214826610 0.5
1630847 214716667 0.5
1630847 214826996 0.5
9683584 214711438 1
9683584 214853396 1
9683584 214711307 1
9683584 214853420 0.5
8153536 214851290 1
8153536 214851101 1
8153536 214851232 1
8153536 214564380 0.5
8153536 214851236 0.5
8153536 214712124 0.5
5063373 214844439 1
5063373 214844447 1
5063373 214844445 1
5063373 214612738 0.5
5063373 214612751 0.5
3627651 214839937 1
3627651 214538820 1
3627651 214829786 1
3627651 214829771 0.5
3627651 214582348 0.5
3627651 214582350 0.5
11148054 214855016 1
11148054 214854853 1
11148054 214864880 1
11148054 214854830 0.5
6019719 214846378 1
6019719 214846372 1
6019719 214509401 1
6019719 214557232 0.5
6019719 214838505 0.5
6019719 214853771 0.5
6019719 214572377 0.5
8892524 214853096 1
8892524 214853094 1
8892524 214853085 1
8892524 214853077 0.5
10119818 214853085 1
10119818 214853248 1
10119818 214853094 1
10119818 214853096 0.5
10119818 214853090 0.5
10119818 214852978 0.5
10119818 214851326 0.5
377483 214826876 1
377483 214826908 1
377483 214709634 1
377483 214826927 0.5
377483 214837485 0.5
377483 214837487 0.5
4735628 214839598 1
4735628 214831970 1
4735628 214836512 1
4735628 214839937 0.5
2085519 214829385 1
2085519 214832722 1
2085519 214829850 1
2085519 214748321 0.5
2085519 214835002 0.5
8413841 214853094 1
8413841 214853248 1
8413841 214853096 1
8413841 214851326 0.5
588436 214826621 1
588436 214826998 1
588436 214827002 1
588436 214826872 0.5
588436 214821300 0.5
588436 214826908 0.5
588436 214826876 0.5
588436 214821401 0.5
5008021 214845581 1
5008021 214845579 1
5008021 214845352 1
5008021 214613915 0.5
5008021 214684372 0.5
5200536 214650508 1
5200536 214645005 1
5200536 214676480 1
5200536 214845502 0.5
4012697 214821339 1
4012697 214612738 1
4012697 214844439 1
4012697 214844456 0.5
4012697 214844458 0.5
4012697 214612751 0.5
4012697 214821309 0.5
4012697 214844441 0.5
4012697 214533020 0.5
4012697 214844394 0.5
10697333 214853113 1
10697333 214854354 1
10697333 214854352 1
10697333 214854536 0.5
10697333 214573590 0.5
10447516 214846031 1
10447516 214850949 1
10447516 214514274 1
10447516 214829880 0.5
10447516 214838107 0.5
10447516 214853420 0.5
8153759 214850932 1
8153759 214838124 1
8153759 214848926 1
8153759 214651777 0.5
8153759 214850747 0.5
8153759 214850413 0.5
8153759 214716639 0.5
10982049 214854782 1
10982049 214854791 1
10982049 214854795 1
10982049 214864880 0.5
10982049 214854853 0.5
3361567 214835167 1
3361567 214821017 1
3361567 214834877 1
3361567 214836932 0.5
3361567 214829387 0.5
3361567 214707853 0.5
3361567 214677615 0.5
3361567 214821015 0.5
3361567 214556025 0.5
5393061 214835426 1
5393061 214844400 1
5393061 214844370 1
5393061 214836956 0.5
5393061 214832557 0.5
5393061 214602733 0.5
998611 214829042 1
998611 214829045 1
998611 214829336 1
998611 214829032 0.5
998611 214701212 0.5
4915879 214640098 1
4915879 214826833 1
4915879 214832154 1
4915879 214829882 0.5
4915879 214845581 0.5
11137704 214535057 1
11137704 214854300 1
11137704 214854853 1
11137704 214849464 0.5
11137704 214695553 0.5
11137704 214716645 0.5
4031146 214540127 1
4031146 214632146 1
4031146 214829885 1
4031146 214843955 0.5
4031146 214839596 0.5
4031146 214716943 0.5
4620973 214826664 1
4620973 214839962 1
4620973 214829887 1
4620973 214826668 0.5
4620973 214844407 0.5
4997807 214594678 1
4997807 214582507 1
4997807 214706445 1
4997807 214684372 0.5
2917046 214829880 1
2917046 214829878 1
2917046 214711318 1
2917046 214826947 0.5
2917046 214826844 0.5
2917046 214684734 0.5
823758 214838831 1
823758 214826621 1
823758 214826615 1
823758 214837487 0.5
8709578 214678387 1
8709578 214677830 1
8709578 214853128 1
8709578 214846312 0.5
8709578 214845962 0.5
8709578 214846117 0.5
8709578 214846119 0.5
9575111 214852987 1
9575111 214853162 1
9575111 214853364 1
9575111 214853252 0.5
9575111 214846312 0.5
9575111 214851750 0.5
9575111 214853128 0.5
9575111 214853263 0.5
9575111 214848849 0.5
9575111 214853210 0.5
5847757 214846117 1
5847757 214676377 1
5847757 214845962 1
5847757 214582200 0.5
5847757 214553257 0.5
5847757 214819586 0.5
5847757 214832019 0.5
5847757 214846119 0.5
8958671 214852978 1
8958671 214853077 1
8958671 214852980 1
8958671 214853085 0.5
8958671 214851326 0.5
5456597 214835428 1
5456597 214835473 1
5456597 214826949 1
5456597 214603140 0.5
2327254 214829878 1
2327254 214831948 1
2327254 214829882 1
2327254 214587697 0.5
2327254 214829885 0.5
4713178 214832012 1
4713178 214673295 1
4713178 214831946 1
4713178 214838098 0.5
4713178 214826715 0.5
4713178 214717511 0.5
11127519 214853100 1
11127519 214854785 1
11127519 214854840 1
11127519 214854797 0.5
2960874 214642805 1
2960874 214834867 1
2960874 214600492 1
2960874 214829767 0.5
10062564 214853726 1
10062564 214854268 1
10062564 214567329 1
10062564 214853732 0.5
10062564 214567333 0.5
10062564 214854262 0.5
10062564 214819599 0.5
10062564 214684785 0.5
10062564 214854358 0.5
10062564 214854495 0.5
11016933 214853102 1
11016933 214854782 1
11016933 214854842 1
11016933 214854785 0.5
11016933 214854836 0.5
11016933 214853420 0.5
10570473 214854720 1
10570473 214851757 1
10570473 214854718 1
10570473 214853083 0.5
10570473 214853079 0.5
2939629 214832792 1
2939629 214834867 1
2939629 214827007 1
2939629 214835137 0.5
2939629 214554332 0.5
2939629 214835132 0.5
2939629 214712132 0.5
2939629 214819526 0.5
11211502 214848159 1
11211502 214854332 1
11211502 214854842 1
11211502 214855209 0.5
11211502 214819612 0.5
10773232 214854268 1
10773232 214854264 1
10773232 214854358 1
10773232 214684785 0.5
10773232 214567215 0.5
7959281 214840378 1
7959281 214564387 1
7959281 214850726 1
7959281 214850936 0.5
7959281 214850692 0.5
7959281 214850405 0.5
7959281 214564382 0.5
7959281 214850621 0.5
3359476 214829012 1
3359476 214837438 1
3359476 214580291 1
3359476 214829079 0.5
652024 214717087 1
652024 214738460 1
652024 214717085 1
652024 214821392 0.5
652024 214706102 0.5
7481154 214849322 1
7481154 214849239 1
7481154 214826990 1
7481154 214665277 0.5
7481154 214834877 0.5
4202282 214828985 1
4202282 214829852 1
4202282 214832023 1
4202282 214748336 0.5
4202282 214745317 0.5
4202282 214573350 0.5
4202282 214743335 0.5
4202282 214819721 0.5
4202282 214829799 0.5
4202282 214832780 0.5
4202282 214574670 0.5
4202282 214839600 0.5
4202282 214838225 0.5
4202282 214698418 0.5
4202282 214829321 0.5
4202282 214574672 0.5
4202282 214838137 0.5
4202282 214829850 0.5
4202282 214836926 0.5
10394752 214854358 1
10394752 214567215 1
10394752 214567329 1
10394752 214854268 0.5
10394752 214819599 0.5
10394752 214684785 0.5
10394752 214854354 0.5
10394752 214854264 0.5
10394752 214853244 0.5
10394752 214853726 0.5
10801922 214854802 1
10801922 214855153 1
10801922 214854860 1
10801922 214848992 0.5
2232107 214532906 1
2232107 214827035 1
2232107 214845502 1
2232107 214836506 0.5
2232107 214831955 0.5
2232107 214514261 0.5
4385542 214829878 1
4385542 214838096 1
4385542 214838098 1
4385542 214848729 0.5
4385542 214839965 0.5
7471882 214850705 1
7471882 214677615 1
7471882 214651777 1
7471882 214832147 0.5
7471882 214850700 0.5
7471882 214561775 0.5
2622219 214829880 1
2622219 214829885 1
2622219 214831950 1
2622219 214829882 0.5
10139729 214846432 1
10139729 214821313 1
10139729 214853340 1
10139729 214850947 0.5
7387918 214850315 1
7387918 214849247 1
7387918 214849093 1
7387918 214820377 0.5
7387918 214826610 0.5
7387918 214850810 0.5
7387918 214849102 0.5
7387918 214840775 0.5
7693074 214835126 1
7693074 214748336 1
7693074 214851279 1
7693074 214716984 0.5
7693074 214548103 0.5
9335394 214853420 1
9335394 214851122 1
9335394 214851099 1
9335394 214696897 0.5
9335394 214851075 0.5
9335394 214853381 0.5
9335394 214849734 0.5
9335394 214849031 0.5
9335394 214581611 0.5
9335394 214574672 0.5
9335394 214848658 0.5
9335394 214846067 0.5
9335394 214851159 0.5
9335394 214853657 0.5
9335394 214851290 0.5
9335394 214853147 0.5
9335394 214853767 0.5
9335394 214840378 0.5
8301334 214851028 1
8301334 214851287 1
8301334 214849001 1
8301334 214839600 0.5
8301334 214714779 0.5
8301334 214849252 0.5
2461824 214831946 1
2461824 214829887 1
2461824 214829878 1
2461824 214829880 0.5
3132184 214674583 1
3132184 214717097 1
3132184 214845969 1
3132184 214539050 0.5
10785562 214853102 1
10785562 214854819 1
10785562 214854857 1
10785562 214848658 0.5
6697757 214848849 1
6697757 214850615 1
6697757 214849292 1
6697757 214851009 0.5
6697757 214696899 0.5
6697757 214706214 0.5
6697757 214696897 0.5
6697757 214848941 0.5
6697757 214574672 0.5
6697757 214848945 0.5
6697757 214848658 0.5
6697757 214848947 0.5
6697757 214698420 0.5
6697757 214849046 0.5
6697757 214848952 0.5
6697757 214848954 0.5
6697757 214849020 0.5
6697757 214848986 0.5
6697757 214849022 0.5
8532784 214850713 1
8532784 214850709 1
8532784 214850711 1
8532784 214850700 0.5
8532784 214845885 0.5
4301602 214601021 1
4301602 214601012 1
4301602 214601010 1
4301602 214601019 0.5
4033317 214685747 1
4033317 214842480 1
4033317 214832747 1
4033317 214836932 0.5
4033317 214836924 0.5
1321766 214834880 1
1321766 214834877 1
1321766 214826610 1
1321766 214821410 0.5
4156199 214832015 1
4156199 214839347 1
4156199 214845129 1
4156199 214820938 0.5
4156199 214838102 0.5
4156199 214829102 0.5
2532676 214829878 1
2532676 214829887 1
2532676 214554371 1
2532676 214829880 0.5
2532676 214835124 0.5
2532676 214819430 0.5
2532676 214831959 0.5
594734 214586711 1
594734 214821315 1
594734 214821305 1
594734 214531134 0.5
598152 214753507 1
598152 214837485 1
598152 214839386 1
598152 214837442 0.5
598152 214837483 0.5
598152 214837490 0.5
598152 214837487 0.5
9945909 214849455 1
9945909 214854354 1
9945909 214849462 1
9945909 214853435 0.5
9945909 214849363 0.5
9945909 214853132 0.5
7498551 214851080 1
7498551 214716746 1
7498551 214851161 1
7498551 214851234 0.5
7694209 214677615 1
7694209 214821017 1
7694209 214651777 1
7694209 214718165 0.5
7009083 214851009 1
7009083 214696897 1
7009083 214667857 1
7009083 214849738 0.5
7009083 214684108 0.5
7009083 214848757 0.5
5094208 214836879 1
5094208 214838102 1
5094208 214840082 1
5094208 214642672 0.5
5094208 214836956 0.5
5094208 214845356 0.5
5466948 214845583 1
5466948 214844398 1
5466948 214844402 1
5466948 214543922 0.5
5466948 214832555 0.5
5466948 214555492 0.5
6177607 214846460 1
6177607 214846466 1
6177607 214850872 1
6177607 214846472 0.5
2435501 214834877 1
2435501 214826610 1
2435501 214821410 1
2435501 214821412 0.5
7777944 214853177 1
7777944 214853175 1
7777944 214853758 1
7777944 214714794 0.5
9263947 214846119 1
9263947 214845962 1
9263947 214645972 1
9263947 214851585 0.5
9263947 214853090 0.5
9263947 214853094 0.5
9263947 214853128 0.5
9263947 214846312 0.5
9263947 214676306 0.5
9263947 214853075 0.5
9263947 214852987 0.5
9263947 214851101 0.5
7145838 214531659 1
7145838 214743335 1
7145838 214836330 1
7145838 214819760 0.5
7145838 214844413 0.5
7145838 214832023 0.5
9646709 214829730 1
9646709 214851744 1
9646709 214853263 1
9646709 214850945 0.5
9646709 214850949 0.5
9646709 214819400 0.5
9646709 214850282 0.5
9646709 214853420 0.5
9646709 214639149 0.5
9646709 214673295 0.5
9646709 214684730 0.5
9646709 214846031 0.5
9646709 214706428 0.5
9646709 214850942 0.5
9646709 214711295 0.5
5075793 214684702 1
5075793 214844349 1
5075793 214714757 1
5075793 214743515 0.5
5075793 214845502 0.5
5075793 214676567 0.5
4535122 214832143 1
4535122 214829790 1
4535122 214826945 1
4535122 214632146 0.5
4535122 214838107 0.5
793059 214821277 1
793059 214821292 1
793059 214536502 1
793059 214743497 0.5
793059 214583947 0.5
793059 214821285 0.5
793059 214554350 0.5
793059 214548103 0.5
4311896 214836857 1
4311896 214836855 1
4311896 214839962 1
4311896 214602598 0.5
10040154 214853713 1
10040154 214851281 1
10040154 214837288 1
10040154 214853702 0.5
10040154 214854152 0.5
10040154 214853994 0.5
10040154 214853722 0.5
10040154 214853852 0.5
10040154 214849322 0.5
5472058 214826949 1
5472058 214835473 1
5472058 214844370 1
5472058 214691540 0.5
11004767 214700002 1
11004767 214850315 1
11004767 214850942 1
11004767 214831948 0.5
11004767 214838102 0.5
11004767 214540183 0.5
8937616 214852978 1
8937616 214853077 1
8937616 214852980 1
8937616 214716080 0.5
8937616 214559960 0.5
8937616 214832747 0.5
8937616 214844347 0.5
10279778 214854536 1
10279778 214854354 1
10279778 214854352 1
10279778 214853113 0.5
10279778 214854510 0.5
10279778 214567327 0.5
3384163 214836875 1
3384163 214832124 1
3384163 214842577 1
3384163 214832115 0.5
3384163 214836851 0.5
3384163 214836847 0.5
7906149 214844439 1
7906149 214848298 1
7906149 214717507 1
7906149 214848305 0.5
7906149 214826829 0.5
9413436 214853417 1
9413436 214716714 1
9413436 214716746 1
9413436 214716671 0.5
8465259 214845962 1
8465259 214853128 1
8465259 214853165 1
8465259 214536193 0.5
8465259 214846119 0.5
10308461 214567329 1
10308461 214567215 1
10308461 214854358 1
10308461 214684785 0.5
10308461 214849076 0.5
10308461 214851317 0.5
10308461 214854264 0.5
10308461 214851290 0.5
10308461 214853210 0.5
10244974 214687685 1
10244974 214854536 1
10244974 214854352 1
10244974 214850792 0.5
10244974 214853113 0.5
10244974 214853852 0.5
10244974 214819599 0.5
9128817 214853265 1
9128817 214850947 1
9128817 214717007 1
9128817 214716928 0.5
9128817 214551493 0.5
9128817 214844398 0.5
9128817 214509013 0.5
9128817 214853366 0.5
9128817 214853402 0.5
4557688 214839956 1
4557688 214839977 1
4557688 214845133 1
4557688 214839980 0.5
5491578 214844400 1
5491578 214844402 1
5491578 214845583 1
5491578 214845585 0.5
9171837 214851326 1
9171837 214853094 1
9171837 214853248 1
9171837 214853090 0.5
125827 214820396 1
125827 214820392 1
125827 214725532 1
125827 214748336 0.5
125827 214706102 0.5
11129733 214852982 1
11129733 214853102 1
11129733 214832070 1
11129733 214854352 0.5
4804417 214829765 1
4804417 214834880 1
4804417 214838227 1
4804417 214839971 0.5
4804417 214602598 0.5
4804417 214718385 0.5
4804417 214743369 0.5
4804417 214819562 0.5
4804417 214820400 0.5
4804417 214601233 0.5
4804417 214586743 0.5
4804417 214826619 0.5
4804417 214834877 0.5
6388619 214848695 1
6388619 214848622 1
6388619 214848950 1
6388619 214844372 0.5
6388619 214849076 0.5
10208066 214567333 1
10208066 214684762 1
10208066 214854300 1
10208066 214854547 0.5
10208066 214854262 0.5
10208066 214567327 0.5
5655438 214835428 1
5655438 214835070 1
5655438 214585676 1
5655438 214748336 0.5
5655438 214835473 0.5
5655438 214835064 0.5
8156051 214851101 1
8156051 214851099 1
8156051 214564380 1
8156051 214851313 0.5
8156051 214552522 0.5
8156051 214844347 0.5
8156051 214851133 0.5
10539643 214556218 1
10539643 214854065 1
10539643 214853996 1
10539643 214854579 0.5
10539643 214567333 0.5
11144091 214854782 1
11144091 214854823 1
11144091 214854767 1
11144091 214854731 0.5
11085844 214853698 1
11085844 214853702 1
11085844 214853767 1
11085844 214853096 0.5
11085844 214853105 0.5
11085844 214853722 0.5
11085844 214853077 0.5
11085844 214853085 0.5
2347938 214829878 1
2347938 214686082 1
2347938 643078800 1
2347938 214829090 0.5
2261147 214829887 1
2261147 214829885 1
2261147 214829878 1
2261147 214829880 0.5
2261147 214711318 0.5
9460646 214851585 1
9460646 214853385 1
9460646 214853383 1
9460646 214851232 0.5
9460646 214835109 0.5
9460646 214850726 0.5
9460646 214854152 0.5
9460646 214848337 0.5
9460646 214556025 0.5
9460646 214851290 0.5
9460646 214853852 0.5
9460646 214561402 0.5
3563048 214716928 1
3563048 214643925 1
3563048 214716926 1
3563048 214645708 0.5
3563048 214743350 0.5
10900394 214854497 1
10900394 214854823 1
10900394 214854542 1
10900394 214686864 0.5
10900394 214686879 0.5
8844209 214853077 1
8844209 214852980 1
8844209 214853090 1
8844209 214853096 0.5
8844209 214853094 0.5
8297053 214852978 1
8297053 214853094 1
8297053 214853105 1
8297053 214851080 0.5
8297053 214853210 0.5
8297053 214851236 0.5
5092288 214553587 1
5092288 214821017 1
5092288 214821022 1
5092288 214553257 0.5
5092288 214571188 0.5
5092288 214549277 0.5
7648193 214561775 1
7648193 214821020 1
7648193 214850709 1
7648193 214850771 0.5
7648193 214850765 0.5
9547352 214853420 1
9547352 214853422 1
9547352 214850947 1
9547352 214853428 0.5
9547352 214850949 0.5
2634697 214826623 1
2634697 214831965 1
2634697 214821407 1
2634697 214716752 0.5
2634697 214687565 0.5
2634697 214828982 0.5
2634697 214738455 0.5
4205514 214829765 1
4205514 214835167 1
4205514 214836924 1
4205514 214835012 0.5
9475019 214853342 1
9475019 214850947 1
9475019 214853340 1
9475019 214831955 0.5
10294224 214684762 1
10294224 214854264 1
10294224 214854268 1
10294224 214854354 0.5
10294224 214567327 0.5
10294224 214567215 0.5
5755384 214846001 1
5755384 214845986 1
5755384 214848997 1
5755384 214845917 0.5
10509266 214853730 1
10509266 214853700 1
10509266 214853722 1
10509266 214853353 0.5
6233113 214846530 1
6233113 214848808 1
6233113 214714794 1
6233113 214848832 0.5
6233113 214844400 0.5
6233113 214667970 0.5
6233113 214558192 0.5
6233113 214848695 0.5
2229753 214748295 1
2229753 214748338 1
2229753 214748297 1
2229753 214748300 0.5
10169307 214854172 1
10169307 214853992 1
10169307 214854118 1
10169307 214854146 0.5
10169307 214557223 0.5
10169307 214850760 0.5
10169307 214853707 0.5
10169307 214853996 0.5
10169307 214854152 0.5
10169307 214854547 0.5
10169307 214854165 0.5
10169307 214684785 0.5
10509593 214853353 1
10509593 214853767 1
10509593 214850743 1
10509593 214853700 0.5
10509593 214853702 0.5
10509593 214854855 0.5
10509593 214853713 0.5
10509593 214853430 0.5
10509593 214853722 0.5
5393373 214846029 1
5393373 214676377 1
5393373 214845984 1
5393373 214839617 0.5
1276894 214821309 1
1276894 214821305 1
1276894 214821302 1
1276894 214821307 0.5
5936098 214845885 1
5936098 214849252 1
5936098 214846067 1
5936098 214838137 0.5
5936098 214846127 0.5
7943139 214712237 1
7943139 214849809 1
7943139 214684715 1
7943139 214850762 0.5
7943139 214700002 0.5
7943139 214849363 0.5
7943139 214850405 0.5
3799206 214836924 1
3799206 214836932 1
3799206 214829765 1
3799206 214836870 0.5
3799206 214582378 0.5
3799206 214829771 0.5
3799206 214829773 0.5
3799206 214582382 0.5
3799206 214838227 0.5
10259431 214853342 1
10259431 214853102 1
10259431 214850739 1
10259431 214580424 0.5
10259431 214714755 0.5
10259431 214853996 0.5
10259431 214819599 0.5
10111484 214853767 1
10111484 214853700 1
10111484 214853722 1
10111484 214853707 0.5
9612268 214854017 1
9612268 214853852 1
9612268 214853992 1
9612268 214579875 0.5
9612268 214854148 0.5
9612268 214850405 0.5
9612268 214850760 0.5
9612268 214853994 0.5
9612268 214850792 0.5
9612268 214849363 0.5
9612268 214854165 0.5
9612268 214556057 0.5
9612268 214853435 0.5
9612268 214854172 0.5
3671021 214848727 1
3671021 214838102 1
3671021 214540127 1
3671021 214540125 0.5
3671021 214746382 0.5
6436746 214829390 1
6436746 214846535 1
6436746 214602600 1
6436746 214848328 0.5
6436746 214835017 0.5
6436746 214832792 0.5
6765554 214850357 1
6765554 214834873 1
6765554 214849286 1
6765554 214512152 0.5
6765554 214848958 0.5
6765554 214748310 0.5
6765554 214838094 0.5
6765554 214848701 0.5
10220531 214853730 1
10220531 214853713 1
10220531 214665277 1
10220531 214853707 0.5
10220531 214853711 0.5
2104309 214829865 1
2104309 214829846 1
2104309 214829861 1
2104309 214680422 0.5
9779369 214854172 1
9779369 214853992 1
9779369 214567333 1
9779369 214853996 0.5
10294269 214854313 1
10294269 214854080 1
10294269 214854257 1
10294269 214854343 0.5
10898434 214855151 1
10898434 214855153 1
10898434 214854802 1
10898434 214854720 0.5
10898434 214837873 0.5
10898434 214849468 0.5
10898434 214709685 0.5
9683971 214854148 1
9683971 214850945 1
9683971 214853420 1
9683971 214554675 0.5
9683971 214853132 0.5
9683971 214853422 0.5
9683971 214849363 0.5
9683971 214853210 0.5
9683971 214853147 0.5
9683971 214853852 0.5
975878 214753513 1
975878 214587697 1
975878 214641590 1
975878 214668281 0.5
8520713 214851581 1
8520713 214851099 1
8520713 214753515 1
8520713 214851236 0.5
8520713 214851077 0.5
8520713 214716110 0.5
6114316 214847255 1
6114316 214829887 1
6114316 214847261 1
6114316 214837494 0.5
5267192 214826833 1
5267192 214837286 1
5267192 214832156 1
5267192 214836956 0.5
148496 214826700 1
148496 214826801 1
148496 214826608 1
148496 214826702 0.5
9384792 214853702 1
9384792 214853700 1
9384792 214853730 1
9384792 214853698 0.5
9384792 214853707 0.5
9384792 214850942 0.5
9384792 214853454 0.5
9384792 214853767 0.5
10079251 214853992 1
10079251 214854300 1
10079251 214850741 1
10079251 214854172 0.5
10079251 214853413 0.5
10079251 214854549 0.5
3227461 214828995 1
3227461 214684841 1
3227461 214716746 1
3227461 214826912 0.5
3227461 214556055 0.5
3227461 214684942 0.5
3227461 214662759 0.5
5176343 214829878 1
5176343 214829887 1
5176343 214836956 1
5176343 214845356 0.5
11144216 214853460 1
11144216 214835004 1
11144216 214854787 1
11144216 214849809 0.5
11144216 214854797 0.5
9125039 214852978 1
9125039 214852987 1
9125039 214853077 1
9125039 214853096 0.5
9125039 214851748 0.5
9125039 214850405 0.5
9125039 214851101 0.5
9980738 214853767 1
9980738 214853698 1
9980738 214853722 1
9980738 214854152 0.5
4422658 214845131 1
4422658 214602733 1
4422658 214839973 1
4422658 214839600 0.5
4422658 214839975 0.5
4422658 214826951 0.5
7734313 214850756 1
7734313 214675895 1
7734313 214850743 1
7734313 214850754 0.5
4903978 214829878 1
4903978 214831948 1
4903978 214838102 1
4903978 214550072 0.5
1700563 214826610 1
1700563 214834880 1
1700563 214829366 1
1700563 214833755 0.5
10112052 214853698 1
10112052 214853713 1
10112052 214853730 1
10112052 214853767 0.5
3631643 214838227 1
3631643 214835109 1
3631643 214826990 1
3631643 214838111 0.5
8205334 214848380 1
8205334 214848337 1
8205334 214851585 1
8205334 214849312 0.5
8205334 214833755 0.5
8205334 214832747 0.5
8205334 214836932 0.5
8205334 214835109 0.5
8205334 214848682 0.5
8205334 214829387 0.5
8205334 214667857 0.5
8205334 214829366 0.5
8205334 214850743 0.5
8205334 214848377 0.5
8205334 214844347 0.5
8205334 214821015 0.5
3313503 214835019 1
3313503 214839617 1
3313503 214838137 1
3313503 214668281 0.5
3313503 214833755 0.5
3313503 214826612 0.5
3313503 214821401 0.5
9614398 214852980 1
9614398 214581611 1
9614398 214846119 1
9614398 214853225 0.5
9614398 214852978 0.5
1808407 214834869 1
1808407 214821395 1
1808407 214712126 1
1808407 214821294 0.5
1808407 214811758 0.5
8629511 214853085 1
8629511 214853094 1
8629511 214853096 1
8629511 214852978 0.5
9792578 214714721 1
9792578 214717867 1
9792578 214850771 1
9792578 214718216 0.5
7164996 214849766 1
7164996 214849775 1
7164996 214849753 1
7164996 214849747 0.5
7164996 214849132 0.5
8535112 214564380 1
8535112 214844342 1
8535112 214851232 1
8535112 214851290 0.5
8535112 214712124 0.5
6339659 214848656 1
6339659 214846530 1
6339659 214848622 1
6339659 214839973 0.5
6339659 214839975 0.5
6339659 214845131 0.5
6339659 214684108 0.5
6339659 214846477 0.5
6339659 214710097 0.5
6339659 214849333 0.5
6339659 214848950 0.5
6339659 214849239 0.5
6339659 214829765 0.5
9643874 214850949 1
9643874 214850945 1
9643874 214850942 1
9643874 214853420 0.5
2946127 214829878 1
2946127 214684730 1
2946127 214829887 1
2946127 214684736 0.5
2946127 214559726 0.5
2946127 214711408 0.5
2946127 214718390 0.5
2946127 214829880 0.5
2946127 214718396 0.5
7457877 214850743 1
7457877 214850771 1
7457877 214676375 1
7457877 214821022 0.5
9590628 214853460 1
9590628 214853454 1
9590628 214853422 1
9590628 214853428 0.5
10654223 214854579 1
10654223 214854300 1
10654223 214854585 1
10654223 214854547 0.5
10654223 214854534 0.5
9905244 214854146 1
9905244 214854172 1
9905244 214853992 1
9905244 214853865 0.5
9905244 214854165 0.5
2042042 214829657 1
2042042 214826805 1
2042042 214829385 1
2042042 214554296 0.5
2042042 214835002 0.5
3728478 214836947 1
3728478 214684736 1
3728478 214831948 1
3728478 214831944 0.5
3728478 214716909 0.5
3728478 214832015 0.5
3728478 214838227 0.5
3728478 214829878 0.5
3728478 214738457 0.5
3728478 214838105 0.5
3728478 214829882 0.5
3728478 214580287 0.5
3728478 214829887 0.5
8492128 214850938 1
8492128 214851317 1
8492128 214743339 1
8492128 214851234 0.5
8492128 214851587 0.5
8492128 214851080 0.5
8492128 214850792 0.5
8492128 214716746 0.5
8492128 214851315 0.5
8492128 214561485 0.5
8492128 214851313 0.5
8492128 214848851 0.5
8492128 214850743 0.5
8492128 214851097 0.5
8492128 214853242 0.5
8492128 214853210 0.5
10804322 214854787 1
10804322 214854782 1
10804322 214854793 1
10804322 214854853 0.5
3744867 214831946 1
3744867 214829887 1
3744867 214709970 1
3744867 214819400 0.5
3744867 214838105 0.5
3744867 214717511 0.5
7455934 214845422 1
7455934 214850353 1
7455934 214849001 1
7455934 214601233 0.5
7455934 214845135 0.5
5745783 214835019 1
5745783 214845491 1
5745783 214849001 1
5745783 214848997 0.5
5745783 214846007 0.5
9145467 214853094 1
9145467 214853105 1
9145467 214853248 1
9145467 214852978 0.5
9145467 214853077 0.5
9145467 214853085 0.5
6849661 214846466 1
6849661 214844398 1
6849661 214845917 1
6849661 214846112 0.5
6849661 214839969 0.5
6849661 214850402 0.5
6849661 214845412 0.5
6849661 214746382 0.5
6849661 214846479 0.5
6849661 214668281 0.5
6849661 214846427 0.5
6849661 214845885 0.5
3268932 214835017 1
3268932 214835019 1
3268932 214835747 1
3268932 214587712 0.5
2133144 214826610 1
2133144 214834880 1
2133144 214829366 1
2133144 214821410 0.5
2133144 214833755 0.5
1541274 214834877 1
1541274 214834880 1
1541274 214826610 1
1541274 214829368 0.5
1541274 214829387 0.5
1541274 214826589 0.5
1541274 214695167 0.5
7298927 214850282 1
7298927 214850291 1
7298927 214850315 1
7298927 214849136 0.5
5340318 214826990 1
5340318 214844370 1
5340318 214829387 1
5340318 214835109 0.5
5340318 214821015 0.5
5340318 214838227 0.5
5340318 214844345 0.5
5340318 214556025 0.5
5340318 214834877 0.5
7277733 214849228 1
7277733 214849286 1
7277733 214849322 1
7277733 214849185 0.5
5122247 214832156 1
5122247 214836956 1
5122247 214838092 1
5122247 214837280 0.5
5122247 214850402 0.5
5122247 214845131 0.5
9968812 214854262 1
9968812 214684785 1
9968812 214854172 1
9968812 214854577 0.5
9968812 214567327 0.5
10331311 214687970 1
10331311 214853340 1
10331311 214853730 1
10331311 214717867 0.5
658608 214837490 1
658608 214837487 1
658608 214837485 1
658608 214569707 0.5
658608 214826619 0.5
8731826 214852980 1
8731826 214567404 1
8731826 214853077 1
8731826 214853090 0.5
8731826 214853190 0.5
2421941 214829880 1
2421941 214829887 1
2421941 214831948 1
2421941 214829882 0.5
9674612 214850949 1
9674612 214850711 1
9674612 214850947 1
9674612 214853420 0.5
8498362 214851590 1
8498362 214851017 1
8498362 214851238 1
8498362 214712240 0.5
8498362 214851242 0.5
8498362 214851326 0.5
9096382 214851077 1
9096382 214846067 1
9096382 214851122 1
9096382 214716110 0.5
9096382 214849031 0.5
8430784 214853186 1
8430784 214850760 1
8430784 214853242 1
8430784 214564387 0.5
8430784 214850692 0.5
8430784 214554675 0.5
8430784 214850936 0.5
8430784 214573305 0.5
8430784 214850938 0.5
492743 214826702 1
492743 214826955 1
492743 214826627 1
492743 214835561 0.5
827732 214820396 1
827732 214819376 1
827732 214586694 1
827732 214820392 0.5
827732 214725532 0.5
827732 214800268 0.5
4189048 214706452 1
4189048 214832143 1
4189048 214826942 1
4189048 214829792 0.5
10769563 214853767 1
10769563 214854585 1
10769563 214851122 1
10769563 214854298 0.5
8487451 214851097 1
8487451 214853135 1
8487451 214853188 1
8487451 214716714 0.5
8487451 214684942 0.5
1877207 214820400 1
1877207 214826872 1
1877207 214826837 1
1877207 214819376 0.5
1877207 214819430 0.5
6286928 214846427 1
6286928 214846479 1
6286928 214848330 1
6286928 214821410 0.5
6286928 214846535 0.5
6286928 214848328 0.5
6286928 214846412 0.5
6286928 214844398 0.5
6286928 214848656 0.5
6286928 214846417 0.5
6286928 214848695 0.5
6286928 214849275 0.5
6286928 214712126 0.5
7001306 214846007 1
7001306 214846065 1
7001306 214849252 1
7001306 214849745 0.5
3085007 214835019 1
3085007 214835132 1
3085007 214553732 1
3085007 214835745 0.5
3085007 214600492 0.5
8970107 214820396 1
8970107 214743495 1
8970107 214848682 1
8970107 214853248 0.5
8970107 214851236 0.5
8970107 214586694 0.5
8970107 214829850 0.5
8970107 214853085 0.5
8970107 214748336 0.5
8970107 214718385 0.5
8970107 214586743 0.5
8970107 214717562 0.5
8970107 214577450 0.5
8970107 214846333 0.5
8970107 214851326 0.5
8970107 214838111 0.5
10347674 214687475 1
10347674 214850422 1
10347674 214687845 1
10347674 214748259 0.5
8236264 214853085 1
8236264 214853096 1
8236264 214853105 1
8236264 214853248 0.5
8236264 214853090 0.5
8236264 214851326 0.5
8236264 214853094 0.5
9526509 214853420 1
9526509 214850942 1
9526509 214850945 1
9526509 214850949 0.5
4347119 214832780 1
4347119 214601233 1
4347119 214832145 1
4347119 214838225 0.5
4347119 214839973 0.5
9096434 214853135 1
9096434 214851748 1
9096434 214852980 1
9096434 214853184 0.5
9096434 214684942 0.5
9096434 214853233 0.5
9096434 214853077 0.5
9096434 214556057 0.5
9096434 214853085 0.5
10788393 214854804 1
10788393 214743821 1
10788393 214854789 1
10788393 214849132 0.5
10788393 214744050 0.5
10788393 214744044 0.5
6364408 214829672 1
6364408 214847649 1
6364408 214839322 1
6364408 214842553 0.5
6364408 214842476 0.5
9362681 214853460 1
9362681 214853428 1
9362681 214853420 1
9362681 214850949 0.5
9362681 214849046 0.5
9369471 214695476 1
9369471 214774685 1
9369471 214700876 1
9369471 214853861 0.5
9369471 214853767 0.5
9369471 214581611 0.5
9369471 214718220 0.5
9369471 214717061 0.5
9369471 214712278 0.5
9369471 214695478 0.5
9369471 214718169 0.5
9369471 214828989 0.5
9369471 214829317 0.5
9874688 214854262 1
9874688 214854358 1
9874688 214854510 1
9874688 214851748 0.5
9874688 214567333 0.5
9874688 214850790 0.5
9874688 214853992 0.5
9874688 214853865 0.5
9874688 214853996 0.5
9874688 214684785 0.5
9874688 214854165 0.5
9874688 214854549 0.5
9874688 214851097 0.5
9874688 214567327 0.5
9874688 214854172 0.5
9874688 214850405 0.5
8518913 214851161 1
8518913 214716671 1
8518913 214851080 1
8518913 214851234 0.5
8518913 214716746 0.5
8518913 214716654 0.5
8518913 214851317 0.5
8518913 214851575 0.5
8518913 214685049 0.5
8518913 214851163 0.5
5647619 214845962 1
5647619 214846119 1
5647619 214821382 1
5647619 214819640 0.5
5647619 214846117 0.5
10149127 214716926 1
10149127 214844439 1
10149127 214533020 1
10149127 214844456 0.5
10149127 214849389 0.5
9893136 214854300 1
9893136 214854354 1
9893136 214854579 1
9893136 214854585 0.5
3258926 214820265 1
3258926 214829079 1
3258926 214832717 1
3258926 214820259 0.5
9009369 214853128 1
9009369 214853115 1
9009369 214853165 1
9009369 214851742 0.5
9009369 214853087 0.5
11271417 214854332 1
11271417 214857549 1
11271417 214857568 1
11271417 214857257 0.5
3396892 214716110 1
3396892 214829852 1
3396892 214829850 1
3396892 214712130 0.5
3396892 214819721 0.5
3396892 214753515 0.5
3396892 214601233 0.5
3396892 214586743 0.5
3396892 214828985 0.5
3396892 214553565 0.5
7578842 214850938 1
7578842 214850700 1
7578842 214849363 1
7578842 214564387 0.5
7578842 214850726 0.5
7578842 214850792 0.5
7578842 214849395 0.5
7578842 214850619 0.5
7578842 214850940 0.5
3925278 214836932 1
3925278 214835109 1
3925278 214826990 1
3925278 214826938 0.5
3925278 214838227 0.5
3925278 214829852 0.5
10024837 214853096 1
10024837 214853105 1
10024837 214853094 1
10024837 214852978 0.5
3866463 214835167 1
3866463 214829765 1
3866463 214595150 1
3866463 214836795 0.5
3866463 214836924 0.5
3866463 214708029 0.5
3866463 214560622 0.5
8401116 214851097 1
8401116 214851028 1
8401116 214716654 1
8401116 214579875 0.5
8401116 214850790 0.5
8366352 214850304 1
8366352 214850366 1
8366352 214851101 1
8366352 214820456 0.5
8366352 214850754 0.5
8366352 214850938 0.5
8366352 214850743 0.5
9178416 214853160 1
9178416 214851737 1
9178416 214820443 1
9178416 214853128 0.5
9178416 214853130 0.5
4124552 214839995 1
4124552 214839999 1
4124552 214717003 1
4124552 214839395 0.5
4124552 214827062 0.5
5272882 214844347 1
5272882 214844402 1
5272882 214844345 1
5272882 214832150 0.5
7696606 214850938 1
7696606 214850940 1
7696606 214849408 1
7696606 214744779 0.5
7696606 214853758 0.5
4771127 214602598 1
4771127 214839965 1
4771127 214820392 1
4771127 214836512 0.5
4771127 214835109 0.5
4771127 214838227 0.5
4771127 214587317 0.5
4771127 214836857 0.5
4771127 214573277 0.5
9035316 214853105 1
9035316 214853248 1
9035316 214853162 1
9035316 214851748 0.5
5098813 214837286 1
5098813 214837288 1
5098813 214845508 1
5098813 214700000 0.5
5098813 214845579 0.5
5098813 214838092 0.5
5098813 214676567 0.5
5098813 214743515 0.5
5098813 214836956 0.5
9291073 214853657 1
9291073 214846014 1
9291073 214700000 1
9291073 214850945 0.5
9291073 214831946 0.5
9291073 214680371 0.5
9291073 214717511 0.5
4353348 214839956 1
4353348 214836887 1
4353348 214836883 1
4353348 214829327 0.5
5336482 214844370 1
5336482 214844355 1
5336482 214844342 1
5336482 214844345 0.5
5336482 214844340 0.5
9837897 214850945 1
9837897 214850947 1
9837897 214853400 1
9837897 214850711 0.5
11111991 214853100 1
11111991 214864880 1
11111991 214854838 1
11111991 214854840 0.5
11111991 214639483 0.5
11111991 214853102 0.5
4901306 214840091 1
4901306 214840082 1
4901306 214848324 1
4901306 214826818 0.5
4901306 214848746 0.5
4901306 214554950 0.5
5885837 214850870 1
5885837 214845980 1
5885837 214850876 1
5885837 214850880 0.5
5885837 214846472 0.5
5885837 214837483 0.5
5885837 214850872 0.5
4841016 214831970 1
4841016 214554131 1
4841016 214839598 1
4841016 214828991 0.5
8105299 214685049 1
8105299 214851080 1
8105299 214851161 1
8105299 214851587 0.5
10149209 214854549 1
10149209 214854495 1
10149209 214854545 1
10149209 214684502 0.5
10149209 214837494 0.5
3670927 214836932 1
3670927 214835109 1
3670927 214838227 1
3670927 214836924 0.5
10642781 214567333 1
10642781 214854358 1
10642781 214854174 1
10642781 214854549 0.5
10642781 214854545 0.5
10642781 214567327 0.5
10642781 214850741 0.5
10642781 214684785 0.5
10155358 214853994 1
10155358 214853852 1
10155358 214848165 1
10155358 214849363 0.5
7578979 214714663 1
7578979 214827026 1
7578979 214849408 1
7578979 214844372 0.5
4649284 214839973 1
4649284 214839971 1
4649284 214839600 1
4649284 214602598 0.5
4649284 214839975 0.5
4649284 214829385 0.5
4649284 214845131 0.5
4649284 214748336 0.5
4649284 214836857 0.5
4445542 214839590 1
4445542 214839969 1
4445542 214602733 1
4445542 214836857 0.5
4445542 214602598 0.5
4846232 214836512 1
4846232 214831970 1
4846232 214839937 1
4846232 214835130 0.5
4846232 214645595 0.5
2318567 214829878 1
2318567 214829887 1
2318567 214826979 1
2318567 214553604 0.5
10964332 214854836 1
10964332 214854767 1
10964332 214854699 1
10964332 214854347 0.5
10964332 214854716 0.5
10964332 214851757 0.5
197677 214826955 1
197677 214826623 1
197677 214826606 1
197677 214709741 0.5
5218332 214684715 1
5218332 214711312 1
5218332 214831944 1
5218332 214838096 0.5
11486578 214853102 1
11486578 214853100 1
11486578 214684717 1
11486578 214854840 0.5
11486578 214854782 0.5
7632243 214832147 1
7632243 214851317 1
7632243 214851587 1
7632243 214574672 0.5
7632243 214851097 0.5
7632243 214850754 0.5
7632243 214554675 0.5
5795194 214846033 1
5795194 214846014 1
5795194 214846029 1
5795194 214846007 0.5
5795194 214848300 0.5
5795194 214829797 0.5
5795194 214845135 0.5
4134268 214839594 1
4134268 214826945 1
4134268 214838098 1
4134268 214838107 0.5
4134268 214832012 0.5
2973142 214831950 1
2973142 214826927 1
2973142 214829882 1
2973142 214831959 0.5
8982507 214853227 1
8982507 214853195 1
8982507 214850615 1
8982507 214853233 0.5
8982507 214851748 0.5
8982507 214853135 0.5
10802563 214854791 1
10802563 214853100 1
10802563 214854785 1
10802563 214709685 0.5
1754243 214821279 1
1754243 214826715 1
1754243 214559726 1
1754243 214829666 0.5
1754243 214717511 0.5
1754243 214705993 0.5
1754243 214838831 0.5
1754243 214829657 0.5
1754243 214673295 0.5
1754243 214584092 0.5
10651201 214854352 1
10651201 214687475 1
10651201 214850754 1
10651201 214718220 0.5
10651201 214712675 0.5
10651201 214850756 0.5
10651201 214851326 0.5
10651201 214854547 0.5
7310731 214835109 1
7310731 214665277 1
7310731 214844347 1
7310731 214849312 0.5
7310731 214829387 0.5
7310731 214848380 0.5
7310731 214844342 0.5
7310731 214829366 0.5
6976908 214641412 1
6976908 214849312 1
6976908 214845133 1
6976908 214835167 0.5
6999437 214848371 1
6999437 214832604 1
6999437 214716707 1
6999437 214848613 0.5
6999437 214684942 0.5
6999437 214848375 0.5
10045127 214853865 1
10045127 214854165 1
10045127 214854146 1
10045127 214850760 0.5
10045127 214853413 0.5
10045127 214698446 0.5
7562641 214850771 1
7562641 214849136 1
7562641 214848322 1
7562641 214556840 0.5
7562641 214651777 0.5
7562641 214820345 0.5
7562641 214848613 0.5
7562641 214846389 0.5
4394387 214587317 1
4394387 214602598 1
4394387 214845129 1
4394387 214840310 0.5
5561748 214844342 1
5561748 214844345 1
5561748 214835473 1
5561748 214844400 0.5
5561748 214836857 0.5
5561748 214826949 0.5
5561748 214832150 0.5
9321877 214853342 1
9321877 214853321 1
9321877 214853325 1
9321877 214680371 0.5
9321877 214826987 0.5
9321877 214684717 0.5
9321877 214853077 0.5
5778838 214718162 1
5778838 214835109 1
5778838 214844340 1
5778838 214844345 0.5
5778838 214832150 0.5
6112671 214717087 1
6112671 214846470 1
6112671 214846127 1
6112671 214846367 0.5
8750229 214712235 1
8750229 214850945 1
8750229 214835190 1
8750229 214853210 0.5
8750229 214680371 0.5
8750229 214853242 0.5
8750229 214851750 0.5
2532769 214826908 1
2532769 214829878 1
2532769 214820392 1
2532769 214711408 0.5
2532769 214826955 0.5
8854946 214853135 1
8854946 214853233 1
8854946 214853195 1
8854946 214853227 0.5
8854946 214850870 0.5
11046307 214743367 1
11046307 214850945 1
11046307 214850949 1
11046307 214853090 0.5
11046307 214853100 0.5
11046307 214556218 0.5
11046307 214853094 0.5
3919268 214835167 1
3919268 214836947 1
3919268 214829765 1
3919268 214829762 0.5
3919268 214836924 0.5
6446501 214849076 1
6446501 214819627 1
6446501 214851009 1
6446501 214760897 0.5
6446501 214699044 0.5
6446501 214714790 0.5
6446501 214845577 0.5
6446501 214845579 0.5
6446501 214849070 0.5
6446501 214577518 0.5
2625239 214820220 1
2625239 214829880 1
2625239 214831946 1
2625239 214536193 0.5
2625239 214554973 0.5
6065583 214846065 1
6065583 214846312 1
6065583 214846318 1
6065583 214845984 0.5
6065583 214849010 0.5
5539249 214844347 1
5539249 214844342 1
5539249 214844345 1
5539249 214844340 0.5
5539249 214832150 0.5
4513203 214551607 1
4513203 214612738 1
4513203 214533020 1
4513203 214839592 0.5
2921911 214600492 1
2921911 214826565 1
2921911 214835747 1
2921911 214587712 0.5
3661242 214595150 1
3661242 214829773 1
3661242 214829769 1
3661242 214836795 0.5
4898238 214837280 1
4898238 214838092 1
4898238 214837288 1
4898238 214826820 0.5
8162751 214851236 1
8162751 214851122 1
8162751 214851133 1
8162751 214851581 0.5
8885696 214853233 1
8885696 214853195 1
8885696 214853227 1
8885696 214853130 0.5
8885696 214716714 0.5
8885696 214850743 0.5
10919361 214857830 1
10919361 214712237 1
10919361 214712235 1
10919361 214700000 0.5
10919361 214700002 0.5
10919361 214701787 0.5
11068869 214851232 1
11068869 214848380 1
11068869 214853383 1
11068869 214848176 0.5
11068869 214667857 0.5
11068869 214665277 0.5
4273609 214839587 1
4273609 214587697 1
4273609 214845131 1
4273609 214820400 0.5
4273609 214839971 0.5
4273609 214600492 0.5
398406 214691426 1
398406 214664919 1
398406 214821300 1
398406 214691683 0.5
398406 214691396 0.5
398406 214577387 0.5
2618842 214829880 1
2618842 214829885 1
2618842 214829887 1
2618842 214831946 0.5
2618842 214829878 0.5
720347 214821305 1
720347 214821309 1
720347 214821313 1
720347 214821302 0.5
720347 214829310 0.5
6407644 214848945 1
6407644 214849020 1
6407644 214851009 1
6407644 214849022 0.5
6407644 214848954 0.5
6407644 214848941 0.5
6407644 214849046 0.5
3300839 214835167 1
3300839 214835109 1
3300839 214829799 1
3300839 214838227 0.5
3300839 214829850 0.5
3300839 214832555 0.5
3300839 214826990 0.5
6811112 214848410 1
6811112 214849012 1
6811112 214848377 1
6811112 214846535 0.5
4550124 214835107 1
4550124 214651777 1
4550124 214838137 1
4550124 214838225 0.5
4550124 214832722 0.5
4550124 214832780 0.5
11170386 214853100 1
11170386 214854787 1
11170386 214854793 1
11170386 214864880 0.5
11170386 214853081 0.5
11170386 214853083 0.5
11170386 214712244 0.5
11170386 214710013 0.5
6339789 214848613 1
6339789 214848832 1
6339789 214848808 1
6339789 214829666 0.5
9627219 214850942 1
9627219 214850947 1
9627219 214853420 1
9627219 214850949 0.5
6732372 214848952 1
6732372 214849020 1
6732372 214851009 1
6732372 214848945 0.5
6732372 214848954 0.5
6732372 214849022 0.5
6732372 214849046 0.5
2303484 214829880 1
2303484 214829882 1
2303484 214829887 1
2303484 214829885 0.5
2303484 214831950 0.5
982527 214712235 1
982527 214629260 1
982527 214826715 1
982527 214695412 0.5
982527 214673295 0.5
6575617 214850786 1
6575617 214820377 1
6575617 214845422 1
6575617 214849046 0.5
9282363 214854146 1
9282363 214853992 1
9282363 214853865 1
9282363 214839962 0.5
9282363 214853715 0.5
9282363 214853190 0.5
3698187 214838225 1
3698187 214838111 1
3698187 214820452 1
3698187 214835475 0.5
9139724 214853169 1
9139724 214848926 1
9139724 214852987 1
9139724 214846117 0.5
9139724 214677830 0.5
9139724 214846125 0.5
9139724 214851159 0.5
9139724 214850332 0.5
9139724 214536189 0.5
4507149 214835469 1
4507149 214821320 1
4507149 214826951 1
4507149 214836330 0.5
7812696 214850790 1
7812696 214850936 1
7812696 214564387 1
7812696 214850848 0.5
7812696 214850720 0.5
7812696 214850405 0.5
7812696 214748295 0.5
7812696 214744779 0.5
7812696 214850743 0.5
7812696 214850938 0.5
7812696 214850621 0.5
2680339 214835019 1
2680339 214587712 1
2680339 214835017 1
2680339 214602802 0.5
2680339 214834867 0.5
2680339 214835132 0.5
2680339 214826565 0.5
4929641 214837288 1
4929641 214838092 1
4929641 214821328 1
4929641 214556861 0.5
28186 214827005 1
28186 214828987 1
28186 214508308 1
28186 214826912 0.5
28186 214558192 0.5
28186 214827007 0.5
28186 214826925 0.5
28186 214684845 0.5
2498076 214832563 1
2498076 214831967 1
2498076 214835111 1
2498076 214826947 0.5
7419426 214850285 1
7419426 214850282 1
7419426 214850304 1
7419426 214845577 0.5
7419426 214850315 0.5
7419426 214850287 0.5
7419426 214846033 0.5
7419426 214826835 0.5
7419426 214718398 0.5
7419426 214838107 0.5
7419426 214684734 0.5
4547238 214644431 1
4547238 214832012 1
4547238 214712235 1
4547238 214700000 0.5
4547238 214744258 0.5
4547238 214743515 0.5
4547238 214706452 0.5
4547238 214601210 0.5
4547238 214701787 0.5
2270762 214829880 1
2270762 214829882 1
2270762 214831948 1
2270762 214829878 0.5
10090027 214853722 1
10090027 214853767 1
10090027 214853702 1
10090027 214854152 0.5
10090027 214853713 0.5
10090027 214853698 0.5
10090027 214853700 0.5
10090027 214853730 0.5
3890733 214826951 1
3890733 214826623 1
3890733 214831965 1
3890733 214668185 0.5
3890733 214557009 0.5
3579438 214651419 1
3579438 214695399 1
3579438 214774674 1
3579438 214819412 0.5
6275678 214835473 1
6275678 214846412 1
6275678 214846014 1
6275678 214581536 0.5
6275678 214673295 0.5
6275678 214826949 0.5
6275678 214717511 0.5
6275678 214832012 0.5
6275678 214848941 0.5
6275678 214680718 0.5
6275678 214718255 0.5
6275678 214680720 0.5
6275678 214846419 0.5
6275678 214826998 0.5
6275678 214846007 0.5
6275678 214846425 0.5
6275678 214826715 0.5
6275678 214836956 0.5
8377911 214851163 1
8377911 214851161 1
8377911 214685049 1
8377911 214716746 0.5
8377911 214848851 0.5
8377911 214684942 0.5
3440184 214836795 1
3440184 214582350 1
3440184 214829771 1
3440184 214836924 0.5
3440184 214595150 0.5
11341369 214854785 1
11341369 214854823 1
11341369 214714755 1
11341369 214857568 0.5
11341369 214864880 0.5
11341369 214854210 0.5
11341369 214836515 0.5
3634198 214820261 1
3634198 214820231 1
3634198 214820233 1
3634198 214820263 0.5
7998304 214651777 1
7998304 214561775 1
7998304 214850754 1
7998304 214567408 0.5
7998304 214850555 0.5
7077438 214850282 1
7077438 214850295 1
7077438 214850304 1
7077438 214850291 0.5
7077438 214850285 0.5
7077438 214850287 0.5
11091521 214853085 1
11091521 214853105 1
11091521 214853096 1
11091521 214848315 0.5
11091521 214845947 0.5
10911301 214854797 1
10911301 214700000 1
10911301 214854791 1
10911301 214853321 0.5
10911301 214680371 0.5
10911301 214848977 0.5
5965384 214684717 1
5965384 214848975 1
5965384 214632146 1
5965384 214668219 0.5
5965384 214711307 0.5
5965384 214826893 0.5
5965384 214848977 0.5
5965384 214514291 0.5
5965384 214668667 0.5
5965384 214829790 0.5
1721933 214829387 1
1721933 214834880 1
1721933 214834877 1
1721933 214826936 0.5
1721933 214833755 0.5
1721933 214829366 0.5
2750734 214831950 1
2750734 214829885 1
2750734 214831948 1
2750734 214831946 0.5
9422429 214853428 1
9422429 214853460 1
9422429 214850947 1
9422429 214711307 0.5
9422429 214844396 0.5
9422429 214850743 0.5
10010209 214853342 1
10010209 214850947 1
10010209 214829878 1
10010209 214849312 0.5
10010209 214836932 0.5
10010209 214853420 0.5
10010209 214832747 0.5
10010209 214690796 0.5
10010209 214845583 0.5
10010209 214846033 0.5
10010209 214829366 0.5
10010209 214844347 0.5
10010209 214854174 0.5
1465959 214834880 1
1465959 214826610 1
1465959 214833755 1
1465959 214829387 0.5
10153576 214853435 1
10153576 214853848 1
10153576 214850758 1
10153576 214717888 0.5
10153576 214853700 0.5
10153576 214853707 0.5
10153576 214853713 0.5
10153576 214850743 0.5
10153576 214718169 0.5
10153576 214850938 0.5
9122584 214853242 1
9122584 214853237 1
9122584 214853135 1
9122584 214846404 0.5
9122584 214848165 0.5
9122584 214557223 0.5
9122584 214853227 0.5
9122584 214848851 0.5
9122584 214850741 0.5
9122584 214702905 0.5
9122584 214839962 0.5
10438258 214854536 1
10438258 214854352 1
10438258 214854579 1
10438258 214853113 0.5
10438258 214854354 0.5
10438258 214854300 0.5
10438258 214819577 0.5
6190708 214846425 1
6190708 214561434 1
6190708 214846460 1
6190708 214846472 0.5
568949 214840775 1
568949 214842577 1
568949 214691426 1
568949 214585695 0.5
568949 214691357 0.5
568949 214716982 0.5
568949 214716710 0.5
568949 214826615 0.5
10473079 214567329 1
10473079 214567215 1
10473079 214853735 1
10473079 214854264 0.5
10473079 214854577 0.5
10473079 214854268 0.5
10473079 214567333 0.5
10473079 214853855 0.5
4567658 214832147 1
4567658 214839975 1
4567658 214839965 1
4567658 214837882 0.5
4567658 214831967 0.5
6236437 214835167 1
6236437 214848596 1
6236437 214848847 1
6236437 214848688 0.5
6236437 214848337 0.5
6236437 214829765 0.5
6236437 214826990 0.5
9680512 214583846 1
9680512 214580304 1
9680512 214829021 1
9680512 214853683 0.5
9680512 214748289 0.5
9680512 214854215 0.5
9680512 214556840 0.5
9680512 214846385 0.5
9680512 214854163 0.5
9680512 214846423 0.5
7347136 214849010 1
7347136 214819577 1
7347136 214677512 1
7347136 214845971 0.5
7347136 214743339 0.5
7347136 214850692 0.5
7347136 214849333 0.5
7347136 214826990 0.5
10133124 214854165 1
10133124 214853865 1
10133124 214827026 1
10133124 214850760 0.5
10133124 214853992 0.5
8363653 214850730 1
8363653 214850747 1
8363653 214853092 1
8363653 214853261 0.5
628359 214685795 1
628359 214840410 1
628359 214840412 1
628359 214820842 0.5
628359 214687685 0.5
1531532 214828970 1
1531532 214834880 1
1531532 214826610 1
1531532 214826936 0.5
5455502 214844342 1
5455502 214844370 1
5455502 214844398 1
5455502 214835473 0.5
11482767 214711517 1
11482767 214853102 1
11482767 214854785 1
11482767 214854840 0.5
10276496 214854358 1
10276496 214567329 1
10276496 214567215 1
10276496 214853846 0.5
10276496 214854264 0.5
10276496 214684762 0.5
10276496 214854268 0.5
10276496 214853210 0.5
10276496 214853726 0.5
10419139 214567215 1
10419139 214854268 1
10419139 214567329 1
10419139 214854352 0.5
10419139 214684785 0.5
10419139 214854264 0.5
10419139 214853726 0.5
5086869 214844407 1
5086869 214826833 1
5086869 214832747 1
5086869 214844347 0.5
3003673 214831950 1
3003673 214710062 1
3003673 214748293 1
3003673 214819760 0.5
3003673 214819762 0.5
3003673 214684843 0.5
3003673 214829878 0.5
3003673 214743335 0.5
4714136 214821339 1
4714136 214844445 1
4714136 214844447 1
4714136 214533020 0.5
10686584 214857830 1
10686584 214859242 1
10686584 214851032 1
10686584 214845538 0.5
10686584 214859139 0.5
10686584 214701787 0.5
10686584 214859240 0.5
10686584 214820188 0.5
10686584 214712235 0.5
10686584 214744258 0.5
10686584 214853325 0.5
10686584 214826987 0.5
10686584 214851279 0.5
10686584 214835004 0.5
10686584 214743515 0.5
5331567 214839943 1
5331567 214640520 1
5331567 214835473 1
5331567 214844400 0.5
5331567 214844340 0.5
5331567 214844347 0.5
5331567 214835012 0.5
5331567 214835070 0.5
6383264 214839971 1
6383264 214839973 1
6383264 214848688 1
6383264 214848656 0.5
6383264 214848630 0.5
6383264 214848695 0.5
9654214 214829880 1
9654214 214829878 1
9654214 214821373 1
9654214 214850282 0.5
9654214 214850315 0.5
9654214 214850285 0.5
9654214 214829885 0.5
9654214 214850291 0.5
9654214 214829882 0.5
9654214 214831946 0.5
9311914 214853420 1
9311914 214853428 1
9311914 214853460 1
9311914 214850945 0.5
9311914 214850942 0.5
9311914 214853422 0.5
10434222 214854352 1
10434222 214854547 1
10434222 214705100 1
10434222 214829034 0.5
11544239 214853102 1
11544239 214854787 1
11544239 214854782 1
11544239 214854840 0.5
5524312 214826990 1
5524312 214844345 1
5524312 214844396 1
5524312 214844400 0.5
5524312 214844340 0.5
5524312 214844398 0.5
7293717 214826990 1
7293717 214849284 1
7293717 214606948 1
7293717 214573288 0.5
7293717 214844345 0.5
7293717 214829387 0.5
7293717 214707995 0.5
7293717 214554982 0.5
10261107 214854358 1
10261107 214567215 1
10261107 214567329 1
10261107 214684785 0.5
10261107 214684762 0.5
10261107 214853726 0.5
1129417 214829085 1
1129417 214820227 1
1129417 214829336 1
1129417 214820233 0.5
10972858 214853102 1
10972858 214854787 1
10972858 214854782 1
10972858 214854840 0.5
10972858 214853362 0.5
10972858 214744050 0.5
4928458 214836956 1
4928458 214844349 1
4928458 214845577 1
4928458 214837280 0.5
4928458 214845352 0.5
4928458 214838092 0.5
8703683 214853420 1
8703683 214849155 1
8703683 214850405 1
8703683 214853396 0.5
8703683 214850870 0.5
50887 214826810 1
50887 214826715 1
50887 214826955 1
50887 214819400 0.5
50887 214718255 0.5
5208908 214838094 1
5208908 214832156 1
5208908 214837288 1
5208908 214837280 0.5
5208908 214838092 0.5
7890634 214850936 1
7890634 214850743 1
7890634 214846404 1
7890634 214850756 0.5
7890634 214850754 0.5
7890634 214849796 0.5
7890634 214850765 0.5
7444173 214850936 1
7444173 214849466 1
7444173 214849389 1
7444173 214850720 0.5
7444173 214849736 0.5
7444173 214850790 0.5
1841681 214831950 1
1841681 214644525 1
1841681 214820810 1
1841681 214828963 0.5
1841681 214834875 0.5
1841681 214819775 0.5
10233557 214854579 1
10233557 214854300 1
10233557 214854585 1
10233557 214854547 0.5
10233557 214854536 0.5
10233557 214850739 0.5
10233557 214854264 0.5
10233557 214853497 0.5
10233557 214684762 0.5
10233557 214854268 0.5
10010328 214849807 1
10010328 214845489 1
10010328 214579220 1
10010328 214853096 0.5
5162331 214845435 1
5162331 214844407 1
5162331 214845380 1
5162331 214820402 0.5
5162331 214845806 0.5
9151298 214853105 1
9151298 214851159 1
9151298 214852980 1
9151298 214851122 0.5
9151298 214846067 0.5
9151298 214851581 0.5
9151298 214853094 0.5
7562973 214850415 1
7562973 214850767 1
7562973 214840775 1
7562973 214651785 0.5
7562973 214691634 0.5
7562973 214691563 0.5
7562973 214820345 0.5
4259552 214725551 1
4259552 214575103 1
4259552 214839943 1
4259552 214826951 0.5
4259552 214544357 0.5
4259552 214829287 0.5
6657761 214849132 1
6657761 214712242 1
6657761 214743821 1
6657761 214849312 0.5
10739427 214854300 1
10739427 214854579 1
10739427 214819577 1
10739427 214564382 0.5
10260199 214854268 1
10260199 214854264 1
10260199 214644665 1
10260199 214684785 0.5
10260199 214684762 0.5
10260199 214850938 0.5
10260199 214853726 0.5
10260199 214567215 0.5
2596588 214826983 1
2596588 214831946 1
2596588 214829878 1
2596588 214829887 0.5
7644911 214850938 1
7644911 214821020 1
7644911 214850754 1
7644911 214558258 0.5
7644911 214850555 0.5
7644911 214554982 0.5
8765169 214691563 1
8765169 214843494 1
8765169 214843505 1
8765169 214843468 0.5
8765169 214691557 0.5
6939814 214587328 1
6939814 214684702 1
6939814 214667857 1
6939814 214718372 0.5
2361083 214829880 1
2361083 214831946 1
2361083 214831948 1
2361083 214829882 0.5
8892156 214853242 1
8892156 214851750 1
8892156 214853237 1
8892156 214853225 0.5
8892156 214853210 0.5
8892156 214853227 0.5
716548 214844357 1
716548 214586711 1
716548 214821305 1
716548 214551617 0.5
716548 214551626 0.5
716548 214821307 0.5
716548 214821309 0.5
5527368 214844400 1
5527368 214844402 1
5527368 214844398 1
5527368 214835120 0.5
5527368 214676570 0.5
5527368 214826987 0.5
5527368 214836868 0.5
7229191 214848335 1
7229191 214850786 1
7229191 214595150 1
7229191 214574672 0.5
7229191 214835426 0.5
7229191 214849314 0.5
7229191 214848658 0.5
11054862 214853102 1
11054862 214854840 1
11054862 214864880 1
11054862 214850315 0.5
11054862 214850310 0.5
11054862 214561481 0.5
11054862 214854731 0.5
11054862 214854800 0.5
11054862 214829878 0.5
11054862 214820188 0.5
11253521 214854840 1
11253521 214864880 1
11253521 214854797 1
11253521 214855209 0.5
7696146 214716935 1
7696146 214845131 1
7696146 214849001 1
7696146 214829280 0.5
7696146 214819760 0.5
7696146 214850402 0.5
7696146 214845380 0.5
7696146 214819430 0.5
7696146 214743495 0.5
7696146 214680720 0.5
7696146 214845806 0.5
7696146 214839600 0.5
7696146 214848656 0.5
7696146 214680722 0.5
7696146 214835745 0.5
7696146 214846007 0.5
7696146 214821401 0.5
7696146 214612730 0.5
7696146 214851099 0.5
7696146 214574670 0.5
7696146 214846333 0.5
7851796 214849155 1
7851796 214849080 1
7851796 214849153 1
7851796 214849157 0.5
7851796 214829775 0.5
145177 214821292 1
145177 214821277 1
145177 214821285 1
145177 214535621 0.5
10534682 214567327 1
10534682 214854174 1
10534682 214853113 1
10534682 214854534 0.5
10534682 214854352 0.5
10534682 214854577 0.5
10534682 214854358 0.5
10534682 214849464 0.5
10534682 214854300 0.5
2692891 214837916 1
2692891 214836330 1
2692891 214819762 1
2692891 214819760 0.5
2692891 214563337 0.5
2692891 214835107 0.5
2692891 214836084 0.5
2692891 214684843 0.5
4779804 214839973 1
4779804 214839960 1
4779804 214845131 1
4779804 214819760 0.5
4779804 214839600 0.5
4779804 214836330 0.5
5372103 214844396 1
5372103 214844398 1
5372103 214844400 1
5372103 214844345 0.5
5372103 214844402 0.5
5372103 214844372 0.5
6360872 214849327 1
6360872 214849292 1
6360872 214849082 1
6360872 214846085 0.5
9973547 214853700 1
9973547 214853730 1
9973547 214853707 1
9973547 214853353 0.5
9600812 214678376 1
9600812 214845962 1
9600812 214846119 1
9600812 214853165 0.5
10954541 214684785 1
10954541 214850790 1
10954541 214853992 1
10954541 214848658 0.5
10954541 214850405 0.5
10954541 214853726 0.5
11050798 214853102 1
11050798 214686864 1
11050798 214864880 1
11050798 214855016 0.5
11050798 214854785 0.5
11050798 214854840 0.5
10557232 214854300 1
10557232 214854547 1
10557232 214854585 1
10557232 214684762 0.5
10557232 214853726 0.5
10557232 214854358 0.5
10557232 214854495 0.5
8238902 214851234 1
8238902 214850700 1
8238902 214685049 1
8238902 214851080 0.5
9604921 214852987 1
9604921 214678387 1
9604921 214829383 1
9604921 214846119 0.5
9604921 214853128 0.5
9604921 214853130 0.5
9604921 214844396 0.5
9604921 214846125 0.5
9604921 214848847 0.5
9604921 214849010 0.5
9604921 214853109 0.5
9604921 214853077 0.5
9604921 214853147 0.5
9604921 214845962 0.5
9604921 214851285 0.5
2649914 214829880 1
2649914 214829882 1
2649914 214829887 1
2649914 214832780 0.5
2649914 214835111 0.5
10966847 214853102 1
10966847 214864880 1
10966847 214853081 1
10966847 214554510 0.5
6334272 214848337 1
6334272 214848596 1
6334272 214848607 1
6334272 214846530 0.5
911169 214821305 1
911169 214821302 1
911169 214821339 1
911169 214533026 0.5
9731906 214853420 1
9731906 214850945 1
9731906 214673295 1
9731906 214850304 0.5
9731906 214684736 0.5
9731906 214684710 0.5
9731906 214831946 0.5
9731906 214846029 0.5
9731906 214851152 0.5
9731906 214826835 0.5
9731906 214829880 0.5
9731906 214684730 0.5
9731906 214850282 0.5
7743812 214844439 1
7743812 214551626 1
7743812 214844394 1
7743812 214821305 0.5
7743812 214844452 0.5
7743812 214821309 0.5
8062794 214851080 1
8062794 214851161 1
8062794 214685049 1
8062794 214851587 0.5
8062794 214851317 0.5
10872119 214854819 1
10872119 214510445 1
10872119 214854720 1
10872119 214854538 0.5
10872119 214851581 0.5
11034447 214851575 1
11034447 214695478 1
11034447 214846033 1
11034447 214695476 0.5
11034447 214853420 0.5
11034447 214668761 0.5
5333438 214844396 1
5333438 214844400 1
5333438 214844342 1
5333438 214844345 0.5
2622778 214826893 1
2622778 214831946 1
2622778 214829878 1
2622778 214514317 0.5
2622778 214717511 0.5
7970789 214716935 1
7970789 214855185 1
7970789 214716932 1
7970789 214711205 0.5
7970789 214533022 0.5
8744802 214853428 1
8744802 214853420 1
8744802 214850947 1
8744802 214853094 0.5
4777829 214837494 1
4777829 214847261 1
4777829 214602598 1
4777829 214829280 0.5
4777829 214586694 0.5
4777829 214819430 0.5
4777829 214601233 0.5
4777829 214845131 0.5
4777829 214640017 0.5
4777829 214587317 0.5
4777829 214839962 0.5
4777829 214717286 0.5
4777829 214836853 0.5
10651494 214854358 1
10651494 214853767 1
10651494 214684785 1
10651494 214853728 0.5
10651494 214829090 0.5
10651494 214853735 0.5
10651494 214853996 0.5
10651494 214854510 0.5
10651494 214819577 0.5
10651494 214684762 0.5
10651494 214854300 0.5
10651494 214853726 0.5
10651494 214567327 0.5
1757034 214691426 1
1757034 214545879 1
1757034 214587317 1
1757034 214834880 0.5
1757034 214640017 0.5
1757034 214829366 0.5
9903981 214853930 1
9903981 214854264 1
9903981 214854268 1
9903981 214567215 0.5
9903981 214853855 0.5
6934383 214849284 1
6934383 214849331 1
6934383 214718207 1
6934383 214849239 0.5
9632014 214850942 1
9632014 214853428 1
9632014 214705734 1
9632014 214675888 0.5
9632014 214711307 0.5
9632014 214850949 0.5
6269083 214848926 1
6269083 214848337 1
6269083 214848377 1
6269083 214848328 0.5
6269083 214835109 0.5
6205302 214848626 1
6205302 214848851 1
6205302 214848701 1
6205302 214848832 0.5
6205302 214848808 0.5
6205302 214848613 0.5
9875333 214854065 1
9875333 214854358 1
9875333 214684762 1
9875333 214854146 0.5
9875333 214853413 0.5
9875333 214850790 0.5
9875333 214853992 0.5
9875333 214853422 0.5
9875333 214684785 0.5
9875333 214854510 0.5
9875333 214853454 0.5
9875333 214854262 0.5
9875333 214850936 0.5
9875333 214853726 0.5
3981192 214838227 1
3981192 214835109 1
3981192 214826990 1
3981192 214836932 0.5
10851308 214854547 1
10851308 214854585 1
10851308 214854300 1
10851308 214851125 0.5
10332042 214853700 1
10332042 214595139 1
10332042 214853413 1
10332042 214829730 0.5
4788888 214845131 1
4788888 214839973 1
4788888 214820400 1
4788888 214839932 0.5
2287506 214829878 1
2287506 214829880 1
2287506 214829882 1
2287506 214835124 0.5
7724948 214851577 1
7724948 214835167 1
7724948 214829765 1
7724948 214829850 0.5
7724948 214849018 0.5
7724948 214851581 0.5
3263129 214828985 1
3263129 214587317 1
3263129 214820456 1
3263129 214706102 0.5
3263129 214820458 0.5
3263129 214826998 0.5
3263129 214829657 0.5
3263129 214819770 0.5
3263129 214829852 0.5
3263129 214837882 0.5
3263129 214836926 0.5
6184857 214748336 1
6184857 214848682 1
6184857 214848630 1
6184857 214838225 0.5
6184857 214839587 0.5
3786656 214835109 1
3786656 214835167 1
3786656 214826990 1
3786656 214836924 0.5
7198627 214700000 1
7198627 214850310 1
7198627 214850366 1
7198627 214744258 0.5
11149224 214853730 1
11149224 214845986 1
11149224 214853698 1
11149224 214854345 0.5
11149224 214854298 0.5
11149224 214853722 0.5
8218539 214851581 1
8218539 214851024 1
8218539 214851101 1
8218539 214850387 0.5
2660268 214831948 1
2660268 214831946 1
2660268 214829880 1
2660268 214829882 0.5
2660268 214829878 0.5
3022766 214831950 1
3022766 214829885 1
3022766 214648256 1
3022766 214819721 0.5
3022766 214835019 0.5
3022766 214831959 0.5
3022766 214835128 0.5
3022766 214829852 0.5
3022766 214600509 0.5
5142448 214839611 1
5142448 214845457 1
5142448 214845380 1
5142448 214819760 0.5
5142448 214836330 0.5
5142448 214684843 0.5
5142448 214819762 0.5
5142448 214844413 0.5
5492064 214844402 1
5492064 214844398 1
5492064 214844342 1
5492064 214582170 0.5
5492064 214579839 0.5
5492064 214835109 0.5
5492064 214579837 0.5
6051762 214845879 1
6051762 214845962 1
6051762 214846119 1
6051762 214676377 0.5
3137459 214835747 1
3137459 214835019 1
3137459 214835017 1
3137459 214718377 0.5
3137459 214826947 0.5
2838452 214835745 1
2838452 214609325 1
2838452 214835747 1
2838452 214663976 0.5
2838452 214835017 0.5
3695263 214820392 1
3695263 214820396 1
3695263 214668281 1
3695263 214826977 0.5
3695263 214712709 0.5
3695263 214577450 0.5
3695263 214831965 0.5
3695263 214828980 0.5
3695263 214600470 0.5
3695263 214821399 0.5
3695263 214738457 0.5
3695263 214826874 0.5
3695263 214553565 0.5
3695263 214718398 0.5
3497918 214706180 1
3497918 214836847 1
3497918 214836851 1
3497918 214835722 0.5
2981824 214835747 1
2981824 214835132 1
2981824 214837916 1
2981824 214587712 0.5
2981824 214835017 0.5
2981824 214831940 0.5
5538233 214844345 1
5538233 214845587 1
5538233 214850402 1
5538233 214834877 0.5
3790787 214587697 1
3790787 214835017 1
3790787 214835109 1
3790787 214826990 0.5
6641604 214848945 1
6641604 214848954 1
6641604 214849192 1
6641604 214849320 0.5
6641604 214849020 0.5
8315553 214853092 1
8315553 214851099 1
8315553 214850938 1
8315553 214553810 0.5
8315553 214851122 0.5
8315553 214748334 0.5
8315553 214851152 0.5
8315553 214852978 0.5
8315553 214851155 0.5
8315553 214851125 0.5
8315553 214851322 0.5
8315553 214573820 0.5
10032119 214743367 1
10032119 214837288 1
10032119 214567333 1
10032119 214854262 0.5
10032119 214853767 0.5
10549196 214854300 1
10549196 214854579 1
10549196 214854547 1
10549196 214714755 0.5
10549196 214854534 0.5
10549196 214854815 0.5
8059213 214851150 1
8059213 214851287 1
8059213 214851294 1
8059213 214849048 0.5
2426833 214829878 1
2426833 214831931 1
2426833 214554371 1
2426833 214601233 0.5
2426833 214829722 0.5
2426833 214826587 0.5
2426833 214835124 0.5
2426833 214826979 0.5
2840534 214832792 1
2840534 214835017 1
2840534 214835132 1
2840534 214835747 0.5
2840534 214826947 0.5
9160581 214853128 1
9160581 214853130 1
9160581 214582200 1
9160581 214845971 0.5
9160581 214853165 0.5
5187547 214832156 1
5187547 214838092 1
5187547 214837286 1
5187547 214837280 0.5
10616798 214850630 1
10616798 214850387 1
10616798 214844439 1
10616798 214853096 0.5
10616798 214844394 0.5
10616798 214712242 0.5
10616798 214712244 0.5
10616798 214853077 0.5
10616798 214844458 0.5
9633763 214853420 1
9633763 214850945 1
9633763 214711307 1
9633763 214846072 0.5
9633763 214850947 0.5
9633763 214835004 0.5
5492709 214844372 1
5492709 214844398 1
5492709 214844355 1
5492709 214712507 0.5
5492709 214836932 0.5
5492709 214826990 0.5
5492709 214832150 0.5
5492709 214836857 0.5
5492709 214844347 0.5
3945048 214835109 1
3945048 214826990 1
3945048 214838227 1
3945048 214829762 0.5
6950891 214848845 1
6950891 214849046 1
6950891 214849331 1
6950891 214849344 0.5
6950891 214849012 0.5
6950891 214849230 0.5
5191663 214845352 1
5191663 214845577 1
5191663 214845581 1
5191663 214829887 0.5
4556784 214706452 1
4556784 214557607 1
4556784 214835713 1
4556784 214829792 0.5
4556784 214510689 0.5
4556784 214826987 0.5
4556784 214601214 0.5
4556784 214743515 0.5
5716648 214846033 1
5716648 214846121 1
5716648 214829878 1
5716648 214846425 0.5
5716648 214829882 0.5
5716648 214848165 0.5
7272436 214849734 1
7272436 214849762 1
7272436 214849760 1
7272436 214846479 0.5
7272436 214743495 0.5
11419642 214853100 1
11419642 214864880 1
11419642 214853072 1
11419642 214854707 0.5
4984829 214828952 1
4984829 214845579 1
4984829 214844407 1
4984829 214844400 0.5
4984829 214601233 0.5
4984829 214558258 0.5
4984829 214844396 0.5
4984829 214844372 0.5
716798 214556055 1
716798 214828987 1
716798 214716947 1
716798 214552142 0.5
716798 214716943 0.5
