10503851 214567329 1
10503851 214854358 1
10503851 214567215 1
10503851 214854148 0.5
10503851 214854545 0.5
10503851 214684785 0.5
10503851 214854549 0.5
10503851 214684762 0.5
10503851 214854268 0.5
10503851 214854174 0.5
2408452 214829882 1
2408452 214829878 1
2408452 214831948 1
2408452 214753505 0.5
1602614 214563238 1
1602614 214829657 1
1602614 214834880 1
1602614 214826610 0.5
6739974 214849132 1
6739974 214849093 1
6739974 214849097 1
6739974 214848945 0.5
6739974 214848954 0.5
6739974 214849100 0.5
9922572 214853698 1
9922572 214853767 1
9922572 214853730 1
9922572 214854152 0.5
6838293 214839973 1
6838293 214848682 1
6838293 214844402 1
6838293 214848656 0.5
6838293 214848337 0.5
1116186 214828995 1
1116186 214826801 1
1116186 214827009 1
1116186 214584092 0.5
1116186 214640094 0.5
1116186 214559726 0.5
6713372 214846033 1
6713372 214850304 1
6713372 214846029 1
6713372 214829887 0.5
1982494 214829321 1
1982494 214748336 1
1982494 214601233 1
1982494 214834880 0.5
1982494 214712130 0.5
1982494 214557095 0.5
1982494 214819719 0.5
1982494 214819721 0.5
1982494 214684843 0.5
1982494 214687852 0.5
1982494 214819762 0.5
1982494 214602802 0.5
1982494 214706102 0.5
6704133 214849132 1
6704133 214849003 1
6704133 214849100 1
6704133 214849097 0.5
6704133 214510445 0.5
6043683 214846367 1
6043683 214846460 1
6043683 214848322 1
6043683 214846472 0.5
2861096 214811739 1
2861096 214582200 1
2861096 214557313 1
2861096 214819640 0.5
2861096 214557322 0.5
2861096 214811747 0.5
2861096 214835124 0.5
2861096 214649951 0.5
11286999 214853102 1
11286999 214853100 1
11286999 214854782 1
11286999 214854840 0.5
11286999 214855016 0.5
6862894 214831955 1
6862894 214711307 1
6862894 214850295 1
6862894 214848692 0.5
7055407 214849809 1
7055407 214850295 1
7055407 214849796 1
7055407 214850304 0.5
7055407 214850282 0.5
329932 214826955 1
329932 214839999 1
329932 214826627 1
329932 214826835 0.5
1835358 214829882 1
1835358 214829878 1
1835358 214831946 1
1835358 214831965 0.5
1835358 214743495 0.5
931896 214837442 1
931896 214837485 1
931896 214837490 1
931896 214837483 0.5
931896 214698446 0.5
931896 214837487 0.5
6109876 214846318 1
6109876 214849001 1
6109876 214846312 1
6109876 214844400 0.5
577604 214839313 1
577604 214826998 1
577604 214821339 1
577604 214827026 0.5
577604 214717562 0.5
577604 214826615 0.5
9601094 214850949 1
9601094 214853422 1
9601094 214853338 1
9601094 214850945 0.5
9601094 214853765 0.5
9601094 214711307 0.5
9601094 214853420 0.5
9601094 214853426 0.5
9601094 214848185 0.5
5247671 214835109 1
5247671 214835167 1
5247671 214844342 1
5247671 214676962 0.5
6381644 214846530 1
6381644 214709735 1
6381644 214509401 1
6381644 214839971 0.5
6381644 214839973 0.5
8419844 214850282 1
8419844 214850310 1
8419844 214850295 1
8419844 214849796 0.5
9562193 214853420 1
9562193 214853422 1
9562193 214850942 1
9562193 214850945 0.5
9562193 214850947 0.5
9562193 214853342 0.5
4765778 214839973 1
4765778 214839971 1
4765778 214700000 1
4765778 214832147 0.5
4765778 214544357 0.5
4765778 214602605 0.5
7578979 214714663 1
7578979 214827026 1
7578979 214849408 1
7578979 214844372 0.5
4024407 214836845 1
4024407 214595150 1
4024407 214829799 1
4024407 214836926 0.5
7901272 214851579 1
7901272 214716671 1
7901272 214851131 1
7901272 214851073 0.5
8376412 214851122 1
8376412 214851236 1
8376412 214850771 1
8376412 214717247 0.5
8376412 214849020 0.5
8376412 214573350 0.5
8376412 214850743 0.5
7649373 214675895 1
7649373 214564382 1
7649373 214850936 1
7649373 214676306 0.5
7649373 214851011 0.5
7649373 214716645 0.5
7649373 214850621 0.5
1572962 214793998 1
1572962 214559960 1
1572962 214612751 1
1572962 214834871 0.5
4221027 214836830 1
4221027 214511015 1
4221027 214835012 1
4221027 214700002 0.5
4221027 214836875 0.5
4221027 214712237 0.5
4221027 214829327 0.5
4221027 214832557 0.5
4221027 214743515 0.5
8968274 214852980 1
8968274 214853077 1
8968274 214853094 1
8968274 214853096 0.5
8968274 214853085 0.5
5904486 214846417 1
5904486 214846067 1
5904486 214846466 1
5904486 214819760 0.5
5904486 214846468 0.5
9576551 214744258 1
9576551 214701787 1
9576551 214853865 1
9576551 214854017 0.5
3973224 214748336 1
3973224 214836830 1
3973224 214820400 1
3973224 214716110 0.5
2719849 214835017 1
2719849 214835019 1
2719849 214834867 1
2719849 214832792 0.5
7592042 214572538 1
7592042 214569913 1
7592042 214846112 1
7592042 214850938 0.5
7592042 214553540 0.5
7592042 214554191 0.5
10254444 214853700 1
10254444 214853722 1
10254444 214853698 1
10254444 214853713 0.5
4429537 214738457 1
4429537 214836887 1
4429537 214826979 1
4429537 214651777 0.5
4429537 214829765 0.5
4429537 214609325 0.5
4429537 214716909 0.5
4429537 214834867 0.5
4429537 214829878 0.5
4429537 214838105 0.5
4821102 214839969 1
4821102 214602733 1
4821102 214839975 1
4821102 214839960 0.5
4821102 214696897 0.5
4821102 214698418 0.5
4821102 214602598 0.5
4821102 214821015 0.5
8272573 214853210 1
8272573 214849455 1
8272573 214853132 1
8272573 214851097 0.5
8272573 214850870 0.5
8272573 214853190 0.5
10602608 214854536 1
10602608 214854354 1
10602608 214854352 1
10602608 214853244 0.5
9795701 214853707 1
9795701 214853698 1
9795701 214853722 1
9795701 214853700 0.5
7874678 214850938 1
7874678 214849363 1
7874678 214716645 1
7874678 214564387 0.5
7874678 214846404 0.5
7874678 214850726 0.5
7874678 214854759 0.5
7874678 214820394 0.5
7874678 214678987 0.5
8570999 214821315 1
8570999 214716932 1
8570999 214716982 1
8570999 214533022 0.5
9343679 214853420 1
9343679 214853460 1
9343679 214853428 1
9343679 214850947 0.5
2493802 214835124 1
2493802 214667912 1
2493802 214831967 1
2493802 214748336 0.5
2493802 214574672 0.5
2493802 214829379 0.5
407681 214839313 1
407681 214840419 1
407681 214821292 1
407681 214821020 0.5
407681 214826702 0.5
9031812 214667857 1
9031812 214849284 1
9031812 214853385 1
9031812 214848337 0.5
9031812 214851290 0.5
9031812 214718379 0.5
9031812 214844342 0.5
9031812 214851159 0.5
4376713 214845131 1
4376713 214839975 1
4376713 214602598 1
4376713 214821401 0.5
4376713 214839973 0.5
7922711 214850756 1
7922711 214850936 1
7922711 214850938 1
7922711 214850762 0.5
6762644 214850295 1
6762644 214531337 1
6762644 214575763 1
6762644 214832154 0.5
6762644 214744260 0.5
2637973 214829878 1
2637973 214829882 1
2637973 214831948 1
2637973 214831946 0.5
2637973 214829887 0.5
843929 214837485 1
843929 214826619 1
843929 214837490 1
843929 214826912 0.5
843929 214717286 0.5
843929 214837487 0.5
5044796 214838092 1
5044796 214837280 1
5044796 214838094 1
5044796 214836956 0.5
8140967 214716937 1
8140967 214716980 1
8140967 214716977 1
8140967 214716973 0.5
8140967 214716950 0.5
8140967 214716975 0.5
10082473 214854262 1
10082473 214854510 1
10082473 214567215 1
10082473 214567333 0.5
10082473 214854536 0.5
10082473 214854352 0.5
10082473 214854577 0.5
10082473 214854354 0.5
10082473 214853113 0.5
10082473 214854300 0.5
10053802 214851281 1
10053802 214717888 1
10053802 214821020 1
10053802 214718160 0.5
10053802 214718169 0.5
10053802 214850758 0.5
10053802 214561775 0.5
5512761 214573123 1
5512761 214539150 1
5512761 214826610 1
5512761 214829672 0.5
5512761 214539193 0.5
5512761 214834877 0.5
4365682 214821015 1
4365682 214835109 1
4365682 214819640 1
4365682 214811739 0.5
4365682 214536195 0.5
4365682 214819374 0.5
3241208 214836527 1
3241208 214712132 1
3241208 214835505 1
3241208 214835137 0.5
10365103 214854547 1
10365103 214854579 1
10365103 214854352 1
10365103 214837873 0.5
10365103 214854300 0.5
3158199 214602600 1
3158199 214835019 1
3158199 214836885 1
3158199 214586668 0.5
11106488 214853100 1
11106488 214864880 1
11106488 214854800 1
11106488 214850949 0.5
11106488 214684734 0.5
11106488 214850285 0.5
4145339 214838102 1
4145339 214831942 1
4145339 214829102 1
4145339 214831944 0.5
5243594 214844400 1
5243594 214835428 1
5243594 214835426 1
5243594 214845585 0.5
5243594 214585676 0.5
5243594 214832150 0.5
6957246 214848845 1
6957246 214711247 1
6957246 214711205 1
6957246 214829765 0.5
6957246 214835167 0.5
1871904 214667912 1
1871904 214829379 1
1871904 214743495 1
1871904 214826711 0.5
8935618 214853135 1
8935618 214851748 1
8935618 214853195 1
8935618 214853233 0.5
5572203 214845917 1
5572203 214845131 1
5572203 214748336 1
5572203 214836330 0.5
5572203 214846061 0.5
5572203 214845887 0.5
5996741 214846385 1
5996741 214846067 1
5996741 214846462 1
5996741 214748336 0.5
5996741 214821401 0.5
5996741 214819378 0.5
5996741 214846127 0.5
8716489 214851737 1
8716489 214853094 1
8716489 214853248 1
8716489 214853130 0.5
8716489 214678387 0.5
8716489 214849010 0.5
483532 214826702 1
483532 214532072 1
483532 214820201 1
483532 214829285 0.5
2744696 214835745 1
2744696 214826565 1
2744696 214835019 1
2744696 214835017 0.5
2744696 214835124 0.5
5963988 214820443 1
5963988 214846464 1
5963988 214848847 1
5963988 214586595 0.5
5963988 214538820 0.5
5963988 214845962 0.5
5963988 214589707 0.5
5963988 214848596 0.5
5963988 214846010 0.5
5963988 214509150 0.5
5963988 214835167 0.5
9699542 214850942 1
9699542 214850949 1
9699542 214711307 1
9699542 214846344 0.5
9699542 214850315 0.5
9699542 214831948 0.5
9699542 214845581 0.5
9699542 214853422 0.5
9699542 214846031 0.5
9699542 214853848 0.5
9699542 214826994 0.5
9699542 214838102 0.5
9699542 214829880 0.5
9699542 214829882 0.5
9699542 214838107 0.5
8281957 214851080 1
8281957 214851161 1
8281957 214851317 1
8281957 214851234 0.5
6412666 214602352 1
6412666 214581952 1
6412666 214602806 1
6412666 214585642 0.5
2859656 214829332 1
2859656 214831946 1
2859656 214540125 1
2859656 214826816 0.5
2859656 214554785 0.5
2859656 214829330 0.5
2859656 214829670 0.5
2859656 214831937 0.5
9490656 214853381 1
9490656 214853147 1
9490656 214853379 1
9490656 214853420 0.5
9490656 214846468 0.5
9490656 214850949 0.5
1634534 214717087 1
1634534 214829368 1
1634534 214582348 1
1634534 214564710 0.5
7556817 214849031 1
7556817 214573357 1
7556817 214849764 1
7556817 214846530 0.5
7556817 214820402 0.5
7556817 214829799 0.5
6994152 214712124 1
6994152 214711348 1
6994152 214848377 1
6994152 214711247 0.5
10096873 214853096 1
10096873 214853094 1
10096873 214853248 1
10096873 214853085 0.5
9976044 214849809 1
9976044 214850366 1
9976044 214684717 1
9976044 214850949 0.5
9976044 214850942 0.5
9113839 214716581 1
9113839 214716654 1
9113839 214851028 1
9113839 214560613 0.5
9113839 214851157 0.5
9113839 214832567 0.5
9113839 214851290 0.5
9113839 214851579 0.5
9113839 214716671 0.5
4618482 214839596 1
4618482 214831955 1
4618482 214819627 1
4618482 214819464 0.5
4618482 214711312 0.5
4618482 214717507 0.5
4618482 214711438 0.5
6504691 214848626 1
6504691 214845984 1
6504691 214848371 1
6504691 214848622 0.5
6504691 214846470 0.5
6504691 214848950 0.5
10551543 214854352 1
10551543 214854354 1
10551543 214854536 1
10551543 214853113 0.5
10551543 214853244 0.5
10551543 214718165 0.5
10551543 214573590 0.5
4731129 214834869 1
4731129 214577057 1
4731129 214839358 1
4731129 214838833 0.5
4731129 214744258 0.5
2328826 214551626 1
2328826 214829878 1
2328826 214829887 1
2328826 214831965 0.5
2584832 214829880 1
2584832 214831946 1
2584832 214712235 1
2584832 214602605 0.5
8515324 214851236 1
8515324 214851013 1
8515324 214851099 1
8515324 214851133 0.5
7189889 214850936 1
7189889 214850771 1
7189889 214850743 1
7189889 214849736 0.5
7189889 214849738 0.5
7189889 214849734 0.5
7556289 214850621 1
7556289 214850936 1
7556289 214564382 1
7556289 214851011 0.5
7556289 214849395 0.5
5665038 214846001 1
5665038 214846012 1
5665038 214845984 1
5665038 214846065 0.5
5665038 214844370 0.5
5665038 214829797 0.5
5665038 214846031 0.5
4630799 214848326 1
4630799 214718216 1
4630799 214831970 1
4630799 214839937 0.5
4630799 214835015 0.5
6922512 214850402 1
6922512 214838137 1
6922512 214839969 1
6922512 214849331 0.5
6922512 214849046 0.5
6922512 214849239 0.5
10103058 214643036 1
10103058 214848757 1
10103058 214717802 1
10103058 214854159 0.5
11187843 214701787 1
11187843 214850304 1
11187843 214848307 1
11187843 214540183 0.5
11187843 214600481 0.5
11187843 214540175 0.5
11187843 214831948 0.5
11187843 214839596 0.5
5387873 214835473 1
5387873 214835426 1
5387873 214835428 1
5387873 214835064 0.5
5387873 214838225 0.5
5387873 214826949 0.5
5087512 214553762 1
5087512 214552449 1
5087512 214701212 1
5087512 214716639 0.5
5087512 214836830 0.5
5087512 214687685 0.5
5087512 214573230 0.5
5087512 214829045 0.5
9408794 214844394 1
9408794 214844327 1
9408794 214844330 1
9408794 214743367 0.5
10819871 214854767 1
10819871 214854497 1
10819871 214854770 1
10819871 214848658 0.5
10819871 214854855 0.5
3086629 214748336 1
3086629 214844439 1
3086629 214821302 1
3086629 214842450 0.5
3086629 214829887 0.5
3086629 214600492 0.5
3086629 214743495 0.5
8591654 214564380 1
8591654 214851315 1
8591654 214851290 1
8591654 214851101 0.5
2312488 214826947 1
2312488 214835017 1
2312488 214834867 1
2312488 214587712 0.5
2312488 214835747 0.5
10346798 214854230 1
10346798 214854227 1
10346798 214853930 1
10346798 214854545 0.5
10346798 214854495 0.5
10346798 214854300 0.5
10346798 214847261 0.5
10346798 214573305 0.5
218846 214748336 1
218846 214826955 1
218846 214826627 1
218846 214832655 0.5
218846 214717007 0.5
5234999 214835428 1
5234999 214844372 1
5234999 214844355 1
5234999 214835040 0.5
5234999 214826833 0.5
5234999 214669730 0.5
5234999 214845585 0.5
9744697 214839958 1
9744697 214849070 1
9744697 214845352 1
9744697 214848615 0.5
8898874 214851748 1
8898874 214853242 1
8898874 214853227 1
8898874 214853225 0.5
8898874 214853222 0.5
8898874 214851750 0.5
8898874 214853135 0.5
9126203 214851326 1
9126203 214853105 1
9126203 214852978 1
9126203 214853096 0.5
9126203 214853248 0.5
4691367 214632146 1
4691367 214826844 1
4691367 214553702 1
4691367 214819395 0.5
4691367 214829797 0.5
4691367 214819627 0.5
4691367 214845581 0.5
4691367 214613649 0.5
4691367 214829880 0.5
4691367 214829882 0.5
4691367 214838107 0.5
4691367 214829885 0.5
4691367 214684734 0.5
9052481 214832567 1
9052481 214716707 1
9052481 214832604 1
9052481 214716654 0.5
4562877 214717007 1
4562877 214716926 1
4562877 214717005 1
4562877 214716928 0.5
4562877 214716939 0.5
8051766 214716984 1
8051766 214832653 1
8051766 214832655 1
8051766 214584939 0.5
8051766 214820231 0.5
9306441 214853420 1
9306441 214853422 1
9306441 214850947 1
9306441 214853248 0.5
9306441 214853094 0.5
11313484 214826623 1
11313484 214850315 1
11313484 214853355 1
11313484 214849250 0.5
11313484 214854733 0.5
8040782 214851146 1
8040782 214851287 1
8040782 214851148 1
8040782 214853259 0.5
7583334 214850936 1
7583334 214850938 1
7583334 214850741 1
7583334 214564387 0.5
7583334 214850726 0.5
4688211 214829775 1
4688211 214839969 1
4688211 214836853 1
4688211 214829280 0.5
827732 214820396 1
827732 214819376 1
827732 214586694 1
827732 214820392 0.5
827732 214725532 0.5
827732 214800268 0.5
6619479 214849292 1
6619479 214848986 1
6619479 214845133 1
6619479 214582104 0.5
6619479 214560585 0.5
6619479 214834877 0.5
4876634 214845131 1
4876634 214839969 1
4876634 214839975 1
4876634 214602598 0.5
5315983 214826990 1
5315983 214844400 1
5315983 214835473 1
5315983 214574672 0.5
5315983 214748336 0.5
10623324 214854257 1
10623324 214854080 1
10623324 214854551 1
10623324 214854311 0.5
3041636 214832555 1
3041636 214832126 1
3041636 214835019 1
3041636 214821332 0.5
6297971 214845885 1
6297971 214848330 1
6297971 214848328 1
6297971 214846417 0.5
6297971 214839973 0.5
6297971 214836926 0.5
10908024 214854296 1
10908024 214854707 1
10908024 214712242 1
10908024 214569729 0.5
270714 214826627 1
270714 214828987 1
270714 214684845 1
270714 214826702 0.5
2419068 214829880 1
2419068 214748336 1
2419068 214819468 1
2419068 214826977 0.5
2419068 214829882 0.5
2419068 214819430 0.5
2419068 214831967 0.5
5753071 214845971 1
5753071 214845939 1
5753071 214820443 1
5753071 214676377 0.5
5753071 214832019 0.5
11264386 214851236 1
11264386 214854815 1
11264386 214853702 1
11264386 214854152 0.5
11264386 214853353 0.5
11264386 214717522 0.5
11264386 214854819 0.5
5831044 214848298 1
5831044 214541582 1
5831044 214848305 1
5831044 214744258 0.5
5831044 214712235 0.5
5831044 214848309 0.5
4694409 214837494 1
4694409 214847255 1
4694409 214847261 1
4694409 214832557 0.5
5130634 214845356 1
5130634 214819395 1
5130634 214845581 1
5130634 214829880 0.5
5130634 214845577 0.5
5130634 214832154 0.5
5130634 214845579 0.5
8124812 214826908 1
8124812 214851150 1
8124812 214851294 1
8124812 214829280 0.5
8124812 214850402 0.5
8124812 214849252 0.5
8124812 214835475 0.5
8124812 214851317 0.5
8124812 214851290 0.5
5638541 214845416 1
5638541 214831967 1
5638541 214839587 1
5638541 214718177 0.5
5638541 214585695 0.5
5638541 214642100 0.5
5638541 214821022 0.5
5638541 214706102 0.5
5638541 214613915 0.5
5638541 214678526 0.5
5638541 214845887 0.5
8018318 214851125 1
8018318 214851080 1
8018318 214851161 1
8018318 214580424 0.5
8018318 214851028 0.5
8018318 214851069 0.5
3395983 214837916 1
3395983 214837918 1
3395983 214829310 1
3395983 214832017 0.5
3395983 214552843 0.5
6619641 214844398 1
6619641 214848688 1
6619641 214844400 1
6619641 214846530 0.5
6619641 214848605 0.5
6619641 214848695 0.5
7549334 214844454 1
7549334 214853758 1
7549334 214717007 1
7549334 214821313 0.5
7549334 214854630 0.5
7541151 214851097 1
7541151 214850756 1
7541151 214564387 1
7541151 214849018 0.5
7541151 214820394 0.5
7541151 214850411 0.5
7541151 214851077 0.5
7541151 214850619 0.5
6367652 214849070 1
6367652 214848615 1
6367652 214848832 1
6367652 214558192 0.5
6367652 214848656 0.5
6367652 214577518 0.5
8796581 214820394 1
8796581 214853152 1
8796581 214853342 1
8796581 214578326 0.5
11254183 214854840 1
11254183 214853102 1
11254183 214854785 1
11254183 214854853 0.5
3128732 214835745 1
3128732 214835747 1
3128732 214826818 1
3128732 214835017 0.5
3128732 214826565 0.5
3128732 214587697 0.5
11024812 214854699 1
11024812 214851326 1
11024812 214853105 1
11024812 214852980 0.5
2408879 214826983 1
2408879 214831948 1
2408879 214829882 1
2408879 214829880 0.5
2408879 214829394 0.5
2408879 214829878 0.5
2408879 214819430 0.5
2408879 214831967 0.5
7967816 214851317 1
7967816 214851097 1
7967816 214575665 1
7967816 214851073 0.5
7967816 214850792 0.5
7967816 214743339 0.5
7967816 214684498 0.5
7967816 214849395 0.5
7967816 214684502 0.5
1800628 214829722 1
1800628 214829672 1
1800628 214842482 1
1800628 214820259 0.5
10267063 214854579 1
10267063 214853113 1
10267063 214854300 1
10267063 214854536 0.5
10267063 214819577 0.5
10267063 214820394 0.5
10267063 214854354 0.5
9955769 214853722 1
9955769 214853700 1
9955769 214853713 1
9955769 214854176 0.5
9955769 214853430 0.5
3895738 214836932 1
3895738 214826990 1
3895738 214829765 1
3895738 214838227 0.5
3895738 214832555 0.5
8694204 214853094 1
8694204 214853090 1
8694204 214851326 1
8694204 214853096 0.5
8694204 214853085 0.5
9824702 214853707 1
9824702 214853767 1
9824702 214853865 1
9824702 214854165 0.5
11205064 214853100 1
11205064 214854733 1
11205064 214854830 1
11205064 214864880 0.5
11205064 214574672 0.5
3381707 214832792 1
3381707 214835019 1
3381707 214835745 1
3381707 214587712 0.5
3381707 214835747 0.5
9919956 214853722 1
9919956 214853700 1
9919956 214853730 1
9919956 214853707 0.5
8354254 214853105 1
8354254 214853094 1
8354254 214852980 1
8354254 214853186 0.5
7467474 214850936 1
7467474 214850938 1
7467474 214564382 1
7467474 214850848 0.5
7467474 214677512 0.5
7709141 214853122 1
7709141 214717003 1
7709141 214651554 1
7709141 214854632 0.5
7709141 214717007 0.5
373206 214827026 1
373206 214838831 1
373206 214826705 1
373206 214691255 0.5
373206 214709735 0.5
10273239 214567329 1
10273239 214567215 1
10273239 214684785 1
10273239 214854264 0.5
6374669 214849275 1
6374669 214848330 1
6374669 214846535 1
6374669 214821410 0.5
6374669 214746382 0.5
2054624 214829846 1
2054624 214829865 1
2054624 214826709 1
2054624 214829034 0.5
2054624 214829711 0.5
246241 214821020 1
246241 214821022 1
246241 214718160 1
246241 214821024 0.5
246241 214839752 0.5
8317413 214716980 1
8317413 214716971 1
8317413 214717003 1
8317413 214716928 0.5
2509286 214829878 1
2509286 214829882 1
2509286 214831946 1
2509286 214829885 0.5
3899033 214712237 1
3899033 214712235 1
3899033 214684702 1
3899033 214700002 0.5
1270252 214834880 1
1270252 214826610 1
1270252 214834877 1
1270252 214829387 0.5
1270252 214833755 0.5
6928877 214849286 1
6928877 214849342 1
6928877 214684108 1
6928877 214849796 0.5
6928877 214586694 0.5
5397496 214844372 1
5397496 214845583 1
5397496 214845587 1
5397496 214850402 0.5
5397496 214845412 0.5
5397496 214826949 0.5
5397496 214844396 0.5
5397496 214835426 0.5
5397496 214844400 0.5
8862198 214851131 1
8862198 214684942 1
8862198 214851163 1
8862198 214851073 0.5
8862198 214716714 0.5
8862198 214851579 0.5
8862198 214716671 0.5
7904572 214716746 1
7904572 214851080 1
7904572 214851317 1
7904572 214851073 0.5
7904572 214851290 0.5
9783801 214854163 1
9783801 214853850 1
9783801 214853690 1
9783801 214853683 0.5
5265947 214826833 1
5265947 214835017 1
5265947 214845380 1
5265947 214669730 0.5
5265947 214835747 0.5
5265947 214563337 0.5
5265947 214836330 0.5
5265947 214845806 0.5
5265947 214819760 0.5
5265947 214838225 0.5
5265947 214819762 0.5
5265947 214834867 0.5
5265947 214829364 0.5
5265947 214642805 0.5
5265947 214845435 0.5
4856322 214829797 1
4856322 214829321 1
4856322 214839587 1
4856322 214820400 0.5
4856322 214838096 0.5
4856322 214839932 0.5
4856322 214838102 0.5
4856322 214832145 0.5
1483269 214829387 1
1483269 214833755 1
1483269 214834880 1
1483269 214826610 0.5
547334 214748293 1
547334 214753513 1
547334 214748297 1
547334 214748338 0.5
547334 214748302 0.5
10922503 214853102 1
10922503 214854840 1
10922503 214854785 1
10922503 214676480 0.5
10922503 214853072 0.5
10922503 214854787 0.5
2292823 214829878 1
2292823 214829887 1
2292823 214831948 1
2292823 214829885 0.5
2888209 214835747 1
2888209 214835745 1
2888209 214832792 1
2888209 214587712 0.5
2888209 214577025 0.5
2888209 214829280 0.5
2888209 214837882 0.5
2888209 214587697 0.5
2888209 214667912 0.5
2888209 214600492 0.5
2888209 214836330 0.5
2888209 214835019 0.5
2888209 214586668 0.5
2888209 214602802 0.5
2888209 214835017 0.5
2888209 214839600 0.5
2888209 214601233 0.5
2888209 214820402 0.5
2888209 214834867 0.5
2888209 214831959 0.5
2888209 214826872 0.5
2888209 214602600 0.5
2888209 214820400 0.5
9017874 214853132 1
9017874 214853105 1
9017874 214852980 1
9017874 214853225 0.5
9017874 214853162 0.5
9017874 214853227 0.5
9017874 214852978 0.5
9017874 214853237 0.5
9017874 214853210 0.5
9017874 214852987 0.5
9017874 214851326 0.5
8651284 214678376 1
8651284 214853263 1
8651284 214678387 1
8651284 214819393 0.5
8651284 214853130 0.5
8651284 214848302 0.5
8651284 214677830 0.5
8651284 214851742 0.5
2222427 214829878 1
2222427 214829887 1
2222427 214831955 1
2222427 214826977 0.5
6881814 214848849 1
6881814 214848945 1
6881814 214849312 1
6881814 214829387 0.5
6881814 214849020 0.5
6881814 214849022 0.5
6881814 214849046 0.5
6881814 214849239 0.5
5306116 214845457 1
5306116 214826833 1
5306116 214845380 1
5306116 214838092 0.5
5306116 214746380 0.5
5306116 214819760 0.5
5306116 214829878 0.5
5306116 214840091 0.5
5306116 214844413 0.5
1019764 214829100 1
1019764 214828995 1
1019764 214835743 1
1019764 214800272 0.5
1019764 214832780 0.5
451099 214612721 1
451099 214821309 1
451099 214821305 1
451099 214586711 0.5
6050332 214846119 1
6050332 214845962 1
6050332 214849010 1
6050332 214845971 0.5
9413152 214853709 1
9413152 214853767 1
9413152 214848658 1
9413152 214853702 0.5
9413152 214853707 0.5
9413152 214846061 0.5
9413152 214853713 0.5
9413152 214846067 0.5
9413152 214829852 0.5
1575458 214821350 1
1575458 214821332 1
1575458 214826561 1
1575458 214826563 0.5
1575458 214821407 0.5
490022 214826608 1
490022 214826705 1
490022 214826801 1
490022 214826700 0.5
4530728 214845131 1
4530728 214839973 1
4530728 214748336 1
4530728 214848176 0.5
4530728 214839960 0.5
4530728 214829852 0.5
4530728 214602598 0.5
4530728 214828985 0.5
7170603 214848795 1
7170603 214850287 1
7170603 214744775 1
7170603 214819760 0.5
7170603 214836330 0.5
7170603 214844413 0.5
9033588 214848967 1
9033588 214853454 1
9033588 214850942 1
9033588 214853420 0.5
9033588 214838102 0.5
219703 214744775 1
219703 214820392 1
219703 214748336 1
219703 214586432 0.5
219703 214725532 0.5
219703 214819719 0.5
6586804 214848380 1
6586804 214848596 1
6586804 214835167 1
6586804 214567408 0.5
6586804 214819393 0.5
6586804 214553587 0.5
6586804 214848337 0.5
5538911 214835064 1
5538911 214835426 1
5538911 214835428 1
5538911 214844370 0.5
3213884 214836932 1
3213884 214835109 1
3213884 214826990 1
3213884 214835747 0.5
3213884 214573612 0.5
3213884 214839982 0.5
3213884 214838227 0.5
3213884 214838137 0.5
3213884 214829852 0.5
3213884 214836926 0.5
2843163 214834867 1
2843163 214832792 1
2843163 214835747 1
2843163 214587712 0.5
2843163 214602600 0.5
2843163 214829379 0.5
2843163 214586668 0.5
2843163 214821399 0.5
9691714 214850945 1
9691714 214829878 1
9691714 214846033 1
9691714 214684730 0.5
9691714 214853420 0.5
8317508 214748336 1
8317508 214851097 1
8317508 214851236 1
8317508 214851137 0.5
8317508 214851163 0.5
8317508 214829799 0.5
8317508 214853195 0.5
8317508 214748334 0.5
8317508 214845135 0.5
8317508 214820400 0.5
8317508 214820402 0.5
8317508 214706102 0.5
8317508 214851131 0.5
2779718 214829878 1
2779718 214829882 1
2779718 214831948 1
2779718 214829880 0.5
6203976 214845980 1
6203976 214845958 1
6203976 214848165 1
6203976 214839965 0.5
6203976 214838831 0.5
1402896 214834880 1
1402896 214826610 1
1402896 214826563 1
1402896 214829392 0.5
4522574 214829878 1
4522574 214835019 1
4522574 214831946 1
4522574 214819400 0.5
4522574 214839937 0.5
4522574 214838098 0.5
4522574 214684730 0.5
4522574 214839973 0.5
10113616 214684762 1
10113616 214567329 1
10113616 214567215 1
10113616 214854264 0.5
10113616 214684785 0.5
9005649 214845962 1
9005649 214849010 1
9005649 214678376 1
9005649 214846312 0.5
9005649 214853165 0.5
9093714 214853094 1
9093714 214853077 1
9093714 214851326 1
9093714 214853090 0.5
10347479 214854579 1
10347479 214853677 1
10347479 214854534 1
10347479 214714712 0.5
10347479 214854547 0.5
10347479 214746365 0.5
11305061 214857570 1
11305061 214857568 1
11305061 214857562 1
11305061 214602729 0.5
11305061 214854894 0.5
6650471 214848337 1
6650471 214848380 1
6650471 214849012 1
6650471 214848328 0.5
6650471 214848330 0.5
6650471 214835109 0.5
6650471 214846535 0.5
2607548 214829882 1
2607548 214829664 1
2607548 214829878 1
2607548 214685857 0.5
2607548 214826977 0.5
2607548 214820456 0.5
2607548 214820394 0.5
2607548 214581551 0.5
2607548 214711952 0.5
2607548 214695285 0.5
2607548 214819577 0.5
2607548 214677401 0.5
2607548 214829660 0.5
2607548 214554973 0.5
540178 214826617 1
540178 214826621 1
540178 214826837 1
540178 214826619 0.5
5497959 214844402 1
5497959 214844372 1
5497959 214844370 1
5497959 214844400 0.5
10367601 214853454 1
10367601 214850947 1
10367601 214854853 1
10367601 214850304 0.5
10367601 214854785 0.5
10510962 214854579 1
10510962 214854352 1
10510962 214854583 1
10510962 214853113 0.5
6355376 214848371 1
6355376 214821292 1
6355376 214848375 1
6355376 214848969 0.5
8823412 214573350 1
8823412 214849080 1
8823412 214849153 1
8823412 214851077 0.5
8823412 214851238 0.5
8823412 214716935 0.5
8823412 214716110 0.5
8823412 214846067 0.5
8823412 214560613 0.5
8823412 214564380 0.5
8823412 214651517 0.5
8823412 214717247 0.5
9339511 214711307 1
9339511 214850949 1
9339511 214850945 1
9339511 214829880 0.5
9339511 214853338 0.5
9339511 214850947 0.5
4812564 214540055 1
4812564 214712235 1
4812564 214839594 1
4812564 214700000 0.5
4812564 214680371 0.5
4812564 214512611 0.5
4812564 214845508 0.5
4812564 214743515 0.5
4731514 214834877 1
4731514 214836924 1
4731514 214829852 1
4731514 214712130 0.5
4731514 214602598 0.5
4731514 214829321 0.5
4731514 214707853 0.5
4731514 214826990 0.5
4731514 214677615 0.5
4731514 214835124 0.5
4731514 214587317 0.5
4731514 214826998 0.5
10268437 214850739 1
10268437 214854352 1
10268437 214853113 1
10268437 214820394 0.5
10268437 214573310 0.5
10268437 214853767 0.5
8024708 214820231 1
8024708 214851285 1
8024708 214820233 1
8024708 214851133 0.5
8024708 214821277 0.5
8096392 214851161 1
8096392 214851028 1
8096392 214851080 1
8096392 214851234 0.5
8096392 214832604 0.5
8096392 214716671 0.5
7774858 214850285 1
7774858 214850282 1
7774858 214829880 1
7774858 214850287 0.5
7774858 214848795 0.5
7774858 214746380 0.5
7774858 214718398 0.5
7774858 214846031 0.5
7170699 214851032 1
7170699 214643036 1
7170699 214829360 1
7170699 214509403 0.5
588436 214826621 1
588436 214826998 1
588436 214827002 1
588436 214826872 0.5
588436 214821300 0.5
588436 214826908 0.5
588436 214826876 0.5
588436 214821401 0.5
4831894 214829878 1
4831894 214831946 1
4831894 214829797 1
4831894 214829887 0.5
4831894 214835475 0.5
4831894 214601229 0.5
4831894 214716110 0.5
4831894 214553565 0.5
9144988 214684730 1
9144988 214838102 1
9144988 214850942 1
9144988 214684734 0.5
6451994 214848375 1
6451994 214848371 1
6451994 214849050 1
6451994 214849312 0.5
3318431 214819550 1
3318431 214821017 1
3318431 214651777 1
3318431 214833755 0.5
3318431 214819430 0.5
3318431 214564710 0.5
3318431 214538572 0.5
3318431 214820394 0.5
3318431 214835019 0.5
3318431 214820812 0.5
3318431 214554637 0.5
3318431 214555438 0.5
3318431 214832559 0.5
3318431 214839600 0.5
3318431 214826610 0.5
3318431 214829366 0.5
3318431 214561402 0.5
3318431 214677615 0.5
3318431 214826621 0.5
3318431 214821022 0.5
3318431 214835002 0.5
1068827 214819395 1
1068827 214826835 1
1068827 214716984 1
1068827 214684736 0.5
1068827 214716967 0.5
1068827 214819400 0.5
1068827 214711082 0.5
1068827 214717005 0.5
1068827 214718255 0.5
1068827 214540183 0.5
1068827 214832653 0.5
10449573 214851238 1
10449573 214819612 1
10449573 214853165 1
10449573 214853128 0.5
2698012 214844394 1
2698012 214834867 1
2698012 214831937 1
2698012 214826947 0.5
2698012 214533022 0.5
3846827 214829797 1
3846827 214711295 1
3846827 214819400 1
3846827 214573350 0.5
3846827 214826983 0.5
3846827 214717511 0.5
3846827 214718255 0.5
3846827 214668185 0.5
3846827 214832015 0.5
10615471 214853244 1
10615471 214854536 1
10615471 214854354 1
10615471 214854352 0.5
5837488 214845986 1
5837488 214846061 1
5837488 214832145 1
5837488 214819760 0.5
5837488 214848997 0.5
5837488 214829799 0.5
5837488 214836330 0.5
5837488 214800272 0.5
5837488 214820402 0.5
5837488 214846007 0.5
5837488 214845917 0.5
5837488 214706462 0.5
2859707 214835019 1
2859707 214835017 1
2859707 214835747 1
2859707 214587697 0.5
4078269 214838124 1
4078269 214774685 1
4078269 214701212 1
4078269 214829730 0.5
4078269 214595139 0.5
4078269 214694139 0.5
1690303 214834880 1
1690303 214829387 1
1690303 214834877 1
1690303 214833755 0.5
1690303 214834875 0.5
7860047 214850936 1
7860047 214850743 1
7860047 214850790 1
7860047 214850720 0.5
7860047 214850756 0.5
7860047 214850405 0.5
7860047 214850726 0.5
7860047 214850792 0.5
7860047 214849363 0.5
7860047 214850938 0.5
7860047 214850621 0.5
8542917 214748295 1
8542917 214753505 1
8542917 214851167 1
8542917 214580424 0.5
8542917 214850936 0.5
8542917 214850938 0.5
8542917 214851322 0.5
8542917 214578350 0.5
11252172 214854707 1
11252172 214854789 1
11252172 214854800 1
11252172 214714755 0.5
9525962 214846072 1
9525962 214853420 1
9525962 214853347 1
9525962 214853422 0.5
9525962 214853158 0.5
6689483 214846067 1
6689483 214748336 1
6689483 214846061 1
6689483 214819721 0.5
6689483 214839587 0.5
4585566 214612901 1
4585566 214834873 1
4585566 214840310 1
4585566 214847968 0.5
4585566 214559940 0.5
6685474 214849003 1
6685474 214845943 1
6685474 214643681 1
6685474 214695193 0.5
6685474 214643910 0.5
1762006 214834880 1
1762006 214829390 1
1762006 214821294 1
1762006 214834877 0.5
6937721 214848847 1
6937721 214850360 1
6937721 214848926 1
6937721 214835167 0.5
6937721 214835109 0.5
6937721 214850357 0.5
9630429 214850949 1
9630429 214850945 1
9630429 214853330 1
9630429 214853152 0.5
7011217 214848941 1
7011217 214849312 1
7011217 214848947 1
7011217 214849284 0.5
7011217 214848945 0.5
7011217 214849333 0.5
7011217 214848954 0.5
7011217 214849020 0.5
7011217 214665277 0.5
7011217 214849022 0.5
6089206 214836519 1
6089206 214848298 1
6089206 214846029 1
6089206 214846033 0.5
6089206 214848309 0.5
6089206 214848305 0.5
2153188 214829861 1
2153188 214829865 1
2153188 214829707 1
2153188 214826801 0.5
8878821 214716746 1
8878821 214685049 1
8878821 214851161 1
8878821 214851080 0.5
8878821 214602731 0.5
8878821 214684845 0.5
8878821 214602735 0.5
8878821 214662763 0.5
9472746 214651777 1
9472746 214846119 1
9472746 214853165 1
9472746 214829765 0.5
10597099 214854577 1
10597099 214854352 1
10597099 214819599 1
10597099 214853113 0.5
10597099 214853244 0.5
7743434 214850936 1
7743434 214850754 1
7743434 214850790 1
7743434 214850756 0.5
4869943 214839347 1
4869943 214632146 1
4869943 214836887 1
4869943 214831944 0.5
4869943 214832012 0.5
4869943 214839973 0.5
4869943 214839590 0.5
8647424 214851326 1
8647424 214853085 1
8647424 214853096 1
8647424 214853105 0.5
8608896 214853085 1
8608896 214853077 1
8608896 214852980 1
8608896 214651777 0.5
8608896 214677615 0.5
2657026 214829878 1
2657026 214829887 1
2657026 214829882 1
2657026 214831946 0.5
10736389 214853700 1
10736389 214854515 1
10736389 214853702 1
10736389 214853353 0.5
9782027 214854300 1
9782027 214854534 1
9782027 214854579 1
9782027 214849464 0.5
9992972 214853435 1
9992972 214853994 1
9992972 214853722 1
9992972 214853996 0.5
9992972 214854125 0.5
9992972 214853702 0.5
1196813 214821305 1
1196813 214821309 1
1196813 214821302 1
1196813 214821315 0.5
1196813 214716710 0.5
11463444 214858333 1
11463444 214853102 1
11463444 214854842 1
11463444 214854356 0.5
10651146 214854495 1
10651146 214854536 1
10651146 214854577 1
10651146 214853113 0.5
10651146 214820394 0.5
9534234 214853428 1
9534234 214853420 1
9534234 214853422 1
9534234 214828963 0.5
9534234 214849327 0.5
3318903 214836530 1
3318903 214831935 1
3318903 214839617 1
3318903 214837882 0.5
3318903 214835475 0.5
9116444 214851742 1
9116444 214853128 1
9116444 214853165 1
9116444 214668249 0.5
6986527 214848849 1
6986527 214848658 1
6986527 214665277 1
6986527 214849022 0.5
6720289 214849020 1
6720289 214848954 1
6720289 214849022 1
6720289 214851009 0.5
6720289 214695097 0.5
6720289 214849046 0.5
6720289 214848945 0.5
2556706 214829878 1
2556706 214829882 1
2556706 214831948 1
2556706 214829880 0.5
10673287 214854354 1
10673287 214854536 1
10673287 214854579 1
10673287 214854352 0.5
10673287 214820394 0.5
10673287 214684762 0.5
10673287 214853726 0.5
5289437 214844345 1
5289437 214835109 1
5289437 214838227 1
5289437 214821410 0.5
5289437 214844340 0.5
5289437 214829765 0.5
5289437 214832150 0.5
5212978 214836924 1
5212978 214835167 1
5212978 214829765 1
5212978 214580171 0.5
1049401 214571904 1
1049401 214712272 1
1049401 214712229 1
1049401 214832660 0.5
2937659 214829878 1
2937659 214829887 1
2937659 214718396 1
2937659 214829880 0.5
2937659 214711408 0.5
10773232 214854268 1
10773232 214854264 1
10773232 214854358 1
10773232 214684785 0.5
10773232 214567215 0.5
5968706 214846121 1
5968706 214846001 1
5968706 214548744 1
5968706 214845984 0.5
5968706 214845965 0.5
5968706 214848305 0.5
5968706 214846007 0.5
5968706 214848185 0.5
5968706 214845917 0.5
8704836 214853105 1
8704836 214852980 1
8704836 214853077 1
8704836 214853085 0.5
8704836 214851326 0.5
8752609 214581761 1
8752609 214850709 1
8752609 214851292 1
8752609 214851133 0.5
8752609 214850372 0.5
8752609 214851013 0.5
8752609 214851159 0.5
2719202 214832792 1
2719202 214834867 1
2719202 214835747 1
2719202 214609325 0.5
4311896 214836857 1
4311896 214836855 1
4311896 214839962 1
4311896 214602598 0.5
8289113 214684730 1
8289113 214826666 1
8289113 214826662 1
8289113 214845577 0.5
8289113 214826668 0.5
8289113 214829878 0.5
8289113 214559726 0.5
10396506 214853244 1
10396506 214854300 1
10396506 214854174 1
10396506 214854536 0.5
10396506 214820394 0.5
10396506 214819599 0.5
10396506 214854352 0.5
10396506 214854354 0.5
10396506 214854579 0.5
10396506 214853113 0.5
5745783 214835019 1
5745783 214845491 1
5745783 214849001 1
5745783 214848997 0.5
5745783 214846007 0.5
1321827 214834877 1
1321827 214826610 1
1321827 214829366 1
1321827 214829387 0.5
9147238 214853094 1
9147238 214853105 1
9147238 214853248 1
9147238 214853096 0.5
7891816 214849762 1
7891816 214850310 1
7891816 214819380 1
7891816 214850936 0.5
7891816 214850705 0.5
1842402 214834873 1
1842402 214826610 1
1842402 214829366 1
1842402 214834880 0.5
1842402 214554296 0.5
1842402 214821410 0.5
1842402 214826805 0.5
1842402 214834877 0.5
2482663 214716746 1
2482663 214826563 1
2482663 214821407 1
2482663 214553537 0.5
2482663 214684841 0.5
2482663 214684845 0.5
2482663 214552142 0.5
2482663 214557223 0.5
4336492 214821277 1
4336492 214821285 1
4336492 214820383 1
4336492 214821290 0.5
4336492 214594678 0.5
4336492 214538030 0.5
11154287 214857830 1
11154287 214854782 1
11154287 214859139 1
11154287 214680371 0.5
11154287 214835117 0.5
269169 214717003 1
269169 214821290 1
269169 214821277 1
269169 214716928 0.5
269169 214826702 0.5
6366066 214848986 1
6366066 214848849 1
6366066 214846085 1
6366066 214849275 0.5
6366066 214849239 0.5
7038091 214844396 1
7038091 214850366 1
7038091 214849740 1
7038091 214849136 0.5
7038091 214849738 0.5
7038091 214849466 0.5
2923382 214821277 1
2923382 214837916 1
2923382 214601201 1
2923382 214829707 0.5
2923382 214821332 0.5
2923382 214837918 0.5
2923382 214820231 0.5
5501817 214845984 1
5501817 214844347 1
5501817 214846001 1
5501817 214829765 0.5
5501817 214586668 0.5
5501817 214844340 0.5
5501817 214846007 0.5
5501817 214844345 0.5
5501817 214839973 0.5
3580053 214826623 1
3580053 214834880 1
3580053 214844460 1
3580053 214826977 0.5
3580053 214563337 0.5
3580053 214832780 0.5
3580053 214835469 0.5
3580053 214543922 0.5
3580053 214559317 0.5
3580053 214831959 0.5
3580053 214837882 0.5
3580053 214834877 0.5
3580053 214836926 0.5
639873 214826615 1
639873 214826621 1
639873 214826617 1
639873 214612721 0.5
639873 214826955 0.5
11014033 214678376 1
11014033 214851742 1
11014033 214845962 1
11014033 214853165 0.5
11014033 214846119 0.5
10713989 214853072 1
10713989 214854780 1
10713989 214853754 1
10713989 214510460 0.5
5364614 214844368 1
5364614 214844370 1
5364614 214835167 1
5364614 214829825 0.5
5364614 214558258 0.5
5364614 214711348 0.5
5364614 214829765 0.5
4938634 214582380 1
4938634 214676010 1
4938634 214819468 1
4938634 214837280 0.5
4938634 214837288 0.5
4938634 214838092 0.5
4938634 214844370 0.5
4938634 214844372 0.5
4938634 214835064 0.5
6320971 214849284 1
6320971 214849275 1
6320971 214849331 1
6320971 214848330 0.5
6320971 214849292 0.5
6320971 214846535 0.5
9010063 214849102 1
9010063 214853090 1
9010063 214851326 1
9010063 214853248 0.5
9010063 214853105 0.5
9010063 214716714 0.5
9010063 214851077 0.5
8156051 214851101 1
8156051 214851099 1
8156051 214564380 1
8156051 214851313 0.5
8156051 214552522 0.5
8156051 214844347 0.5
8156051 214851133 0.5
5620629 214848997 1
5620629 214846014 1
5620629 214844372 1
5620629 214838225 0.5
7625623 214612738 1
7625623 214567100 1
7625623 214567106 1
7625623 214826897 0.5
7625623 214821309 0.5
10175396 214853730 1
10175396 214853722 1
10175396 214853698 1
10175396 214853700 0.5
4404719 214839975 1
4404719 214826990 1
4404719 214829765 1
4404719 214838098 0.5
5184413 214838092 1
5184413 214836956 1
5184413 214829878 1
5184413 214837280 0.5
5184413 214691735 0.5
1415664 214826610 1
1415664 214834877 1
1415664 214829366 1
1415664 214833755 0.5
906146 214827013 1
906146 214606792 1
906146 214827011 1
906146 214837442 0.5
906146 214707877 0.5
906146 214837485 0.5
906146 214837487 0.5
906146 214826617 0.5
906146 214838831 0.5
7012026 214849022 1
7012026 214849020 1
7012026 214848941 1
7012026 214851009 0.5
7012026 214848849 0.5
7012026 214848945 0.5
7012026 214848658 0.5
7012026 214848947 0.5
7012026 214849046 0.5
7012026 214848952 0.5
7012026 214848954 0.5
9583526 214853769 1
9583526 214716714 1
9583526 214760897 1
9583526 214851131 0.5
9583526 214851165 0.5
9583526 214716671 0.5
8008616 214716746 1
8008616 214851131 1
8008616 214851592 1
8008616 214853222 0.5
8008616 214853135 0.5
1624562 214829325 1
1624562 214829332 1
1624562 214829334 1
1624562 214829327 0.5
7011246 214848692 1
7011246 214848977 1
7011246 214848967 1
7011246 214849076 0.5
10572957 214854065 1
10572957 214854060 1
10572957 214853767 1
10572957 214853730 0.5
10572957 214853700 0.5
10572957 214854118 0.5
10572957 214743367 0.5
10572957 214854155 0.5
10572957 214854125 0.5
10572957 214853722 0.5
2962356 214844458 1
2962356 214844439 1
2962356 214844394 1
2962356 214551626 0.5
2962356 214533022 0.5
2962356 214551607 0.5
10414921 214854819 1
10414921 214854855 1
10414921 214850420 1
10414921 214854731 0.5
9312959 214829887 1
9312959 214826987 1
9312959 214853420 1
9312959 214850282 0.5
9312959 214853325 0.5
9312959 214829878 0.5
8627359 214845879 1
8627359 214853165 1
8627359 214852985 1
8627359 214853128 0.5
8627359 214819393 0.5
8627359 214586443 0.5
8627359 214853263 0.5
4365249 214821339 1
4365249 214551607 1
4365249 214844445 1
4365249 214533020 0.5
2063299 214695399 1
2063299 214834880 1
2063299 214712126 1
2063299 214821410 0.5
2063299 214835165 0.5
2063299 214834877 0.5
4047812 214826945 1
4047812 214829797 1
4047812 214821401 1
4047812 214826977 0.5
4047812 214668281 0.5
4047812 214600492 0.5
4047812 214587317 0.5
4047812 214640017 0.5
6331334 214845971 1
6331334 214649951 1
6331334 214845962 1
6331334 214819640 0.5
6331334 214582200 0.5
6331334 214557322 0.5
6331334 214553587 0.5
4742089 214839954 1
4742089 214542354 1
4742089 214839980 1
4742089 214844336 0.5
4742089 214835537 0.5
4742089 214836536 0.5
4742089 214844327 0.5
127946 214826608 1
127946 214826801 1
127946 214826700 1
127946 214820261 0.5
3822602 214821305 1
3822602 214716939 1
3822602 214844439 1
3822602 214612704 0.5
3822602 214844394 0.5
3822602 214821315 0.5
3822602 214819468 0.5
235307 214839313 1
235307 214826619 1
235307 214826606 1
235307 214821022 0.5
235307 214832559 0.5
91099 214821020 1
91099 214718160 1
91099 214826606 1
91099 214826715 0.5
4559837 214839956 1
4559837 214829042 1
4559837 214630042 1
4559837 214839977 0.5
8978597 214849155 1
8978597 214849153 1
8978597 214849080 1
8978597 214748334 0.5
8978597 214644662 0.5
10052432 214850942 1
10052432 214851290 1
10052432 214849284 1
10052432 214848337 0.5
10052432 214665277 0.5
10052432 214844345 0.5
8926179 214853218 1
8926179 214677733 1
8926179 214852987 1
8926179 214853233 0.5
8926179 214853162 0.5
8926179 214853222 0.5
9415654 214845962 1
9415654 214846119 1
9415654 214850942 1
9415654 214846312 0.5
10114024 214854510 1
10114024 214853865 1
10114024 214854262 1
10114024 214850760 0.5
10114024 214567333 0.5
10114024 214854146 0.5
10114024 214853413 0.5
10114024 214854165 0.5
10013673 214853698 1
10013673 214853713 1
10013673 214853430 1
10013673 214854060 0.5
10013673 214853709 0.5
10013673 214853702 0.5
10013673 214853767 0.5
7109564 214718207 1
7109564 214849284 1
7109564 214826610 1
7109564 214743367 0.5
10851308 214854547 1
10851308 214854585 1
10851308 214854300 1
10851308 214851125 0.5
5514221 214844396 1
5514221 214844372 1
5514221 214845412 1
5514221 214844398 0.5
5515696 214835473 1
5515696 214835428 1
5515696 214835426 1
5515696 214844345 0.5
7290366 214533020 1
7290366 214612738 1
7290366 214821309 1
7290366 214612708 0.5
7290366 214553702 0.5
7290366 214844456 0.5
7290366 214844458 0.5
7290366 214612751 0.5
7290366 214641967 0.5
7290366 214844445 0.5
1305592 214834875 1
1305592 214834877 1
1305592 214826610 1
1305592 214834880 0.5
1305592 214601233 0.5
1305592 214829387 0.5
1305592 214820807 0.5
4613809 214829310 1
4613809 214826990 1
4613809 214838227 1
4613809 214711657 0.5
4613809 214826979 0.5
4613809 214746380 0.5
4613809 214585597 0.5
4613809 214836887 0.5
3027962 214835019 1
3027962 214839617 1
3027962 214602600 1
3027962 214578645 0.5
3027962 214678989 0.5
10814462 214846067 1
10814462 214839587 1
10814462 214853707 1
10814462 214800262 0.5
10814462 214854118 0.5
10814462 214846061 0.5
10814462 214748334 0.5
10814462 214853709 0.5
10814462 214851122 0.5
10814462 214587317 0.5
10814462 214826998 0.5
10814462 214854298 0.5
488452 214820261 1
488452 214820233 1
488452 214827009 1
488452 214579288 0.5
488452 214535621 0.5
7670791 214587317 1
7670791 214850936 1
7670791 214848986 1
7670791 214846112 0.5
7670791 214640017 0.5
7670791 214850405 0.5
2964488 214835574 1
2964488 214835550 1
2964488 214831946 1
2964488 214829051 0.5
2964488 214829878 0.5
10931209 214716973 1
10931209 214716984 1
10931209 214832653 1
10931209 214832655 0.5
10931209 214855183 0.5
2307082 214829887 1
2307082 214829878 1
2307082 214831948 1
2307082 214711408 0.5
2307082 214718396 0.5
2307082 214684730 0.5
2307082 214826955 0.5
2307082 214820188 0.5
2767884 214831948 1
2767884 214831946 1
2767884 214835503 1
2767884 214601233 0.5
2767884 214601030 0.5
2767884 214819430 0.5
8115714 214852978 1
8115714 214853094 1
8115714 214852980 1
8115714 214853248 0.5
8115714 214853186 0.5
8115714 214853225 0.5
8115714 214851317 0.5
8115714 214851099 0.5
8115714 214853077 0.5
8162319 214851131 1
8162319 214684942 1
8162319 214851028 1
8162319 214851165 0.5
6690294 214838109 1
6690294 214848656 1
6690294 214648247 1
6690294 214849312 0.5
6690294 214836932 0.5
6690294 214667857 0.5
6690294 214839600 0.5
6690294 214845521 0.5
6690294 214819378 0.5
6690294 214821397 0.5
9968658 214852978 1
9968658 214854549 1
9968658 214854268 1
9968658 214853242 0.5
9968658 214662692 0.5
9968658 214851326 0.5
9968658 214684502 0.5
2884404 214835747 1
2884404 214835745 1
2884404 214600492 1
2884404 214601233 0.5
2884404 214579220 0.5
7650327 214821022 1
7650327 214839564 1
7650327 214850938 1
7650327 214820231 0.5
4233483 214826942 1
4233483 214829790 1
4233483 214645875 1
4233483 214826906 0.5
4233483 214836887 0.5
7943194 214851165 1
7943194 214851097 1
7943194 214716746 1
7943194 214851073 0.5
2295983 214829887 1
2295983 214831948 1
2295983 214829051 1
2295983 214831946 0.5
9007857 214716714 1
9007857 214716746 1
9007857 214848602 1
9007857 214558192 0.5
9007857 214849052 0.5
10071077 214718160 1
10071077 214717888 1
10071077 214850758 1
10071077 214850771 0.5
5547047 214845587 1
5547047 214844396 1
5547047 214844398 1
5547047 214844400 0.5
5547047 214835473 0.5
5547047 214601233 0.5
1852456 214581952 1
1852456 214829666 1
1852456 214826711 1
1852456 214829657 0.5
10249258 214854534 1
10249258 214821397 1
10249258 214854352 1
10249258 214854577 0.5
10249258 214853113 0.5
6725007 214846380 1
6725007 214846408 1
6725007 214551917 1
6725007 214821386 0.5
10816559 214854785 1
10816559 214853102 1
10816559 214854830 1
10816559 214819410 0.5
10816559 214854155 0.5
10816559 214854125 0.5
3951668 214820261 1
3951668 214820233 1
3951668 214829079 1
3951668 643078800 0.5
3951668 214820259 0.5
3951668 214820263 0.5
2647097 214829880 1
2647097 214829882 1
2647097 214831946 1
2647097 214829885 0.5
2647097 214829878 0.5
7932986 214850936 1
7932986 214850792 1
7932986 214850938 1
7932986 214851097 0.5
7932986 214850771 0.5
7932986 214849395 0.5
7152699 214849745 1
7152699 214846112 1
7152699 214849250 1
7152699 214849466 0.5
7152699 214828982 0.5
4502588 214826998 1
4502588 214706102 1
4502588 214839587 1
4502588 214829321 0.5
4502588 214832023 0.5
4502588 214687852 0.5
4502588 214586743 0.5
4502588 214717850 0.5
4502588 214829852 0.5
4502588 214829385 0.5
5392489 214820443 1
5392489 214849072 1
5392489 214845418 1
5392489 214828952 0.5
5392489 214585676 0.5
5392489 214829765 0.5
5392489 214712126 0.5
5392489 214835167 0.5
7674952 214846001 1
7674952 214848656 1
7674952 214826949 1
7674952 214849284 0.5
7674952 214586694 0.5
7674952 214820392 0.5
7674952 214839600 0.5
7674952 214828980 0.5
7674952 214849333 0.5
7674952 214834877 0.5
7674952 214831967 0.5
1782858 214712126 1
1782858 214840421 1
1782858 214826563 1
1782858 214826610 0.5
3705932 214836924 1
3705932 214835109 1
3705932 214836932 1
3705932 214829762 0.5
3705932 214838227 0.5
10416994 214853325 1
10416994 214854536 1
10416994 214854354 1
10416994 214853698 0.5
10416994 214850739 0.5
10416994 214853700 0.5
863311 214691396 1
863311 214691428 1
863311 214838715 1
863311 214691465 0.5
863311 214691426 0.5
863311 214842450 0.5
863311 214691293 0.5
863311 214838679 0.5
8514641 214853094 1
8514641 214852978 1
8514641 214853248 1
8514641 214853225 0.5
8514641 214853132 0.5
8514641 214853077 0.5
10835028 214854823 1
10835028 214714755 1
10835028 214849250 1
10835028 214738457 0.5
10835028 214716909 0.5
10652757 214716645 1
10652757 214853855 1
10652757 214854577 1
10652757 214710097 0.5
10652757 214854536 0.5
10652757 214854332 0.5
10652757 214826670 0.5
10652757 214854352 0.5
10652757 214684785 0.5
10652757 214854354 0.5
10652757 214854264 0.5
10652757 214684762 0.5
10652757 214854268 0.5
10652757 214853726 0.5
4869207 214602598 1
4869207 214836855 1
4869207 214587317 1
4869207 214829280 0.5
4869207 214586694 0.5
4869207 214835469 0.5
4869207 214829775 0.5
4869207 214828985 0.5
4869207 214587028 0.5
4869207 214836857 0.5
4869207 214821401 0.5
10935388 214853100 1
10935388 214864880 1
10935388 214853340 1
10935388 214850366 0.5
3363002 214832126 1
3363002 214832128 1
3363002 214836851 1
3363002 214829368 0.5
3363002 214836795 0.5
3363002 214832124 0.5
3363002 214595150 0.5
3363002 214836527 0.5
2583648 214829882 1
2583648 214829887 1
2583648 214829878 1
2583648 214831948 0.5
7545953 214850771 1
7545953 214848926 1
7545953 214849734 1
7545953 214849337 0.5
7545953 214849740 0.5
10804322 214854787 1
10804322 214854782 1
10804322 214854793 1
10804322 214854853 0.5
8607289 214853242 1
8607289 214851750 1
8607289 214853132 1
8607289 214853210 0.5
8607289 214853237 0.5
1942628 214829861 1
1942628 214829863 1
1942628 214829865 1
1942628 214832720 0.5
5636966 214846061 1
5636966 214845410 1
5636966 214845917 1
5636966 214849001 0.5
5636966 214846007 0.5
5636966 214848159 0.5
5636966 214846447 0.5
2479207 214829852 1
2479207 214743495 1
2479207 214674487 1
2479207 214717286 0.5
2479207 214601233 0.5
2479207 214748336 0.5
2479207 214557009 0.5
2479207 214717522 0.5
2479207 214602804 0.5
1225832 214827005 1
1225832 214827000 1
1225832 214774685 1
1225832 214827007 0.5
3026026 214835017 1
3026026 214835747 1
3026026 214835475 1
3026026 214710088 0.5
3026026 214820392 0.5
9379187 214853342 1
9379187 214845973 1
9379187 214853340 1
9379187 214711307 0.5
9379187 214853420 0.5
9379187 214853454 0.5
9379187 214853424 0.5
9379187 214853428 0.5
9379187 214853422 0.5
9379187 214853460 0.5
11508852 214857568 1
11508852 214857570 1
11508852 214857810 1
11508852 214696897 0.5
11508852 214854894 0.5
10169463 214567329 1
10169463 214567215 1
10169463 214854268 1
10169463 214684785 0.5
10169463 214853726 0.5
11043961 214567215 1
11043961 214567327 1
11043961 214684785 1
11043961 214567329 0.5
11043961 214853726 0.5
11043961 214854510 0.5
11043961 214853855 0.5
8159423 214851236 1
8159423 214851581 1
8159423 214851133 1
8159423 214851075 0.5
7134332 214540597 1
7134332 214820844 1
7134332 214850694 1
7134332 214516142 0.5
7134332 214712006 0.5
4838526 214839965 1
4838526 214832147 1
4838526 214837494 1
4838526 214601272 0.5
9126523 214695399 1
9126523 214567410 1
9126523 214531513 1
9126523 214851024 0.5
9126523 214829034 0.5
6984839 214718372 1
6984839 214849022 1
6984839 214851009 1
6984839 214848945 0.5
6984839 214850282 0.5
6984839 214684108 0.5
6984839 214849046 0.5
2532204 214829882 1
2532204 214829878 1
2532204 214829887 1
2532204 214835747 0.5
2532204 214587547 0.5
11503127 214819393 1
11503127 214846117 1
11503127 214678387 1
11503127 214853169 0.5
11503127 214557322 0.5
11503127 214851742 0.5
11503127 214846318 0.5
11503127 214668249 0.5
9263298 214853420 1
9263298 214853422 1
9263298 214831948 1
9263298 214850942 0.5
6745233 214832604 1
6745233 214848971 1
6745233 214849134 1
6745233 214714721 0.5
11156334 214556212 1
11156334 214854504 1
11156334 214848596 1
11156334 214854787 0.5
11156334 214851236 0.5
11156334 214854699 0.5
11156334 214854733 0.5
11156334 214849230 0.5
11156334 214854767 0.5
11156334 214712242 0.5
11156334 214854819 0.5
11156334 214712244 0.5
11156334 214854838 0.5
8170582 214716714 1
8170582 214851097 1
8170582 214851131 1
8170582 214716671 0.5
10632349 214684762 1
10632349 214853930 1
10632349 214854547 1
10632349 214854549 0.5
252101 214827000 1
252101 214827007 1
252101 214826925 1
252101 214577518 0.5
7888034 214667970 1
7888034 214846530 1
7888034 214849757 1
7888034 214849736 0.5
7888034 214849762 0.5
7888034 214850364 0.5
9256099 214831948 1
9256099 214850304 1
9256099 214845352 1
9256099 214684736 0.5
9256099 214846029 0.5
9256099 214850942 0.5
5672101 214844400 1
5672101 214844398 1
5672101 214844368 1
5672101 214844370 0.5
5672101 214826711 0.5
7881894 214849048 1
7881894 214564382 1
7881894 214850762 1
7881894 214850692 0.5
7881894 214850405 0.5
7881894 214850743 0.5
7881894 214850936 0.5
7881894 214839962 0.5
7881894 214849052 0.5
7881894 214850621 0.5
7881894 214821022 0.5
8504488 214716746 1
8504488 214851131 1
8504488 214850760 1
8504488 214851028 0.5
8504488 214850692 0.5
5442461 214711952 1
5442461 214835747 1
5442461 214601233 1
5442461 214829280 0.5
5442461 214800272 0.5
5442461 214577450 0.5
5442461 214836795 0.5
5442461 214826610 0.5
5739697 214821339 1
5739697 214716710 1
5739697 214716707 1
5739697 214711408 0.5
5739697 214575193 0.5
5739697 214844452 0.5
2421941 214829880 1
2421941 214829887 1
2421941 214831948 1
2421941 214829882 0.5
11089097 214855016 1
11089097 214854797 1
11089097 214854804 1
11089097 214854356 0.5
5648244 214839973 1
5648244 214846007 1
5648244 214846001 1
5648244 214832128 0.5
5648244 214844372 0.5
5648244 214846447 0.5
6007999 214848971 1
6007999 214846415 1
6007999 214844396 1
6007999 214844400 0.5
9116581 214849057 1
9116581 214716984 1
9116581 214848315 1
9116581 214844347 0.5
4988097 214844439 1
4988097 214844394 1
4988097 214821309 1
4988097 214844458 0.5
1644919 214743515 1
1644919 214684702 1
1644919 214829392 1
1644919 214680369 0.5
1644919 214829366 0.5
10079777 214853698 1
10079777 214853767 1
10079777 214853702 1
10079777 214853713 0.5
10079777 214853707 0.5
5186761 214844396 1
5186761 214844370 1
5186761 214835428 1
5186761 214837280 0.5
5186761 214603140 0.5
5186761 214602729 0.5
5186761 214844400 0.5
5186761 214839377 0.5
5186761 214684372 0.5
5186761 214602793 0.5
9225418 214853420 1
9225418 214853422 1
9225418 214850945 1
9225418 214850949 0.5
2567372 214829880 1
2567372 214829882 1
2567372 214831946 1
2567372 214829885 0.5
2090197 214829657 1
2090197 214819599 1
2090197 214820394 1
2090197 214829664 0.5
2090197 214829385 0.5
2090197 214744779 0.5
2090197 214832722 0.5
2090197 214819770 0.5
2090197 214829660 0.5
2405591 214829880 1
2405591 214829882 1
2405591 214831946 1
2405591 214684734 0.5
2405591 214829878 0.5
2405591 214831950 0.5
2405591 214711087 0.5
8832216 214678387 1
8832216 214677830 1
8832216 214846119 1
8832216 214819393 0.5
8832216 214846117 0.5
8832216 214853094 0.5
8832216 214853096 0.5
8832216 214845962 0.5
8832216 214853165 0.5
8832216 214853169 0.5
8832216 214853107 0.5
8832216 214709702 0.5
5752027 214820443 1
5752027 214846010 1
5752027 214849072 1
5752027 214846312 0.5
5752027 214821384 0.5
5752027 214845422 0.5
11037918 214854840 1
11037918 214855016 1
11037918 214864880 1
11037918 214853362 0.5
11037918 214854819 0.5
7888097 214851294 1
7888097 214835426 1
7888097 214851150 1
7888097 214563182 0.5
8455398 214851017 1
8455398 214838122 1
8455398 214849057 1
8455398 214838124 0.5
8238311 214851326 1
8238311 214853094 1
8238311 214853248 1
8238311 214819760 0.5
8238311 214853090 0.5
8238311 214851099 0.5
8238311 214836330 0.5
8238311 214819762 0.5
3560686 214834877 1
3560686 214834880 1
3560686 214820400 1
3560686 214640017 0.5
3560686 214714779 0.5
3560686 214717286 0.5
7507184 214587317 1
7507184 214567419 1
7507184 214567417 1
7507184 214557279 0.5
3181812 214836851 1
3181812 214836847 1
3181812 214836845 1
3181812 214821277 0.5
3181812 214842733 0.5
3181812 214820231 0.5
9524469 214853428 1
9524469 214853456 1
9524469 214853460 1
9524469 214853152 0.5
9524469 214846432 0.5
9524469 214853366 0.5
9524469 214853422 0.5
9524469 214849327 0.5
5356877 214844342 1
5356877 214845590 1
5356877 214844347 1
5356877 214835109 0.5
2321656 214540125 1
2321656 214831957 1
2321656 214829882 1
2321656 214748336 0.5
2321656 214826977 0.5
2321656 214831946 0.5
2321656 214835124 0.5
2321656 214829852 0.5
615674 214748300 1
615674 214748291 1
615674 214753507 1
615674 214748295 0.5
5091528 214826987 1
5091528 214706452 1
5091528 214684736 1
5091528 214831944 0.5
5091528 214838096 0.5
5091528 214829887 0.5
5091528 214684702 0.5
5091528 214557607 0.5
7894272 214851028 1
7894272 214851236 1
7894272 214716654 1
7894272 214850848 0.5
7894272 214851234 0.5
7894272 214564387 0.5
7894272 214851099 0.5
7894272 214845885 0.5
8877313 214852978 1
8877313 214853105 1
8877313 214853248 1
8877313 214853090 0.5
8877313 214851326 0.5
4715778 214845131 1
4715778 214836330 1
4715778 214835469 1
4715778 214829280 0.5
4715778 214839600 0.5
4715778 214839960 0.5
4715778 214586694 0.5
4715778 214836857 0.5
10090027 214853722 1
10090027 214853767 1
10090027 214853702 1
10090027 214854152 0.5
10090027 214853713 0.5
10090027 214853698 0.5
10090027 214853700 0.5
10090027 214853730 0.5
7154948 214850285 1
7154948 214850291 1
7154948 214850295 1
7154948 214850315 0.5
2727174 214821315 1
2727174 214844439 1
2727174 214551626 1
2727174 214844456 0.5
2727174 214844394 0.5
2727174 214844462 0.5
2727174 214844465 0.5
2727174 214844441 0.5
2727174 214551624 0.5
2727174 214821305 0.5
2727174 214533022 0.5
4294064 214845131 1
4294064 214602733 1
4294064 214848176 1
4294064 214839969 0.5
4294064 214839971 0.5
4294064 214829287 0.5
4294064 214542759 0.5
4294064 214848178 0.5
4294064 214587317 0.5
4294064 214836857 0.5
4294064 214828985 0.5
8633559 214854675 1
8633559 214853160 1
8633559 214820443 1
8633559 214851315 0.5
10827024 214853102 1
10827024 214854782 1
10827024 214854785 1
10827024 214853100 0.5
10240899 214854017 1
10240899 214853135 1
10240899 214564387 1
10240899 214854176 0.5
10240899 214853222 0.5
10240899 214851592 0.5
10240899 214839962 0.5
10240899 214854165 0.5
10240899 214853113 0.5
10240899 214677401 0.5
10240899 214853242 0.5
10240899 214850938 0.5
10240899 214684725 0.5
2944279 214710155 1
2944279 214829878 1
2944279 214711280 1
2944279 214829882 0.5
2944279 214835165 0.5
2944279 214831950 0.5
2944279 214829885 0.5
3437853 214667912 1
3437853 214826623 1
3437853 214835019 1
3437853 214556906 0.5
3437853 214836870 0.5
2305311 214829880 1
2305311 214829887 1
2305311 214821392 1
2305311 214829394 0.5
2305311 214844460 0.5
2944289 214837918 1
2944289 214835132 1
2944289 214837916 1
2944289 214832017 0.5
8592674 214563182 1
8592674 214850747 1
8592674 214850934 1
8592674 214630042 0.5
9603291 214581611 1
9603291 214849312 1
9603291 214676375 1
9603291 214595150 0.5
9603291 214677830 0.5
9603291 214675895 0.5
8672549 214853085 1
8672549 214853105 1
8672549 214853096 1
8672549 214853248 0.5
10802436 214854853 1
10802436 214853100 1
10802436 214864880 1
10802436 214854840 0.5
10802436 214854785 0.5
6497576 214844345 1
6497576 214848630 1
6497576 214845131 1
6497576 214848656 0.5
6497576 214848682 0.5
6497576 214844372 0.5
10572617 214510445 1
10572617 214848315 1
10572617 214849807 1
10572617 214849920 0.5
10572617 214642055 0.5
3949871 214835167 1
3949871 214829765 1
3949871 214829825 1
3949871 214826975 0.5
5580339 214844402 1
5580339 214711348 1
5580339 214826990 1
5580339 214838225 0.5
10374453 214854230 1
10374453 214854227 1
10374453 214854495 1
10374453 214854549 0.5
10374453 214847255 0.5
4782672 214821305 1
4782672 214821309 1
4782672 214844441 1
4782672 214821313 0.5
4782672 214821341 0.5
8909433 214851326 1
8909433 214853090 1
8909433 214853248 1
8909433 214853105 0.5
8909433 214853085 0.5
8909433 214853094 0.5
11543868 214651419 1
11543868 214849247 1
11543868 214854060 1
11543868 214652930 0.5
11543868 214743495 0.5
11543868 214854860 0.5
11543868 214753515 0.5
11543868 214746380 0.5
11543868 214716110 0.5
11543868 214835439 0.5
11543868 214542761 0.5
11543868 214717562 0.5
5502272 214844398 1
5502272 214845412 1
5502272 214844402 1
5502272 214844400 0.5
5502272 214844347 0.5
10336139 214854300 1
10336139 214850741 1
10336139 214819577 1
10336139 214556216 0.5
10336139 214556212 0.5
7286087 214716935 1
7286087 214716932 1
7286087 214509403 1
7286087 214509401 0.5
6911309 214849318 1
6911309 214851009 1
6911309 214514272 1
6911309 214848656 0.5
6911309 214846530 0.5
6911309 214834877 0.5
6911309 214849046 0.5
6911309 214849239 0.5
9837902 214853715 1
9837902 214854510 1
9837902 214854262 1
9837902 214853865 0.5
9837902 214853996 0.5
9837902 214567333 0.5
9837902 214850405 0.5
9223504 214853702 1
9223504 214850790 1
9223504 214853992 1
9223504 214853722 0.5
9223504 214821371 0.5
9223504 214853413 0.5
9223504 214563182 0.5
10333522 214846391 1
10333522 214687845 1
10333522 214854733 1
10333522 214854555 0.5
10333522 214854583 0.5
10634467 214854510 1
10634467 214854549 1
10634467 214684785 1
10634467 214567327 0.5
5946709 214848315 1
5946709 214848300 1
5946709 214848298 1
5946709 214845984 0.5
5946709 214819760 0.5
5946709 214838225 0.5
5946709 214829006 0.5
5946709 214846127 0.5
1326423 214834880 1
1326423 214828963 1
1326423 214828970 1
1326423 214829387 0.5
1326423 214829366 0.5
4311951 214829792 1
4311951 214684702 1
4311951 214838102 1
4311951 214835936 0.5
4311951 214835938 0.5
4311951 214839592 0.5
4311951 214820938 0.5
4311951 214712237 0.5
4311951 214835120 0.5
4311951 214743515 0.5
4311951 214835934 0.5
9413981 214853364 1
9413981 214853152 1
9413981 214853330 1
9413981 214853366 0.5
6669663 214849012 1
6669663 214848337 1
6669663 214826610 1
6669663 214849312 0.5
6131042 214846117 1
6131042 214826833 1
6131042 214835109 1
6131042 214848609 0.5
6131042 214709702 0.5
6131042 214710097 0.5
6131042 214695210 0.5
6131042 214829387 0.5
6131042 214846125 0.5
6131042 214643057 0.5
6131042 214846001 0.5
6131042 214826610 0.5
6131042 214845971 0.5
6131042 214819640 0.5
6131042 214676377 0.5
6131042 214836362 0.5
6131042 214848926 0.5
6131042 214746365 0.5
11226001 214743515 1
11226001 214854720 1
11226001 214854842 1
11226001 214848757 0.5
5143913 214837494 1
5143913 214847261 1
5143913 214847255 1
5143913 214839962 0.5
3140839 214831935 1
3140839 214835745 1
3140839 214835017 1
3140839 214587697 0.5
3140839 214829030 0.5
11046252 214864880 1
11046252 214854795 1
11046252 214854853 1
11046252 214854840 0.5
5813613 214838227 1
5813613 214835109 1
5813613 214668249 1
5813613 214676962 0.5
4203886 214826942 1
4203886 214831970 1
4203886 214829887 1
4203886 214838096 0.5
8373618 214851326 1
8373618 214853094 1
8373618 214852978 1
8373618 214852980 0.5
7967364 214851236 1
7967364 214851028 1
7967364 214851133 1
7967364 214684942 0.5
3853686 214595150 1
3853686 214836924 1
3853686 214832143 1
3853686 214829773 0.5
3853686 214836795 0.5
3853686 214613741 0.5
3853686 214829765 0.5
9322729 214850949 1
9322729 214850942 1
9322729 214853340 1
9322729 214853426 0.5
4795768 214838098 1
4795768 214832012 1
4795768 214717562 1
4795768 214748336 0.5
4795768 214712130 0.5
4795768 214743495 0.5
4795768 214819721 0.5
4795768 214839600 0.5
4795768 214829852 0.5
9000313 214844458 1
9000313 214612704 1
9000313 214612738 1
9000313 214844465 0.5
9000313 214612708 0.5
9000313 214821309 0.5
9000313 214844439 0.5
11176511 214854770 1
11176511 214854834 1
11176511 214854497 1
11176511 214850752 0.5
11176511 214686864 0.5
11176511 214686879 0.5
11176511 214854502 0.5
11176511 214854767 0.5
7566721 214853177 1
7566721 214853175 1
7566721 214853758 1
7566721 214714665 0.5
7566721 214535051 0.5
7566721 214849391 0.5
8471942 214851150 1
8471942 214851294 1
8471942 214849057 1
8471942 214820233 0.5
10433929 214853321 1
10433929 214540070 1
10433929 214826987 1
10433929 214700002 0.5
10433929 214848307 0.5
10433929 214839596 0.5
10433929 214712237 0.5
10433929 214853325 0.5
2243138 214829880 1
2243138 214831946 1
2243138 214831948 1
2243138 214829878 0.5
10810767 214854774 1
10810767 214853100 1
10810767 214864880 1
10810767 214714755 0.5
10810767 214849132 0.5
10810767 214510445 0.5
9808482 214853732 1
9808482 214853248 1
9808482 214851326 1
9808482 214821410 0.5
9808482 214836932 0.5
9808482 214853094 0.5
9808482 214853385 0.5
9808482 214832747 0.5
9808482 214852978 0.5
9808482 214853077 0.5
9808482 214829366 0.5
9808482 214844347 0.5
1037718 214821305 1
1037718 214612721 1
1037718 214821307 1
1037718 214612738 0.5
1037718 214821341 0.5
9878048 214854159 1
9878048 214853996 1
9878048 214854176 1
9878048 214645708 0.5
9878048 214853994 0.5
9878048 214854148 0.5
9878048 214836956 0.5
9878048 214850855 0.5
2928024 214602600 1
2928024 214835745 1
2928024 214835019 1
2928024 214600492 0.5
8391236 214564380 1
8391236 214851232 1
8391236 214851290 1
8391236 214708037 0.5
579823 214839313 1
579823 214839997 1
579823 214839999 1
579823 214840001 0.5
4763036 214839973 1
4763036 214820392 1
4763036 214839600 1
4763036 214845131 0.5
9335552 214853242 1
9335552 214853132 1
9335552 214851750 1
9335552 214853210 0.5
6022559 214845980 1
6022559 214831946 1
6022559 214829878 1
6022559 214829882 0.5
6022559 214846427 0.5
9057701 214851750 1
9057701 214853242 1
9057701 214851238 1
9057701 214853132 0.5
9057701 214853182 0.5
9057701 214853222 0.5
9057701 214853135 0.5
11440274 214854510 1
11440274 214567329 1
11440274 214567333 1
11440274 214854262 0.5
7708071 214853177 1
7708071 214853175 1
7708071 214853758 1
7708071 214840378 0.5
3433896 214829083 1
3433896 214829079 1
3433896 214821285 1
3433896 214821277 0.5
5562951 214844402 1
5562951 214844396 1
5562951 214844345 1
5562951 214844370 0.5
10008166 214567327 1
10008166 214567333 1
10008166 214853726 1
10008166 214684785 0.5
10008166 214854262 0.5
10008166 214853413 0.5
10008166 214854510 0.5
3427759 214836830 1
3427759 214832126 1
3427759 214832128 1
3427759 214835107 0.5
10206641 214854262 1
10206641 214854358 1
10206641 214854600 1
10206641 214854075 0.5
10206641 214567333 0.5
6776497 214695399 1
6776497 214846031 1
6776497 214850304 1
6776497 214829880 0.5
6776497 214850285 0.5
6776497 214684734 0.5
6282979 214846535 1
6282979 214848380 1
6282979 214848337 1
6282979 214848328 0.5
6282979 214848656 0.5
5787551 214676377 1
5787551 214846119 1
5787551 214849010 1
5787551 214835167 0.5
3128772 214836133 1
3128772 214836075 1
3128772 214602600 1
3128772 214836249 0.5
9474877 214853154 1
9474877 214850942 1
9474877 214850949 1
9474877 214853347 0.5
8281542 214851135 1
8281542 214851583 1
8281542 214851071 1
8281542 214574777 0.5
8281542 214851324 0.5
7439819 214849134 1
7439819 214849031 1
7439819 214829038 1
7439819 214819464 0.5
7439819 214567410 0.5
7439819 214850291 0.5
10562052 214850790 1
10562052 214854354 1
10562052 214854585 1
10562052 214853992 0.5
10562052 214854172 0.5
10562052 214850741 0.5
7787992 214844394 1
7787992 214844462 1
7787992 214842733 1
7787992 214821305 0.5
7787992 214844439 0.5
9338333 214844396 1
9338333 214848185 1
9338333 214853422 1
9338333 214853154 0.5
9338333 214853381 0.5
9338333 214854152 0.5
9338333 214853353 0.5
9338333 214853698 0.5
9338333 214853709 0.5
9338333 214853722 0.5
9338333 214836956 0.5
7462367 214850771 1
7462367 214850625 1
7462367 214850743 1
7462367 214851131 0.5
7462367 214850790 0.5
9848289 214853767 1
9848289 214853698 1
9848289 214854495 1
9848289 214560534 0.5
9848289 214853707 0.5
9848289 214854545 0.5
9848289 214684498 0.5
9848289 214854549 0.5
9848289 214684502 0.5
9848289 214854075 0.5
9848289 214851326 0.5
9830993 214853077 1
9830993 214853715 1
9830993 214853865 1
9830993 214852980 0.5
9830993 214853413 0.5
9830993 214851326 0.5
4710606 214839973 1
4710606 214845131 1
4710606 214839960 1
4710606 214829280 0.5
4710606 214839971 0.5
4710606 214691332 0.5
4710606 214829797 0.5
4710606 214602598 0.5
4710606 214839975 0.5
4710606 214836857 0.5
4710606 214836142 0.5
4710606 214838417 0.5
4710606 214843410 0.5
4710606 214567331 0.5
4710606 214691246 0.5
4710606 214836855 0.5
4710606 214838105 0.5
4710606 214839932 0.5
4710606 214836853 0.5
6024684 214846475 1
6024684 214846457 1
6024684 214848159 1
6024684 214846412 0.5
9537311 214853135 1
9537311 214853195 1
9537311 214850405 1
9537311 214837442 0.5
9537311 214851748 0.5
9537311 214853227 0.5
9537311 214698446 0.5
9537311 214850557 0.5
9537311 214849365 0.5
9537311 214853210 0.5
9537311 214850621 0.5
2602479 214829878 1
2602479 214831946 1
2602479 214826715 1
2602479 214717511 0.5
10030582 214853255 1
10030582 214680356 1
10030582 214853218 1
10030582 214545879 0.5
5217801 214845131 1
5217801 214820392 1
5217801 214826623 1
5217801 214601229 0.5
5594626 214850872 1
5594626 214846033 1
5594626 214839965 1
5594626 214850880 0.5
5594626 214848992 0.5
5594626 214845958 0.5
5594626 214845980 0.5
5594626 214708044 0.5
5594626 214839962 0.5
5594626 214584092 0.5
8356198 214716746 1
8356198 214684942 1
8356198 214851163 1
8356198 214851592 0.5
8356198 214851165 0.5
8885769 214853077 1
8885769 214853105 1
8885769 214852980 1
8885769 214853094 0.5
9422346 214853707 1
9422346 214853767 1
9422346 214854122 1
9422346 214853713 0.5
9422346 214853698 0.5
9221647 214853420 1
9221647 214850947 1
9221647 214853347 1
9221647 214853417 0.5
9221647 214850949 0.5
9221647 214853454 0.5
2092562 214826711 1
2092562 214667912 1
2092562 214829852 1
2092562 214821410 0.5
2092562 214829820 0.5
2092562 214829850 0.5
2092562 214743495 0.5
6166038 214846417 1
6166038 214846468 1
6166038 214846427 1
6166038 214846067 0.5
6166038 214846127 0.5
103959 214820456 1
103959 214706205 1
103959 214820812 1
103959 214748287 0.5
5117464 214838092 1
5117464 214836956 1
5117464 214826818 1
5117464 214837280 0.5
2330141 214829882 1
2330141 214829878 1
2330141 214831948 1
2330141 214829880 0.5
2330141 214829887 0.5
9567967 214716110 1
9567967 214753515 1
9567967 214832023 1
9567967 214743335 0.5
9567967 214853698 0.5
9567967 214835747 0.5
9567967 214845380 0.5
9567967 214835111 0.5
9567967 214854152 0.5
9567967 214563337 0.5
9567967 214853707 0.5
9567967 214845986 0.5
9567967 214846127 0.5
9567967 214819760 0.5
9567967 214853713 0.5
9567967 214853430 0.5
9567967 214851099 0.5
9567967 214851133 0.5
10267873 214837286 1
10267873 214854733 1
10267873 214854808 1
10267873 214686864 0.5
10267873 214714755 0.5
10267873 214853702 0.5
10267873 214850758 0.5
10267873 214853767 0.5
10267873 214854830 0.5
10267873 214854512 0.5
10267873 214853102 0.5
10267873 214859246 0.5
10267873 214853722 0.5
10267873 214686879 0.5
2577329 214829878 1
2577329 214511006 1
2577329 214583190 1
2577329 214643340 0.5
2577329 214698420 0.5
1625643 214829368 1
1625643 214821332 1
1625643 214821015 1
1625643 214650592 0.5
1625643 214573290 0.5
1625643 214829396 0.5
10874414 214854787 1
10874414 214854840 1
10874414 214578350 1
10874414 214851167 0.5
10874414 214820938 0.5
10874414 214849747 0.5
10874414 214725549 0.5
10874414 214561991 0.5
7587376 214819380 1
7587376 214819378 1
7587376 214849777 1
7587376 214835137 0.5
7587376 214849796 0.5
7587376 214849352 0.5
7587376 214849389 0.5
7587376 214849807 0.5
7587376 214844589 0.5
10917429 214854720 1
10917429 214854827 1
10917429 214854699 1
10917429 214853754 0.5
10917429 214712244 0.5
10917429 214851757 0.5
10917429 214859246 0.5
10694239 214854257 1
10694239 214854080 1
10694239 214854737 1
10694239 214854212 0.5
10694239 214854221 0.5
8627773 214848302 1
8627773 214853115 1
8627773 214853130 1
8627773 214853169 0.5
10991168 214854840 1
10991168 214853100 1
10991168 214854782 1
10991168 214854857 0.5
10991168 214853722 0.5
9334337 214853420 1
9334337 214844396 1
9334337 214850947 1
9334337 214850942 0.5
2795072 214835132 1
2795072 214831940 1
2795072 214826947 1
2795072 214835503 0.5
9997891 214853460 1
9997891 214853340 1
9997891 214853428 1
9997891 214848298 0.5
2164662 214829865 1
2164662 214829861 1
2164662 214829707 1
2164662 214829857 0.5
6090311 214848626 1
6090311 214845352 1
6090311 214845356 1
6090311 214848692 0.5
6090311 214848605 0.5
5609034 214845583 1
5609034 214844402 1
5609034 214834877 1
5609034 214553561 0.5
5609034 214744427 0.5
5609034 214665277 0.5
5609034 214846127 0.5
10622221 214854352 1
10622221 214854585 1
10622221 214850739 1
10622221 214854536 0.5
10622221 214573305 0.5
10622221 214854547 0.5
8441428 214853105 1
8441428 214853096 1
8441428 214853085 1
8441428 214853094 0.5
9718302 214853424 1
9718302 214853340 1
9718302 214853454 1
9718302 214831955 0.5
5417202 214844355 1
5417202 214523690 1
5417202 214844370 1
5417202 214844368 0.5
4984409 214839971 1
4984409 214835109 1
4984409 214538820 1
4984409 214718169 0.5
7464541 214849031 1
7464541 214587317 1
7464541 214850940 1
7464541 214850619 0.5
7464541 214850411 0.5
7464541 214849395 0.5
7464541 214849247 0.5
7464541 214586743 0.5
4787813 214839965 1
4787813 214644750 1
4787813 214644692 1
4787813 214557257 0.5
4787813 214717721 0.5
4787813 214717620 0.5
4787813 214839962 0.5
4787813 214834871 0.5
8767252 214820345 1
8767252 214846061 1
8767252 214848658 1
8767252 214853090 0.5
8767252 214849762 0.5
8767252 214846447 0.5
8767252 214844400 0.5
8767252 214838225 0.5
8767252 214820402 0.5
8767252 214846067 0.5
8767252 214706102 0.5
8767252 214851581 0.5
8767252 214851326 0.5
6967568 214845943 1
6967568 214667857 1
6967568 214849127 1
6967568 214834877 0.5
6967568 214849239 0.5
6223464 214848977 1
6223464 214848982 1
6223464 214710097 1
6223464 214514272 0.5
9391721 214853420 1
9391721 214853342 1
9391721 214700002 1
9391721 214648256 0.5
9391721 214850947 0.5
9391721 214850949 0.5
9391721 214853321 0.5
9391721 214853422 0.5
9391721 214680371 0.5
9391721 214853454 0.5
6887018 214849312 1
6887018 214848682 1
6887018 214845131 1
6887018 214839971 0.5
6887018 214850953 0.5
6887018 214835019 0.5
6887018 214848845 0.5
6887018 214826610 0.5
6887018 214848695 0.5
5086827 214837286 1
5086827 214832156 1
5086827 214837288 1
5086827 214837280 0.5
5086827 214829765 0.5
5086827 214838092 0.5
5086827 214819472 0.5
5086827 214844402 0.5
5086827 214844345 0.5
2037358 214826700 1
2037358 214826801 1
2037358 214840740 1
2037358 214836129 0.5
6530671 214546772 1
6530671 214829672 1
6530671 214587560 1
6530671 214514272 0.5
6530671 214820272 0.5
6530671 214836868 0.5
32373 214835120 1
32373 214748336 1
32373 214706102 1
32373 214819721 0.5
10098296 214854268 1
10098296 214854264 1
10098296 214684785 1
10098296 214567329 0.5
10098296 214853435 0.5
10098296 214854148 0.5
10098296 214853852 0.5
7984761 214850936 1
7984761 214850720 1
7984761 214850621 1
7984761 214676306 0.5
7984761 214564382 0.5
9657984 214853400 1
9657984 214853381 1
9657984 214853154 1
9657984 214848176 0.5
9035393 214853094 1
9035393 214852978 1
9035393 214853105 1
9035393 214851326 0.5
5299842 214835428 1
5299842 214844370 1
5299842 214835064 1
5299842 214835426 0.5
5299842 214844355 0.5
5299842 214553604 0.5
5299842 214826949 0.5
5299842 214835462 0.5
5299842 214836328 0.5
5299842 214640012 0.5
5299842 214835473 0.5
5299842 214835070 0.5
5242499 214711247 1
5242499 214844400 1
5242499 214527519 1
5242499 214603140 0.5
5242499 214743335 0.5
5242499 214844396 0.5
5242499 214844336 0.5
5242499 214844340 0.5
5242499 214844342 0.5
5242499 214561496 0.5
5242499 214844345 0.5
5242499 214725508 0.5
5242499 214712124 0.5
5242499 214835070 0.5
7952007 214851099 1
7952007 214849153 1
7952007 214850741 1
7952007 214850936 0.5
7952007 214839962 0.5
7952007 214850621 0.5
7952007 214711247 0.5
10884746 214712240 1
10884746 214851757 1
10884746 214853083 1
10884746 214854716 0.5
11073163 214854797 1
11073163 214854840 1
11073163 214853102 1
11073163 214854787 0.5
2739852 214835017 1
2739852 214835745 1
2739852 214826565 1
2739852 214600492 0.5
9719298 214851080 1
9719298 214851131 1
9719298 214849363 1
9719298 214854017 0.5
9719298 214851748 0.5
9719298 214850405 0.5
9719298 214853992 0.5
9719298 214853225 0.5
9719298 214853195 0.5
9719298 214853135 0.5
9719298 214554675 0.5
1035922 214512152 1
1035922 214821313 1
1035922 214821339 1
1035922 214580790 0.5
8684483 214851150 1
8684483 214829045 1
8684483 214851294 1
8684483 214602806 0.5
7898774 214850741 1
7898774 214850621 1
7898774 214850720 1
7898774 214564382 0.5
1627799 214551630 1
1627799 214821309 1
1627799 214533026 1
1627799 214821305 0.5
1627799 214586711 0.5
6383264 214839971 1
6383264 214839973 1
6383264 214848688 1
6383264 214848656 0.5
6383264 214848630 0.5
6383264 214848695 0.5
2946723 214835122 1
2946723 214553587 1
2946723 214819640 1
2946723 214753513 0.5
2946723 214650626 0.5
2946723 214581611 0.5
2946723 214811739 0.5
2946723 214709702 0.5
1844166 214582346 1
1844166 214832557 1
1844166 214820197 1
1844166 214603140 0.5
1844166 214657318 0.5
1844166 214560615 0.5
1844166 214602793 0.5
1844166 214561453 0.5
1844166 214832559 0.5
1844166 214561457 0.5
1844166 214579775 0.5
5639793 214835428 1
5639793 214835070 1
5639793 214835064 1
5639793 214561496 0.5
5639793 214835426 0.5
5639793 214835462 0.5
462508 214716984 1
462508 214826702 1
462508 214826829 1
462508 214717003 0.5
462508 214716982 0.5
2734706 214826833 1
2734706 214837918 1
2734706 214684108 1
2734706 214835137 0.5
2734706 214826818 0.5
2734706 214835042 0.5
2734706 214680705 0.5
8713902 214853265 1
8713902 214852985 1
8713902 214851737 1
8713902 214851748 0.5
10896669 214853100 1
10896669 214854731 1
10896669 214850949 1
10896669 214852978 0.5
10896669 214854819 0.5
10896669 214838107 0.5
10766371 214853113 1
10766371 214854579 1
10766371 214684762 1
10766371 214851075 0.5
10766371 214748336 0.5
10766371 214684785 0.5
10766371 214850741 0.5
10766371 214854358 0.5
10766371 214819577 0.5
10766371 214854298 0.5
10766371 214854174 0.5
10766371 214854527 0.5
3700401 214820263 1
3700401 214829325 1
3700401 214820259 1
3700401 214836761 0.5
1320628 214587317 1
1320628 214828982 1
1320628 214829360 1
1320628 214586694 0.5
1320628 214826610 0.5
1320628 214828980 0.5
1320628 214586743 0.5
1320628 214826906 0.5
1320628 214829053 0.5
2574006 214829880 1
2574006 214821322 1
2574006 214829887 1
2574006 214710099 0.5
2574006 214640012 0.5
7866 214840483 1
7866 214708370 1
7866 214706460 1
7866 214718169 0.5
7866 214821022 0.5
10335519 214853848 1
10335519 214853225 1
10335519 214853852 1
10335519 214854176 0.5
10335519 214854352 0.5
10335519 214853242 0.5
10335519 214554675 0.5
10335519 214853846 0.5
10516157 214684762 1
10516157 214853726 1
10516157 214684785 1
10516157 214567329 0.5
10516157 214854358 0.5
10516157 214854352 0.5
10516157 214854547 0.5
10516157 214854262 0.5
10516157 214854264 0.5
10336544 214854583 1
10336544 214687845 1
10336544 214687475 1
10336544 214846391 0.5
9922243 214853698 1
9922243 214854527 1
9922243 214748336 1
9922243 214744775 0.5
9311949 214850285 1
9311949 214850949 1
9311949 214850315 1
9311949 214850282 0.5
9311949 214684715 0.5
9311949 214849796 0.5
2291409 214829878 1
2291409 214829882 1
2291409 214829887 1
2291409 214831948 0.5
2291409 214831965 0.5
10096338 214854268 1
10096338 214854264 1
10096338 214854579 1
10096338 214567333 0.5
10096338 214853735 0.5
10096338 214854536 0.5
10096338 214854510 0.5
10096338 214849807 0.5
10096338 214854262 0.5
10096338 214853113 0.5
10096338 214819577 0.5
10096338 214853244 0.5
10096338 214567327 0.5
1139266 214691595 1
1139266 214691405 1
1139266 214840899 1
1139266 214842425 0.5
1139266 214718210 0.5
7632597 214632146 1
7632597 214850291 1
7632597 214850304 1
7632597 214668667 0.5
7632597 214829885 0.5
7624409 214844439 1
7624409 214844394 1
7624409 214844458 1
7624409 214844456 0.5
2656619 214829878 1
2656619 214829880 1
2656619 214831948 1
2656619 214601233 0.5
2656619 214835124 0.5
2656619 214831965 0.5
2656619 214831959 0.5
5121317 214845583 1
5121317 214844342 1
5121317 214839356 1
5121317 214845577 0.5
5121317 214551763 0.5
5121317 214844345 0.5
5121317 214557774 0.5
5121317 214677735 0.5
10809979 214854853 1
10809979 214853154 1
10809979 214850387 1
10809979 214854840 0.5
10809979 214854836 0.5
6983354 214847649 1
6983354 214838094 1
6983354 214849753 1
6983354 214690121 0.5
9410854 214851097 1
9410854 214851748 1
9410854 214853135 1
9410854 214743339 0.5
9410854 214854172 0.5
9410854 214849247 0.5
1824488 214834880 1
1824488 214826610 1
1824488 214712126 1
1824488 214826615 0.5
1216234 214829327 1
1216234 214829330 1
1216234 214829334 1
1216234 214829325 0.5
10960619 214851757 1
10960619 214853102 1
10960619 214854720 1
10960619 214854840 0.5
10960619 214854860 0.5
947951 214826904 1
947951 214819777 1
947951 214826606 1
947951 214800272 0.5
947951 214575665 0.5
947951 214718210 0.5
947951 214819770 0.5
947951 214586694 0.5
11079408 214854827 1
11079408 214854780 1
11079408 214712242 1
11079408 214854860 0.5
6385397 214848330 1
6385397 214846535 1
6385397 214849275 1
6385397 214848328 0.5
6385397 214848377 0.5
6385397 214844347 0.5
6385397 214573277 0.5
6385397 214829366 0.5
10428713 214854542 1
10428713 214845583 1
10428713 214848849 1
10428713 214820345 0.5
10428713 214854731 0.5
10428713 214850619 0.5
10428713 214844347 0.5
3152852 214829321 1
3152852 214706102 1
3152852 214820392 1
3152852 214743495 0.5
3152852 214819721 0.5
3152852 214744779 0.5
3152852 214687852 0.5
3152852 214835475 0.5
3152852 214826998 0.5
3152852 214837882 0.5
1804026 214826709 1
1804026 214834997 1
1804026 214829379 1
1804026 214829722 0.5
7600667 214850621 1
7600667 214850741 1
7600667 214564382 1
7600667 214850720 0.5
7600667 214851011 0.5
7538433 214839962 1
7538433 214850870 1
7538433 214837442 1
7538433 214850760 0.5
7538433 214850692 0.5
7538433 214850405 0.5
7538433 214850790 0.5
2612994 214748302 1
2612994 214829880 1
2612994 214829882 1
2612994 214835124 0.5
5090849 214829887 1
5090849 214829878 1
5090849 214845577 1
5090849 214845352 0.5
5090849 214829882 0.5
5090849 214821339 0.5
5090849 214826820 0.5
5090849 214845581 0.5
10145548 214853767 1
10145548 214853730 1
10145548 214854118 1
10145548 214853707 0.5
4435726 214839973 1
4435726 214839975 1
4435726 214839971 1
4435726 214839960 0.5
4435726 214839969 0.5
4435726 214845131 0.5
4435726 214602733 0.5
2354959 214829878 1
2354959 214829887 1
2354959 214516749 1
2354959 214829880 0.5
7751441 214850936 1
7751441 214850771 1
7751441 214564382 1
7751441 214851011 0.5
7751441 214850743 0.5
4477926 214553700 1
4477926 214709970 1
4477926 214839356 1
4477926 214710152 0.5
4477926 214839913 0.5
4477926 214845129 0.5
4187931 214838109 1
4187931 214831970 1
4187931 214836887 1
4187931 214839937 0.5
10733351 214850949 1
10733351 214853422 1
10733351 214850947 1
10733351 214853420 0.5
2039593 214829861 1
2039593 214829863 1
2039593 214832720 1
2039593 214829707 0.5
2039593 214829846 0.5
317229 214748300 1
317229 214753513 1
317229 214753507 1
317229 214753505 0.5
317229 214748295 0.5
447453 214826801 1
447453 214612721 1
447453 214577495 1
447453 214838855 0.5
6987568 214849239 1
6987568 214849314 1
6987568 214849284 1
6987568 214849331 0.5
5586737 214839973 1
5586737 214601233 1
5586737 214844400 1
5586737 214848695 0.5
5586737 214574670 0.5
5586737 214839600 0.5
5586737 214706102 0.5
5586737 214846007 0.5
5586737 214612730 0.5
5586737 214845435 0.5
10635913 214684785 1
10635913 214567333 1
10635913 214567327 1
10635913 214684762 0.5
10635913 214853726 0.5
10635913 214854358 0.5
10635913 214854510 0.5
980794 214834880 1
980794 214833755 1
980794 214826589 1
980794 214829321 0.5
980794 214829387 0.5
980794 214753612 0.5
980794 214826610 0.5
980794 214586743 0.5
980794 214834877 0.5
6235963 214848613 1
6235963 214848851 1
6235963 214848980 1
6235963 214848832 0.5
6235963 214558192 0.5
6235963 214848808 0.5
6235963 214845131 0.5
6235963 214577518 0.5
6235963 214848656 0.5
6235963 214710097 0.5
6235963 214827005 0.5
3049279 214832124 1
3049279 214836847 1
3049279 214835747 1
3049279 214835122 0.5
3049279 214826906 0.5
3393344 214836530 1
3393344 214718385 1
3393344 214835505 1
3393344 214829090 0.5
3393344 214706102 0.5
3393344 214821032 0.5
3393344 214574670 0.5
3393344 214680722 0.5
3393344 214829878 0.5
3393344 214586469 0.5
7490806 214850940 1
7490806 214839617 1
7490806 214850743 1
7490806 214850938 0.5
7490806 214850709 0.5
7490806 214850711 0.5
8269638 214851737 1
8269638 214583610 1
8269638 214839997 1
8269638 214846385 0.5
8269638 214851322 0.5
8269638 214844244 0.5
8922951 214853132 1
8922951 214851750 1
8922951 214853242 1
8922951 214853225 0.5
8922951 214853186 0.5
8922951 214853210 0.5
8922951 214853237 0.5
5177163 214839937 1
5177163 214831970 1
5177163 214836512 1
5177163 214826728 0.5
5177163 214645595 0.5
8969187 214853090 1
8969187 214851326 1
8969187 214853085 1
8969187 214853248 0.5
8969187 214853094 0.5
8969187 214853135 0.5
9766542 214854172 1
9766542 214853435 1
9766542 214854354 1
9766542 214853865 0.5
9766542 214839962 0.5
9766542 214854148 0.5
9766542 214850741 0.5
3784537 214826990 1
3784537 214835109 1
3784537 214839982 1
3784537 214838227 0.5
6683166 214667857 1
6683166 214844342 1
6683166 214844345 1
6683166 214829387 0.5
6683166 214819374 0.5
6683166 214834877 0.5
6683166 214838227 0.5
6683166 214556025 0.5
6683166 214848377 0.5
6683166 214849275 0.5
6683166 214849239 0.5
6683166 214665277 0.5
1953731 214835750 1
1953731 214835002 1
1953731 214829385 1
1953731 214829657 0.5
1953731 214744779 0.5
1953731 214829660 0.5
1953731 214826670 0.5
7188453 214849740 1
7188453 214849766 1
7188453 214850287 1
7188453 214849747 0.5
7188453 214844372 0.5
4777829 214837494 1
4777829 214847261 1
4777829 214602598 1
4777829 214829280 0.5
4777829 214586694 0.5
4777829 214819430 0.5
4777829 214601233 0.5
4777829 214845131 0.5
4777829 214640017 0.5
4777829 214587317 0.5
4777829 214839962 0.5
4777829 214717286 0.5
4777829 214836853 0.5
5572454 214838094 1
5572454 214832156 1
5572454 214835747 1
5572454 214835019 0.5
5572454 214845587 0.5
2289513 214831946 1
2289513 214748293 1
2289513 214581489 1
2289513 214840001 0.5
2289513 214831965 0.5
2327491 214831948 1
2327491 214829880 1
2327491 214829882 1
2327491 214829885 0.5
2327491 214829878 0.5
2327491 214829887 0.5
8281966 214851028 1
8281966 214851080 1
8281966 214851587 1
8281966 214851234 0.5
8281966 214716746 0.5
8281966 214851317 0.5
254476 214821279 1
254476 214826715 1
254476 214826627 1
254476 214826955 0.5
254476 214709653 0.5
254476 214826702 0.5
254476 214821277 0.5
5404529 214836932 1
5404529 214844342 1
5404529 214835473 1
5404529 214845585 0.5
5404529 214844345 0.5
9887379 214850932 1
9887379 214774676 1
9887379 214845127 1
9887379 214839339 0.5
9887379 214700876 0.5
9887379 214849295 0.5
9887379 214677941 0.5
9887379 214774678 0.5
9887379 214574777 0.5
9887379 214700990 0.5
8284673 214851122 1
8284673 214851133 1
8284673 214573350 1
8284673 214696897 0.5
2436981 214829880 1
2436981 214831946 1
2436981 214829882 1
2436981 214831948 0.5
2436981 214829878 0.5
11116922 214853102 1
11116922 214854787 1
11116922 214864880 1
11116922 214854860 0.5
5916537 214826949 1
5916537 214831931 1
5916537 214748310 1
5916537 214547177 0.5
5916537 214717738 0.5
5916537 214717772 0.5
5916537 214849299 0.5
5916537 214705659 0.5
5916537 214531517 0.5
1013627 214826932 1
1013627 214840417 1
1013627 214839600 1
1013627 214829280 0.5
1013627 214586694 0.5
1013627 214642031 0.5
1013627 214718385 0.5
1013627 214828985 0.5
1013627 214717850 0.5
4169596 214832717 1
4169596 214829846 1
4169596 214839752 1
4169596 214832115 0.5
4169596 214826803 0.5
4169596 214553565 0.5
4169596 214831965 0.5
194429 214827032 1
194429 214826932 1
194429 214826934 1
194429 214820450 0.5
194429 214819691 0.5
194429 214840762 0.5
194429 214826927 0.5
3821438 214820458 1
3821438 214838137 1
3821438 214838227 1
3821438 214829657 0.5
3821438 214543922 0.5
3821438 214826610 0.5
7916523 214821309 1
7916523 214639222 1
7916523 214509877 1
7916523 214587547 0.5
41936 214837485 1
41936 214581690 1
41936 214821279 1
41936 214819640 0.5
41936 214553537 0.5
41936 214837490 0.5
41936 214837487 0.5
10313606 214854264 1
10313606 214854300 1
10313606 214854268 1
10313606 214854148 0.5
10313606 214853994 0.5
10313606 214854155 0.5
10313606 214854510 0.5
10313606 214567215 0.5
10313606 214684785 0.5
10313606 214854358 0.5
10313606 214853852 0.5
9566089 214853420 1
9566089 214853422 1
9566089 214853465 1
9566089 214850945 0.5
9566089 214831946 0.5
4638602 214834877 1
4638602 214836932 1
4638602 214826610 1
4638602 214820400 0.5
4638602 214834880 0.5
3424139 214835747 1
3424139 214829364 1
3424139 214835017 1
3424139 214587712 0.5
3424139 214835019 0.5
4521868 214839971 1
4521868 214839973 1
4521868 214845131 1
4521868 214839600 0.5
4521868 214839960 0.5
5200536 214650508 1
5200536 214645005 1
5200536 214676480 1
5200536 214845502 0.5
2211481 214836330 1
2211481 214829666 1
2211481 214826908 1
2211481 214819430 0.5
2211481 214821032 0.5
2211481 214826953 0.5
2211481 214835019 0.5
2211481 214819760 0.5
2211481 214819762 0.5
2211481 214783352 0.5
4146768 214826990 1
4146768 214838227 1
4146768 214829765 1
4146768 214835167 0.5
9799577 214853852 1
9799577 214853848 1
9799577 214853994 1
9799577 214853435 0.5
1599387 214834877 1
1599387 214834880 1
1599387 214542761 1
1599387 214833755 0.5
1599387 214606749 0.5
3174302 214836527 1
3174302 214557223 1
3174302 214836885 1
3174302 214820402 0.5
3174302 214826711 0.5
6954916 214845958 1
6954916 214846127 1
6954916 214845960 1
6954916 214846067 0.5
6954916 214743339 0.5
6954916 214835021 0.5
4459241 214838107 1
4459241 214826945 1
4459241 214838098 1
4459241 214832012 0.5
1044397 214685152 1
1044397 214826563 1
1044397 214743495 1
1044397 214680720 0.5
1044397 214819721 0.5
1044397 214680722 0.5
10037826 214853381 1
10037826 214853347 1
10037826 214853417 1
10037826 214846432 0.5
7632817 214850285 1
7632817 214850304 1
7632817 214850282 1
7632817 214849762 0.5
7632817 214849738 0.5
7632817 214849734 0.5
3731381 214834877 1
3731381 214835109 1
3731381 214832747 1
3731381 214838227 0.5
7327049 214853173 1
7327049 214851120 1
7327049 214849734 1
7327049 214849762 0.5
7327049 214839962 0.5
3516034 214820400 1
3516034 214587697 1
3516034 214835019 1
3516034 214602802 0.5
10596439 214567329 1
10596439 214854358 1
10596439 214567215 1
10596439 214854174 0.5
10203068 214854172 1
10203068 214853992 1
10203068 214854146 1
10203068 214643938 0.5
10203068 214853715 0.5
10203068 214854165 0.5
8361917 214851242 1
8361917 214819412 1
8361917 214851238 1
8361917 214828952 0.5
8361917 214848302 0.5
8361917 214844439 0.5
5998257 214695067 1
5998257 214846427 1
5998257 214846466 1
5998257 214846367 0.5
7676166 214632146 1
7676166 214850291 1
7676166 214850711 1
7676166 214846112 0.5
7676166 214668667 0.5
7676166 214850364 0.5
1333191 214829387 1
1333191 214834880 1
1333191 214821410 1
1333191 214833755 0.5
10590152 214854527 1
10590152 214853705 1
10590152 214853724 1
10590152 214848322 0.5
10225609 214853702 1
10225609 214536300 1
10225609 214853767 1
10225609 214848808 0.5
10225609 214571188 0.5
1138634 214551607 1
1138634 214821339 1
1138634 214821307 1
1138634 214821315 0.5
5717969 214748295 1
5717969 214748300 1
5717969 214845476 1
5717969 214743341 0.5
11067346 214853362 1
11067346 214855016 1
11067346 214854332 1
11067346 214854836 0.5
2639101 214829880 1
2639101 214831946 1
2639101 214829885 1
2639101 214829882 0.5
9343993 214853713 1
9343993 214853702 1
9343993 214853767 1
9343993 214854152 0.5
9343993 214853707 0.5
9343993 214853430 0.5
9343993 214854118 0.5
9343993 214561775 0.5
5877721 214846067 1
5877721 214849252 1
5877721 214846127 1
5877721 214748336 0.5
7015624 214846333 1
7015624 214848328 1
7015624 214849102 1
7015624 214849153 0.5
7015624 214845380 0.5
7015624 214745317 0.5
7015624 214746380 0.5
7015624 214845457 0.5
7015624 214558807 0.5
7015624 214831967 0.5
6991839 214831955 1
6991839 214632146 1
6991839 214850291 1
6991839 214820345 0.5
6991839 214845581 0.5
7559138 214821341 1
7559138 214849736 1
7559138 214849153 1
7559138 214829668 0.5
7559138 214551624 0.5
7559138 214685422 0.5
7559138 214844462 0.5
7559138 214839958 0.5
7559138 214821305 0.5
7559138 214612708 0.5
8716261 214851150 1
8716261 214851320 1
8716261 214851294 1
8716261 214716714 0.5
9816038 214854264 1
9816038 214684785 1
9816038 214854262 1
9816038 214567329 0.5
9816038 214854549 0.5
9816038 214854358 0.5
9816038 214853925 0.5
10835398 214857570 1
10835398 214854838 1
10835398 214857568 1
10835398 214853994 0.5
10835398 214853182 0.5
10835398 214854118 0.5
11198444 214854819 1
11198444 214854512 1
11198444 214854720 1
11198444 214848808 0.5
11198444 214853132 0.5
11198444 214853079 0.5
593906 214827007 1
593906 214827005 1
593906 214826925 1
593906 214827000 0.5
593906 214834865 0.5
6432758 214848971 1
6432758 214712235 1
6432758 214558192 1
6432758 214700000 0.5
6432758 214587328 0.5
6432758 214744258 0.5
6432758 214848808 0.5
6432758 214629260 0.5
6432758 214819760 0.5
6432758 214838225 0.5
6432758 214849076 0.5
6432758 214684702 0.5
6432758 214662750 0.5
7940093 214850295 1
7940093 214850304 1
7940093 214849796 1
7940093 214819378 0.5
10642773 214854358 1
10642773 214854264 1
10642773 214854262 1
10642773 214567329 0.5
10642773 214853852 0.5
10642773 214684785 0.5
10642773 214853726 0.5
10642773 214853865 0.5
