2674689 214829878 1
2674689 214831946 1
2674689 214686082 1
2674689 214831955 0.5
2674689 214826891 0.5
6031367 214832660 1
6031367 214717273 1
6031367 214826829 1
6031367 214711438 0.5
3411976 214837916 1
3411976 214837918 1
3411976 214835021 1
3411976 214753513 0.5
3411976 214820458 0.5
3411976 214829396 0.5
8558602 214851163 1
8558602 214716714 1
8558602 214851131 1
8558602 214716746 0.5
8558602 214716671 0.5
8108639 214848302 1
8108639 214854675 1
8108639 214535051 1
8108639 214716928 0.5
8108639 214716935 0.5
8108639 214717003 0.5
8108639 214717007 0.5
8108639 214640893 0.5
8108639 214533022 0.5
6828052 214678880 1
6828052 214667915 1
6828052 214849337 1
6828052 214849329 0.5
4388886 214839973 1
4388886 214845129 1
4388886 214839915 1
4388886 214553700 0.5
4388886 214678526 0.5
4388886 214540070 0.5
2414617 214829878 1
2414617 214831948 1
2414617 214829885 1
2414617 214829882 0.5
2414617 214829887 0.5
1947311 214829887 1
1947311 214829878 1
1947311 214843905 1
1947311 214514293 0.5
5029916 214844396 1
5029916 214845583 1
5029916 214748336 1
5029916 214835473 0.5
5029916 214829852 0.5
5029916 214601233 0.5
5029916 214844345 0.5
5029916 214838225 0.5
3275098 214829767 1
3275098 214696830 1
3275098 214835745 1
3275098 214551883 0.5
3275098 214551907 0.5
3275098 214687852 0.5
3275098 214712278 0.5
3275098 214687967 0.5
9672736 214853340 1
9672736 214853342 1
9672736 214829822 1
9672736 214829312 0.5
9672736 214850949 0.5
9672736 214846344 0.5
9672736 214850366 0.5
9672736 214829878 0.5
9672736 214712696 0.5
9672736 214774685 0.5
9672736 214700990 0.5
9672736 214555237 0.5
6043683 214846367 1
6043683 214846460 1
6043683 214848322 1
6043683 214846472 0.5
6776868 214849046 1
6776868 214848658 1
6776868 214849050 1
6776868 214834880 0.5
6776868 214851009 0.5
6776868 214849022 0.5
9491462 214711307 1
9491462 214853340 1
9491462 214853422 1
9491462 214831955 0.5
9491462 214853420 0.5
11051047 214854731 1
11051047 214853102 1
11051047 214854840 1
11051047 214854729 0.5
11051047 214854802 0.5
11051047 214857562 0.5
11051047 214854733 0.5
9926697 214678376 1
9926697 214853165 1
9926697 214846119 1
9926697 214845954 0.5
9926697 214606747 0.5
9926697 214678387 0.5
9926697 214707995 0.5
9926697 214573277 0.5
9926697 214853471 0.5
1654791 214826610 1
1654791 214819760 1
1654791 214834880 1
1654791 214836330 0.5
1654791 214819762 0.5
1654791 214834877 0.5
5156908 214839973 1
5156908 214553561 1
5156908 214836887 1
5156908 214507365 0.5
6215732 214832604 1
6215732 214716707 1
6215732 214848688 1
6215732 214848656 0.5
6215732 214846393 0.5
6215732 214571188 0.5
6215732 214839973 0.5
636986 214839392 1
636986 214839388 1
636986 214821339 1
636986 214821305 0.5
636986 214551626 0.5
636986 214821341 0.5
636986 214821302 0.5
5398587 214844400 1
5398587 214845405 1
5398587 214846318 1
5398587 214845986 0.5
5398587 214846031 0.5
7448636 214844439 1
7448636 214844394 1
7448636 214844456 1
7448636 214844441 0.5
7448636 214844458 0.5
3067914 214836553 1
3067914 214609325 1
3067914 214819577 1
3067914 214553732 0.5
3067914 214677512 0.5
3067914 214743497 0.5
3067914 214684942 0.5
3067914 214821032 0.5
3067914 214834867 0.5
9353282 214852987 1
9353282 214850942 1
9353282 214853342 1
9353282 214853338 0.5
4806667 214601233 1
4806667 214838137 1
4806667 214838227 1
4806667 214553561 0.5
4806667 214707875 0.5
6471753 214848977 1
6471753 214848795 1
6471753 214848967 1
6471753 214849070 0.5
1986231 214829882 1
1986231 214829880 1
1986231 214831946 1
1986231 214829878 0.5
6381644 214846530 1
6381644 214709735 1
6381644 214509401 1
6381644 214839971 0.5
6381644 214839973 0.5
5052497 214844400 1
5052497 214844372 1
5052497 214835070 1
5052497 214845579 0.5
5052497 214844396 0.5
5381388 214844396 1
5381388 214845583 1
5381388 214844398 1
5381388 214846033 0.5
5381388 214835786 0.5
5381388 214844370 0.5
5068984 214748304 1
5068984 214835475 1
5068984 214826608 1
5068984 214821032 0.5
5068984 214844345 0.5
5068984 214845131 0.5
5068984 214826670 0.5
9195613 214852987 1
9195613 214853165 1
9195613 214845962 1
9195613 214846312 0.5
9195613 214853128 0.5
9195613 214678387 0.5
9195613 214677830 0.5
5214304 214838092 1
5214304 214844370 1
5214304 214844368 1
5214304 214844396 0.5
10608788 214567329 1
10608788 214854510 1
10608788 214508308 1
10608788 214561674 0.5
6123619 214676377 1
6123619 214846117 1
6123619 214819528 1
6123619 214846001 0.5
6123619 214845971 0.5
2414674 214829878 1
2414674 214831948 1
2414674 214829882 1
2414674 214753505 0.5
2414674 214554662 0.5
2414674 214835019 0.5
2414674 214832780 0.5
2414674 214819760 0.5
2414674 214601233 0.5
2414674 214819762 0.5
2414674 214835124 0.5
2414674 214835128 0.5
2414674 214831965 0.5
2764901 214746380 1
2764901 643078800 1
2764901 214746375 1
2764901 214532859 0.5
8278121 214839911 1
8278121 214716671 1
8278121 214851131 1
8278121 214853769 0.5
9580903 214851592 1
9580903 214851165 1
9580903 214684942 1
9580903 214851579 0.5
9580903 214848613 0.5
9580903 214848808 0.5
9580903 214556057 0.5
9580903 214851163 0.5
9580903 214662750 0.5
9580903 214716671 0.5
8413227 214851236 1
8413227 214851238 1
8413227 214851101 1
8413227 214851322 0.5
8413227 214678989 0.5
3737718 214835747 1
3737718 214826565 1
3737718 214835167 1
3737718 214587712 0.5
3737718 214829762 0.5
3737718 214835017 0.5
3737718 214832023 0.5
3737718 214826711 0.5
3737718 214829850 0.5
3737718 214821020 0.5
10565752 214832792 1
10565752 214602600 1
10565752 214834867 1
10565752 214835017 0.5
10565752 214609325 0.5
10565752 214848337 0.5
9445497 214711307 1
9445497 214853342 1
9445497 214850942 1
9445497 214853422 0.5
1907913 214829660 1
1907913 214674416 1
1907913 214829722 1
1907913 214820394 0.5
1907913 214744779 0.5
1907913 214835002 0.5
10360957 214854298 1
10360957 214853767 1
10360957 214854527 1
10360957 214717562 0.5
10360957 214846127 0.5
10360957 214743495 0.5
3358853 214832124 1
3358853 214821407 1
3358853 214832128 1
3358853 214832115 0.5
3358853 214826563 0.5
3358853 214836847 0.5
10123399 214854549 1
10123399 214854545 1
10123399 214854504 1
10123399 214854354 0.5
10123399 214854268 0.5
10123399 214850741 0.5
2769033 214827035 1
2769033 214835128 1
2769033 214645708 1
2769033 214826818 0.5
2769033 214826947 0.5
6897808 214848337 1
6897808 214849012 1
6897808 214554982 1
6897808 214848380 0.5
6897808 214836932 0.5
749717 214819762 1
749717 214820400 1
749717 214819760 1
749717 214826872 0.5
749717 214684843 0.5
10965143 214854840 1
10965143 214854797 1
10965143 214854853 1
10965143 214714755 0.5
10965143 214854733 0.5
9054362 214853242 1
9054362 214853237 1
9054362 214851750 1
9054362 214853132 0.5
8851823 214851326 1
8851823 214853105 1
8851823 214853085 1
8851823 214853096 0.5
991389 214826921 1
991389 214690110 1
991389 214826589 1
991389 214837442 0.5
991389 214837483 0.5
977057 214821309 1
977057 214714790 1
977057 214821305 1
977057 214821302 0.5
977057 214586711 0.5
495739 214820240 1
495739 214821309 1
495739 214821305 1
495739 214829737 0.5
495739 214821315 0.5
495739 214714697 0.5
495739 214586711 0.5
1426616 214834880 1
1426616 214826615 1
1426616 214833755 1
1426616 214829366 0.5
7712941 214658867 1
7712941 214644577 1
7712941 214848688 1
7712941 214849736 0.5
7712941 214849757 0.5
11260081 214854489 1
11260081 214686864 1
11260081 214854491 1
11260081 214857570 0.5
11260081 214854770 0.5
11260081 214854542 0.5
3578037 214837882 1
3578037 214836534 1
3578037 214829079 1
3578037 214829083 0.5
11106488 214853100 1
11106488 214864880 1
11106488 214854800 1
11106488 214850949 0.5
11106488 214684734 0.5
11106488 214850285 0.5
2689212 214835475 1
2689212 214820400 1
2689212 214837882 1
2689212 214839617 0.5
2689212 214835747 0.5
2689212 214826565 0.5
2689212 214835469 0.5
2689212 214587697 0.5
2689212 214826623 0.5
430271 214821020 1
430271 214819528 1
430271 214821292 1
430271 214718160 0.5
430271 214556840 0.5
9713861 214853340 1
9713861 214853338 1
9713861 214850947 1
9713861 214846072 0.5
1980614 214829878 1
1980614 214829885 1
1980614 214831946 1
1980614 214829880 0.5
1980614 214829857 0.5
1980614 214829882 0.5
1980614 214829855 0.5
7538888 214850747 1
7538888 214676375 1
7538888 214850771 1
7538888 214821020 0.5
3512523 214836527 1
3512523 214697096 1
3512523 214836926 1
3512523 214835505 0.5
3512523 214835475 0.5
3512523 214836534 0.5
3512523 214664758 0.5
3737804 214839932 1
3737804 214826610 1
3737804 214835019 1
3737804 214834880 0.5
3737804 214835109 0.5
3737804 214829799 0.5
3737804 214829387 0.5
3737804 214820402 0.5
3737804 214838227 0.5
3737804 214832023 0.5
9469304 214829880 1
9469304 214829878 1
9469304 214850947 1
9469304 214853420 0.5
9469304 214850949 0.5
3369171 214587712 1
3369171 214835019 1
3369171 214835747 1
3369171 214836352 0.5
3369171 214577025 0.5
3369171 214602802 0.5
3369171 214834867 0.5
3369171 214553621 0.5
10494166 214851585 1
10494166 214848380 1
10494166 214848682 1
10494166 214556025 0.5
10494166 214854538 0.5
10494166 214853383 0.5
9961693 214853767 1
9961693 214854172 1
9961693 214853722 1
9961693 214853760 0.5
9961693 214849320 0.5
9961693 214849322 0.5
9961693 214849318 0.5
10879013 214854512 1
10879013 214854347 1
10879013 214854772 1
10879013 214854857 0.5
10879013 214854356 0.5
9432814 214850945 1
9432814 214853456 1
9432814 214850949 1
9432814 214678526 0.5
9432814 214821371 0.5
9432814 214853420 0.5
9432814 214853422 0.5
9432814 214853454 0.5
11047138 214854838 1
11047138 214854780 1
11047138 214855016 1
11047138 214854836 0.5
11047138 214853154 0.5
11047138 214853100 0.5
11047138 214854733 0.5
11047138 214854855 0.5
1628387 214711082 1
1628387 214563335 1
1628387 214577025 1
1628387 214560140 0.5
2998503 214829878 1
2998503 214829887 1
2998503 214831959 1
2998503 214835124 0.5
2998503 214600492 0.5
2998503 214835111 0.5
4585712 214839973 1
4585712 214839960 1
4585712 214845131 1
4585712 214839971 0.5
3969268 214835109 1
3969268 214826990 1
3969268 214838227 1
3969268 214831974 0.5
5689726 214846033 1
5689726 214846447 1
5689726 214848997 1
5689726 214846007 0.5
9879252 214853702 1
9879252 214853730 1
9879252 214853767 1
9879252 214850949 0.5
6738171 214849134 1
6738171 214849093 1
6738171 214850360 1
6738171 214643681 0.5
6664444 214846417 1
6664444 214849239 1
6664444 214848410 1
6664444 214836956 0.5
6664444 214849179 0.5
6664444 214819740 0.5
6664444 214826990 0.5
8298749 214850936 1
8298749 214832792 1
8298749 214846404 1
8298749 214577025 0.5
8298749 214851011 0.5
8298749 214600492 0.5
8298749 214849395 0.5
8298749 214850621 0.5
5456126 214555378 1
5456126 214535010 1
5456126 214586574 1
5456126 214534993 0.5
5456126 214846010 0.5
5456126 214535051 0.5
5456126 214844250 0.5
95616 214709634 1
95616 214829285 1
95616 214827026 1
95616 214827017 0.5
95616 214826908 0.5
5826818 214835064 1
5826818 214846475 1
5826818 214829775 1
5826818 214849001 0.5
5826818 214835019 0.5
5826818 214845131 0.5
5826818 214846061 0.5
5826818 214675890 0.5
7947307 214684715 1
7947307 214831955 1
7947307 214848975 1
7947307 214850368 0.5
7947307 214848980 0.5
7947307 214705997 0.5
7947307 214850366 0.5
6736598 214848986 1
6736598 214848658 1
6736598 214851009 1
6736598 214848945 0.5
6736598 214848954 0.5
6736598 214849020 0.5
6736598 214849022 0.5
6736598 214849046 0.5
6144318 214846033 1
6144318 214848262 1
6144318 214846029 1
6144318 214845418 0.5
9632014 214850942 1
9632014 214853428 1
9632014 214705734 1
9632014 214675888 0.5
9632014 214711307 0.5
9632014 214850949 0.5
11202833 214857262 1
11202833 214857257 1
11202833 214857557 1
11202833 214857568 0.5
11202833 214602729 0.5
11200788 214853102 1
11200788 214854782 1
11200788 214854840 1
11200788 214854808 0.5
11200788 214854830 0.5
9607447 214853422 1
9607447 214711307 1
9607447 214853420 1
9607447 214846112 0.5
9607447 214848185 0.5
133401 214821277 1
133401 214821285 1
133401 214833800 1
133401 214833802 0.5
11251994 214853102 1
11251994 214854785 1
11251994 214854836 1
11251994 214853362 0.5
10816559 214854785 1
10816559 214853102 1
10816559 214854830 1
10816559 214819410 0.5
10816559 214854155 0.5
10816559 214854125 0.5
4698399 214835109 1
4698399 214707830 1
4698399 214826990 1
4698399 214821015 0.5
4698399 214819374 0.5
4698399 214826615 0.5
6495866 214848375 1
6495866 214848371 1
6495866 214714794 1
6495866 214848808 0.5
6495866 214848851 0.5
6495866 214848613 0.5
4055333 214829887 1
4055333 214826891 1
4055333 214716746 1
4055333 214831944 0.5
4055333 214716714 0.5
4055333 214832143 0.5
4055333 214838096 0.5
4055333 214556212 0.5
4055333 214514287 0.5
8591654 214564380 1
8591654 214851315 1
8591654 214851290 1
8591654 214851101 0.5
11176237 214854536 1
11176237 214853707 1
11176237 214849247 1
11176237 214854532 0.5
9156913 214853077 1
9156913 214852980 1
9156913 214853105 1
9156913 214853248 0.5
9156913 214852987 0.5
9156913 214853115 0.5
5140787 214844330 1
5140787 214844332 1
5140787 214844325 1
5140787 214844349 0.5
5140787 214844327 0.5
11512116 214853102 1
11512116 214854782 1
11512116 214853100 1
11512116 214854840 0.5
3049782 214835745 1
3049782 214829364 1
3049782 214835019 1
3049782 214826565 0.5
4522299 214839639 1
4522299 214587697 1
4522299 214836855 1
4522299 214587712 0.5
9548967 214850947 1
9548967 214853420 1
9548967 214705734 1
9548967 214853152 0.5
9548967 214850942 0.5
9548967 214853422 0.5
3637566 214612704 1
3637566 214844439 1
3637566 214844458 1
3637566 214844452 0.5
9918784 214567327 1
9918784 214567333 1
9918784 214684785 1
9918784 214853992 0.5
9918784 214853865 0.5
9918784 214854300 0.5
9918784 214854165 0.5
9918784 214854510 0.5
10154309 214853767 1
10154309 214853730 1
10154309 214853353 1
10154309 214850758 0.5
6568264 214826565 1
6568264 214848808 1
6568264 214829390 1
6568264 214848832 0.5
6568264 214539208 0.5
6568264 214558192 0.5
6568264 214571188 0.5
6568264 214848613 0.5
2691406 214835017 1
2691406 214609325 1
2691406 214835019 1
2691406 214834867 0.5
7583334 214850936 1
7583334 214850938 1
7583334 214850741 1
7583334 214564387 0.5
7583334 214850726 0.5
4000084 214701787 1
4000084 214838096 1
4000084 214839587 1
4000084 214819721 0.5
4000084 214743515 0.5
4000084 214712237 0.5
4000084 214832023 0.5
6201689 214850880 1
6201689 214850876 1
6201689 214850870 1
6201689 214850872 0.5
6201689 214846121 0.5
6201689 214698446 0.5
6201689 214563335 0.5
618843 214821401 1
618843 214640017 1
618843 214828980 1
618843 214580293 0.5
618843 214826876 0.5
618843 214842450 0.5
618843 214826837 0.5
618843 214826872 0.5
618843 214826908 0.5
618843 214829053 0.5
7070778 214850291 1
7070778 214849762 1
7070778 214849466 1
7070778 214849747 0.5
9376098 214845476 1
9376098 214853420 1
9376098 214853850 1
9376098 214853683 0.5
5331301 214844355 1
5331301 214844400 1
5331301 214844398 1
5331301 214844370 0.5
5331301 214582172 0.5
5331301 214844402 0.5
11450726 214687475 1
11450726 214687845 1
11450726 214846391 1
11450726 214854512 0.5
10500456 214567329 1
10500456 214853732 1
10500456 214851317 1
10500456 214850792 0.5
10500456 214854264 0.5
10500456 214853435 0.5
10500456 214853726 0.5
10500456 214854358 0.5
8642921 214853160 1
8642921 214853165 1
8642921 214852978 1
8642921 214853282 0.5
8642921 214853094 0.5
8642921 214677830 0.5
7049966 214850285 1
7049966 214849738 1
7049966 214849757 1
7049966 214849762 0.5
10469742 214853113 1
10469742 214854300 1
10469742 214854585 1
10469742 214854354 0.5
10469742 214850739 0.5
5271919 214844400 1
5271919 214844402 1
5271919 214844396 1
5271919 214844398 0.5
7684469 214718216 1
7684469 214850771 1
7684469 214850852 1
7684469 214850555 0.5
7684469 214595139 0.5
7684469 214555910 0.5
7684469 214850743 0.5
2319081 214836330 1
2319081 214831948 1
2319081 214600509 1
2319081 214691467 0.5
2319081 214826983 0.5
8039527 214743367 1
8039527 214849318 1
8039527 214848302 1
8039527 214711267 0.5
8039527 214846404 0.5
8039527 214850758 0.5
8039527 214821382 0.5
8039527 214556906 0.5
8039527 214851011 0.5
8039527 214849757 0.5
8039527 214848688 0.5
8039527 214849393 0.5
8039527 214836947 0.5
8039527 214849395 0.5
8039527 214850557 0.5
4682108 214838098 1
4682108 214829882 1
4682108 214829878 1
4682108 214829887 0.5
219523 214667912 1
219523 214821020 1
219523 214820842 1
219523 214826625 0.5
219523 214664919 0.5
1761668 214829852 1
1761668 214820392 1
1761668 214836328 1
1761668 214836330 0.5
6910341 214845577 1
6910341 214848605 1
6910341 214848973 1
6910341 214826891 0.5
6910341 214832143 0.5
1917318 214832717 1
1917318 214829705 1
1917318 214829846 1
1917318 214587388 0.5
11137416 214853754 1
11137416 214854819 1
11137416 214854491 1
11137416 214854731 0.5
938391 214821305 1
938391 214821309 1
938391 214821339 1
938391 214826912 0.5
938391 214684845 0.5
938391 214821341 0.5
2928024 214602600 1
2928024 214835745 1
2928024 214835019 1
2928024 214600492 0.5
2900712 214832115 1
2900712 214832126 1
2900712 214832124 1
2900712 214835122 0.5
2900712 214821407 0.5
7229847 214849747 1
7229847 214849740 1
7229847 214850700 1
7229847 214829797 0.5
2843034 214844439 1
2843034 214844394 1
2843034 214837882 1
2843034 214642560 0.5
2843034 214832128 0.5
2843034 214835107 0.5
2843034 214820392 0.5
2843034 214645708 0.5
2843034 214832555 0.5
2843034 214847276 0.5
2843034 214835469 0.5
2843034 214835122 0.5
2843034 214832124 0.5
1544602 214829752 1
1544602 214834880 1
1544602 214834877 1
1544602 214602600 0.5
1544602 214826936 0.5
1544602 214657322 0.5
10850723 214854356 1
10850723 214853102 1
10850723 214855016 1
10850723 214851125 0.5
10877348 214836941 1
10877348 214690747 1
10877348 214711652 1
10877348 214556218 0.5
5149093 214845579 1
5149093 214845581 1
5149093 214832154 1
5149093 214845352 0.5
5149093 214845577 0.5
5149093 214829882 0.5
5149093 214831955 0.5
5149093 214829878 0.5
9169308 214853094 1
9169308 214853248 1
9169308 214853085 1
9169308 214853177 0.5
3377581 214748334 1
3377581 214800262 1
3377581 214835111 1
3377581 214838225 0.5
3377581 214602802 0.5
3377581 214579372 0.5
11039133 214854716 1
11039133 214853079 1
11039133 214854356 1
11039133 214854767 0.5
9212336 214850947 1
9212336 214850760 1
9212336 214853713 1
9212336 214854032 0.5
9212336 214850942 0.5
9212336 214850790 0.5
1804722 214826709 1
1804722 214657382 1
1804722 214552061 1
1804722 214552470 0.5
7852469 214851122 1
7852469 214851236 1
7852469 214851317 1
7852469 214851073 0.5
7852469 214850938 0.5
7852469 214851587 0.5
9869753 214853700 1
9869753 214853767 1
9869753 214853353 1
9869753 214854152 0.5
9869753 214853707 0.5
9869753 214853702 0.5
1608122 214547814 1
1608122 214834875 1
1608122 214826805 1
1608122 214834880 0.5
1608122 214821410 0.5
6603196 214848954 1
6603196 214848849 1
6603196 214844372 1
6603196 214586432 0.5
6603196 214850786 0.5
6603196 214836133 0.5
6603196 214791688 0.5
6603196 214557009 0.5
6603196 214849022 0.5
5918112 214846301 1
5918112 214846460 1
5918112 214846472 1
5918112 214642805 0.5
5918112 214717087 0.5
9888636 214853994 1
9888636 214853435 1
9888636 214711524 1
9888636 214851587 0.5
9888636 214854148 0.5
9888636 214850792 0.5
9888636 214854354 0.5
9888636 214849363 0.5
9888636 214556055 0.5
5771716 214848997 1
5771716 214846127 1
5771716 214835745 1
5771716 214743497 0.5
5771716 214846007 0.5
5714373 214846119 1
5714373 214676377 1
5714373 214846117 1
5714373 214819586 0.5
5714373 214821382 0.5
5714373 214821384 0.5
5714373 214845965 0.5
5714373 214849010 0.5
5714373 214845971 0.5
5714373 214582200 0.5
5714373 214846010 0.5
5714373 214832019 0.5
5714373 214826938 0.5
9687496 214853420 1
9687496 214853154 1
9687496 214853381 1
9687496 214848185 0.5
8304717 214853096 1
8304717 214853105 1
8304717 214853085 1
8304717 214852980 0.5
3776977 214835722 1
3776977 214836845 1
3776977 214836851 1
3776977 214709634 0.5
10340819 214820394 1
10340819 214854352 1
10340819 214854536 1
10340819 214853767 0.5
5470676 214835064 1
5470676 214835428 1
5470676 214845585 1
5470676 214643362 0.5
5470676 214835462 0.5
5470676 214560615 0.5
5470676 214717410 0.5
5470676 214839982 0.5
5470676 214561775 0.5
5470676 214826904 0.5
5470676 214844370 0.5
5470676 214845590 0.5
5470676 214561496 0.5
5470676 214680729 0.5
5470676 214582175 0.5
5470676 214835070 0.5
5470676 214579839 0.5
2729682 214829846 1
2729682 214829711 1
2729682 214829705 1
2729682 214829364 0.5
10996132 214853362 1
10996132 214854857 1
10996132 214854335 1
10996132 214850735 0.5
9224666 214853454 1
9224666 214853422 1
9224666 214850945 1
9224666 214850287 0.5
2990557 214540127 1
2990557 214712237 1
2990557 214826623 1
2990557 214700002 0.5
2990557 214680369 0.5
2990557 214821305 0.5
2990557 214743515 0.5
2990557 214831965 0.5
2990557 214640094 0.5
2990557 214829887 0.5
10631589 214854577 1
10631589 214853154 1
10631589 214853381 1
10631589 214567329 0.5
10631589 214711682 0.5
10631589 214854819 0.5
10631589 214854148 0.5
10631589 214853413 0.5
10631589 214861895 0.5
10631589 214854536 0.5
10631589 214853435 0.5
10631589 214854731 0.5
10631589 214853730 0.5
10631589 214854352 0.5
10631589 214854264 0.5
10631589 214848658 0.5
10631589 214850739 0.5
10631589 214853726 0.5
10631589 214854358 0.5
10631589 214652216 0.5
10631589 214854075 0.5
10631589 214854268 0.5
10631589 214854174 0.5
10631589 214853855 0.5
6824417 214849322 1
6824417 214849318 1
6824417 214849284 1
6824417 214849286 0.5
6824417 214838094 0.5
6824417 214665277 0.5
6824417 214849331 0.5
6824417 214849333 0.5
6824417 214849239 0.5
6824417 214834877 0.5
158178 214821300 1
158178 214717286 1
158178 214826908 1
158178 214826799 0.5
6785508 214848986 1
6785508 214848941 1
6785508 214849020 1
6785508 214848952 0.5
6785508 214848945 0.5
6785508 214848954 0.5
6785508 214849022 0.5
641509 214716671 1
641509 214716746 1
641509 214684841 1
641509 214716714 0.5
641509 214828987 0.5
641509 214553533 0.5
641509 214563133 0.5
2599399 214829887 1
2599399 214831946 1
2599399 214829878 1
2599399 214686082 0.5
2599399 214829882 0.5
2599399 214829885 0.5
4082153 214831970 1
4082153 214829767 1
4082153 214839587 1
4082153 214820402 0.5
9794983 214854146 1
9794983 214854262 1
9794983 214853992 1
9794983 214684785 0.5
9794983 214853996 0.5
9794983 214851281 0.5
9794983 214854547 0.5
9794983 214684762 0.5
9794983 214854298 0.5
9794983 214854579 0.5
4796908 214845131 1
4796908 214839975 1
4796908 214587317 1
4796908 214696897 0.5
4088301 214836512 1
4088301 214836887 1
4088301 214829797 1
4088301 214838105 0.5
4088301 214838107 0.5
4088301 214826747 0.5
4088301 214839915 0.5
4088301 214746382 0.5
4262382 214828991 1
4262382 214829790 1
4262382 214832015 1
4262382 214838102 0.5
9399037 214853420 1
9399037 214850947 1
9399037 214853422 1
9399037 214844402 0.5
9399037 214853077 0.5
5073392 214834869 1
5073392 214717828 1
5073392 214717757 1
5073392 214512611 0.5
5073392 214511015 0.5
4717043 214602733 1
4717043 214839960 1
4717043 214835469 1
4717043 214819760 0.5
4717043 214836330 0.5
4717043 214820402 0.5
4717043 214839973 0.5
1382902 214826610 1
1382902 214834880 1
1382902 214821407 1
1382902 214834877 0.5
6388216 214848622 1
6388216 214846530 1
6388216 214848982 1
6388216 214846256 0.5
6388216 214848626 0.5
6388216 214848950 0.5
6388216 214612695 0.5
7969278 214563182 1
7969278 214849389 1
7969278 214850621 1
7969278 214847968 0.5
7969278 214850936 0.5
1212929 214828991 1
1212929 214829336 1
1212929 214829045 1
1212929 214712278 0.5
1212929 214546102 0.5
8419844 214850282 1
8419844 214850310 1
8419844 214850295 1
8419844 214849796 0.5
1874441 214829865 1
1874441 214829846 1
1874441 214829711 1
1874441 214840599 0.5
7989772 214580293 1
7989772 214509401 1
7989772 214842480 1
7989772 214842502 0.5
2675458 214835017 1
2675458 214829321 1
2675458 214835087 1
2675458 214574672 0.5
2675458 214582948 0.5
2675458 214829366 0.5
2675458 214819721 0.5
2675458 214687852 0.5
2675458 214574670 0.5
2675458 214680720 0.5
2675458 214680722 0.5
2675458 214706102 0.5
2675458 214829852 0.5
11381262 214849468 1
11381262 214712242 1
11381262 214684762 1
11381262 214743339 0.5
11381262 214853726 0.5
11381262 214855151 0.5
10427511 214853113 1
10427511 214854577 1
10427511 214844023 1
10427511 214854536 0.5
10427511 214857167 0.5
10427511 214854352 0.5
10427511 214854354 0.5
10427511 214684762 0.5
10427511 214854268 0.5
10427511 214853726 0.5
8823313 214853242 1
8823313 214851750 1
8823313 214853225 1
8823313 214853184 0.5
8823313 214853162 0.5
8823313 214852978 0.5
8823313 214853237 0.5
8823313 214853210 0.5
8823313 214853182 0.5
8823313 214853173 0.5
2482707 214829880 1
2482707 214829878 1
2482707 214829887 1
2482707 214695412 0.5
9814549 214853413 1
9814549 214684785 1
9814549 214854549 1
9814549 214853726 0.5
1427992 214834877 1
1427992 214826610 1
1427992 214829366 1
1427992 214821294 0.5
1434138 214833755 1
1434138 214829387 1
1434138 214826610 1
1434138 214601233 0.5
1434138 214819762 0.5
10134959 214854172 1
10134959 214854159 1
10134959 214853992 1
10134959 214853722 0.5
10134959 214557223 0.5
10134959 214853767 0.5
7623198 214821309 1
7623198 214844445 1
7623198 214844447 1
7623198 214551626 0.5
5548577 214844398 1
5548577 214844400 1
5548577 214844372 1
5548577 214835473 0.5
9065604 214853165 1
9065604 214678376 1
9065604 214851742 1
9065604 214853128 0.5
10935388 214853100 1
10935388 214864880 1
10935388 214853340 1
10935388 214850366 0.5
10938921 214854782 1
10938921 214853102 1
10938921 214845356 1
10938921 214849076 0.5
10938921 214853100 0.5
10938921 214706428 0.5
10938921 214845577 0.5
11108908 214848658 1
11108908 214854785 1
11108908 214853100 1
11108908 214854787 0.5
11108908 214854857 0.5
11108908 214854219 0.5
11108908 214714755 0.5
11108908 214861455 0.5
11108908 214854705 0.5
11108908 214854819 0.5
11108908 214857015 0.5
11108908 214854840 0.5
11108908 214849468 0.5
11108908 214854815 0.5
3914287 214836947 1
3914287 214835167 1
3914287 214829765 1
3914287 214711280 0.5
3914287 214838227 0.5
3914287 214835109 0.5
8970806 214853077 1
8970806 214852980 1
8970806 214853105 1
8970806 214853096 0.5
8970806 214853090 0.5
8970806 214851326 0.5
3742263 214829801 1
3742263 214836924 1
3742263 214829773 1
3742263 214613741 0.5
10076728 214718169 1
10076728 214718220 1
10076728 214677615 1
10076728 214849001 0.5
10076728 214850771 0.5
10076728 214854532 0.5
10076728 214846333 0.5
10076728 214853702 0.5
3285429 214835475 1
3285429 214832126 1
3285429 214836830 1
3285429 214835107 0.5
10039872 214853722 1
10039872 214853767 1
10039872 214853730 1
10039872 214854152 0.5
10039872 214853852 0.5
10039872 214853707 0.5
10039872 214854148 0.5
4045382 214821305 1
4045382 214821309 1
4045382 214612706 1
4045382 214612708 0.5
4045382 214551624 0.5
4045382 214844458 0.5
4045382 214827020 0.5
4045382 214839341 0.5
4045382 214551607 0.5
4045382 214821341 0.5
6414924 214848380 1
6414924 214848377 1
6414924 214826990 1
6414924 214845971 0.5
6414924 214707830 0.5
6414924 214829387 0.5
6414924 214835109 0.5
6414924 214819374 0.5
8546897 214851155 1
8546897 214716577 1
8546897 214850372 1
8546897 214686857 0.5
2222674 214829882 1
2222674 214829880 1
2222674 214829885 1
2222674 214831946 0.5
7270996 214700000 1
7270996 214835126 1
7270996 214851120 1
7270996 214744258 0.5
7270996 214851279 0.5
7793237 214851236 1
7793237 214848656 1
7793237 214846333 1
7793237 214834880 0.5
7793237 214849250 0.5
7793237 214849284 0.5
7793237 214826949 0.5
7793237 214557009 0.5
7793237 214680722 0.5
7793237 214583670 0.5
7793237 214612730 0.5
7793237 214826623 0.5
8243799 214716714 1
8243799 214716581 1
8243799 214716671 1
8243799 214828952 0.5
8243799 214851028 0.5
8243799 214827005 0.5
6231581 214848682 1
6231581 214835167 1
6231581 214665277 1
6231581 214834880 0.5
6231581 214849284 0.5
6231581 214845131 0.5
6231581 214848656 0.5
6231581 214826610 0.5
6231581 214848596 0.5
6231581 214834877 0.5
8508001 214853096 1
8508001 214853105 1
8508001 214853085 1
8508001 214852980 0.5
11145834 214857568 1
11145834 214857570 1
11145834 214854894 1
11145834 214857547 0.5
1278484 214821305 1
1278484 214821309 1
1278484 214821307 1
1278484 214821302 0.5
4312168 214831970 1
4312168 214839939 1
4312168 214836512 1
4312168 214829664 0.5
4312168 214680705 0.5
4312168 214657318 0.5
4312168 214743495 0.5
4312168 214680718 0.5
4312168 214574672 0.5
4312168 214640017 0.5
4312168 214835167 0.5
4312168 214828985 0.5
4312168 214717880 0.5
4312168 214573305 0.5
4312168 214606779 0.5
4312168 214636415 0.5
7803507 214848298 1
7803507 214716930 1
7803507 214716935 1
7803507 214849408 0.5
7803507 214850411 0.5
7803507 214716932 0.5
7803507 214744779 0.5
7803507 214844347 0.5
7803507 214849327 0.5
7803507 214851313 0.5
7803507 214846035 0.5
7803507 214850741 0.5
7803507 214851315 0.5
7803507 214850756 0.5
7803507 214840378 0.5
7803507 214836827 0.5
7803507 214850940 0.5
7803507 214821022 0.5
2361499 214829880 1
2361499 214829885 1
2361499 214831946 1
2361499 214829882 0.5
2361499 214829878 0.5
5333438 214844396 1
5333438 214844400 1
5333438 214844342 1
5333438 214844345 0.5
9923193 214853700 1
9923193 214853722 1
9923193 214853852 1
9923193 214854152 0.5
9923193 214853848 0.5
9923193 214850938 0.5
9214587 214853109 1
9214587 214853111 1
9214587 214601040 1
9214587 214853128 0.5
9214587 214853130 0.5
9214587 214581611 0.5
9214587 214835117 0.5
9214587 214601042 0.5
9214587 214678387 0.5
9214587 214582200 0.5
9214587 214853115 0.5
10408573 214854358 1
10408573 214567215 1
10408573 214567329 1
10408573 214854268 0.5
7307903 214835473 1
7307903 214845457 1
7307903 214845806 1
7307903 214848997 0.5
7307903 214563337 0.5
7307903 214586743 0.5
7307903 214832780 0.5
7307903 214846127 0.5
7307903 214574672 0.5
7307903 214838225 0.5
7307903 214553561 0.5
7307903 214849747 0.5
7307903 214832023 0.5
7307903 214821401 0.5
7307903 214831967 0.5
4291208 214677615 1
4291208 214820392 1
4291208 214602733 1
4291208 214821017 0.5
4291208 214839969 0.5
9656979 214853767 1
9656979 214853730 1
9656979 214853700 1
9656979 214853765 0.5
9656979 214854118 0.5
6775448 214848849 1
6775448 214667857 1
6775448 214667859 1
6775448 214849331 0.5
6775448 214665277 0.5
6775448 214849239 0.5
11243231 214853227 1
11243231 214854146 1
11243231 214567327 1
11243231 214853248 0.5
11243231 214853077 0.5
4770464 214839960 1
4770464 214829730 1
4770464 214748336 1
4770464 214684734 0.5
8600227 214846117 1
8600227 214849010 1
8600227 214678387 1
8600227 214851585 0.5
8600227 214848380 0.5
9607844 214844347 1
9607844 214853109 1
9607844 214853111 1
9607844 214581611 0.5
9607844 214846117 0.5
11166376 214854802 1
11166376 214854722 1
11166376 214854699 1
11166376 214854682 0.5
10205866 214854065 1
10205866 214850949 1
10205866 214853702 1
10205866 214853698 0.5
10205866 214853651 0.5
10205866 214853422 0.5
9956013 214853698 1
9956013 214700000 1
9956013 214674767 1
9956013 214717888 0.5
9956013 214674658 0.5
9956013 214712235 0.5
9956013 214718220 0.5
9956013 214744258 0.5
9956013 214680371 0.5
9956013 214853396 0.5
9956013 214701787 0.5
633518 214829321 1
633518 214839600 1
633518 214821300 1
633518 214834865 0.5
633518 214601229 0.5
633518 214716671 0.5
7791282 214838107 1
7791282 214820844 1
7791282 214848298 1
7791282 214829880 0.5
7791282 214845577 0.5
7791282 214826835 0.5
7791282 214845579 0.5
7791282 214846031 0.5
7465651 214851129 1
7465651 214851013 1
7465651 214552522 1
7465651 214851587 0.5
10955209 214854800 1
10955209 214854789 1
10955209 214714755 1
10955209 214853930 0.5
10955209 214854495 0.5
10955209 214847255 0.5
1505978 214826610 1
1505978 214829366 1
1505978 214826996 1
1505978 214826921 0.5
1505978 214819770 0.5
1505978 214829387 0.5
1505978 214833755 0.5
11196191 214864880 1
11196191 214854853 1
11196191 214854795 1
11196191 214853102 0.5
1688254 214834880 1
1688254 214828965 1
1688254 214712126 1
1688254 214834877 0.5
1688254 214829390 0.5
10996512 214864880 1
10996512 214853102 1
10996512 214854840 1
10996512 214854733 0.5
5535776 214844396 1
5535776 214835473 1
5535776 214835426 1
5535776 214748336 0.5
9091786 214853085 1
9091786 214853096 1
9091786 214851069 1
9091786 214852987 0.5
8678519 214853094 1
8678519 214853105 1
8678519 214853085 1
8678519 214853096 0.5
8678519 214853090 0.5
8678519 214853242 0.5
8678519 214851326 0.5
7008698 214849322 1
7008698 214849320 1
7008698 214849318 1
7008698 214667857 0.5
7008698 214849179 0.5
7008698 214849284 0.5
10630264 214854345 1
10630264 214854358 1
10630264 214567327 1
10630264 214684785 0.5
10630264 214854555 0.5
10630264 214854262 0.5
10630264 214567333 0.5
10630264 214854510 0.5
11043961 214567215 1
11043961 214567327 1
11043961 214684785 1
11043961 214567329 0.5
11043961 214853726 0.5
11043961 214854510 0.5
11043961 214853855 0.5
6804184 214665277 1
6804184 214849292 1
6804184 214849322 1
6804184 214849185 0.5
10082407 214853730 1
10082407 214853994 1
10082407 214853852 1
10082407 214854176 0.5
10082407 214854148 0.5
10082407 214853767 0.5
10082407 214850792 0.5
10082407 214853996 0.5
10082407 214848808 0.5
10082407 214853435 0.5
10237657 214849320 1
10237657 214853760 1
10237657 214853762 1
10237657 214854264 0.5
10237657 214567329 0.5
10237657 214567333 0.5
10237657 214854125 0.5
8993508 214851163 1
8993508 214851131 1
8993508 214716714 1
8993508 214851579 0.5
8993508 214851028 0.5
8993508 214851165 0.5
8993508 214684942 0.5
6087789 214846031 1
6087789 214846014 1
6087789 214848298 1
6087789 214514272 0.5
6087789 214514274 0.5
6087789 214712235 0.5
6087789 214540070 0.5
4285158 214835475 1
4285158 214837882 1
4285158 214748336 1
4285158 214819762 0.5
4285158 214684843 0.5
2671452 214831948 1
2671452 214829882 1
2671452 214829878 1
2671452 214686082 0.5
9472746 214651777 1
9472746 214846119 1
9472746 214853165 1
9472746 214829765 0.5
10431214 214861498 1
10431214 214840001 1
10431214 214839999 1
10431214 214839995 0.5
9589487 214853454 1
9589487 214853420 1
9589487 214850949 1
9589487 214853424 0.5
9589487 214691612 0.5
9589487 214853767 0.5
2663152 214829878 1
2663152 214714757 1
2663152 214829880 1
2663152 214640094 0.5
7135662 214849762 1
7135662 214849734 1
7135662 214826825 1
7135662 214844400 0.5
7135662 214844370 0.5
7135662 214586743 0.5
7135662 214844402 0.5
7135662 214557095 0.5
5421821 214844370 1
5421821 214844398 1
5421821 214844347 1
5421821 214826833 0.5
9646229 214850949 1
9646229 214850945 1
9646229 214853152 1
9646229 214853420 0.5
9646229 214850700 0.5
4662023 214836330 1
4662023 214839973 1
4662023 214845806 1
4662023 214826977 0.5
4662023 214838225 0.5
4662023 214839587 0.5
4662023 214557095 0.5
4662023 214819721 0.5
4662023 214684843 0.5
4662023 214832145 0.5
4662023 214601233 0.5
4662023 214690110 0.5
4662023 214829850 0.5
4662023 214827007 0.5
4662023 214836926 0.5
4662023 214831967 0.5
2163467 214717798 1
2163467 214834871 1
2163467 214554384 1
2163467 214828970 0.5
9921294 214567215 1
9921294 214567329 1
9921294 214684785 1
9921294 214854159 0.5
9921294 214853996 0.5
9921294 214847261 0.5
9921294 214854358 0.5
9921294 214847255 0.5
11115282 214854733 1
11115282 214714755 1
11115282 214854823 1
11115282 214854860 0.5
5049108 214664728 1
5049108 214844370 1
5049108 214844400 1
5049108 214544357 0.5
8549166 214665277 1
8549166 214667859 1
8549166 214832619 1
8549166 214829387 0.5
8549166 214849284 0.5
8549166 214554950 0.5
873238 214821017 1
873238 214832559 1
873238 214718220 1
873238 214556334 0.5
3875972 214835109 1
3875972 214832747 1
3875972 214707995 1
3875972 214585547 0.5
3875972 214836932 0.5
3875972 214707883 0.5
4042493 214838107 1
4042493 214829797 1
4042493 214826945 1
4042493 214829880 0.5
9581018 214853420 1
9581018 214514272 1
9581018 214850310 1
9581018 214514276 0.5
9581018 214717511 0.5
9581018 214845577 0.5
9581018 214850282 0.5
9581018 214846033 0.5
9581018 214853342 0.5
9581018 214829878 0.5
9581018 214717273 0.5
9581018 214684730 0.5
9581018 214846014 0.5
6136606 214846010 1
6136606 214838227 1
6136606 214848302 1
6136606 214821384 0.5
6136606 214849072 0.5
6136606 214845954 0.5
6136606 214821382 0.5
3975019 214829773 1
3975019 214826938 1
3975019 214836795 1
3975019 214829769 0.5
3975019 214829771 0.5
3975019 214836870 0.5
11098458 214829790 1
11098458 214854840 1
11098458 214853081 1
11098458 214854720 0.5
11098458 214849809 0.5
11098458 214848975 0.5
3687204 214829771 1
3687204 214836941 1
3687204 214839395 1
3687204 214826938 0.5
3687204 214836870 0.5
9744773 214850949 1
9744773 214853338 1
9744773 214853340 1
9744773 214850947 0.5
9744773 214853420 0.5
9744773 214853342 0.5
9744773 214850942 0.5
1662428 214820394 1
1662428 214753515 1
1662428 214716110 1
1662428 214819376 0.5
1662428 214826610 0.5
1662428 214826711 0.5
1583922 214838831 1
1583922 214837485 1
1583922 214837487 1
1583922 214837442 0.5
1583922 214837483 0.5
1583922 214698446 0.5
1583922 214559726 0.5
9999837 214853702 1
9999837 214853730 1
9999837 214853698 1
9999837 214854298 0.5
9999837 214854527 0.5
9999837 214854540 0.5
9999837 214706102 0.5
9999837 214853767 0.5
9128757 214853135 1
9128757 214853195 1
9128757 214851748 1
9128757 214853184 0.5
9128757 214850760 0.5
9128757 214853227 0.5
9128757 214850876 0.5
9128757 214853233 0.5
6015798 214840595 1
6015798 214840237 1
6015798 214842553 1
6015798 214584992 0.5
9116471 214716746 1
9116471 214851080 1
9116471 214851161 1
9116471 214716671 0.5
9116471 214851163 0.5
9116471 214848851 0.5
9116471 214851575 0.5
5897018 214845947 1
5897018 214848328 1
5897018 214554510 1
5897018 214826664 0.5
5897018 214835745 0.5
5897018 214559259 0.5
5897018 214832150 0.5
5897018 214668185 0.5
1616702 214826610 1
1616702 214834880 1
1616702 214743495 1
1616702 214829850 0.5
5703387 214843440 1
5703387 214691630 1
5703387 214710099 1
5703387 214826833 0.5
10208066 214567333 1
10208066 214684762 1
10208066 214854300 1
10208066 214854547 0.5
10208066 214854262 0.5
10208066 214567327 0.5
6069063 214846031 1
6069063 214846029 1
6069063 214845416 1
6069063 214845984 0.5
6069063 214848185 0.5
8631702 214850942 1
8631702 214848157 1
8631702 214853212 1
8631702 214714794 0.5
8631702 214853422 0.5
8631702 214716654 0.5
8631702 214827005 0.5
8151522 214851581 1
8151522 214851013 1
8151522 214851137 1
8151522 214851236 0.5
8151522 214716110 0.5
8151522 214748334 0.5
8151522 214851133 0.5
6667086 214835167 1
6667086 214848596 1
6667086 214848847 1
6667086 214848609 0.5
6667086 214848926 0.5
8735203 214844342 1
8735203 214851101 1
8735203 214845973 1
8735203 214851232 0.5
8735203 214564380 0.5
8735203 214552522 0.5
8735203 214851236 0.5
8735203 214829878 0.5
6268729 214836527 1
6268729 214848975 1
6268729 214821309 1
6268729 214848808 0.5
6268729 214575763 0.5
6268729 214848613 0.5
6268729 214848615 0.5
11332068 214853100 1
11332068 214853102 1
11332068 214854823 1
11332068 214854731 0.5
11332068 214854782 0.5
10734426 214854358 1
10734426 214854527 1
10734426 214644549 1
10734426 214853996 0.5
10734426 214854532 0.5
10734426 214854733 0.5
10734426 214853735 0.5
1184604 214531907 1
1184604 214829032 1
1184604 214829042 1
1184604 214845538 0.5
1184604 214535653 0.5
1184604 214714792 0.5
1184604 214834922 0.5
1184604 214540922 0.5
1184604 214701307 0.5
4702011 214612901 1
4702011 214838109 1
4702011 214839594 1
4702011 214836512 0.5
4702011 214677984 0.5
4702011 214840235 0.5
4702011 214589606 0.5
4702011 214826747 0.5
5471076 214846061 1
5471076 214835017 1
5471076 214844396 1
5471076 214839971 0.5
5471076 214848997 0.5
5471076 214829852 0.5
5471076 214748336 0.5
5471076 214601233 0.5
5471076 214829045 0.5
5471076 214701212 0.5
586598 214829327 1
586598 214829330 1
586598 214827009 1
586598 214829332 0.5
586598 214829325 0.5
2722664 214826818 1
2722664 214837918 1
2722664 214826565 1
2722664 214587712 0.5
2722664 214831937 0.5
2722664 214835745 0.5
2722664 214835017 0.5
2722664 214835019 0.5
2722664 214834867 0.5
1396198 214834877 1
1396198 214826610 1
1396198 214829396 1
1396198 214832722 0.5
1396198 214829387 0.5
1396198 214553732 0.5
10613611 214854579 1
10613611 214855151 1
10613611 214854300 1
10613611 214573305 0.5
10613611 214573310 0.5
10613611 214850741 0.5
10613611 214854230 0.5
3132271 214829878 1
3132271 214831948 1
3132271 214831946 1
3132271 214826977 0.5
3132271 214716110 0.5
3132271 214819762 0.5
3132271 214835124 0.5
3132271 214831959 0.5
3132271 214829882 0.5
7611251 214844439 1
7611251 214844394 1
7611251 214821313 1
7611251 214844454 0.5
7496568 214821315 1
7496568 214612704 1
7496568 214821341 1
7496568 214844465 0.5
7496568 214533022 0.5
7496568 214821305 0.5
8600441 214853128 1
8600441 214853263 1
8600441 214853214 1
8600441 214850372 0.5
5374842 214844396 1
5374842 214844400 1
5374842 214844402 1
5374842 214835426 0.5
5374842 214835012 0.5
5374842 214845583 0.5
5374842 214844342 0.5
5374842 214844345 0.5
5374842 214844347 0.5
5374842 214845412 0.5
10685307 214854583 1
10685307 214854527 1
10685307 214853925 1
10685307 214854264 0.5
10685307 214567329 0.5
10685307 214567333 0.5
10685307 214567215 0.5
4428668 214839973 1
4428668 214832143 1
4428668 214820392 1
4428668 214819760 0.5
4428668 214832145 0.5
3122046 214829880 1
3122046 214831948 1
3122046 214836517 1
3122046 214829882 0.5
3122046 214829878 0.5
9051008 214820186 1
9051008 214711295 1
9051008 214850945 1
9051008 214851137 0.5
9051008 214831946 0.5
9051008 214717511 0.5
10034049 214853700 1
10034049 214853702 1
10034049 214853698 1
10034049 214853430 0.5
8076171 214853173 1
8076171 214849757 1
8076171 214844400 1
8076171 214849760 0.5
8076171 214849738 0.5
10060684 214853992 1
10060684 214695210 1
10060684 214853865 1
10060684 214839962 0.5
1571121 214821407 1
1571121 214829396 1
1571121 214832722 1
1571121 214826561 0.5
1571121 214753515 0.5
10902416 214854842 1
10902416 214854356 1
10902416 214854770 1
10902416 214854731 0.5
8670099 214684942 1
8670099 214716714 1
8670099 214716746 1
8670099 214851131 0.5
8375272 214748289 1
8375272 214640012 1
8375272 214585633 1
8375272 214595139 0.5
8375272 214839311 0.5
5141402 214845577 1
5141402 214845352 1
5141402 214845356 1
5141402 214845579 0.5
5141402 214845581 0.5
2792347 214826623 1
2792347 214578178 1
2792347 214674767 1
2792347 214821395 0.5
2792347 214835475 0.5
2792347 214642805 0.5
9741213 214850315 1
9741213 214850304 1
9741213 214850291 1
9741213 214850947 0.5
9741213 214831948 0.5
9741213 214829885 0.5
9741213 214829887 0.5
8484677 214850932 1
8484677 214546123 1
8484677 214700992 1
8484677 214829312 0.5
8484677 214700876 0.5
8484677 214645003 0.5
8484677 214510820 0.5
8484677 214686086 0.5
4451233 214602733 1
4451233 214845806 1
4451233 214839973 1
4451233 214839969 0.5
4451233 214586694 0.5
4451233 214602598 0.5
4451233 214835745 0.5
4451233 214711657 0.5
4451233 214835019 0.5
4451233 214600492 0.5
4451233 214820400 0.5
4451233 214601233 0.5
4451233 214836853 0.5
4451233 214826872 0.5
4451233 214839967 0.5
4451233 214587317 0.5
1192867 214829100 1
1192867 214828995 1
1192867 214829085 1
1192867 214829334 0.5
11309994 214853730 1
11309994 214854540 1
11309994 214848658 1
11309994 214851236 0.5
10459604 214686864 1
10459604 214849057 1
10459604 214686879 1
10459604 214565473 0.5
10459604 214743335 0.5
10459604 214846065 0.5
10459604 214848986 0.5
10459604 214854495 0.5
10459604 214717087 0.5
9227182 214853424 1
9227182 214853454 1
9227182 214850942 1
9227182 214850947 0.5
5788591 214839564 1
5788591 214845422 1
5788591 214829317 1
5788591 214820377 0.5
5788591 214507492 0.5
5788591 214828989 0.5
2157489 214829846 1
2157489 214829711 1
2157489 214829705 1
2157489 214832717 0.5
9800626 214853767 1
9800626 214853730 1
9800626 214853698 1
9800626 214853713 0.5
9800626 214832023 0.5
4441014 214829878 1
4441014 214839965 1
4441014 214829887 1
4441014 214820400 0.5
4441014 214829799 0.5
4441014 214584092 0.5
4441014 214800272 0.5
4441014 214712120 0.5
4441014 214826876 0.5
6548408 214845806 1
6548408 214848656 1
6548408 214609325 1
6548408 214835017 0.5
6548408 214832780 0.5
6548408 214846061 0.5
6548408 214748336 0.5
6548408 214845457 0.5
6548408 214848658 0.5
6548408 214831967 0.5
9337796 214849809 1
9337796 214853325 1
9337796 214700002 1
9337796 214511015 0.5
8799174 214844447 1
8799174 214533020 1
8799174 214844445 1
8799174 214844452 0.5
5911497 214845939 1
5911497 214846010 1
5911497 214845879 1
5911497 214535004 0.5
2657226 214829878 1
2657226 214829882 1
2657226 214826983 1
2657226 214686082 0.5
2657226 214712235 0.5
2657226 214831948 0.5
2657226 214831946 0.5
2657226 214701787 0.5
8795089 214853115 1
8795089 214853128 1
8795089 214853105 1
8795089 214678376 0.5
8795089 214853130 0.5
8795089 214853165 0.5
6865876 214848945 1
6865876 214849022 1
6865876 214848941 1
6865876 214848954 0.5
6865876 214849046 0.5
11348949 214829878 1
11348949 214849247 1
11348949 214846344 1
11348949 214714755 0.5
11348949 214853767 0.5
11348949 214819721 0.5
11348949 214848682 0.5
11348949 214743495 0.5
11348949 214850700 0.5
11348949 214846033 0.5
11348949 214848658 0.5
11348949 214854517 0.5
11348949 214583670 0.5
11348949 214586743 0.5
11348949 214684730 0.5
11348949 214851581 0.5
9870297 214854527 1
9870297 214853767 1
9870297 214851077 1
9870297 214853698 0.5
9870297 214854060 0.5
9870297 214753515 0.5
9870297 214854540 0.5
9870297 214748336 0.5
9870297 214846067 0.5
9870297 214717562 0.5
9870297 214820345 0.5
9870297 214575193 0.5
9870297 214853722 0.5
9870297 214854298 0.5
2833914 214829887 1
2833914 214748304 1
2833914 214836517 1
2833914 214753513 0.5
2833914 214831959 0.5
5477342 214836352 1
5477342 214587317 1
5477342 214835968 1
5477342 214583670 0.5
5477342 214602598 0.5
5477342 214845457 0.5
5477342 214826998 0.5
5477342 214553561 0.5
5477342 214828985 0.5
5477342 214831967 0.5
2827231 214829878 1
2827231 214684730 1
2827231 214826589 1
2827231 214711408 0.5
2827231 214821410 0.5
2827231 214612730 0.5
2827231 214711078 0.5
9221091 214573350 1
9221091 214851161 1
9221091 214829878 1
9221091 214846033 0.5
9221091 214684730 0.5
9221091 214851131 0.5
9221091 214850949 0.5
9647076 214853683 1
9647076 214850771 1
9647076 214718216 1
9647076 214718160 0.5
2130917 214718210 1
2130917 214711280 1
2130917 214828961 1
2130917 214700885 0.5
9135079 214850940 1
9135079 214850739 1
9135079 214849245 1
9135079 214834880 0.5
9135079 214853330 0.5
9135079 214558807 0.5
9641468 214853767 1
9641468 214853730 1
9641468 214853420 1
9641468 214853698 0.5
9641468 214850949 0.5
9641468 214850282 0.5
9641468 214853707 0.5
9641468 214846033 0.5
9641468 214829878 0.5
9641468 214684730 0.5
9641468 214854172 0.5
9641468 214853722 0.5
9380843 214853379 1
9380843 214853417 1
9380843 214853347 1
9380843 214846468 0.5
6964207 214580276 1
6964207 214657382 1
6964207 214537933 1
6964207 214579704 0.5
5301237 214845354 1
5301237 214844407 1
5301237 214836536 1
5301237 214845577 0.5
8811689 214852980 1
8811689 214851326 1
8811689 214853077 1
8811689 214853090 0.5
8811689 214852978 0.5
9251832 214853454 1
9251832 214850945 1
9251832 214853456 1
9251832 214853147 0.5
9251832 214844400 0.5
9251832 214850947 0.5
9251832 214853381 0.5
9251832 214852040 0.5
9251832 214844396 0.5
9251832 214848688 0.5
9251832 214844402 0.5
9251832 214844372 0.5
9251832 214853465 0.5
9251832 214821371 0.5
2584746 214829878 1
2584746 214831948 1
2584746 214831957 1
2584746 214686082 0.5
2584746 214831965 0.5
10656366 214854819 1
10656366 214855016 1
10656366 214854782 1
10656366 214853100 0.5
10656366 214854815 0.5
6863872 214849022 1
6863872 214848954 1
6863872 214848947 1
6863872 214848945 0.5
10528256 214853100 1
10528256 214854819 1
10528256 214851326 1
10528256 214855016 0.5
10528256 214854840 0.5
10528256 214861498 0.5
10528256 214854731 0.5
8958982 214853657 1
8958982 214829792 1
8958982 214712237 1
8958982 214835120 0.5
8958982 214743515 0.5
10552329 214644577 1
10552329 214854538 1
10552329 214849050 1
10552329 214845416 0.5
10552329 214837455 0.5
10552329 214845917 0.5
10552329 214677735 0.5
6483799 214849322 1
6483799 214849318 1
6483799 214849320 1
6483799 214849185 0.5
6483799 214846530 0.5
8279056 214851290 1
8279056 214851232 1
8279056 214564380 1
8279056 214835109 0.5
4589742 214829887 1
4589742 214821305 1
4589742 214559726 1
4589742 214837442 0.5
4589742 214837483 0.5
4589742 214835122 0.5
4589742 214832722 0.5
4589742 214712120 0.5
4589742 214839965 0.5
7361559 214849807 1
7361559 214850291 1
7361559 214850310 1
7361559 214850304 0.5
498712 214820402 1
498712 214587712 1
498712 214587697 1
498712 214800272 0.5
498712 214718385 0.5
2159641 214748338 1
2159641 214831965 1
2159641 214835124 1
2159641 214831948 0.5
2159641 214829090 0.5
2159641 214844364 0.5
2159641 214829878 0.5
10331311 214687970 1
10331311 214853340 1
10331311 214853730 1
10331311 214717867 0.5
185373 214826606 1
185373 214826623 1
185373 214664919 1
185373 214821300 0.5
185373 214826932 0.5
185373 214826612 0.5
5674018 214835747 1
5674018 214846001 1
5674018 214846318 1
5674018 214846415 0.5
4963313 214838092 1
4963313 214717412 1
4963313 214837288 1
4963313 214819777 0.5
4963313 214835426 0.5
4963313 214820805 0.5
4963313 214718182 0.5
4963313 214717410 0.5
4963313 214836885 0.5
4963313 214826904 0.5
4963313 214701309 0.5
11174952 214854815 1
11174952 214854857 1
11174952 214854819 1
11174952 214853855 0.5
2169897 214829878 1
2169897 214831946 1
2169897 214829882 1
2169897 214686082 0.5
2169897 214717511 0.5
2169897 214831948 0.5
2169897 214673295 0.5
2169897 214711312 0.5
2169897 214712120 0.5
2169897 214829885 0.5
4539439 214832145 1
4539439 214843554 1
4539439 214646745 1
4539439 214705691 0.5
4539439 214744796 0.5
4539439 214839587 0.5
4539439 214836883 0.5
3816496 214838227 1
3816496 214826990 1
3816496 214835109 1
3816496 214580293 0.5
5837878 214845135 1
5837878 214845971 1
5837878 214849072 1
5837878 214846417 0.5
5837878 214849010 0.5
5837878 214846007 0.5
5837878 214846001 0.5
1600568 214748336 1
1600568 214820400 1
1600568 214743367 1
1600568 214558080 0.5
1600568 214819762 0.5
1600568 214646591 0.5
2452543 214829878 1
2452543 214831950 1
2452543 214829885 1
2452543 214612704 0.5
2452543 214835137 0.5
2452543 214831948 0.5
2452543 214832780 0.5
2452543 214819762 0.5
2452543 214829882 0.5
8059972 214845585 1
8059972 214564387 1
8059972 214850411 1
8059972 214850848 0.5
8059972 214848165 0.5
8059972 214853222 0.5
8059972 214744779 0.5
8059972 214853132 0.5
8059972 214849455 0.5
8059972 214848849 0.5
8059972 214543922 0.5
8059972 214849363 0.5
8059972 214849460 0.5
8059972 214573590 0.5
8059972 214677401 0.5
8059972 214703801 0.5
8059972 214853242 0.5
8059972 214845583 0.5
8059972 214850940 0.5
3757127 214835109 1
3757127 214835167 1
3757127 214829765 1
3757127 214838227 0.5
9102408 214851135 1
9102408 214851744 1
9102408 214839596 1
9102408 214553810 0.5
1782858 214712126 1
1782858 214840421 1
1782858 214826563 1
1782858 214826610 0.5
9071691 214716645 1
9071691 214850282 1
9071691 214846029 1
9071691 214850304 0.5
9071691 214710097 0.5
9071691 214850947 0.5
9071691 214829887 0.5
10686306 214854352 1
10686306 214854536 1
10686306 214853767 1
10686306 214854527 0.5
964451 214819430 1
964451 214601233 1
964451 214829321 1
964451 214800272 0.5
964451 214839600 0.5
964451 214826998 0.5
964451 214748334 0.5
9120953 214716714 1
9120953 214716746 1
9120953 214685049 1
9120953 214716671 0.5
595032 214829321 1
595032 214820807 1
595032 214695195 1
595032 214711312 0.5
595032 214839600 0.5
595032 214829085 0.5
4871257 214839590 1
4871257 214632146 1
4871257 214829885 1
4871257 214829882 0.5
2354268 214829880 1
2354268 214829885 1
2354268 214831946 1
2354268 214581536 0.5
2354268 214669937 0.5
2354268 214826947 0.5
2354268 214711318 0.5
11461818 214854789 1
11461818 214854800 1
11461818 214567333 1
11461818 214854262 0.5
11461818 214854174 0.5
2307168 214835017 1
2307168 643078800 1
2307168 214835019 1
2307168 214835137 0.5
2307168 214832780 0.5
2307168 214835111 0.5
4566117 214829730 1
4566117 214836853 1
4566117 214836855 1
4566117 214836857 0.5
4566117 214845352 0.5
4566117 214835469 0.5
4566117 214687565 0.5
4566117 214695472 0.5
4566117 214829878 0.5
4566117 214738455 0.5
4566117 214828985 0.5
4566117 214826927 0.5
4566117 214829887 0.5
2528359 214831946 1
2528359 214829885 1
2528359 214831950 1
2528359 214835124 0.5
2528359 214831948 0.5
2528359 214829878 0.5
2528359 214829887 0.5
1464508 214826610 1
1464508 214834880 1
1464508 214834877 1
1464508 214800272 0.5
1464508 214833755 0.5
1464508 214820458 0.5
1464508 214744779 0.5
1464508 214602806 0.5
10999106 214855016 1
10999106 214853102 1
10999106 214854782 1
10999106 214854785 0.5
10999106 214854853 0.5
10999106 214854791 0.5
10999106 214854793 0.5
10999106 214854797 0.5
10999106 214854800 0.5
10999106 214854840 0.5
10999106 214854789 0.5
5135471 214839311 1
5135471 214845579 1
5135471 214845457 1
5135471 214829880 0.5
9434224 214678526 1
9434224 214853398 1
9434224 214853147 1
9434224 214848688 0.5
9434224 214820345 0.5
9434224 214581611 0.5
9434224 214554982 0.5
11247464 214851146 1
11247464 214716660 1
11247464 214829042 1
11247464 214545881 0.5
11247464 214550548 0.5
11247464 214855151 0.5
10468466 214854268 1
10468466 214854264 1
10468466 214567215 1
10468466 214567329 0.5
10468466 214853726 0.5
10468466 214854358 0.5
10468466 214567327 0.5
10085492 214561775 1
10085492 214854163 1
10085492 214829032 1
10085492 214832619 0.5
10085492 214821020 0.5
748663 214819550 1
748663 214821017 1
748663 214821015 1
748663 214821022 0.5
3415164 214835745 1
3415164 214716249 1
3415164 214642805 1
3415164 214835128 0.5
1641597 214834880 1
1641597 214826610 1
1641597 214834877 1
1641597 214829745 0.5
9713856 214853471 1
9713856 214853385 1
9713856 214853383 1
9713856 214851232 0.5
9713856 214849312 0.5
9713856 214707875 0.5
9713856 214850790 0.5
9713856 214851159 0.5
9713856 214853996 0.5
9713856 214826990 0.5
9713856 214848377 0.5
9713856 214848337 0.5
9713856 214849333 0.5
9713856 214849239 0.5
9713856 214844345 0.5
9713856 214851290 0.5
9713856 214712507 0.5
9713856 214834880 0.5
9713856 214665277 0.5
2029419 214835002 1
2029419 214826670 1
2029419 214829657 1
2029419 214829379 0.5
2029419 214829660 0.5
4547716 214717539 1
4547716 214839596 1
4547716 214706452 1
4547716 214847968 0.5
4547716 214820184 0.5
4547716 214839975 0.5
8832133 214851122 1
8832133 214846447 1
8832133 214675895 1
8832133 214846530 0.5
8832133 214849252 0.5
8832133 214849247 0.5
9176204 214716654 1
9176204 214685049 1
9176204 214684942 1
9176204 214851080 0.5
9176204 214716671 0.5
9176204 214848613 0.5
9176204 214684845 0.5
9218242 214674658 1
9218242 214853420 1
9218242 214850947 1
9218242 214853456 0.5
9218242 214853330 0.5
9218242 214853381 0.5
9218242 214853422 0.5
8733838 214844439 1
8733838 214844394 1
8733838 214844462 1
8733838 214533020 0.5
7957648 214850938 1
7957648 214564387 1
7957648 214849395 1
7957648 214850940 0.5
7957648 214849363 0.5
7957648 214849747 0.5
7957648 214850411 0.5
7957648 214744779 0.5
6745233 214832604 1
6745233 214848971 1
6745233 214849134 1
6745233 214714721 0.5
5418131 214561558 1
5418131 214850402 1
5418131 214845587 1
5418131 214559647 0.5
8939374 214853094 1
8939374 214852978 1
8939374 214853210 1
8939374 214853222 0.5
7950144 214850938 1
7950144 214564387 1
7950144 214850940 1
7950144 214850936 0.5
7950144 214850411 0.5
7950144 214849395 0.5
10632349 214684762 1
10632349 214853930 1
10632349 214854547 1
10632349 214854549 0.5
5638341 214845917 1
5638341 214846447 1
5638341 214846121 1
5638341 214832145 0.5
5638341 214835019 0.5
9190562 214852978 1
9190562 214853077 1
9190562 214852980 1
9190562 214853242 0.5
9190562 214853173 0.5
11216036 214853100 1
11216036 214854840 1
11216036 214854785 1
11216036 214850949 0.5
11216036 214845579 0.5
11216036 214850285 0.5
11216036 214846031 0.5
11216036 214829880 0.5
11216036 214838107 0.5
5672101 214844400 1
5672101 214844398 1
5672101 214844368 1
5672101 214844370 0.5
5672101 214826711 0.5
5404529 214836932 1
5404529 214844342 1
5404529 214835473 1
5404529 214845585 0.5
5404529 214844345 0.5
1981191 214828963 1
1981191 214826610 1
1981191 214834880 1
1981191 214821410 0.5
1981191 214833755 0.5
1981191 214834877 0.5
1981191 214708374 0.5
9384478 214853996 1
9384478 214853992 1
9384478 214853677 1
9384478 214851073 0.5
9384478 214854146 0.5
9384478 214853227 0.5
9384478 214851748 0.5
9384478 214850405 0.5
9384478 214853195 0.5
9384478 214844398 0.5
9384478 214848688 0.5
9384478 214854165 0.5
7959734 214850936 1
7959734 214850790 1
7959734 214850720 1
7959734 214850621 0.5
7959734 214851011 0.5
7959734 214850405 0.5
7959734 214849395 0.5
7959734 214850741 0.5
6372553 214848977 1
6372553 214848982 1
6372553 214838107 1
6372553 214829880 0.5
6372553 214846031 0.5
6012088 214848298 1
6012088 214848305 1
6012088 214712235 1
6012088 214700000 0.5
6012088 214846033 0.5
6012088 214846014 0.5
9966777 214854510 1
9966777 214853865 1
9966777 214854172 1
9966777 214853992 0.5
9966777 214851748 0.5
9966777 214850405 0.5
7982266 214850936 1
7982266 214850711 1
7982266 214838124 1
7982266 214849740 0.5
7982266 214564382 0.5
6829246 214848658 1
6829246 214848986 1
6829246 214849228 1
6829246 214706214 0.5
787648 214538572 1
787648 214820805 1
787648 214709741 1
787648 214702905 0.5
787648 214540706 0.5
787648 214538484 0.5
8940741 214852987 1
8940741 214848926 1
8940741 214853263 1
8940741 214846119 0.5
8940741 214853087 0.5
8666313 214853090 1
8666313 214851326 1
8666313 214853094 1
8666313 214853096 0.5
8666313 214852978 0.5
9139403 214849018 1
9139403 214852987 1
9139403 214853165 1
9139403 214853130 0.5
9139403 214850332 0.5
5887574 214846067 1
5887574 214832023 1
5887574 214846127 1
5887574 214712130 0.5
5887574 214839587 0.5
5887574 214848656 0.5
5887574 214718385 0.5
5887574 214586743 0.5
5887574 214717850 0.5
5887574 214845885 0.5
11150299 214854853 1
11150299 214864880 1
11150299 214854840 1
11150299 214854733 0.5
11461839 214853130 1
11461839 214853109 1
11461839 214853111 1
11461839 214853128 0.5
11461839 214582200 0.5
11461839 214845971 0.5
2495697 214831959 1
2495697 214835019 1
2495697 214833755 1
2495697 214835017 0.5
2495697 214831967 0.5
2495697 214832780 0.5
2495697 214835574 0.5
2495697 214601233 0.5
9663699 214853420 1
9663699 214850947 1
9663699 214850945 1
9663699 214836932 0.5
9663699 214665277 0.5
9663699 214850942 0.5
9663699 214844345 0.5
9663699 214851290 0.5
9663699 214684730 0.5
9663699 214684734 0.5
8346837 214851581 1
8346837 214851122 1
8346837 214851290 1
8346837 214670240 0.5
8346837 214851236 0.5
8346837 214848997 0.5
8346837 214843494 0.5
8346837 214716110 0.5
8346837 214851322 0.5
8346837 214851077 0.5
596857 214748300 1
596857 214748302 1
596857 214753513 1
596857 214753507 0.5
596857 214712126 0.5
7298266 214837494 1
7298266 214847255 1
7298266 214847261 1
7298266 214535985 0.5
1500387 214826610 1
1500387 214834869 1
1500387 214834880 1
1500387 214833755 0.5
3976422 214836941 1
3976422 214836932 1
3976422 214829786 1
3976422 214820803 0.5
3976422 214509013 0.5
8238311 214851326 1
8238311 214853094 1
8238311 214853248 1
8238311 214819760 0.5
8238311 214853090 0.5
8238311 214851099 0.5
8238311 214836330 0.5
8238311 214819762 0.5
1383656 214829366 1
1383656 214834880 1
1383656 214743495 1
1383656 214829387 0.5
8613098 214853342 1
8613098 214832143 1
8613098 214514295 1
8613098 214540070 0.5
8613098 214717003 0.5
8613098 214848305 0.5
8613098 214831955 0.5
8613098 214514293 0.5
8613098 214850366 0.5
8791277 214853094 1
8791277 214853085 1
8791277 214853090 1
8791277 214853096 0.5
494831 214820261 1
494831 214820233 1
494831 214684513 1
494831 214839373 0.5
9911536 214853325 1
9911536 214853210 1
9911536 214853242 1
9911536 214853321 0.5
1564518 214834880 1
1564518 214834877 1
1564518 214829366 1
1564518 214826610 0.5
9722693 214853422 1
9722693 214850947 1
9722693 214850949 1
9722693 214601040 0.5
9722693 214853090 0.5
9722693 214711307 0.5
9722693 214853077 0.5
9362681 214853460 1
9362681 214853428 1
9362681 214853420 1
9362681 214850949 0.5
9362681 214849046 0.5
10652543 214684762 1
10652543 214852980 1
10652543 214850741 1
10652543 214853726 0.5
10652543 214853085 0.5
10652543 214854262 0.5
3517693 214836932 1
3517693 214826990 1
3517693 214835109 1
3517693 214826612 0.5
5230238 214820400 1
5230238 214820402 1
5230238 214846447 1
5230238 214685857 0.5
5230238 214667970 0.5
5230238 214839971 0.5
5230238 214829799 0.5
5230238 214577450 0.5
5230238 214687847 0.5
5230238 214835087 0.5
5230238 214606809 0.5
5230238 214705370 0.5
5230238 214714779 0.5
5230238 214717247 0.5
8101119 214851236 1
8101119 214851013 1
8101119 214851133 1
8101119 214851097 0.5
8101119 214851099 0.5
8101119 214850790 0.5
3884288 214826610 1
3884288 214834877 1
3884288 214829878 1
3884288 214549346 0.5
3884288 214557009 0.5
3884288 214835475 0.5
3884288 214835124 0.5
3884288 214559672 0.5
3884288 214835167 0.5
2323328 214829878 1
2323328 214829882 1
2323328 214829887 1
2323328 214831967 0.5
5647619 214845962 1
5647619 214846119 1
5647619 214821382 1
5647619 214819640 0.5
5647619 214846117 0.5
1543428 214821412 1
1543428 214834877 1
1543428 214834880 1
1543428 214829387 0.5
9597009 214853342 1
9597009 214839935 1
9597009 214837288 1
9597009 214850947 0.5
1076488 214716980 1
1076488 214716971 1
1076488 214844439 1
1076488 214533026 0.5
1076488 214716937 0.5
1076488 214716941 0.5
1076488 214821302 0.5
1076488 214821305 0.5
1076488 214716986 0.5
1076488 214716956 0.5
9096006 214846391 1
9096006 214851320 1
9096006 214583610 1
9096006 214846475 0.5
1725706 214648470 1
1725706 214829085 1
1725706 214829705 1
1725706 214691471 0.5
10485004 214854836 1
10485004 214854733 1
10485004 214710013 1
10485004 214709685 0.5
10485004 214854782 0.5
10485004 214845583 0.5
2454804 214845065 1
2454804 214716110 1
2454804 214748336 1
2454804 214834880 0.5
2454804 214835111 0.5
2454804 214705736 0.5
2454804 214712235 0.5
2454804 214826711 0.5
2454804 214845073 0.5
2454804 214826983 0.5
2454804 214831967 0.5
3325574 214835124 1
3325574 214831967 1
3325574 214831959 1
3325574 214829280 0.5
3325574 214826977 0.5
3325574 214835019 0.5
3325574 214835087 0.5
3325574 214819760 0.5
3325574 214819762 0.5
3325574 214717850 0.5
2569433 214829878 1
2569433 214831948 1
2569433 214835087 1
2569433 214835002 0.5
2569433 214832780 0.5
2569433 214836517 0.5
10426244 214854210 1
10426244 214854080 1
10426244 214854257 1
10426244 214569729 0.5
10426244 214746386 0.5
10426244 214601462 0.5
10426244 214686086 0.5
10426244 214546102 0.5
9878354 214850315 1
9878354 214850942 1
9878354 214510445 1
9878354 214850947 0.5
9878354 214850949 0.5
9878354 214853454 0.5
9878354 214829878 0.5
9878354 214848185 0.5
9878354 214834873 0.5
9878354 214701787 0.5
9878354 214710013 0.5
10597784 214567333 1
10597784 214567327 1
10597784 214853992 1
10597784 214853730 0.5
10597784 214853715 0.5
10597784 214854579 0.5
10597784 214854262 0.5
3192094 214834867 1
3192094 214609325 1
3192094 214832792 1
3192094 214835017 0.5
3192094 214835747 0.5
7017762 214845943 1
7017762 214838094 1
7017762 214849082 1
7017762 214579220 0.5
2385187 214829878 1
2385187 214829887 1
2385187 214831948 1
2385187 214829880 0.5
2866468 214835017 1
2866468 214835019 1
2866468 214609325 1
2866468 214837916 0.5
2620709 214829878 1
2620709 214829887 1
2620709 214829882 1
2620709 214829885 0.5
8156721 214852978 1
8156721 214851326 1
8156721 214852980 1
8156721 214819393 0.5
8156721 214853096 0.5
8156721 214716110 0.5
8156721 214677615 0.5
8156721 214676306 0.5
8156721 214832792 0.5
8156721 214718169 0.5
8156721 214573310 0.5
2006314 214821309 1
2006314 214844394 1
2006314 214844439 1
2006314 214821305 0.5
2006314 214844458 0.5
2006314 214821302 0.5
2006314 214844454 0.5
2006314 214821341 0.5
9457823 214853420 1
9457823 214853342 1
9457823 214853340 1
9457823 214853338 0.5
6544687 214848375 1
6544687 214848656 1
6544687 214848330 1
6544687 214848626 0.5
6544687 214848620 0.5
5455069 214844342 1
5455069 214844345 1
5455069 214835109 1
5455069 214556025 0.5
5455069 214844372 0.5
2084144 214829865 1
2084144 214829861 1
2084144 214829707 1
2084144 214829705 0.5
10622856 214684762 1
10622856 214567329 1
10622856 214854300 1
10622856 214854264 0.5
10622856 214684785 0.5
10622856 214854354 0.5
10622856 214854510 0.5
10622856 214567327 0.5
3472696 214837916 1
3472696 214837918 1
3472696 214684715 1
3472696 214629392 0.5
3472696 214629429 0.5
3472696 214844454 0.5
6788444 214848337 1
6788444 214849012 1
6788444 214848380 1
6788444 214819393 0.5
6788444 214581611 0.5
6788444 214711348 0.5
6788444 214846318 0.5
6788444 214846535 0.5
8119618 214851080 1
8119618 214821309 1
8119618 214821315 1
8119618 214553537 0.5
8119618 214612738 0.5
8119618 214851587 0.5
8119618 214850855 0.5
8119618 214716714 0.5
8119618 214684845 0.5
8119618 214612751 0.5
8119618 214851028 0.5
8119618 214556055 0.5
10935619 214700000 1
10935619 214701787 1
10935619 214857551 1
10935619 214835713 0.5
10935619 214712235 0.5
10935619 214835004 0.5
4274742 214820231 1
4274742 214820814 1
4274742 214821305 1
4274742 214844439 0.5
2272583 214821277 1
2272583 214821285 1
2272583 214553700 1
2272583 214602298 0.5
7318856 214844396 1
7318856 214844372 1
7318856 214849757 1
7318856 214819378 0.5
7318856 214849389 0.5
11335223 214853100 1
11335223 214864880 1
11335223 214854800 1
11335223 214854840 0.5
11335223 214861455 0.5
10116429 214853722 1
10116429 214853700 1
10116429 214853767 1
10116429 214853730 0.5
10116429 214853765 0.5
10116429 214854118 0.5
10116429 214853353 0.5
10116429 214574670 0.5
10116429 214574672 0.5
10116429 214853430 0.5
10116429 214853702 0.5
3114318 214835017 1
3114318 214835747 1
3114318 214835019 1
3114318 214602600 0.5
3114318 214609325 0.5
3114318 214680710 0.5
9665871 214831948 1
9665871 214846029 1
9665871 214850942 1
9665871 214850947 0.5
9665871 214829887 0.5
7845433 214850720 1
7845433 214850621 1
7845433 214564382 1
7845433 214850936 0.5
7845433 214851011 0.5
7845433 214851581 0.5
7845433 214850790 0.5
7845433 214849031 0.5
3904856 214836947 1
3904856 214829799 1
3904856 214838137 1
3904856 214573350 0.5
3904856 214838135 0.5
815496 214826927 1
815496 214826998 1
815496 214826934 1
815496 214717562 0.5
815496 214826932 0.5
815496 214690110 0.5
815496 214748334 0.5
5176671 214838092 1
5176671 214838094 1
5176671 214820810 1
5176671 214819640 0.5
5176671 214746377 0.5
5176671 214819374 0.5
6379067 214832604 1
6379067 214716707 1
6379067 214515825 1
6379067 214839369 0.5
920932 214832559 1
920932 214827009 1
920932 214826617 1
920932 214826612 0.5
920932 214676019 0.5
920932 214821300 0.5
920932 214821401 0.5
920932 214826619 0.5
920932 214725532 0.5
4203879 214839397 1
4203879 214695472 1
4203879 214690747 1
4203879 214576890 0.5
3412487 214602600 1
3412487 214835017 1
3412487 214835019 1
3412487 214587712 0.5
7949543 214848377 1
7949543 214848337 1
7949543 214829852 1
7949543 214826990 0.5
7949543 214851101 0.5
7949543 214748336 0.5
7949543 214844345 0.5
7949543 214848410 0.5
7949543 214851290 0.5
7930723 214850936 1
7930723 214850938 1
7930723 214564387 1
7930723 214850848 0.5
7930723 214850619 0.5
7930723 214849395 0.5
4534846 214829775 1
4534846 214602598 1
4534846 214587317 1
4534846 214839969 0.5
4534846 214602802 0.5
4534846 214821401 0.5
4534846 214836857 0.5
4534846 214828985 0.5
2921849 214837918 1
2921849 214829390 1
2921849 214831937 1
2921849 214831940 0.5
1539451 214547814 1
1539451 214828976 1
1539451 214821317 1
1539451 214554384 0.5
1539451 214828970 0.5
10032508 214854358 1
10032508 214854549 1
10032508 214854495 1
10032508 214854510 0.5
10032508 214567333 0.5
10032508 214854262 0.5
10032508 214567327 0.5
7855774 214850621 1
7855774 214850940 1
7855774 214850315 1
7855774 214850619 0.5
7855774 214851011 0.5
2243477 214829887 1
2243477 214829878 1
2243477 214829882 1
2243477 214829368 0.5
2243477 214716641 0.5
2243477 214554585 0.5
2403712 214829882 1
2403712 214831946 1
2403712 214829880 1
2403712 214800272 0.5
9827716 214853767 1
9827716 214853698 1
9827716 214643942 1
9827716 214857120 0.5
9827716 214853713 0.5
9827716 214828882 0.5
9827716 214853702 0.5
5025162 214838109 1
5025162 214829387 1
5025162 214836956 1
5025162 214837280 0.5
5025162 214717286 0.5
5025162 214819430 0.5
5025162 214837288 0.5
5025162 214845131 0.5
5025162 214838092 0.5
5025162 214829850 0.5
5025162 214834877 0.5
6976908 214641412 1
6976908 214849312 1
6976908 214845133 1
6976908 214835167 0.5
4142478 214839594 1
4142478 214632146 1
4142478 214838096 1
4142478 214838107 0.5
4142478 214826942 0.5
6586947 214848658 1
6586947 214848849 1
6586947 214849292 1
6586947 214710088 0.5
6586947 214849320 0.5
6586947 214849322 0.5
6586947 214848947 0.5
6586947 214849046 0.5
8592788 214853094 1
8592788 214853105 1
8592788 214853096 1
8592788 214851326 0.5
7636378 214850936 1
7636378 214846112 1
7636378 214846072 1
7636378 214834880 0.5
7636378 214845806 0.5
7636378 214846447 0.5
7636378 214845587 0.5
7636378 214846127 0.5
7636378 214850876 0.5
1416604 214834877 1
1416604 214833755 1
1416604 214834880 1
1416604 214676962 0.5
1416604 214829387 0.5
1416604 214828991 0.5
7305937 214850936 1
7305937 214832156 1
7305937 214846112 1
7305937 214581536 0.5
7305937 214577450 0.5
7305937 214668219 0.5
10556834 214854855 1
10556834 214853735 1
10556834 214854838 1
10556834 214853147 0.5
10556834 214854819 0.5
10556834 214853702 0.5
9216582 214853379 1
9216582 214846468 1
9216582 214846432 1
9216582 214851577 0.5
9216582 214853158 0.5
9216582 214850711 0.5
7957926 214712126 1
7957926 214581572 1
7957926 214848596 1
7957926 214549346 0.5
7957926 214835167 0.5
7957926 214606749 0.5
7957926 214581566 0.5
7957926 214581879 0.5
7708071 214853177 1
7708071 214853175 1
7708071 214853758 1
7708071 214840378 0.5
3761577 214836827 1
3761577 214550820 1
3761577 214836823 1
3761577 214612695 0.5
4763051 214716984 1
4763051 214820263 1
4763051 214717539 1
4763051 214829070 0.5
4428701 214839965 1
4428701 214551898 1
4428701 214839962 1
4428701 214836512 0.5
5404893 214835428 1
5404893 214844370 1
5404893 214844396 1
5404893 214845587 0.5
5404893 214845887 0.5
8291763 214853085 1
8291763 214853096 1
8291763 214853105 1
8291763 214716671 0.5
11085238 214854210 1
11085238 214854493 1
11085238 214714717 1
11085238 214686056 0.5
11085238 214527028 0.5
11085238 214546102 0.5
3601847 214836847 1
3601847 214836521 1
3601847 214836851 1
3601847 214553735 0.5
10007796 214854300 1
10007796 214853726 1
10007796 214839913 1
10007796 214712696 0.5
10007796 214846397 0.5
7335359 214849342 1
7335359 214849185 1
7335359 214849322 1
7335359 214849318 0.5
5416384 214844370 1
5416384 214835064 1
5416384 214826949 1
5416384 214581572 0.5
5416384 214835473 0.5
5416384 214835428 0.5
5975489 214844398 1
5975489 214845412 1
5975489 214844400 1
5975489 214836857 0.5
5975489 214835137 0.5
5498307 214716973 1
5498307 214832156 1
5498307 214831946 1
5498307 214834880 0.5
5498307 214837280 0.5
5498307 214848324 0.5
5498307 214829887 0.5
9307588 214853420 1
9307588 214853428 1
9307588 214850947 1
9307588 214853422 0.5
11068869 214851232 1
11068869 214848380 1
11068869 214853383 1
11068869 214848176 0.5
11068869 214667857 0.5
11068869 214665277 0.5
6939553 214839969 1
6939553 214826610 1
6939553 214571188 1
6939553 214834880 0.5
6939553 214667857 0.5
6939553 214827005 0.5
6939553 214832567 0.5
11236813 214854352 1
11236813 214850940 1
11236813 214853113 1
11236813 214854731 0.5
11236813 214744779 0.5
11236813 214848658 0.5
11236813 214849391 0.5
2205136 214820394 1
2205136 214829660 1
2205136 214583190 1
2205136 214573612 0.5
2205136 214585676 0.5
2205136 214819762 0.5
2205136 214716120 0.5
2205136 214829657 0.5
2205136 214826908 0.5
6028757 214568402 1
6028757 214848311 1
6028757 214846410 1
6028757 214716114 0.5
6028757 214846899 0.5
9291222 214829822 1
9291222 214846378 1
9291222 214685795 1
9291222 214848322 0.5
565937 214839999 1
565937 214744779 1
565937 214840001 1
565937 214821397 0.5
3384794 214820261 1
3384794 214829079 1
3384794 214820259 1
3384794 214829762 0.5
3384794 214829083 0.5
3384794 214820220 0.5
10151583 214854262 1
10151583 214854510 1
10151583 214854358 1
10151583 214854146 0.5
10151583 214684762 0.5
10151583 214853726 0.5
10151583 214557223 0.5
10038749 214853698 1
10038749 214853702 1
10038749 214853722 1
10038749 214853707 0.5
6928794 214849012 1
6928794 214711348 1
6928794 214821015 1
6928794 214849312 0.5
6928794 214835109 0.5
6928794 214848845 0.5
6928794 214667859 0.5
6928794 214848377 0.5
6928794 214848380 0.5
9956261 214853722 1
9956261 214836932 1
9956261 214850743 1
9956261 214853353 0.5
9956261 214571893 0.5
9956261 214585547 0.5
9956261 214853677 0.5
9956261 214848337 0.5
8734177 214851101 1
8734177 214853160 1
8734177 214853128 1
8734177 214851011 0.5
8734177 214557701 0.5
8734177 214844400 0.5
8734177 214667857 0.5
8734177 214851097 0.5
8734177 214851290 0.5
8734177 214853471 0.5
2659814 214829368 1
2659814 214835745 1
2659814 214829381 1
2659814 214835019 0.5
2659814 214600492 0.5
2659814 214558254 0.5
2659814 214717087 0.5
7768657 214832657 1
7768657 214716932 1
7768657 214716928 1
7768657 214716935 0.5
7768657 214717003 0.5
7768657 214832655 0.5
7768657 214716982 0.5
7768657 214716984 0.5
7768657 214533022 0.5
2704873 214826979 1
2704873 214748336 1
2704873 214826904 1
2704873 214685857 0.5
2704873 214695285 0.5
2704873 214831959 0.5
2704873 214829850 0.5
2704873 214826621 0.5
2704873 214821022 0.5
2899439 214829878 1
2899439 214831946 1
2899439 214829887 1
2899439 214819468 0.5
4740597 214695478 1
4740597 214829760 1
4740597 214579226 1
4740597 214695472 0.5
4740597 214748289 0.5
4740597 214630042 0.5
4740597 214839947 0.5
2330103 214829880 1
2330103 214831948 1
2330103 214831957 1
2330103 214829878 0.5
6412134 214848845 1
6412134 214848596 1
6412134 214848384 1
6412134 214558258 0.5
6412134 214848607 0.5
8605177 214853094 1
8605177 214851326 1
8605177 214853248 1
8605177 214853096 0.5
9633274 214853420 1
9633274 214701787 1
9633274 214826987 1
9633274 214850942 0.5
11150847 214848658 1
11150847 214854819 1
11150847 214854838 1
11150847 214686864 0.5
11150847 214686879 0.5
310784 214826889 1
310784 214585395 1
310784 214826810 1
310784 214833800 0.5
310784 214717003 0.5
11036163 214854782 1
11036163 214857830 1
11036163 214704180 1
11036163 214701787 0.5
11036163 214704182 0.5
6485517 214839973 1
6485517 214848688 1
6485517 214844398 1
6485517 214848695 0.5
6485517 214849076 0.5
6485517 214848615 0.5
10591758 214725508 1
10591758 214853767 1
10591758 214853700 1
10591758 214516065 0.5
10591758 214853707 0.5
10591758 214587815 0.5
11017744 214854782 1
11017744 214864880 1
11017744 214853102 1
11017744 214854789 0.5
7048722 214850743 1
7048722 214585633 1
7048722 214850938 1
7048722 214850758 0.5
8538371 214848845 1
8538371 214851131 1
8538371 214716746 1
8538371 214684942 0.5
4402709 214845131 1
4402709 214839956 1
4402709 214839977 1
4402709 214839960 0.5
4402709 214839973 0.5
3841753 214829765 1
3841753 214835167 1
3841753 214836924 1
3841753 214667912 0.5
3841753 214836932 0.5
3841753 214835462 0.5
3841753 214718199 0.5
7097881 214853177 1
7097881 214853175 1
7097881 214853758 1
7097881 214849393 0.5
7097881 214828882 0.5
2129437 214821305 1
2129437 214829861 1
2129437 214821307 1
2129437 214821315 0.5
2129437 214844394 0.5
2129437 214612751 0.5
2129437 214744530 0.5
2129437 214821302 0.5
2129437 214821309 0.5
5163953 214838094 1
5163953 214832010 1
5163953 214832154 1
5163953 214576515 0.5
5163953 214832156 0.5
9455144 214853420 1
9455144 214850947 1
9455144 214850945 1
9455144 214850949 0.5
10143274 214718160 1
10143274 214853730 1
10143274 214850765 1
10143274 214717888 0.5
10143274 214854172 0.5
10143274 214854165 0.5
9662282 214853454 1
9662282 214700000 1
9662282 214853422 1
9662282 214853340 0.5
7648813 214849736 1
7648813 214844355 1
7648813 214844372 1
7648813 214849760 0.5
7648813 214716930 0.5
7648813 214717003 0.5
7648813 214587317 0.5
7648813 214844398 0.5
9215538 214850947 1
9215538 214853420 1
9215538 214850945 1
9215538 214850949 0.5
5139379 214844330 1
5139379 214844325 1
5139379 214844332 1
5139379 214844327 0.5
6839864 214849245 1
6839864 214849322 1
6839864 214849318 1
6839864 214849320 0.5
6839864 214836517 0.5
8607289 214853242 1
8607289 214851750 1
8607289 214853132 1
8607289 214853210 0.5
8607289 214853237 0.5
5779002 214844372 1
5779002 214514272 1
5779002 214821382 1
5779002 214848305 0.5
36411 214821277 1
36411 214821290 1
36411 214821292 1
36411 214821285 0.5
6067009 214850870 1
6067009 214850872 1
6067009 214846466 1
6067009 214708367 0.5
8750659 214851326 1
8750659 214853094 1
8750659 214853248 1
8750659 214853090 0.5
9930309 214853702 1
9930309 214853698 1
9930309 214853707 1
9930309 214853730 0.5
9930309 214853700 0.5
9930309 214853767 0.5
9930309 214854152 0.5
9930309 214853353 0.5
9930309 214853709 0.5
9930309 214853430 0.5
9930309 214846007 0.5
9930309 214853722 0.5
10794567 214854583 1
10794567 214687475 1
10794567 214855016 1
10794567 214850754 0.5
4732491 214602733 1
4732491 214845131 1
4732491 214839969 1
4732491 214835469 0.5
9772621 214840082 1
9772621 214854159 1
9772621 214853715 1
9772621 214854122 0.5
9772621 214853996 0.5
3693838 214838137 1
3693838 214836926 1
3693838 214651517 1
3693838 214574672 0.5
3693838 214839600 0.5
3693838 214595150 0.5
3693838 214574670 0.5
10364502 214854579 1
10364502 214854300 1
10364502 214854585 1
10364502 214819577 0.5
10364502 214854165 0.5
10364502 214859062 0.5
10364502 214850741 0.5
3591769 214717877 1
3591769 214573288 1
3591769 214835019 1
3591769 214707875 0.5
3591769 214826612 0.5
11226714 214853128 1
11226714 214851742 1
11226714 214717888 1
11226714 214718160 0.5
11226714 214850754 0.5
4656734 214712235 1
4656734 214540127 1
4656734 214540125 1
4656734 214744258 0.5
4656734 214838098 0.5
4656734 214839594 0.5
9266783 214853075 1
9266783 214853165 1
9266783 214853107 1
9266783 214678376 0.5
9266783 214853128 0.5
9266783 214845962 0.5
9266783 214820443 0.5
9266783 214853109 0.5
5971552 214846119 1
5971552 214845962 1
5971552 214849010 1
5971552 214676377 0.5
5971552 214845971 0.5
3143267 214556212 1
3143267 214829887 1
3143267 214844394 1
3143267 214551624 0.5
3143267 214821315 0.5
3143267 214820227 0.5
3143267 214821341 0.5
3143267 214554967 0.5
10733157 214854300 1
10733157 214854585 1
10733157 214854579 1
10733157 214854560 0.5
10571708 214854300 1
10571708 214850741 1
10571708 214850936 1
10571708 214572448 0.5
10571708 214695553 0.5
10571708 214820454 0.5
10571708 214854579 0.5
10571708 214573305 0.5
10571708 214819577 0.5
10571708 214690749 0.5
9763009 214684785 1
9763009 214854549 1
9763009 214853735 1
9763009 214854510 0.5
3587693 214664831 1
3587693 214826623 1
3587693 214829786 1
3587693 214745317 0.5
3587693 214561457 0.5
3587693 214820392 0.5
3587693 214835019 0.5
3587693 214820402 0.5
3587693 214746382 0.5
3587693 214535985 0.5
3587693 214543922 0.5
3587693 214838227 0.5
3587693 214831965 0.5
11034592 214854842 1
11034592 214853362 1
11034592 214850304 1
11034592 214854785 0.5
11034592 214854853 0.5
11273846 214858691 1
11273846 214567327 1
11273846 214853992 1
11273846 214853184 0.5
11273846 214854017 0.5
11273846 214853865 0.5
11273846 214853715 0.5
11273846 214854165 0.5
11273846 214568120 0.5
9416312 214774685 1
9416312 214853381 1
9416312 214850711 1
9416312 214580424 0.5
9416312 214573820 0.5
9416312 214846479 0.5
8932628 214853077 1
8932628 214852980 1
8932628 214852978 1
8932628 214853090 0.5
8932628 214851326 0.5
8932628 214853094 0.5
2823802 214835747 1
2823802 214835019 1
2823802 214835745 1
2823802 214826977 0.5
2823802 214831948 0.5
2823802 214835087 0.5
2823802 214831952 0.5
2823802 214601233 0.5
2823802 214831967 0.5
3177066 214832124 1
3177066 214557223 1
3177066 214832115 1
3177066 214835745 0.5
3177066 214835122 0.5
3177066 214743497 0.5
10653081 214854532 1
10653081 214556212 1
10653081 214748336 1
10653081 214696897 0.5
10653081 214854527 0.5
10653081 214643940 0.5
10653081 214853767 0.5
10653081 214853930 0.5
10653081 214556216 0.5
10653081 214652216 0.5
10653081 214854298 0.5
10653081 214851099 0.5
10653081 214556218 0.5
10653081 214854495 0.5
7308933 214848808 1
7308933 214848832 1
7308933 214849740 1
7308933 214844400 0.5
7308933 214849762 0.5
7308933 214706102 0.5
9553172 214853169 1
9553172 214853109 1
9553172 214853111 1
9553172 214678387 0.5
9553172 214846125 0.5
9553172 214677830 0.5
7925392 214848656 1
7925392 214820396 1
7925392 214839969 1
7925392 214835111 0.5
7925392 214850792 0.5
7925392 214832780 0.5
7925392 214848658 0.5
7925392 214848695 0.5
7925392 214838137 0.5
7925392 214851099 0.5
6846098 214848986 1
6846098 214849230 1
6846098 214848845 1
6846098 214650594 0.5
6846098 214560622 0.5
9581166 214850282 1
9581166 214850285 1
9581166 214850291 1
9581166 214850945 0.5
9581166 214850310 0.5
9581166 214717511 0.5
9581166 214831946 0.5
9581166 214853420 0.5
9581166 214838098 0.5
634199 214601214 1
634199 214820233 1
634199 214820261 1
634199 214601207 0.5
7468703 214848337 1
7468703 214844342 1
7468703 214829387 1
7468703 214553844 0.5
10704547 214567329 1
10704547 214567215 1
10704547 214854358 1
10704547 214569707 0.5
10704547 214854545 0.5
10704547 214854549 0.5
10704547 214684502 0.5
10704547 214854264 0.5
10704547 214684762 0.5
2000839 214826670 1
2000839 214828970 1
2000839 214716110 1
2000839 214601233 0.5
2000839 214832722 0.5
4409007 214838096 1
4409007 214838105 1
4409007 214839965 1
4409007 214711408 0.5
8869552 214850947 1
8869552 214853420 1
8869552 214853454 1
8869552 214846029 0.5
3782324 214829765 1
3782324 214838113 1
3782324 214847649 1
3782324 214836932 0.5
1418526 214826619 1
1418526 214826876 1
1418526 214819760 1
1418526 214839600 0.5
1418526 214820345 0.5
1418526 214819762 0.5
1418526 214800268 0.5
9629366 214850947 1
9629366 214853420 1
9629366 214832657 1
9629366 214850949 0.5
9225911 214850942 1
9225911 214853422 1
9225911 214853420 1
9225911 214716924 0.5
9225911 214850700 0.5
9225911 214850949 0.5
9225911 214853158 0.5
6133436 214826998 1
6133436 214748336 1
6133436 214846031 1
6133436 214845986 0.5
6133436 214835473 0.5
6133436 214743495 0.5
6133436 214680720 0.5
6133436 214845457 0.5
6133436 214846033 0.5
6133436 214820443 0.5
872132 214748291 1
872132 214753507 1
872132 214581489 1
872132 214748304 0.5
872132 214680371 0.5
872132 214748300 0.5
9293772 214850949 1
9293772 214850947 1
9293772 214844398 1
9293772 214844400 0.5
9293772 214567408 0.5
9293772 214853156 0.5
9293772 214853381 0.5
10634956 214854300 1
10634956 214854547 1
10634956 214854298 1
10634956 214854545 0.5
10634956 214854549 0.5
10485026 214854536 1
10485026 214854354 1
10485026 214854352 1
10485026 214853113 0.5
10485026 214854223 0.5
8236756 214850619 1
8236756 214850938 1
8236756 214850790 1
8236756 214850936 0.5
8236756 214850754 0.5
8236756 214850743 0.5
5250777 214845585 1
5250777 214845583 1
5250777 214725508 1
5250777 214601233 0.5
5250777 214558258 0.5
5250777 214845587 0.5
6641371 214848941 1
6641371 214848954 1
6641371 214848986 1
6641371 214849046 0.5
2072289 214829664 1
2072289 214832722 1
2072289 214826711 1
2072289 214829666 0.5
2072289 214821397 0.5
3886818 214820400 1
3886818 214838225 1
3886818 214580304 1
3886818 214837882 0.5
3886818 214826711 0.5
3886818 214836926 0.5
3886818 214826990 0.5
3886818 214829799 0.5
6504163 214848377 1
6504163 214676962 1
6504163 214848337 1
6504163 214848609 0.5
6504163 214846530 0.5
6504163 214848380 0.5
6504163 214849018 0.5
9912038 214854268 1
9912038 214567329 1
9912038 214854264 1
9912038 214854352 0.5
9912038 214854549 0.5
9912038 214567215 0.5
2041576 214829861 1
2041576 214832717 1
2041576 214829865 1
2041576 214829705 0.5
2041576 214829846 0.5
4221564 214829801 1
4221564 214838137 1
4221564 214847649 1
4221564 214839587 0.5
4221564 214829799 0.5
4221564 214820400 0.5
4221564 214820402 0.5
4221564 214829852 0.5
4221564 214836926 0.5
9039602 214853135 1
9039602 214853227 1
9039602 214853195 1
9039602 214556057 0.5
9039602 214853233 0.5
2312147 214829882 1
2312147 214829878 1
2312147 214829887 1
2312147 214829880 0.5
1780238 214834877 1
1780238 214829387 1
1780238 214834880 1
1780238 214833755 0.5
5259006 214836868 1
5259006 214829825 1
5259006 214646612 1
5259006 214646617 0.5
5259006 214586645 0.5
5259006 214585646 0.5
7479042 214849738 1
7479042 214849757 1
7479042 214849389 1
7479042 214849762 0.5
2447328 214829880 1
2447328 214829882 1
2447328 214831946 1
2447328 214831948 0.5
7018252 214849318 1
7018252 214684108 1
7018252 214667859 1
7018252 214826835 0.5
7018252 214644339 0.5
7018252 214848757 0.5
7018252 214849342 0.5
10252931 214854257 1
10252931 214854080 1
10252931 214854313 1
10252931 214854212 0.5
10252931 214854341 0.5
10252931 214546102 0.5
7381146 214849762 1
7381146 214849734 1
7381146 214844396 1
7381146 214849738 0.5
8986391 214853107 1
8986391 214853075 1
8986391 214851742 1
8986391 214853128 0.5
8986391 214678376 0.5
8986391 214849010 0.5
8986391 214853165 0.5
7718919 214851592 1
7718919 214851579 1
7718919 214850405 1
7718919 214850760 0.5
3540761 214667912 1
3540761 214836830 1
3540761 214829379 1
3540761 214687685 0.5
7667484 214677615 1
7667484 214651777 1
7667484 214850771 1
7667484 214850754 0.5
7667484 214561775 0.5
11351838 214853072 1
11351838 214857187 1
11351838 214856550 1
11351838 214821017 0.5
11351838 214851290 0.5
10719008 214853722 1
10719008 214853767 1
10719008 214853707 1
10719008 214853992 0.5
10719008 214823289 0.5
10719008 214854178 0.5
9951011 214853852 1
9951011 214853994 1
9951011 214853846 1
9951011 214853992 0.5
9951011 214853715 0.5
9951011 214854165 0.5
4622116 214836956 1
4622116 214838094 1
4622116 214837280 1
4622116 214743352 0.5
4622116 214717860 0.5
3442471 214826565 1
3442471 214835017 1
3442471 214835019 1
3442471 214557009 0.5
3442471 214667970 0.5
3442471 214835111 0.5
2246442 214829878 1
2246442 214829885 1
2246442 214540172 1
2246442 214835124 0.5
2246442 214829366 0.5
2246442 214540127 0.5
11050798 214853102 1
11050798 214686864 1
11050798 214864880 1
11050798 214855016 0.5
11050798 214854785 0.5
11050798 214854840 0.5
10065712 214684785 1
10065712 214854358 1
10065712 214854262 1
10065712 214567333 0.5
1091379 214827009 1
1091379 214827011 1
1091379 214827013 1
1091379 214587384 0.5
1091379 214826747 0.5
1091379 214668590 0.5
1091379 214826615 0.5
9408308 214853707 1
9408308 214853702 1
9408308 214853767 1
9408308 214854152 0.5
9901877 214684108 1
9901877 214858680 1
9901877 214743367 1
9901877 214646617 0.5
9901877 214578011 0.5
9901877 214646612 0.5
9965366 214853713 1
9965366 214853722 1
9965366 214853767 1
9965366 214854152 0.5
9965366 214854065 0.5
9965366 214853700 0.5
9965366 214853702 0.5
9477208 214851236 1
9477208 214845917 1
9477208 214533022 1
9477208 214849312 0.5
9477208 214851313 0.5
9477208 214832747 0.5
9477208 214829366 0.5
9604921 214852987 1
9604921 214678387 1
9604921 214829383 1
9604921 214846119 0.5
9604921 214853128 0.5
9604921 214853130 0.5
9604921 214844396 0.5
9604921 214846125 0.5
9604921 214848847 0.5
9604921 214849010 0.5
9604921 214853109 0.5
9604921 214853077 0.5
9604921 214853147 0.5
9604921 214845962 0.5
9604921 214851285 0.5
5259066 214613915 1
5259066 214843554 1
5259066 214820261 1
5259066 214690768 0.5
5259066 214684372 0.5
5259066 214833802 0.5
5259066 214836868 0.5
9240382 214839913 1
9240382 214674658 1
9240382 214848157 1
9240382 214850942 0.5
1361888 214649951 1
1361888 214811739 1
1361888 214819393 1
1361888 214557313 0.5
1361888 214819586 0.5
1361888 214811747 0.5
1361888 214811758 0.5
1361888 214709702 0.5
9961284 214853767 1
9961284 214853707 1
9961284 214853730 1
9961284 214853702 0.5
9000774 214853090 1
9000774 214852980 1
9000774 214853077 1
9000774 214853248 0.5
9000774 214851080 0.5
9000774 214851317 0.5
9000774 214716671 0.5
147272 214748300 1
147272 214748304 1
147272 214753507 1
147272 214748295 0.5
874313 214819490 1
874313 214827007 1
874313 214828987 1
874313 214642560 0.5
874313 214826912 0.5
874313 214584939 0.5
874313 214684845 0.5
874313 214827000 0.5
874313 214827005 0.5
6164306 214846001 1
6164306 214712244 1
6164306 214846121 1
6164306 214846061 0.5
6164306 214748336 0.5
6164306 214832145 0.5
6164306 214846007 0.5
6164306 214848185 0.5
6164306 214845917 0.5
3587882 214836870 1
3587882 214836795 1
3587882 214829771 1
3587882 214829773 0.5
9473879 214853422 1
9473879 214850949 1
9473879 214850945 1
9473879 214853454 0.5
4437692 214847261 1
4437692 214847255 1
4437692 214837494 1
4437692 214848176 0.5
3049307 214829878 1
3049307 214829887 1
3049307 214831946 1
3049307 214826977 0.5
3049307 214835124 0.5
3049307 214831948 0.5
3049307 214601233 0.5
4841314 214831959 1
4841314 214820400 1
4841314 214717539 1
4841314 214587712 0.5
4841314 214820402 0.5
4841314 214829797 0.5
9126203 214851326 1
9126203 214853105 1
9126203 214852978 1
9126203 214853096 0.5
9126203 214853248 0.5
9764838 214853077 1
9764838 214851165 1
9764838 214716671 1
9764838 214850936 0.5
9764838 214684845 0.5
4448103 214829792 1
4448103 214826945 1
4448103 214826623 1
4448103 214838107 0.5
4448103 214829797 0.5
4448103 214602598 0.5
4448103 214587317 0.5
1406824 214820396 1
1406824 214820402 1
1406824 214820392 1
1406824 214819376 0.5
1406824 214829321 0.5
1406824 214826876 0.5
6659388 214849239 1
6659388 214826949 1
6659388 214849312 1
6659388 214820392 0.5
6659388 214556025 0.5
6659388 214829387 0.5
6659388 214849284 0.5
6659388 214835109 0.5
5330798 214848272 1
5330798 214602806 1
5330798 214748282 1
5330798 214848392 0.5
5330798 214838505 0.5
5332848 214844400 1
5332848 214844402 1
5332848 214844398 1
5332848 214836932 0.5
5332848 214542759 0.5
5332848 214847000 0.5
5332848 214844345 0.5
5332848 214561402 0.5
5332848 214844347 0.5
9127797 214853420 1
9127797 214853428 1
9127797 214850942 1
9127797 214849312 0.5
9127797 214845986 0.5
9127797 214711307 0.5
6231934 214848315 1
6231934 214846415 1
6231934 214846412 1
6231934 214848656 0.5
6231934 214848682 0.5
6231934 214613915 0.5
6231934 214846427 0.5
6231934 214846479 0.5
3022723 214829880 1
3022723 214829885 1
3022723 214831946 1
3022723 214829878 0.5
8896388 214853105 1
8896388 214853096 1
8896388 214853085 1
8896388 214852980 0.5
2731911 214829878 1
2731911 214829887 1
2731911 214612738 1
2731911 214829885 0.5
2731911 214612751 0.5
9116047 214853210 1
9116047 214853242 1
9116047 214851750 1
9116047 214853237 0.5
3838617 214826990 1
3838617 214829786 1
3838617 214839395 1
3838617 214743335 0.5
3838617 214820807 0.5
6920516 214849331 1
6920516 214849239 1
6920516 214849284 1
6920516 214665277 0.5
11051697 214859246 1
11051697 214864880 1
11051697 214854842 1
11051697 214714755 0.5
7889221 214848997 1
7889221 214848695 1
7889221 214845806 1
7889221 214838225 0.5
7889221 214557095 0.5
8515488 214851322 1
8515488 214851285 1
8515488 214851024 1
8515488 214819412 0.5
7139233 214849775 1
7139233 214849250 1
7139233 214849357 1
7139233 214849753 0.5
7139233 214849466 0.5
5293988 214836536 1
5293988 214640098 1
5293988 214835027 1
5293988 214646651 0.5
5293988 214848174 0.5
10657703 214853113 1
10657703 214854352 1
10657703 214854536 1
10657703 214854354 0.5
9107371 214553810 1
9107371 214853212 1
9107371 214850370 1
9107371 214853115 0.5
9107371 214586443 0.5
9107371 214853263 0.5
9107371 214509013 0.5
9107371 214509401 0.5
9107371 214852987 0.5
9107371 214844158 0.5
1572782 214826998 1
1572782 214820402 1
1572782 214832780 1
1572782 214829321 0.5
1572782 214717847 0.5
1572782 214706102 0.5
1572782 214553561 0.5
1572782 214828985 0.5
1572782 214826876 0.5
7679922 214850754 1
7679922 214677615 1
7679922 214850621 1
7679922 214821032 0.5
7679922 214821017 0.5
8775612 214853077 1
8775612 214852978 1
8775612 214852980 1
8775612 214853184 0.5
8775612 214853248 0.5
8775612 214853090 0.5
8775612 214851748 0.5
8775612 214853094 0.5
8775612 214853233 0.5
8775612 214853096 0.5
8775612 214853225 0.5
8775612 214853263 0.5
8775612 214853105 0.5
8775612 214853085 0.5
8775612 214851326 0.5
10203069 214853767 1
10203069 214853698 1
10203069 214853713 1
10203069 214854152 0.5
10203069 214853353 0.5
10203069 214853430 0.5
10203069 214853702 0.5
2458613 214826589 1
2458613 214829882 1
2458613 214829878 1
2458613 214836330 0.5
2458613 214819762 0.5
2458613 214835165 0.5
10116427 214853722 1
10116427 214854298 1
10116427 214853435 1
10116427 214854176 0.5
10116427 214853698 0.5
10116427 214853702 0.5
10116427 214850743 0.5
292806 214826893 1
292806 214826876 1
292806 214827022 1
292806 214583947 0.5
292806 214821300 0.5
292806 214826702 0.5
6655943 214850295 1
6655943 214850291 1
6655943 214844402 1
6655943 214849762 0.5
6655943 214849734 0.5
6655943 214844396 0.5
6655943 214848947 0.5
6655943 214849179 0.5
6655943 214849022 0.5
1925068 214829657 1
1925068 214835750 1
1925068 214820394 1
1925068 214836330 0.5
11106253 214854731 1
11106253 214854836 1
11106253 214854718 1
11106253 214853079 0.5
8123384 214844439 1
8123384 214533022 1
8123384 214716928 1
8123384 214748327 0.5
8976791 214853094 1
8976791 214853096 1
8976791 214853105 1
8976791 214853248 0.5
8976791 214853085 0.5
2769913 214834867 1
2769913 214831937 1
2769913 214835019 1
2769913 214835503 0.5
9464143 214853420 1
9464143 214711307 1
9464143 214853422 1
9464143 214846033 0.5
2891698 214820392 1
2891698 214832115 1
2891698 214832124 1
2891698 214835122 0.5
2891698 214835132 0.5
2891698 214829390 0.5
4671456 214537490 1
4671456 214835120 1
4671456 214819779 1
4671456 214834873 0.5
4671456 214845508 0.5
4671456 214674583 0.5
5935073 214846318 1
5935073 214850402 1
5935073 214848337 1
5935073 214835021 0.5
5935073 214846127 0.5
6070244 214846312 1
6070244 214820443 1
6070244 214846318 1
6070244 214676377 0.5
6070244 214645871 0.5
9990118 214853698 1
9990118 214853730 1
9990118 214853767 1
9990118 214853707 0.5
8531943 214851581 1
8531943 214748336 1
8531943 214848658 1
8531943 214743495 0.5
8531943 214716110 0.5
8531943 214718385 0.5
8531943 214846067 0.5
8531943 214717562 0.5
8531943 214586651 0.5
8531943 214851133 0.5
9390058 214853422 1
9390058 214850949 1
9390058 214850947 1
9390058 214853428 0.5
2255527 214829878 1
2255527 214829880 1
2255527 214712120 1
2255527 214560240 0.5
2255527 214584092 0.5
2255527 214829885 0.5
9701373 214853282 1
9701373 214851332 1
9701373 214829730 1
9701373 214595139 0.5
6553591 214711348 1
6553591 214848795 1
6553591 214848330 1
6553591 214820938 0.5
6553591 214820188 0.5
6553591 214836519 0.5
5642232 214846447 1
5642232 214849001 1
5642232 214845131 1
5642232 214606948 0.5
5642232 214848997 0.5
827732 214820396 1
827732 214819376 1
827732 214586694 1
827732 214820392 0.5
827732 214725532 0.5
827732 214800268 0.5
7917562 214850758 1
7917562 214850767 1
7917562 214850765 1
7917562 214612901 0.5
3731452 214826938 1
3731452 214829799 1
3731452 214829769 1
3731452 214832128 0.5
10618877 214853732 1
10618877 214853728 1
10618877 214854583 1
10618877 214687685 0.5
10618877 214551566 0.5
10618877 214846391 0.5
1095678 214838750 1
1095678 214691396 1
1095678 214840775 1
1095678 214691420 0.5
1095678 214691407 0.5
7858517 214846530 1
7858517 214820402 1
7858517 214712507 1
7858517 214850304 0.5
7858517 214849796 0.5
7858517 214849031 0.5
7858517 214819464 0.5
7858517 214848337 0.5
7858517 214851159 0.5
7858517 214844345 0.5
7858517 214851290 0.5
7858517 214612730 0.5
