3893931 214826990 1
3893931 214831974 1
3893931 214835109 1
3893931 214838227 0.5
3893931 214836932 0.5
7882757 214850940 1
7882757 214850938 1
7882757 214850936 1
7882757 214850405 0.5
7882757 214850621 0.5
10366982 214854579 1
10366982 214854300 1
10366982 214850741 1
10366982 214848752 0.5
10366982 214854545 0.5
4466689 214845131 1
4466689 214839971 1
4466689 214839973 1
4466689 214602598 0.5
4466689 214602733 0.5
4466689 214829775 0.5
4466689 214836857 0.5
4466689 214829850 0.5
4466689 214838107 0.5
8275977 214851125 1
8275977 214851290 1
8275977 214851017 1
8275977 214851131 0.5
1040397 214748291 1
1040397 214821307 1
1040397 214840483 1
1040397 214753507 0.5
1040397 214821302 0.5
7707444 214540597 1
7707444 214712278 1
7707444 214774685 1
7707444 214832792 0.5
7707444 214558258 0.5
7707444 214834867 0.5
7707444 214829765 0.5
7707444 214609325 0.5
6436867 214848832 1
6436867 214848808 1
6436867 214848851 1
6436867 214848956 0.5
10951574 214853102 1
10951574 214854782 1
10951574 214712242 1
10951574 214854819 0.5
10770454 214567327 1
10770454 214853930 1
10770454 214854300 1
10770454 214663232 0.5
10770454 214837873 0.5
10770454 214849468 0.5
10770454 214567333 0.5
10770454 214709685 0.5
7924076 214853177 1
7924076 214853758 1
7924076 214853175 1
7924076 214850938 0.5
7924076 214846198 0.5
11151389 214864880 1
11151389 214854707 1
11151389 214853100 1
11151389 214849132 0.5
3727392 214836795 1
3727392 214613741 1
3727392 214826938 1
3727392 214657318 0.5
3727392 214836870 0.5
3727392 214829769 0.5
3727392 214829773 0.5
3727392 214595150 0.5
3727392 214826610 0.5
10250928 214854536 1
10250928 214853113 1
10250928 214854352 1
10250928 214684785 0.5
10250928 214684762 0.5
10250928 214853726 0.5
10680354 214851232 1
10680354 214849284 1
10680354 214851101 1
10680354 214667857 0.5
10680354 214821410 0.5
10680354 214665277 0.5
6776868 214849046 1
6776868 214848658 1
6776868 214849050 1
6776868 214834880 0.5
6776868 214851009 0.5
6776868 214849022 0.5
8028201 214694105 1
8028201 214684708 1
8028201 214819772 1
8028201 214550096 0.5
8028201 214821377 0.5
9027627 214639618 1
9027627 214718212 1
9027627 214853092 1
9027627 214639620 0.5
9533486 214848980 1
9533486 214711307 1
9533486 214853422 1
9533486 214849809 0.5
9533486 214829882 0.5
9533486 214853420 0.5
9533486 214850949 0.5
11243568 214854549 1
11243568 214854579 1
11243568 214849464 1
11243568 214854547 0.5
11243568 214854495 0.5
4872883 214836924 1
4872883 214829765 1
4872883 214835167 1
4872883 214553578 0.5
8559966 214851242 1
8559966 214851320 1
8559966 214851590 1
8559966 214714665 0.5
8559966 214851324 0.5
8559966 214851071 0.5
8196153 214850940 1
8196153 214820394 1
8196153 214850938 1
8196153 214846112 0.5
8196153 214821032 0.5
8196153 214836330 0.5
8196153 214819762 0.5
8196153 214849395 0.5
8196153 214850621 0.5
6822239 214848986 1
6822239 214848641 1
6822239 214838872 1
6822239 214851009 0.5
6822239 214696899 0.5
6822239 214706214 0.5
6822239 214848941 0.5
6822239 214574672 0.5
6822239 214848658 0.5
7448636 214844439 1
7448636 214844394 1
7448636 214844456 1
7448636 214844441 0.5
7448636 214844458 0.5
10811458 214854840 1
10811458 214853102 1
10811458 214854722 1
10811458 214853100 0.5
3856452 214835167 1
3856452 214829765 1
3856452 214836924 1
3856452 214836932 0.5
3856452 214560622 0.5
3803209 214836568 1
3803209 214748336 1
3803209 214837914 1
3803209 214716641 0.5
3803209 214826906 0.5
10483786 214853698 1
10483786 214853767 1
10483786 214853700 1
10483786 214853094 0.5
5707851 214846001 1
5707851 214845917 1
5707851 214849001 1
5707851 214846007 0.5
3901518 214836947 1
3901518 214835167 1
3901518 214835109 1
3901518 214838227 0.5
4765778 214839973 1
4765778 214839971 1
4765778 214700000 1
4765778 214832147 0.5
4765778 214544357 0.5
4765778 214602605 0.5
8691799 214716714 1
8691799 214685049 1
8691799 214851161 1
8691799 214851234 0.5
8691799 214851236 0.5
8691799 214716746 0.5
8691799 214716654 0.5
8691799 214851575 0.5
8691799 214716671 0.5
2230363 214829878 1
2230363 214829090 1
2230363 214829885 1
2230363 214831965 0.5
2230363 214829887 0.5
1699932 214829846 1
1699932 214829857 1
1699932 214821399 1
1699932 214667912 0.5
1699932 214829379 0.5
1699932 214829852 0.5
1699932 214829366 0.5
3844189 214838227 1
3844189 214835109 1
3844189 214836947 1
3844189 214826617 0.5
3844189 214829387 0.5
11018334 214854855 1
11018334 214854515 1
11018334 214853767 1
11018334 214717247 0.5
11018334 214854538 0.5
11018334 214846067 0.5
11018334 214848658 0.5
11018334 214743495 0.5
10659937 214854335 1
10659937 214854264 1
10659937 214854075 1
10659937 214854268 0.5
10659937 214854262 0.5
10659937 214567333 0.5
10659937 214854510 0.5
2355298 214829878 1
2355298 214829887 1
2355298 214829882 1
2355298 214829885 0.5
10629221 214854536 1
10629221 214853113 1
10629221 214819599 1
10629221 214820394 0.5
10629221 214850947 0.5
11083879 214856700 1
11083879 214717888 1
11083879 214848845 1
11083879 214829765 0.5
11159656 214854720 1
11159656 214854718 1
11159656 214853079 1
11159656 214851757 0.5
6701162 214849318 1
6701162 214849192 1
6701162 214849185 1
6701162 214849179 0.5
6701162 214836956 0.5
6701162 214849245 0.5
6701162 214837286 0.5
7624812 214851097 1
7624812 214851163 1
7624812 214851161 1
7624812 214850720 0.5
7624812 214851579 0.5
7624812 214850692 0.5
7624812 214850405 0.5
7624812 214850790 0.5
7624812 214850936 0.5
7624812 214851131 0.5
10646546 214854579 1
10646546 214854585 1
10646546 214854300 1
10646546 214850741 0.5
10646546 214854534 0.5
7948399 214850790 1
7948399 214850760 1
7948399 214849155 1
7948399 214851073 0.5
7948399 214851075 0.5
7948399 214850692 0.5
7948399 214851077 0.5
7948399 214851592 0.5
7948399 214850700 0.5
7948399 214684942 0.5
7948399 214851097 0.5
7948399 214851099 0.5
7948399 214821022 0.5
7948399 214716707 0.5
7948399 214851236 0.5
7948399 214557223 0.5
7948399 214748334 0.5
7948399 214851122 0.5
7948399 214850870 0.5
7948399 214851131 0.5
7948399 214850876 0.5
7948399 214851133 0.5
7948399 214851137 0.5
7948399 214850754 0.5
7948399 214665283 0.5
7948399 214851013 0.5
7948399 214850630 0.5
7948399 214851163 0.5
7948399 214832604 0.5
7948399 214851165 0.5
7948399 214564451 0.5
7948399 214849252 0.5
7948399 214850405 0.5
7948399 214851581 0.5
7948399 214851313 0.5
7948399 214846067 0.5
7948399 214851317 0.5
7948399 214850936 0.5
7948399 214849404 0.5
7948399 214827005 0.5
1101936 214587317 1
1101936 214828980 1
1101936 214820807 1
1101936 214712709 0.5
1101936 214586694 0.5
1101936 214586743 0.5
5992562 214845939 1
5992562 214845135 1
5992562 214846415 1
5992562 214846127 0.5
1597556 214826610 1
1597556 214834880 1
1597556 214834877 1
1597556 214587266 0.5
1597556 214828978 0.5
1597556 214843903 0.5
10793077 214853321 1
10793077 214853102 1
10793077 214695695 1
10793077 214854840 0.5
10793077 214712237 0.5
7917686 214800262 1
7917686 214684725 1
7917686 214850792 1
7917686 214846033 0.5
7917686 214850938 0.5
7917686 214849395 0.5
7917686 214829878 0.5
7917686 214748334 0.5
10423092 214691522 1
10423092 214691531 1
10423092 214843505 1
10423092 214691426 0.5
8969919 214853132 1
8969919 214852978 1
8969919 214853077 1
8969919 214853182 0.5
8969919 214853222 0.5
8969919 214851326 0.5
8969919 214853237 0.5
11032702 214854853 1
11032702 214854795 1
11032702 214853454 1
11032702 214848795 0.5
11032702 214650508 0.5
2618989 214667912 1
2618989 214826711 1
2618989 214829368 1
2618989 214746427 0.5
2618989 214829379 0.5
2618989 214743495 0.5
8173698 214685049 1
8173698 214851080 1
8173698 214851161 1
8173698 214851234 0.5
8173698 214851587 0.5
8173698 214716746 0.5
8173698 214851165 0.5
8173698 214851575 0.5
8173698 214716714 0.5
8173698 214716671 0.5
4166672 214820392 1
4166672 214748336 1
4166672 214743495 1
4166672 214821401 0.5
4166672 214819430 0.5
4166672 214819719 0.5
4166672 214820396 0.5
4166672 214839600 0.5
4166672 214838225 0.5
4166672 214569714 0.5
4166672 214718387 0.5
4166672 214558807 0.5
4166672 214828985 0.5
4166672 214828991 0.5
9195657 214845971 1
9195657 214850743 1
9195657 214848337 1
9195657 214678387 0.5
9195657 214846117 0.5
9195657 214601229 0.5
5320671 214836956 1
5320671 214697137 1
5320671 214829887 1
5320671 214716512 0.5
5320671 214838092 0.5
5320671 214837286 0.5
6623257 214849344 1
6623257 214849312 1
6623257 214849245 1
6623257 214849093 0.5
6623257 214849333 0.5
6623257 214849239 0.5
6623257 214849275 0.5
6623257 214834877 0.5
6623257 214848613 0.5
10977432 214854853 1
10977432 214854840 1
10977432 214854836 1
10977432 214835004 0.5
211097 214826621 1
211097 214826619 1
211097 214826998 1
211097 214743335 0.5
211097 214826927 0.5
211097 214827000 0.5
211097 214821300 0.5
211097 214826837 0.5
211097 214826934 0.5
211097 214826872 0.5
211097 214717562 0.5
211097 214746427 0.5
211097 214827005 0.5
211097 214827007 0.5
10969244 214854782 1
10969244 214854787 1
10969244 214854853 1
10969244 214853102 0.5
4620448 214845131 1
4620448 214838137 1
4620448 214839973 1
4620448 214839969 0.5
4620448 214829765 0.5
4620448 214838225 0.5
4620448 214667912 0.5
4620448 214711657 0.5
4620448 214835019 0.5
4620448 214602733 0.5
4620448 214839600 0.5
4620448 214601233 0.5
4620448 214612730 0.5
4620448 214845435 0.5
4620448 214827005 0.5
4620448 214690110 0.5
183664 214668795 1
183664 214717005 1
183664 214717007 1
183664 214717003 0.5
183664 214832653 0.5
183664 214832655 0.5
5573634 214846033 1
5573634 214845984 1
5573634 214846014 1
5573634 214846029 0.5
6713372 214846033 1
6713372 214850304 1
6713372 214846029 1
6713372 214829887 0.5
1934023 214831948 1
1934023 214835124 1
1934023 214835087 1
1934023 214839600 0.5
1934023 214748336 0.5
1934023 214819430 0.5
1934023 214831967 0.5
11092141 214854536 1
11092141 214854352 1
11092141 214716645 1
11092141 214854577 0.5
11092141 214820394 0.5
11092141 214854354 0.5
11092141 214584047 0.5
9253198 214845962 1
9253198 214846119 1
9253198 214678387 1
9253198 214853169 0.5
9253198 214846117 0.5
9253198 214509013 0.5
4806502 214839971 1
4806502 214836853 1
4806502 214839973 1
4806502 214829280 0.5
4806502 214839969 0.5
4806502 214602598 0.5
4806502 214586694 0.5
4806502 214839975 0.5
4806502 214836330 0.5
4806502 214602733 0.5
9324234 214853420 1
9324234 214853426 1
9324234 214853154 1
9324234 214850949 0.5
4808894 214836855 1
4808894 214602598 1
4808894 214748289 1
4808894 214514640 0.5
4808894 214826977 0.5
4808894 214586743 0.5
3260609 214791635 1
3260609 214667912 1
3260609 214826904 1
3260609 214831967 0.5
3260609 214835019 0.5
3260609 214819526 0.5
3260609 214831959 0.5
10408131 214567215 1
10408131 214567329 1
10408131 214848596 1
10408131 214854264 0.5
10408131 214854577 0.5
10408131 214854268 0.5
5507268 214835428 1
5507268 214835426 1
5507268 214835064 1
5507268 214835070 0.5
5507268 214835167 0.5
5494983 214844355 1
5494983 214826833 1
5494983 214835428 1
5494983 214560585 0.5
5494983 214835070 0.5
5494983 214835473 0.5
8227532 214851285 1
8227532 214686857 1
8227532 214831955 1
8227532 214819412 0.5
4960458 214838227 1
4960458 214835109 1
4960458 214826990 1
4960458 214553257 0.5
4960458 214549277 0.5
4960458 214832150 0.5
4960458 214554982 0.5
4960458 214556025 0.5
10365136 214853128 1
10365136 214853165 1
10365136 214845962 1
10365136 214678376 0.5
10365136 214846312 0.5
8833236 214853090 1
8833236 214853085 1
8833236 214849020 1
8833236 214851326 0.5
4800911 214832147 1
4800911 214839962 1
4800911 214839973 1
4800911 214839960 0.5
4800911 214845806 0.5
4800911 214839967 0.5
1433829 214834873 1
1433829 214826814 1
1433829 214829310 1
1433829 214821294 0.5
7078609 214850743 1
7078609 214850754 1
7078609 214850758 1
7078609 214844396 0.5
1424763 214832559 1
1424763 214811758 1
1424763 214811739 1
1424763 214819586 0.5
1424763 214582948 0.5
1424763 214709702 0.5
1424763 214650626 0.5
1424763 214561775 0.5
1424763 214680720 0.5
1424763 214553572 0.5
6441199 214849076 1
6441199 214848605 1
6441199 214848622 1
6441199 214848950 0.5
9607408 214853420 1
9607408 214850947 1
9607408 214846029 1
9607408 214850304 0.5
279288 214839313 1
279288 214826606 1
279288 214826955 1
279288 214748336 0.5
279288 214820413 0.5
2654459 214712132 1
2654459 214831957 1
2654459 214831965 1
2654459 214829657 0.5
2654459 214826670 0.5
2654459 214835087 0.5
8847612 214853090 1
8847612 214853096 1
8847612 214853085 1
8847612 214851326 0.5
8370429 214851080 1
8370429 214851161 1
8370429 214685049 1
8370429 214851587 0.5
8370429 214851317 0.5
7909631 214851097 1
7909631 214851163 1
7909631 214851131 1
7909631 214851099 0.5
7909631 214586857 0.5
7909631 214564387 0.5
2425088 214831948 1
2425088 214829882 1
2425088 214829878 1
2425088 214829880 0.5
2425088 214845065 0.5
2425088 214832780 0.5
2425088 214831965 0.5
1558756 214834880 1
1558756 214829387 1
1558756 214712126 1
1558756 214676019 0.5
3145993 214832115 1
3145993 214832124 1
3145993 214821407 1
3145993 214832555 0.5
3145993 214836534 0.5
502027 214545879 1
502027 214537775 1
502027 214837485 1
502027 214837442 0.5
502027 214837490 0.5
502027 214698446 0.5
502027 214837487 0.5
4764701 214839973 1
4764701 214839975 1
4764701 214602598 1
4764701 214839960 0.5
4764701 214821401 0.5
4764701 214839971 0.5
4764701 214828985 0.5
4764701 214836855 0.5
5603681 214716943 1
5603681 214716928 1
5603681 214716973 1
5603681 214717867 0.5
5603681 214716999 0.5
5603681 214716937 0.5
5603681 214716939 0.5
5603681 214819468 0.5
5603681 214716941 0.5
5603681 214716975 0.5
5603681 214716977 0.5
5603681 214716947 0.5
5603681 214716980 0.5
5603681 214716950 0.5
5603681 214716984 0.5
5603681 214748327 0.5
1495312 214834880 1
1495312 214821412 1
1495312 214821410 1
1495312 214826610 0.5
1495312 214833755 0.5
1495312 214834877 0.5
5706002 214641412 1
5706002 214843322 1
5706002 214845489 1
5706002 214845410 0.5
5706002 214819779 0.5
5706002 214845416 0.5
5706002 214744235 0.5
5706002 214846031 0.5
5706002 214848180 0.5
11020563 214854720 1
11020563 214854716 1
11020563 214854819 1
11020563 214848658 0.5
11020563 214714755 0.5
9335061 214850947 1
9335061 214853420 1
9335061 214850949 1
9335061 214853338 0.5
9449758 214852987 1
9449758 214716714 1
9449758 214840483 1
9449758 214851161 0.5
9449758 214853162 0.5
9449758 214852980 0.5
9449758 214852978 0.5
9449758 214716671 0.5
6230304 214602600 1
6230304 214834867 1
6230304 214832792 1
6230304 214839973 0.5
6230304 214849239 0.5
6230304 214609325 0.5
6230304 214601233 0.5
6230304 214846007 0.5
6230304 214834877 0.5
6230304 214836926 0.5
3088681 214709735 1
3088681 214832115 1
3088681 214836776 1
3088681 214835122 0.5
4757803 214839973 1
4757803 214839971 1
4757803 214587317 1
4757803 214845131 0.5
4757803 214602598 0.5
549171 214821305 1
549171 214827009 1
549171 214821309 1
549171 214821302 0.5
6660404 214848832 1
6660404 214844400 1
6660404 214848954 1
6660404 214848808 0.5
6660404 214838831 0.5
11125046 214854785 1
11125046 214853102 1
11125046 214835004 1
11125046 214853100 0.5
11125046 214857551 0.5
11221308 214854774 1
11221308 214712244 1
11221308 214712242 1
11221308 214849132 0.5
4587914 214845131 1
4587914 214839973 1
4587914 214748336 1
4587914 214829280 0.5
4587914 214839600 0.5
4587914 214839960 0.5
4587914 214829852 0.5
4587914 214829775 0.5
11092289 214853083 1
11092289 214854718 1
11092289 214854720 1
11092289 214838094 0.5
5698983 214834880 1
5698983 214834877 1
5698983 214665277 1
5698983 214835473 0.5
5698983 214561402 0.5
5698983 214844345 0.5
5568839 214845420 1
5568839 214845962 1
5568839 214844396 1
5568839 214532107 0.5
4522313 214836857 1
4522313 214847261 1
4522313 214847255 1
4522313 214821401 0.5
4522313 214602598 0.5
9785058 214854510 1
9785058 214567333 1
9785058 214684785 1
9785058 214853722 0.5
9785058 214854262 0.5
5478734 214835428 1
5478734 214835070 1
5478734 214835064 1
5478734 214697096 0.5
7893331 214609325 1
7893331 214834867 1
7893331 214849740 1
7893331 214579837 0.5
7893331 214579839 0.5
4000084 214701787 1
4000084 214838096 1
4000084 214839587 1
4000084 214819721 0.5
4000084 214743515 0.5
4000084 214712237 0.5
4000084 214832023 0.5
2275671 214821300 1
2275671 214820396 1
2275671 214826977 1
2275671 214829368 0.5
2275671 214706465 0.5
2275671 214557009 0.5
2275671 214819719 0.5
11190616 214854146 1
11190616 214854347 1
11190616 214853992 1
11190616 214853865 0.5
9673053 214853420 1
9673053 214853428 1
9673053 214853460 1
9673053 214850945 0.5
9673053 214850942 0.5
7043422 214845943 1
7043422 214849766 1
7043422 214695210 1
7043422 214848832 0.5
5794143 214846007 1
5794143 214846367 1
5794143 214820456 1
5794143 214696899 0.5
5794143 214829385 0.5
5794143 214595150 0.5
5794143 214838225 0.5
5794143 214585586 0.5
5794143 214718387 0.5
5794143 214848695 0.5
5794143 214835064 0.5
5794143 214819770 0.5
5794143 214717085 0.5
5337442 214826610 1
5337442 214835019 1
5337442 214836924 1
5337442 214845986 0.5
5337442 214819468 0.5
5337442 214717850 0.5
4079971 214725549 1
4079971 214829102 1
4079971 214836883 1
4079971 214640353 0.5
4079971 214839592 0.5
4079971 214820938 0.5
4079971 214839892 0.5
4079971 214556216 0.5
4079971 214826623 0.5
7702588 214851120 1
7702588 214853758 1
7702588 214853173 1
7702588 214849408 0.5
7702588 214828882 0.5
7702588 214853437 0.5
6977901 214844345 1
6977901 214844342 1
6977901 214844340 1
6977901 214835109 0.5
6977901 214829387 0.5
6977901 214826610 0.5
6977901 214711247 0.5
6977901 214848337 0.5
6977901 214675890 0.5
6977901 214838227 0.5
6977901 214821015 0.5
6977901 214848377 0.5
7816186 214851080 1
7816186 214716746 1
7816186 214851161 1
7816186 214850402 0.5
7816186 214848613 0.5
7816186 214662759 0.5
7816186 214561674 0.5
7816186 214662763 0.5
7816186 214851234 0.5
7816186 214684845 0.5
7816186 214851028 0.5
7816186 214685049 0.5
7816186 214571188 0.5
8524146 214685049 1
8524146 214851163 1
8524146 214851161 1
8524146 214851587 0.5
10377273 214567327 1
10377273 214567333 1
10377273 214854358 1
10377273 214854510 0.5
10377273 214567215 0.5
10377273 214684785 0.5
10377273 214852980 0.5
10377273 214854262 0.5
10377273 214684762 0.5
10377273 214853726 0.5
2054518 214829752 1
2054518 214829660 1
2054518 214829657 1
2054518 214829385 0.5
2054518 214835522 0.5
2054518 214828987 0.5
2054518 214834997 0.5
2054518 214819770 0.5
4282743 214836947 1
4282743 214831970 1
4282743 214836941 1
4282743 214839592 0.5
4282743 214829825 0.5
4282743 214820220 0.5
4282743 214826975 0.5
6244731 214667857 1
6244731 214836932 1
6244731 214849012 1
6244731 214668281 0.5
6244731 214557322 0.5
6244731 214848380 0.5
6244731 214848845 0.5
8737148 214853096 1
8737148 214853105 1
8737148 214853085 1
8737148 214853077 0.5
11091472 214853102 1
11091472 214854787 1
11091472 214854785 1
11091472 214854789 0.5
11091472 214854313 0.5
11091472 214854860 0.5
11091472 214557774 0.5
11091472 214854352 0.5
11091472 214644686 0.5
7014791 214667857 1
7014791 214848658 1
7014791 214844402 1
7014791 214834880 0.5
7014791 214561472 0.5
4673928 214839977 1
4673928 214839956 1
4673928 214845133 1
4673928 214829045 0.5
11549066 214857260 1
11549066 214857568 1
11549066 214857570 1
11549066 214820394 0.5
11549066 214845583 0.5
11549066 214853735 0.5
6162827 214848613 1
6162827 214848832 1
6162827 214848808 1
6162827 214558192 0.5
6162827 214571188 0.5
10121612 214712237 1
10121612 214857830 1
10121612 214695695 1
10121612 214743515 0.5
50887 214826810 1
50887 214826715 1
50887 214826955 1
50887 214819400 0.5
50887 214718255 0.5
2177091 214827005 1
2177091 214827000 1
2177091 214835124 1
2177091 214834880 0.5
2177091 214827007 0.5
670101 214837487 1
670101 214837490 1
670101 214821300 1
670101 214826927 0.5
670101 214717286 0.5
670101 214744775 0.5
3061247 214573612 1
3061247 214826833 1
3061247 214686082 1
3061247 214835042 0.5
3061247 214826891 0.5
3061247 214585676 0.5
3061247 214831955 0.5
900847 214829321 1
900847 214826837 1
900847 214826872 1
900847 214717412 0.5
900847 214716902 0.5
900847 214581581 0.5
900847 214601233 0.5
900847 214826998 0.5
900847 214826876 0.5
2228636 214829887 1
2228636 214829882 1
2228636 214829880 1
2228636 214829878 0.5
2228636 214835111 0.5
5065119 214684372 1
5065119 214613915 1
5065119 214594678 1
5065119 214839377 0.5
5065119 214602830 0.5
2869666 214835503 1
2869666 214837916 1
2869666 214835132 1
2869666 214837918 0.5
8997284 214601042 1
8997284 214601040 1
8997284 214845422 1
8997284 214846385 0.5
8997284 214820844 0.5
10875302 214853730 1
10875302 214854538 1
10875302 214853702 1
10875302 214851122 0.5
10875302 214854731 0.5
11167132 214714715 1
11167132 214578011 1
11167132 214574777 1
11167132 214700990 0.5
11167132 214677879 0.5
11167132 214563285 0.5
11167132 214695718 0.5
11167132 214854223 0.5
5095851 214838094 1
5095851 214838092 1
5095851 214837286 1
5095851 214837280 0.5
5095851 214819468 0.5
6259116 214848626 1
6259116 214848847 1
6259116 214850360 1
6259116 214848380 0.5
9216429 214853707 1
9216429 214853702 1
9216429 214853430 1
9216429 214853713 0.5
9528392 214852980 1
9528392 214853077 1
9528392 214853248 1
9528392 214853090 0.5
9528392 214851326 0.5
473522 214820402 1
473522 214820400 1
473522 214819376 1
473522 214819760 0.5
5097908 214640520 1
5097908 214844345 1
5097908 214845587 1
5097908 214800272 0.5
5097908 214845407 0.5
10570142 214839395 1
10570142 214836517 1
10570142 214696160 1
10570142 214690747 0.5
9511354 214853420 1
9511354 214853340 1
9511354 214853342 1
9511354 214853152 0.5
9511354 214850942 0.5
6130108 214845980 1
6130108 214846029 1
6130108 214829878 1
6130108 214848997 0.5
6130108 214845577 0.5
6130108 214836330 0.5
6130108 214835019 0.5
6130108 214748336 0.5
6130108 214846033 0.5
6130108 214684730 0.5
6130108 214838107 0.5
11026878 214835004 1
11026878 214835000 1
11026878 214684762 1
11026878 214854545 0.5
11026878 214853147 0.5
11026878 214853100 0.5
11026878 214854358 0.5
9847232 214853992 1
9847232 214850949 1
9847232 214853996 1
9847232 214853338 0.5
9847232 214854165 0.5
9847232 214534359 0.5
1597892 214834880 1
1597892 214826610 1
1597892 214834877 1
1597892 214829387 0.5
1597892 214833755 0.5
8919498 214846378 1
8919498 214820844 1
8919498 214551862 1
8919498 214853248 0.5
8919498 214852978 0.5
8919498 214850747 0.5
8919498 214853094 0.5
339703 214820237 1
339703 214821272 1
339703 214826702 1
339703 214826608 0.5
339703 214844297 0.5
339703 214684845 0.5
339703 214820240 0.5
339703 214826801 0.5
339703 214684841 0.5
9449932 214839958 1
9449932 214851744 1
9449932 214853259 1
9449932 214850370 0.5
8282574 214851150 1
8282574 214851294 1
8282574 214850630 1
8282574 214851315 0.5
8282574 214851069 0.5
3031506 214712237 1
3031506 214844364 1
3031506 214684702 1
3031506 214700002 0.5
3031506 214629125 0.5
3031506 214678790 0.5
10340819 214820394 1
10340819 214854352 1
10340819 214854536 1
10340819 214853767 0.5
1432029 214834880 1
1432029 214826610 1
1432029 214744779 1
1432029 214826992 0.5
1432029 214839600 0.5
1432029 214829660 0.5
1432029 214834877 0.5
1432029 214821407 0.5
10420707 214853767 1
10420707 214854517 1
10420707 214854298 1
10420707 214853709 0.5
7010793 214848952 1
7010793 214848954 1
7010793 214848945 1
7010793 214602731 0.5
7375338 214849194 1
7375338 214849250 1
7375338 214849247 1
7375338 214848658 0.5
7375338 214743495 0.5
7375338 214839967 0.5
7375338 214717562 0.5
7375338 214849031 0.5
4680171 214839962 1
4680171 214848174 1
4680171 214845806 1
4680171 214819760 0.5
4680171 214839960 0.5
4680171 214836330 0.5
4680171 214573123 0.5
4680171 214837494 0.5
9645481 214567329 1
9645481 214854148 1
9645481 214853846 1
9645481 214685049 0.5
9645481 214853852 0.5
8280568 214851080 1
8280568 214851161 1
8280568 214716746 1
8280568 214850938 0.5
8280568 214851131 0.5
6138361 214835428 1
6138361 214846035 1
6138361 214586668 1
6138361 214667912 0.5
6138361 214572182 0.5
5378556 214844372 1
5378556 214844396 1
5378556 214844402 1
5378556 214835070 0.5
3389949 214834877 1
3389949 214829387 1
3389949 214836795 1
3389949 214826998 0.5
4219391 214839596 1
4219391 214839358 1
4219391 214838109 1
4219391 214836881 0.5
4219391 214838098 0.5
9871196 214854510 1
9871196 214854268 1
9871196 214854264 1
9871196 214567329 0.5
9871196 214567333 0.5
9871196 214853735 0.5
9871196 214567215 0.5
9871196 214684785 0.5
9871196 214854262 0.5
9871196 214853726 0.5
9871196 214567327 0.5
6708992 214829767 1
6708992 214849031 1
6708992 214835042 1
6708992 214587317 0.5
6708992 214850291 0.5
6708992 214586694 0.5
6708992 214602598 0.5
6708992 214725551 0.5
3412487 214602600 1
3412487 214835017 1
3412487 214835019 1
3412487 214587712 0.5
6114732 214849070 1
6114732 214849076 1
6114732 214848605 1
6114732 214846067 0.5
2031703 214829368 1
2031703 214829878 1
2031703 214829887 1
2031703 214829885 0.5
2515468 214831946 1
2515468 214831948 1
2515468 214829878 1
2515468 214829882 0.5
2515468 214829885 0.5
8124949 214851028 1
8124949 214716714 1
8124949 214851080 1
8124949 214748334 0.5
8124949 214848375 0.5
4600222 214836512 1
4600222 214819528 1
4600222 214838109 1
4600222 214839915 0.5
4600222 214832302 0.5
1212951 214826927 1
1212951 214826934 1
1212951 214826932 1
1212951 214684845 0.5
8487451 214851097 1
8487451 214853135 1
8487451 214853188 1
8487451 214716714 0.5
8487451 214684942 0.5
4037148 214831942 1
4037148 214540125 1
4037148 214838096 1
4037148 214831944 0.5
4037148 214847968 0.5
7762461 214561775 1
7762461 214850743 1
7762461 214855185 1
7762461 214718216 0.5
7762461 214850771 0.5
7762461 214850552 0.5
7762461 214820218 0.5
7762461 214850555 0.5
7762461 214821020 0.5
1896992 214829660 1
1896992 214819599 1
1896992 214829385 1
1896992 214829368 0.5
1896992 214832722 0.5
10113573 214700799 1
10113573 214640351 1
10113573 214832156 1
10113573 214718312 0.5
10113573 214705117 0.5
10113573 214678710 0.5
9118251 214853096 1
9118251 214853105 1
9118251 214853085 1
9118251 214851232 0.5
9118251 214853248 0.5
9118251 214853090 0.5
9118251 214853094 0.5
9118251 214852978 0.5
9118251 214852980 0.5
9118251 214853077 0.5
9118251 214851326 0.5
10977836 214854352 1
10977836 214854536 1
10977836 214853244 1
10977836 214854354 0.5
10977836 214848326 0.5
10977836 214648247 0.5
2802222 214826814 1
2802222 214556212 1
2802222 214612751 1
2802222 214844439 0.5
3983923 214826990 1
3983923 214711280 1
3983923 214835109 1
3983923 214838227 0.5
3983923 214829773 0.5
3983923 214836870 0.5
3661918 214645618 1
3661918 214838122 1
3661918 214838124 1
3661918 643078800 0.5
3661918 214774676 0.5
3661918 214839341 0.5
4977206 214832147 1
4977206 214839962 1
4977206 214836855 1
4977206 214587317 0.5
2132428 214829878 1
2132428 214829887 1
2132428 214829882 1
2132428 214829885 0.5
2966077 214819430 1
2966077 214835747 1
2966077 214837916 1
2966077 214602600 0.5
2966077 214835017 0.5
2966077 214832792 0.5
2966077 214835019 0.5
2966077 214832780 0.5
4237886 214753661 1
4237886 214712124 1
4237886 214711280 1
4237886 214553257 0.5
4237886 214712126 0.5
4237886 214831974 0.5
4506176 214829070 1
4506176 214829878 1
4506176 214829882 1
4506176 214831944 0.5
4506176 214600492 0.5
4506176 214829775 0.5
4506176 214711408 0.5
4506176 214838105 0.5
4506176 214821401 0.5
4506176 214829887 0.5
7735873 214851073 1
7735873 214850938 1
7735873 214851575 1
7735873 214851161 0.5
7735873 214716581 0.5
7735873 214748334 0.5
7735873 214851317 0.5
7507041 214850285 1
7507041 214850295 1
7507041 214850315 1
7507041 214850291 0.5
10240586 214854300 1
10240586 214854585 1
10240586 214854579 1
10240586 214854731 0.5
10240586 214850741 0.5
10240586 214853702 0.5
7234123 214853143 1
7234123 214853145 1
7234123 214835126 1
7234123 214704180 0.5
5489229 214844402 1
5489229 214846033 1
5489229 214846029 1
5489229 214835473 0.5
4522574 214829878 1
4522574 214835019 1
4522574 214831946 1
4522574 214819400 0.5
4522574 214839937 0.5
4522574 214838098 0.5
4522574 214684730 0.5
4522574 214839973 0.5
2544207 214831946 1
2544207 214829880 1
2544207 214829887 1
2544207 214829878 0.5
7270996 214700000 1
7270996 214835126 1
7270996 214851120 1
7270996 214744258 0.5
7270996 214851279 0.5
2445913 214829880 1
2445913 214829882 1
2445913 214829887 1
2445913 214829878 0.5
10348304 214567215 1
10348304 214567329 1
10348304 214567327 1
10348304 214567333 0.5
10348304 214854510 0.5
10348304 214854358 0.5
10348304 214854262 0.5
10348304 214853497 0.5
10348304 214684762 0.5
10348304 214853726 0.5
10792038 214854853 1
10792038 214854840 1
10792038 214854795 1
10792038 214556057 0.5
10792038 214857260 0.5
1454698 214819430 1
1454698 214826615 1
1454698 214829387 1
1454698 214839600 0.5
1454698 214833755 0.5
1454698 214826612 0.5
1454698 214717877 0.5
2830957 214834867 1
2830957 214835019 1
2830957 214835132 1
2830957 214829392 0.5
4901486 214826833 1
4901486 214585633 1
4901486 214831955 1
4901486 214829880 0.5
4901486 214746380 0.5
314472 214826705 1
314472 214821277 1
314472 214821290 1
314472 214826702 0.5
7946866 214850692 1
7946866 214850870 1
7946866 214850700 1
7946866 214557223 0.5
8582249 214716746 1
8582249 214851028 1
8582249 214851131 1
8582249 214716671 0.5
10654329 214861498 1
10654329 214853994 1
10654329 214854815 1
10654329 214853113 0.5
6695359 214849320 1
6695359 214849322 1
6695359 214849318 1
6695359 214849179 0.5
6695359 214700885 0.5
9915006 214839322 1
9915006 214643036 1
9915006 214712752 1
9915006 214835426 0.5
9915006 214718387 0.5
9915006 214687970 0.5
9915006 214595150 0.5
9915006 214848757 0.5
1829508 214826662 1
1829508 214586825 1
1829508 214691321 1
1829508 214691426 0.5
1829508 214840766 0.5
1829508 214840775 0.5
907911 214821309 1
907911 214826617 1
907911 214753515 1
907911 214746427 0.5
1487507 214826589 1
1487507 214829387 1
1487507 214829366 1
1487507 214834880 0.5
1487507 214833755 0.5
1487507 214675890 0.5
1487507 214819374 0.5
1487507 214826610 0.5
1487507 214826612 0.5
1487507 214821015 0.5
1487507 214826617 0.5
1487507 214826619 0.5
1487507 214834877 0.5
1487507 214556025 0.5
11508372 214857787 1
11508372 214857568 1
11508372 214857570 1
11508372 214645005 0.5
1275673 214820807 1
1275673 214835743 1
1275673 214829327 1
1275673 214553257 0.5
1275673 214820810 0.5
1275673 214829325 0.5
1275673 214819378 0.5
1275673 214558260 0.5
1275673 214549277 0.5
4846232 214836512 1
4846232 214831970 1
4846232 214839937 1
4846232 214835130 0.5
4846232 214645595 0.5
3146393 214701307 1
3146393 214820396 1
3146393 214820392 1
3146393 214819376 0.5
3146393 214819721 0.5
3146393 214838137 0.5
1632924 214834877 1
1632924 214820392 1
1632924 214819719 1
1632924 214834880 0.5
1632924 214820402 0.5
5016348 214832156 1
5016348 214838094 1
5016348 214837286 1
5016348 214838092 0.5
9521834 214853340 1
9521834 214850949 1
9521834 214850947 1
9521834 214853730 0.5
633518 214829321 1
633518 214839600 1
633518 214821300 1
633518 214834865 0.5
633518 214601229 0.5
633518 214716671 0.5
4713136 214826945 1
4713136 214587712 1
4713136 214839590 1
4713136 214819760 0.5
4713136 214820400 0.5
4713136 214820402 0.5
4713136 214602733 0.5
4713136 214839960 0.5
11231921 214854782 1
11231921 214853100 1
11231921 214854819 1
11231921 214854815 0.5
2734771 214829364 1
2734771 214835747 1
2734771 214826565 1
2734771 214832128 0.5
3334836 214831959 1
3334836 214826977 1
3334836 214835124 1
3334836 214829280 0.5
3334836 214829850 0.5
3334836 214835747 0.5
3334836 214586743 0.5
4948669 214651777 1
4948669 214838092 1
4948669 214748289 1
4948669 214575103 0.5
2250528 214829878 1
2250528 214829887 1
2250528 214831955 1
2250528 214686082 0.5
2250528 214826822 0.5
2250528 214553702 0.5
2250528 214831948 0.5
2250528 214643925 0.5
2250528 214696764 0.5
3922626 214537837 1
3922626 214580790 1
3922626 214579749 1
3922626 214511966 0.5
3381707 214832792 1
3381707 214835019 1
3381707 214835745 1
3381707 214587712 0.5
3381707 214835747 0.5
647628 214837485 1
647628 214837487 1
647628 214677512 1
647628 214684942 0.5
842444 214748336 1
842444 214821300 1
842444 214744775 1
842444 214577450 0.5
842444 214826619 0.5
842444 214586469 0.5
5462733 214845587 1
5462733 214850402 1
5462733 214845585 1
5462733 214836328 0.5
5462733 214836330 0.5
5462733 214743339 0.5
5462733 214844398 0.5
5462733 214846033 0.5
5462733 214829878 0.5
5462733 214832023 0.5
5462733 214561496 0.5
5462733 214844345 0.5
5462733 214684730 0.5
5462733 214680729 0.5
4287187 214838105 1
4287187 214705997 1
4287187 214829887 1
4287187 214838096 0.5
5522847 214725506 1
5522847 214838092 1
5522847 214844319 1
5522847 214837280 0.5
5522847 214845577 0.5
6980312 214849003 1
6980312 214849322 1
6980312 214849318 1
6980312 214849179 0.5
3791577 214835109 1
3791577 214836926 1
3791577 214826990 1
3791577 214820400 0.5
3791577 214839600 0.5
3791577 214561402 0.5
3791577 214838227 0.5
4148687 214838098 1
4148687 214845129 1
4148687 214831942 1
4148687 214838096 0.5
4148687 214828985 0.5
4148687 214838107 0.5
4148687 214832012 0.5
4148687 214826998 0.5
6739203 214846412 1
6739203 214846427 1
6739203 214846479 1
6739203 214849194 0.5
6739203 214846415 0.5
7361559 214849807 1
7361559 214850291 1
7361559 214850310 1
7361559 214850304 0.5
6796009 214849331 1
6796009 214849284 1
6796009 214667857 1
6796009 214849275 0.5
6796009 214665277 0.5
6796009 214849333 0.5
6796009 214849239 0.5
8235754 214851101 1
8235754 214851287 1
8235754 214851148 1
8235754 214702747 0.5
8235754 214850630 0.5
6470379 214848950 1
6470379 214848622 1
6470379 214848688 1
6470379 214846415 0.5
6470379 214836855 0.5
6470379 214829765 0.5
6470379 214846470 0.5
6470379 214846127 0.5
2511433 214829878 1
2511433 214831948 1
2511433 214829882 1
2511433 214829880 0.5
11085429 214510445 1
11085429 214652964 1
11085429 214854352 1
11085429 214853113 0.5
9460179 214853105 1
9460179 214846067 1
9460179 214851581 1
9460179 214853248 0.5
9460179 214851137 0.5
9460179 214748334 0.5
9460179 214716110 0.5
4524788 214839973 1
4524788 214848176 1
4524788 214836857 1
4524788 214829775 0.5
4524788 214602598 0.5
4524788 214826927 0.5
11145001 214714755 1
11145001 214849247 1
11145001 214686864 1
11145001 214854819 0.5
11145001 214743495 0.5
11145001 214835473 0.5
11145001 214848658 0.5
11145001 214680725 0.5
11145001 214717562 0.5
11145001 214686879 0.5
11145001 214854815 0.5
1510136 214834880 1
1510136 214821410 1
1510136 214821412 1
1510136 214826610 0.5
1510136 214833755 0.5
9990271 214853852 1
9990271 214853846 1
9990271 214853994 1
9990271 214854176 0.5
9990271 214853850 0.5
9990271 214854148 0.5
9075052 214853096 1
9075052 214853105 1
9075052 214853094 1
9075052 214853090 0.5
9075052 214853085 0.5
9075052 214851326 0.5
11260674 214864880 1
11260674 214853100 1
11260674 214854787 1
11260674 214854840 0.5
11260674 214854842 0.5
4913929 214845127 1
4913929 214839956 1
4913929 214829760 1
4913929 214546121 0.5
8287636 214851320 1
8287636 214851324 1
8287636 214851583 1
8287636 214583610 0.5
8287636 214595139 0.5
8287636 214849052 0.5
6448599 214844398 1
6448599 214848630 1
6448599 214848656 1
6448599 214839969 0.5
6448599 214845885 0.5
6448599 214826977 0.5
115468 214820261 1
115468 214820231 1
115468 214820233 1
115468 214535621 0.5
115468 214826702 0.5
10988301 214854716 1
10988301 214857568 1
10988301 214851757 1
10988301 214849299 0.5
10988301 214854332 0.5
7341149 214850936 1
7341149 214850692 1
7341149 214850405 1
7341149 214850790 0.5
2806544 214831959 1
2806544 214829850 1
2806544 214826932 1
2806544 214835019 0.5
10697494 214855016 1
10697494 214849807 1
10697494 214853102 1
10697494 214854547 0.5
10697494 214821397 0.5
9116444 214851742 1
9116444 214853128 1
9116444 214853165 1
9116444 214668249 0.5
3980063 214582374 1
3980063 214582378 1
3980063 214836926 1
3980063 214839600 0.5
5243519 214835473 1
5243519 214835426 1
5243519 214835428 1
5243519 214545864 0.5
5243519 214538572 0.5
789286 214821305 1
789286 214837442 1
789286 214832780 1
789286 214819464 0.5
789286 214601233 0.5
11027601 214854857 1
11027601 214854731 1
11027601 214854838 1
11027601 214854819 0.5
9245481 214853422 1
9245481 214850949 1
9245481 214711307 1
9245481 214829882 0.5
9245481 214853420 0.5
9245481 214829878 0.5
9245481 214850295 0.5
346256 214826617 1
346256 214826612 1
346256 214826615 1
346256 214717877 0.5
346256 214826623 0.5
8909611 214851135 1
8909611 214687685 1
8909611 214853242 1
8909611 214853186 0.5
8909611 214836830 0.5
400177 214717007 1
400177 214717005 1
400177 214716926 1
400177 214716928 0.5
5476456 214845585 1
5476456 214845583 1
5476456 214845590 1
5476456 214667912 0.5
5476456 214716641 0.5
5476456 214836885 0.5
5476456 214838137 0.5
2247477 214748336 1
2247477 214831946 1
2247477 214829878 1
2247477 214829852 0.5
2247477 214834877 0.5
2247477 214831967 0.5
6585144 214848954 1
6585144 214848947 1
6585144 214848945 1
6585144 214573612 0.5
6585144 214585676 0.5
6585144 214849046 0.5
6585144 214850615 0.5
6585144 214849020 0.5
6585144 214849022 0.5
10654521 214854575 1
10654521 214854343 1
10654521 214854579 1
10654521 214854545 0.5
10654521 214684502 0.5
10654521 214854549 0.5
10654521 214837494 0.5
10654521 214854165 0.5
10058554 214853767 1
10058554 214853698 1
10058554 214850945 1
10058554 214850947 0.5
9751007 214854017 1
9751007 214853135 1
9751007 214853865 1
9751007 214631737 0.5
9751007 214853227 0.5
9751007 214851748 0.5
9751007 214557223 0.5
3248959 214835167 1
3248959 214829765 1
3248959 214613741 1
3248959 214586668 0.5
3248959 214829773 0.5
6775947 214848630 1
6775947 214844398 1
6775947 214848997 1
6775947 214846530 0.5
6775947 214844372 0.5
6775947 214848682 0.5
9870297 214854527 1
9870297 214853767 1
9870297 214851077 1
9870297 214853698 0.5
9870297 214854060 0.5
9870297 214753515 0.5
9870297 214854540 0.5
9870297 214748336 0.5
9870297 214846067 0.5
9870297 214717562 0.5
9870297 214820345 0.5
9870297 214575193 0.5
9870297 214853722 0.5
9870297 214854298 0.5
4830028 214839641 1
4830028 214828991 1
4830028 214839397 1
4830028 214845129 0.5
10651106 214853454 1
10651106 214567327 1
10651106 214853732 1
10651106 214640353 0.5
10651106 214567333 0.5
10651106 214853735 0.5
10651106 214848300 0.5
10651106 214684785 0.5
10651106 214854262 0.5
10651106 214848185 0.5
10651106 214853887 0.5
6667086 214835167 1
6667086 214848596 1
6667086 214848847 1
6667086 214848609 0.5
6667086 214848926 0.5
8753999 214851742 1
8753999 214851737 1
8753999 214852987 1
8753999 214848926 0.5
1743696 214834877 1
1743696 214826610 1
1743696 214826589 1
1743696 214601233 0.5
7782883 214851579 1
7782883 214829885 1
7782883 214850291 1
7782883 214554170 0.5
7782883 214716671 0.5
8862548 214853085 1
8862548 214853094 1
8862548 214852978 1
8862548 214853096 0.5
5350229 214832150 1
5350229 214844370 1
5350229 214844345 1
5350229 214839587 0.5
5350229 214709702 0.5
5350229 214553578 0.5
5350229 214819468 0.5
5350229 214579704 0.5
5350229 214826874 0.5
5350229 214811739 0.5
5350229 214554332 0.5
4131671 214839973 1
4131671 214845131 1
4131671 214829287 1
4131671 214848176 0.5
4131671 214839960 0.5
4131671 214716635 0.5
4131671 214839965 0.5
8289113 214684730 1
8289113 214826666 1
8289113 214826662 1
8289113 214845577 0.5
8289113 214826668 0.5
8289113 214829878 0.5
8289113 214559726 0.5
10396506 214853244 1
10396506 214854300 1
10396506 214854174 1
10396506 214854536 0.5
10396506 214820394 0.5
10396506 214819599 0.5
10396506 214854352 0.5
10396506 214854354 0.5
10396506 214854579 0.5
10396506 214853113 0.5
9423707 214853852 1
9423707 214853848 1
9423707 214854148 1
9423707 214853994 0.5
9423707 214837286 0.5
9423707 214850855 0.5
8553308 214851161 1
8553308 214851575 1
8553308 214851080 1
8553308 214716654 0.5
8534882 214851099 1
8534882 214851290 1
8534882 214716926 1
8534882 214716928 0.5
8534882 214700000 0.5
8534882 214835713 0.5
8534882 214712235 0.5
8534882 214717005 0.5
8534882 214601210 0.5
10890043 214709685 1
10890043 214864880 1
10890043 214853102 1
10890043 214837873 0.5
10890043 214849468 0.5
5579623 214517443 1
5579623 214516738 1
5579623 214523709 1
5579623 214546136 0.5
8465259 214845962 1
8465259 214853128 1
8465259 214853165 1
8465259 214536193 0.5
8465259 214846119 0.5
10011506 214854159 1
10011506 214853698 1
10011506 214853707 1
10011506 214853722 0.5
10011506 214853767 0.5
2175859 214829660 1
2175859 214821392 1
2175859 214829385 1
2175859 214826668 0.5
2175859 214821350 0.5
512889 214827007 1
512889 214827005 1
512889 214826925 1
512889 214827000 0.5
512889 214834865 0.5
512889 214714794 0.5
512889 214651427 0.5
10257274 214854300 1
10257274 214854547 1
10257274 214851748 1
10257274 214850790 0.5
10257274 214854146 0.5
10257274 214850405 0.5
10257274 214854534 0.5
10257274 214850760 0.5
10257274 214850876 0.5
10257274 214854510 0.5
10257274 214826994 0.5
10257274 214854579 0.5
10257274 214854165 0.5
10257274 214854585 0.5
10257274 214854174 0.5
10257274 214854172 0.5
10257274 214850741 0.5
10257274 214554270 0.5
10257274 214567327 0.5
6591356 214848977 1
6591356 214835167 1
6591356 214848975 1
6591356 214848384 0.5
6591356 214829765 0.5
10347393 214853244 1
10347393 214854536 1
10347393 214853113 1
10347393 214854352 0.5
10347393 214854354 0.5
3009413 214835745 1
3009413 214717522 1
3009413 214600492 1
3009413 214680720 0.5
3009413 214680722 0.5
3009413 214821300 0.5
3009413 214558807 0.5
6366089 214849076 1
6366089 214848605 1
6366089 214839973 1
6366089 214848656 0.5
6366089 214846530 0.5
9959388 214684785 1
9959388 214567333 1
9959388 214567327 1
9959388 214854510 0.5
7260911 214845806 1
7260911 214848656 1
7260911 214846127 1
7260911 214612730 0.5
7260911 214744779 0.5
7272436 214849734 1
7272436 214849762 1
7272436 214849760 1
7272436 214846479 0.5
7272436 214743495 0.5
7903384 214850700 1
7903384 214850940 1
7903384 214832604 1
7903384 214845521 0.5
7903384 214716707 0.5
7903384 214850619 0.5
4915353 214840091 1
4915353 214845581 1
4915353 214832154 1
4915353 214848324 0.5
4915353 214684372 0.5
342943 214826801 1
342943 214826625 1
342943 214837485 1
342943 214826700 0.5
4103073 214826947 1
4103073 214839973 1
4103073 214839969 1
4103073 214821392 0.5
4103073 214743497 0.5
4103073 214839960 0.5
4103073 214826951 0.5
10175396 214853730 1
10175396 214853722 1
10175396 214853698 1
10175396 214853700 0.5
6197062 214845962 1
6197062 214846119 1
6197062 214845954 1
6197062 214846312 0.5
6197062 214581761 0.5
6197062 214821384 0.5
10589102 214684762 1
10589102 214854354 1
10589102 214854538 1
10589102 214567417 0.5
7470001 214850938 1
7470001 214850739 1
7470001 214850940 1
7470001 214850848 0.5
7470001 214564387 0.5
7470001 214850792 0.5
7470001 214820394 0.5
7470001 214744779 0.5
7470001 214850771 0.5
7470001 214850936 0.5
10617778 214854298 1
10617778 214854581 1
10617778 214854262 1
10617778 214567333 0.5
10691507 214854358 1
10691507 214684942 1
10691507 214851748 1
10691507 214850405 0.5
10691507 214854510 0.5
10691507 214684785 0.5
10691507 214854262 0.5
10691507 214849464 0.5
10691507 214684762 0.5
10691507 214853726 0.5
8834206 214677615 1
8834206 214718169 1
8834206 214850743 1
8834206 214821017 0.5
8834206 214821022 0.5
7652278 214849736 1
7652278 214849757 1
7652278 214849738 1
7652278 214849762 0.5
7652278 214849734 0.5
2325312 214834867 1
2325312 214835019 1
2325312 214837918 1
2325312 214835111 0.5
2325312 214832780 0.5
2325312 214819760 0.5
2325312 214819762 0.5
2325312 214835124 0.5
2325312 214837916 0.5
2325312 214831967 0.5
9479104 214853077 1
9479104 214853698 1
9479104 214853767 1
9479104 214852980 0.5
2315201 214829887 1
2315201 214829882 1
2315201 214829878 1
2315201 214829885 0.5
8760261 214853105 1
8760261 214853096 1
8760261 214851742 1
8760261 214851290 0.5
8760261 214852980 0.5
8760261 214853085 0.5
8760261 214853094 0.5
4921571 214844345 1
4921571 214844342 1
4921571 214844413 1
4921571 214835473 0.5
4921571 214826949 0.5
4921571 214844398 0.5
4921571 214838225 0.5
8391368 214851028 1
8391368 214684942 1
8391368 214851131 1
8391368 214851097 0.5
8391368 214851163 0.5
8391368 214716707 0.5
8391368 214851165 0.5
8391368 214716654 0.5
8633506 214851101 1
8633506 214851232 1
8633506 214564380 1
8633506 214844347 0.5
1463251 214834880 1
1463251 214678905 1
1463251 214834877 1
1463251 214800272 0.5
1463251 214829321 0.5
1463251 214833755 0.5
1463251 214601233 0.5
9587929 214853282 1
9587929 214853417 1
9587929 214853379 1
9587929 214846432 0.5
9587929 214853402 0.5
9587929 214853420 0.5
9587929 214850949 0.5
5477342 214836352 1
5477342 214587317 1
5477342 214835968 1
5477342 214583670 0.5
5477342 214602598 0.5
5477342 214845457 0.5
5477342 214826998 0.5
5477342 214553561 0.5
5477342 214828985 0.5
5477342 214831967 0.5
11506663 214854785 1
11506663 214853340 1
11506663 214854118 1
11506663 214855016 0.5
11506663 214854800 0.5
11506663 214639500 0.5
11506663 214854797 0.5
11506663 214835004 0.5
6062761 214709807 1
6062761 214850870 1
6062761 214846412 1
6062761 214850880 0.5
10533866 214853767 1
10533866 214853722 1
10533866 214718169 1
10533866 214853713 0.5
10533866 214853698 0.5
10533866 214854060 0.5
10533866 214853702 0.5
6015979 214667912 1
6015979 214820450 1
6015979 214835428 1
6015979 214846472 0.5
6015979 214651777 0.5
6015979 214829379 0.5
6015979 214586668 0.5
6015979 214846012 0.5
1625938 214743495 1
1625938 214826874 1
1625938 214829850 1
1625938 214820392 0.5
1625938 214684108 0.5
1625938 214832780 0.5
1625938 214829820 0.5
1625938 214557279 0.5
11062256 214714755 1
11062256 214854733 1
11062256 214717436 1
11062256 214662692 0.5
11062256 214854731 0.5
11062256 214853079 0.5
11062256 214717562 0.5
11062256 214853083 0.5
11062256 214854718 0.5
11062256 214557279 0.5
11242484 214854502 1
11242484 214854838 1
11242484 214854770 1
11242484 214854497 0.5
11242484 214854823 0.5
11242484 214854731 0.5
11242484 214854860 0.5
11242484 214854894 0.5
11242484 214686864 0.5
11242484 214710013 0.5
9751542 214850949 1
9751542 214850947 1
9751542 214853420 1
9751542 214848185 0.5
8952824 214845962 1
8952824 214678376 1
8952824 214853128 1
8952824 214851742 0.5
6165332 214691683 1
6165332 214691621 1
6165332 214838741 1
6165332 214852050 0.5
9602042 214840378 1
9602042 214712237 1
9602042 214857830 1
9602042 214826987 0.5
6434303 214844372 1
6434303 214687457 1
6434303 214848980 1
6434303 214514272 0.5
6434303 214844396 0.5
10036053 214854268 1
10036053 214567329 1
10036053 214854264 1
10036053 214567215 0.5
6122507 214709702 1
6122507 214849010 1
6122507 214846117 1
6122507 214819640 0.5
6122507 214819393 0.5
6122507 214845971 0.5
6122507 214846318 0.5
6122507 214553257 0.5
9746622 214849010 1
9746622 214678387 1
9746622 214853165 1
9746622 214846117 0.5
9746622 214677830 0.5
9746622 214678376 0.5
9746622 214835561 0.5
9746622 214853130 0.5
9746622 214853237 0.5
9746622 214853242 0.5
9746622 214853210 0.5
9746622 214851742 0.5
926736 214826872 1
926736 214826876 1
926736 214826908 1
926736 214821401 0.5
926736 214717286 0.5
5485586 214844342 1
5485586 214844345 1
5485586 214826990 1
5485586 214844340 0.5
4594708 214832012 1
4594708 214748336 1
4594708 214829852 1
4594708 214684736 0.5
4594708 214606785 0.5
4594708 214839587 0.5
4594708 214829765 0.5
4594708 214743495 0.5
4594708 214831944 0.5
4594708 214819721 0.5
4594708 214574670 0.5
4594708 214716752 0.5
4594708 214698420 0.5
4594708 214651777 0.5
4594708 214706102 0.5
4594708 214836855 0.5
4594708 214717562 0.5
4594708 214826623 0.5
1995797 214826837 1
1995797 214820400 1
1995797 214829280 1
1995797 214829366 0.5
1995797 214716902 0.5
1995797 214743495 0.5
1995797 214829321 0.5
1995797 214587317 0.5
1995797 214826998 0.5
1995797 214744535 0.5
1995797 214826872 0.5
1995797 214717562 0.5
1995797 214829852 0.5
11404311 214687970 1
11404311 214551900 1
11404311 214849228 1
11404311 214694441 0.5
4723736 214821020 1
4723736 214821015 1
4723736 214835109 1
4723736 214838109 0.5
4723736 214821022 0.5
5349641 214845579 1
5349641 214845581 1
5349641 214819395 1
5349641 214829880 0.5
5349641 214819627 0.5
5349641 214845356 0.5
29036 214826955 1
29036 214826627 1
29036 214820441 1
29036 214840410 0.5
29036 214821275 0.5
5547047 214845587 1
5547047 214844396 1
5547047 214844398 1
5547047 214844400 0.5
5547047 214835473 0.5
5547047 214601233 0.5
1630871 214829366 1
1630871 214834880 1
1630871 214828965 1
1630871 214821410 0.5
1630871 214833755 0.5
1630871 214821412 0.5
1630871 214826610 0.5
1630871 214834877 0.5
9251883 214853162 1
9251883 214851090 1
9251883 214564380 1
9251883 214567408 0.5
9251883 214821024 0.5
6115533 214846127 1
6115533 214714779 1
6115533 214849001 1
6115533 214844398 0.5
6115533 214748336 0.5
6115533 214846067 0.5
6115533 214829102 0.5
6115533 214586743 0.5
6115533 214553561 0.5
6115533 214717562 0.5
6115533 214829852 0.5
6115533 214587317 0.5
5658491 214846012 1
5658491 214829887 1
5658491 214829882 1
5658491 214849001 0.5
5658491 214832012 0.5
5658491 214846029 0.5
5658491 214673295 0.5
5658491 214838096 0.5
5658491 214832015 0.5
1848378 214829863 1
1848378 214829861 1
1848378 214829865 1
1848378 214829707 0.5
6163516 214846415 1
6163516 214846417 1
6163516 214846466 1
6163516 214791688 0.5
7312906 214850730 1
7312906 214829032 1
7312906 214702933 1
7312906 214829728 0.5
7312906 214550548 0.5
2421941 214829880 1
2421941 214829887 1
2421941 214831948 1
2421941 214829882 0.5
6734689 214848658 1
6734689 214848986 1
6734689 214848849 1
6734689 214667912 0.5
6734689 214849100 0.5
6734689 214849245 0.5
10630327 214848986 1
10630327 214849136 1
10630327 214716982 1
10630327 214839973 0.5
10630327 214650566 0.5
10630327 214582346 0.5
10630327 214829771 0.5
10630327 214582348 0.5
10630327 214829102 0.5
10630327 214686864 0.5
10630327 214601233 0.5
10630327 214553561 0.5
10630327 214831967 0.5
6628429 214849292 1
6628429 214849097 1
6628429 214580154 1
6628429 214753515 0.5
6628429 214560420 0.5
6628429 214716110 0.5
2946127 214829878 1
2946127 214684730 1
2946127 214829887 1
2946127 214684736 0.5
2946127 214559726 0.5
2946127 214711408 0.5
2946127 214718390 0.5
2946127 214829880 0.5
2946127 214718396 0.5
4150352 214838109 1
4150352 214738453 1
4150352 214716660 1
4150352 214839932 0.5
2464853 214829880 1
2464853 214829882 1
2464853 214831946 1
2464853 214845538 0.5
2464853 214701787 0.5
2464853 214829878 0.5
2464853 214829887 0.5
2309482 214829880 1
2309482 214684717 1
2309482 214831946 1
2309482 214826844 0.5
9933574 214853702 1
9933574 214853713 1
9933574 214717888 1
9933574 214718160 0.5
9933574 214853707 0.5
2581606 214829887 1
2581606 214829880 1
2581606 214829882 1
2581606 214829878 0.5
8404072 214851581 1
8404072 214851236 1
8404072 214851133 1
8404072 214851317 0.5
2606188 214829882 1
2606188 214829878 1
2606188 214831948 1
2606188 214829880 0.5
2606188 214831946 0.5
6480786 214846327 1
6480786 214846470 1
6480786 214846367 1
6480786 214846460 0.5
9213042 214854017 1
9213042 214854146 1
9213042 214853992 1
9213042 214850760 0.5
9213042 214853865 0.5
9213042 214853715 0.5
9213042 214854172 0.5
9213042 214854165 0.5
9653363 214854017 1
9653363 214853992 1
9653363 214853865 1
9653363 214854146 0.5
10269813 214854547 1
10269813 214684785 1
10269813 214854538 1
10269813 214684762 0.5
10269813 214853726 0.5
2825334 214587712 1
2825334 214835017 1
2825334 214835747 1
2825334 214826565 0.5
966164 214826904 1
966164 214828980 1
966164 214587317 1
966164 214820392 0.5
966164 214819777 0.5
966164 214717410 0.5
966164 214717085 0.5
966164 214586743 0.5
8686714 214853214 1
8686714 214853364 1
8686714 214853212 1
8686714 214717320 0.5
11201659 214845962 1
11201659 214846119 1
11201659 214853165 1
11201659 214855209 0.5
11201659 214854770 0.5
11201659 214850420 0.5
11201659 214835167 0.5
8621186 214852980 1
8621186 214852978 1
8621186 214853077 1
8621186 214853094 0.5
8621186 214851326 0.5
8396652 214853094 1
8396652 214853085 1
8396652 214853248 1
8396652 214853077 0.5
857227 214821302 1
857227 214820844 1
857227 214837485 1
857227 214837442 0.5
857227 214837483 0.5
857227 214508308 0.5
857227 214837490 0.5
857227 214557223 0.5
10572942 214567329 1
10572942 214567215 1
10572942 214854358 1
10572942 214854264 0.5
10572942 214573310 0.5
10572942 214854510 0.5
5498733 214836926 1
5498733 214846001 1
5498733 214839975 1
5498733 214835473 0.5
5498733 214831967 0.5
5498733 214553561 0.5
5270418 214846119 1
5270418 214845954 1
5270418 214845939 1
5270418 214680360 0.5
5270418 214559660 0.5
5270418 214650564 0.5
7664794 214850790 1
7664794 214850405 1
7664794 214850760 1
7664794 214839962 0.5
7664794 214850411 0.5
6278299 214848337 1
6278299 214712126 1
6278299 214848950 1
6278299 214848622 0.5
2976932 214835747 1
2976932 214835017 1
2976932 214835745 1
2976932 214600492 0.5
2976932 214609325 0.5
8026938 214850402 1
8026938 214845583 1
8026938 214845585 1
8026938 214851122 0.5
8026938 214829765 0.5
8026938 214835109 0.5
9968812 214854262 1
9968812 214684785 1
9968812 214854172 1
9968812 214854577 0.5
9968812 214567327 0.5
7765167 214850938 1
7765167 214564387 1
7765167 214850936 1
7765167 214850760 0.5
7765167 214850700 0.5
7765167 214829878 0.5
7765167 214850743 0.5
6726836 214848658 1
6726836 214849275 1
6726836 214849286 1
6726836 214850953 0.5
6726836 214849333 0.5
4658357 214826945 1
4658357 214826942 1
4658357 214838098 1
4658357 214836050 0.5
4658357 214838107 0.5
5268236 214835428 1
5268236 214835426 1
5268236 214835070 1
5268236 214835473 0.5
5268236 214842735 0.5
6766452 214845412 1
6766452 214839617 1
6766452 214848688 1
6766452 214849252 0.5
6766452 214844396 0.5
6766452 214844402 0.5
6766452 214574670 0.5
6766452 214846127 0.5
6766452 214698418 0.5
6766452 214848701 0.5
6766452 214853887 0.5
6511804 214848375 1
6511804 214848371 1
6511804 214848328 1
6511804 214838227 0.5
10853569 214853079 1
10853569 214854780 1
10853569 214854823 1
10853569 214854722 0.5
9018567 214853096 1
9018567 214853105 1
9018567 214853085 1
9018567 214853094 0.5
1397963 214826617 1
1397963 214834877 1
1397963 214826615 1
1397963 214717877 0.5
8541388 214851163 1
8541388 214851592 1
8541388 214684942 1
8541388 214685049 0.5
8541388 214850771 0.5
6339789 214848613 1
6339789 214848832 1
6339789 214848808 1
6339789 214829666 0.5
2297037 214829880 1
2297037 214714642 1
2297037 214831948 1
2297037 214560622 0.5
2297037 214829878 0.5
2847953 214835017 1
2847953 214837882 1
2847953 214554170 1
2847953 214819762 0.5
2847953 214826955 0.5
6616277 214848945 1
6616277 214849020 1
6616277 214849022 1
6616277 214851009 0.5
6616277 214606948 0.5
6616277 214706214 0.5
6616277 214848941 0.5
6616277 214574670 0.5
6616277 214710097 0.5
6616277 214602804 0.5
6616277 214850615 0.5
6616277 214848954 0.5
596857 214748300 1
596857 214748302 1
596857 214753513 1
596857 214753507 0.5
596857 214712126 0.5
1787097 214834880 1
1787097 214826610 1
1787097 214834877 1
1787097 214833755 0.5
1787097 214587266 0.5
1787097 214829387 0.5
1885408 214831948 1
1885408 214831946 1
1885408 214829882 1
1885408 214819760 0.5
1885408 214748336 0.5
1885408 214831957 0.5
1885408 214743495 0.5
10634467 214854510 1
10634467 214854549 1
10634467 214684785 1
10634467 214567327 0.5
2999524 214831946 1
2999524 214829878 1
2999524 214829051 1
2999524 214829882 0.5
2999524 214744237 0.5
2999524 214600470 0.5
2999524 214829887 0.5
8348906 214851135 1
8348906 214846391 1
8348906 214651517 1
8348906 214849252 0.5
8348906 214849031 0.5
8348906 214851122 0.5
8348906 214846067 0.5
8348906 214851236 0.5
8348906 214845885 0.5
4406823 214839971 1
4406823 214845131 1
4406823 214848178 1
4406823 214839960 0.5
5989612 214846419 1
5989612 214846425 1
5989612 214846065 1
5989612 214846432 0.5
5989612 214836577 0.5
5989612 214826994 0.5
5989612 214835711 0.5
3151086 214826938 1
3151086 214829771 1
3151086 214836795 1
3151086 214613741 0.5
3151086 214595150 0.5
2219248 214829878 1
2219248 214826983 1
2219248 214831946 1
2219248 214829880 0.5
2219248 214844250 0.5
2219248 214585397 0.5
11065591 214848847 1
11065591 214848596 1
11065591 214848384 1
11065591 214849344 0.5
11065591 214567329 0.5
11065591 214829765 0.5
11065591 214853128 0.5
11065591 214845962 0.5
11065591 214718379 0.5
11065591 214853165 0.5
11065591 214561775 0.5
11065591 214718160 0.5
11065591 214850771 0.5
11065591 214853310 0.5
11065591 214851315 0.5
11065591 214821020 0.5
11065591 214856702 0.5
998611 214829042 1
998611 214829045 1
998611 214829336 1
998611 214829032 0.5
998611 214701212 0.5
2008608 214829381 1
2008608 214826908 1
2008608 214831967 1
2008608 214829850 0.5
2008608 214587317 0.5
8031483 214564451 1
8031483 214851080 1
8031483 214849333 1
8031483 214848832 0.5
8031483 214848613 0.5
8031483 214744775 0.5
8031483 214848808 0.5
8031483 214684845 0.5
8031483 214716654 0.5
8031483 214850705 0.5
8031483 214848851 0.5
8031483 214849331 0.5
8031483 214851290 0.5
2639101 214829880 1
2639101 214831946 1
2639101 214829885 1
2639101 214829882 0.5
10235134 214854352 1
10235134 214853244 1
10235134 214854536 1
10235134 214853113 0.5
10235134 214854354 0.5
1727743 214826561 1
1727743 214834877 1
1727743 214826563 1
1727743 214832780 0.5
1727743 214829366 0.5
1727743 214821350 0.5
5651712 214835019 1
5651712 214846121 1
5651712 214846033 1
5651712 214676377 0.5
5651712 214845917 0.5
7593224 214853758 1
7593224 214851120 1
7593224 214853173 1
7593224 214853177 0.5
3693833 214826565 1
3693833 214838225 1
3693833 214836330 1
3693833 214753515 0.5
3693833 214819719 0.5
3693833 214819721 0.5
3693833 214832780 0.5
3693833 214680718 0.5
3693833 214835475 0.5
3693833 214829852 0.5
3693833 214839600 0.5
3693833 214835111 0.5
3693833 214684843 0.5
3693833 214543922 0.5
3693833 214748334 0.5
3693833 214832559 0.5
3693833 214819760 0.5
3693833 214587697 0.5
3693833 214819762 0.5
3693833 214829366 0.5
3693833 214563337 0.5
3693833 214836926 0.5
3693833 214834880 0.5
3693833 214836932 0.5
3693833 214553544 0.5
3693833 214746380 0.5
3693833 214716110 0.5
3693833 214553561 0.5
3693833 214674401 0.5
3693833 214832747 0.5
11101451 214853100 1
11101451 214864880 1
11101451 214854577 1
11101451 214853102 0.5
3693838 214838137 1
3693838 214836926 1
3693838 214651517 1
3693838 214574672 0.5
3693838 214839600 0.5
3693838 214595150 0.5
3693838 214574670 0.5
10423512 214854545 1
10423512 214848326 1
10423512 214854345 1
10423512 214853732 0.5
10423512 214567333 0.5
10423512 214854549 0.5
1482513 214551926 1
1482513 214826610 1
1482513 214834877 1
1482513 214829321 0.5
1482513 214832780 0.5
1482513 214840597 0.5
1482513 214829366 0.5
1482513 214581941 0.5
10119726 214853715 1
10119726 214853992 1
10119726 214853996 1
10119726 214854165 0.5
10119726 214853702 0.5
10119726 214848757 0.5
2944279 214710155 1
2944279 214829878 1
2944279 214711280 1
2944279 214829882 0.5
2944279 214835165 0.5
2944279 214831950 0.5
2944279 214829885 0.5
7501083 214667915 1
7501083 214839598 1
7501083 214540597 1
7501083 214850767 0.5
7501083 214851135 0.5
10896669 214853100 1
10896669 214854731 1
10896669 214850949 1
10896669 214852978 0.5
10896669 214854819 0.5
10896669 214838107 0.5
918818 214717890 1
918818 214800268 1
918818 214706462 1
918818 214712130 0.5
918818 214687847 0.5
918818 214819721 0.5
918818 214839600 0.5
918818 214706102 0.5
918818 214829321 0.5
918818 214711657 0.5
7714084 214850936 1
7714084 214850741 1
7714084 214850310 1
7714084 214844400 0.5
7714084 214850295 0.5
7714084 214850771 0.5
7714084 214821022 0.5
7714084 214850743 0.5
9948453 214849286 1
9948453 214854354 1
9948453 214850792 1
9948453 214854352 0.5
4455719 214831970 1
4455719 214836512 1
4455719 214839598 1
4455719 214839356 0.5
10341673 214743367 1
10341673 214851714 1
10341673 214587437 1
10341673 214536412 0.5
9426223 214850743 1
9426223 214581611 1
9426223 214853130 1
9426223 214676306 0.5
9426223 214846318 0.5
10069896 214853698 1
10069896 214853700 1
10069896 214853722 1
10069896 214854163 0.5
10872119 214854819 1
10872119 214510445 1
10872119 214854720 1
10872119 214854538 0.5
10872119 214851581 0.5
9321784 214639468 1
9321784 214639500 1
9321784 214705734 1
9321784 214639464 0.5
9321784 214639507 0.5
1790316 214834877 1
1790316 214833755 1
1790316 214829387 1
1790316 214826610 0.5
193759 214827005 1
193759 214827007 1
193759 214826925 1
193759 214827000 0.5
8004927 214851135 1
8004927 214851080 1
8004927 214851028 1
8004927 214851131 0.5
8004927 214716746 0.5
8004927 214716707 0.5
8004927 214716671 0.5
10181741 214853702 1
10181741 214710097 1
10181741 214854517 1
10181741 214716645 0.5
2481476 214829878 1
2481476 214829887 1
2481476 214551900 1
2481476 214612704 0.5
2481476 214844439 0.5
2481476 214829051 0.5
2481476 214510447 0.5
5678409 214846119 1
5678409 214845962 1
5678409 214845954 1
5678409 214676377 0.5
5678409 214586857 0.5
5678409 214845965 0.5
5678409 214848309 0.5
4635979 214840235 1
4635979 214718216 1
4635979 214538820 1
4635979 214831970 0.5
4635979 214840310 0.5
11085138 214849048 1
11085138 214857562 1
11085138 214857810 1
11085138 214857568 0.5
11085138 214857570 0.5
11085138 214857547 0.5
10052947 214642625 1
10052947 214845943 1
10052947 214853400 1
10052947 214849295 0.5
11128148 214848658 1
11128148 214854797 1
11128148 214854840 1
11128148 214650508 0.5
11128148 214854780 0.5
834901 214819387 1
834901 214819734 1
834901 214819738 1
834901 214716928 0.5
834901 214819472 0.5
834901 214717003 0.5
834901 214716982 0.5
834901 214716984 0.5
8512057 214716581 1
8512057 214851161 1
8512057 214851080 1
8512057 214851028 0.5
11253082 214864880 1
11253082 214853102 1
11253082 214854352 1
11253082 214854354 0.5
4742491 214839956 1
4742491 214839954 1
4742491 214839977 1
4742491 214829760 0.5
4742491 214695472 0.5
4742491 214829730 0.5
4742491 214716660 0.5
4742491 214716639 0.5
10188126 214853702 1
10188126 214853698 1
10188126 214853713 1
10188126 214714779 0.5
1957217 214834873 1
1957217 214828961 1
1957217 214819779 1
1957217 214834877 0.5
62463 214716971 1
62463 214717003 1
62463 214652934 1
62463 214716937 0.5
62463 214716986 0.5
62463 214819468 0.5
7538022 214851150 1
7538022 214851294 1
7538022 214853092 1
7538022 214718212 0.5
3693928 214829771 1
3693928 214826938 1
3693928 214836947 1
3693928 214829769 0.5
3693928 214582348 0.5
3693928 214829773 0.5
3693928 214560622 0.5
3693928 214829368 0.5
3693928 214820220 0.5
5611068 214848272 1
5611068 214848157 1
5611068 214716114 1
5611068 214843682 0.5
5611068 214846134 0.5
11046252 214864880 1
11046252 214854795 1
11046252 214854853 1
11046252 214854840 0.5
4068717 214744260 1
4068717 214746365 1
4068717 214573350 1
4068717 214836926 0.5
4068717 214746382 0.5
5238128 214835428 1
5238128 214845590 1
5238128 214844398 1
5238128 214667912 0.5
5238128 214836885 0.5
9379187 214853342 1
9379187 214845973 1
9379187 214853340 1
9379187 214711307 0.5
9379187 214853420 0.5
9379187 214853454 0.5
9379187 214853424 0.5
9379187 214853428 0.5
9379187 214853422 0.5
9379187 214853460 0.5
3175799 214836827 1
3175799 214580291 1
3175799 214612702 1
3175799 214613741 0.5
3175799 214829773 0.5
8756601 214716928 1
8756601 214854632 1
8756601 214717007 1
8756601 214717005 0.5
7466741 214564380 1
7466741 214851585 1
7466741 214851577 1
7466741 214552522 0.5
11500778 214857568 1
11500778 214857570 1
11500778 214857562 1
11500778 214691250 0.5
10825086 214853102 1
10825086 214854787 1
10825086 214854785 1
10825086 214854840 0.5
7441791 214850936 1
7441791 214850743 1
7441791 214850741 1
7441791 214839962 0.5
7441791 214850876 0.5
7441791 214564382 0.5
6796673 214849012 1
6796673 214848337 1
6796673 214848380 1
6796673 214710097 0.5
6796673 214849258 0.5
2827653 214821020 1
2827653 214714760 1
2827653 214835450 1
2827653 214644352 0.5
2827653 214835447 0.5
2581894 214829878 1
2581894 214829882 1
2581894 214831946 1
2581894 214530729 0.5
7729408 214832023 1
7729408 214846916 1
7729408 214748336 1
7729408 214575193 0.5
7729408 214577450 0.5
7729408 214845583 0.5
7729408 214543922 0.5
7729408 214557095 0.5
8643983 214846475 1
8643983 214853094 1
8643983 214851326 1
8643983 214853248 0.5
8643983 214849762 0.5
8643983 214839932 0.5
8643983 214846333 0.5
8643983 214845583 0.5
9676257 214853420 1
9676257 214853422 1
9676257 214850947 1
9676257 214853428 0.5
1547669 214834880 1
1547669 214833755 1
1547669 214748336 1
1547669 214800272 0.5
4129361 214838109 1
4129361 214717539 1
4129361 214838098 1
4129361 214832012 0.5
4129361 214829070 0.5
6544796 214836519 1
6544796 214848622 1
6544796 214845585 1
6544796 214850786 0.5
6544796 214556334 0.5
6544796 214680720 0.5
6544796 214574670 0.5
6544796 214717562 0.5
6544796 214848954 0.5
3036741 214826565 1
3036741 214835019 1
3036741 214835747 1
3036741 214587697 0.5
3036741 214835017 0.5
4079008 214838096 1
4079008 214839592 1
4079008 214836932 1
4079008 214836851 0.5
4079008 214826990 0.5
3650034 214836830 1
3650034 214829786 1
3650034 214836795 1
3650034 214561674 0.5
3650034 214821407 0.5
11101083 214854840 1
11101083 214853102 1
11101083 214864880 1
11101083 214854853 0.5
10499496 214853767 1
10499496 214853698 1
10499496 214848658 1
10499496 214853100 0.5
9031082 214716714 1
9031082 214685049 1
9031082 214684942 1
9031082 214851080 0.5
9031082 214851131 0.5
2985388 214835017 1
2985388 214835019 1
2985388 214835747 1
2985388 214835128 0.5
2985388 214826818 0.5
1508781 214826610 1
1508781 214826625 1
1508781 214834877 1
1508781 214834880 0.5
6608304 214849093 1
6608304 214846031 1
6608304 214850304 1
6608304 214607077 0.5
6608304 214849097 0.5
6608304 214848945 0.5
6608304 214712244 0.5
6608304 214686902 0.5
6608304 214838107 0.5
6608304 214827005 0.5
6608304 214829887 0.5
10104241 214854300 1
10104241 214854579 1
10104241 214819577 1
10104241 214854538 0.5
10104241 214854515 0.5
10104241 214850741 0.5
10104241 214854262 0.5
6920094 214849018 1
6920094 214826990 1
6920094 214848377 1
6920094 214848609 0.5
6920094 214853197 0.5
6920094 214848847 0.5
6920094 214848337 0.5
6920094 214849012 0.5
6920094 214711348 0.5
6920094 214848410 0.5
6920094 214848380 0.5
6920094 214561402 0.5
3354043 214836530 1
3354043 214836851 1
3354043 214836823 1
3354043 214832128 0.5
3354043 214829825 0.5
3354043 214835107 0.5
3354043 214832555 0.5
3354043 214826975 0.5
7372221 214850295 1
7372221 214849809 1
7372221 214850304 1
7372221 214846112 0.5
10031917 214850945 1
10031917 214850949 1
10031917 214853454 1
10031917 214848185 0.5
10123509 214853767 1
10123509 214853700 1
10123509 214853722 1
10123509 214853360 0.5
8529346 214851581 1
8529346 214851097 1
8529346 214839587 1
8529346 214853184 0.5
8529346 214850402 0.5
8529346 214851131 0.5
8529346 214851748 0.5
8529346 214748336 0.5
8529346 214851122 0.5
8529346 214851236 0.5
8529346 214851099 0.5
8529346 214850940 0.5
8529346 214851133 0.5
9931339 214854510 1
9931339 214854262 1
9931339 214684785 1
9931339 214854146 0.5
9931339 214850405 0.5
9931339 214854165 0.5
9931339 214850936 0.5
9931339 214573305 0.5
9931339 214684762 0.5
9931339 214853726 0.5
9268676 214839339 1
9268676 214709634 1
9268676 214853402 1
9268676 214832604 0.5
10835398 214857570 1
10835398 214854838 1
10835398 214857568 1
10835398 214853994 0.5
10835398 214853182 0.5
10835398 214854118 0.5
4797899 214834877 1
4797899 214835109 1
4797899 214829387 1
4797899 214821410 0.5
4797899 214753515 0.5
4797899 214554637 0.5
4797899 214716110 0.5
4797899 214675890 0.5
4797899 214838227 0.5
4797899 214819374 0.5
4797899 214556025 0.5
4797899 214826617 0.5
4797899 214826619 0.5
10892748 214853102 1
10892748 214854840 1
10892748 214854785 1
10892748 214848658 0.5
1324494 214829855 1
1324494 214832720 1
1324494 214829857 1
1324494 214835752 0.5
7773647 214846072 1
7773647 214849136 1
7773647 214851279 1
7773647 214651777 0.5
7773647 214845986 0.5
7773647 214548744 0.5
7773647 214853122 0.5
7773647 214691471 0.5
7773647 214677615 0.5
11303816 214854542 1
11303816 214854489 1
11303816 214853147 1
11303816 214850735 0.5
7515603 214717003 1
7515603 214717005 1
7515603 214706216 1
7515603 214716928 0.5
7515603 214850282 0.5
7515603 214645963 0.5
2423374 214553700 1
2423374 214831952 1
2423374 214831948 1
2423374 214710152 0.5
2423374 214560170 0.5
2423374 214829887 0.5
8795607 214821024 1
8795607 214651777 1
8795607 214850765 1
8795607 214677615 0.5
4416988 214700002 1
4416988 214832143 1
4416988 214831944 1
4416988 214712237 0.5
4416988 214826942 0.5
11150817 214853735 1
11150817 214853724 1
11150817 214854540 1
11150817 214853732 0.5
11150817 214854600 0.5
11150817 214845583 0.5
11150817 214847255 0.5
11150817 214854174 0.5
11150817 214854495 0.5
2299362 214829880 1
2299362 214829885 1
2299362 214831948 1
2299362 214601233 0.5
8688891 214853090 1
8688891 214853085 1
8688891 214851326 1
8688891 214853096 0.5
8688891 214853094 0.5
6729188 214848605 1
6729188 214848973 1
6729188 214848692 1
6729188 214848615 0.5
3300839 214835167 1
3300839 214835109 1
3300839 214829799 1
3300839 214838227 0.5
3300839 214829850 0.5
3300839 214832555 0.5
3300839 214826990 0.5
10372401 214851714 1
10372401 214851742 1
10372401 214853087 1
10372401 214845962 0.5
3924221 214836887 1
3924221 214838096 1
3924221 214831944 1
3924221 214838105 0.5
3924221 214560622 0.5
5266929 214844398 1
5266929 214844396 1
5266929 214844372 1
5266929 214844400 0.5
10855922 214835117 1
10855922 214714755 1
10855922 214864880 1
10855922 214676535 0.5
8510963 214509401 1
8510963 214718216 1
8510963 214850767 1
8510963 214582541 0.5
8510963 214716935 0.5
11122173 214853102 1
11122173 214854332 1
11122173 214853702 1
11122173 214819577 0.5
11122173 214853715 0.5
11122173 214854165 0.5
11122173 214854510 0.5
10509202 214850741 1
10509202 214854358 1
10509202 214854300 1
10509202 214567333 0.5
10509202 214853930 0.5
10509202 214854262 0.5
10509202 214854510 0.5
10509202 214854545 0.5
10509202 214854547 0.5
10509202 214837494 0.5
10509202 214847255 0.5
10509202 214567327 0.5
10509202 214854495 0.5
6383107 214848337 1
6383107 214848380 1
6383107 214848330 1
6383107 214848328 0.5
6383107 214821410 0.5
6383107 214846535 0.5
10208772 214829730 1
10208772 214850947 1
10208772 214853077 1
10208772 214853242 0.5
10208772 214853420 0.5
10208772 214853210 0.5
10208772 214853237 0.5
4511874 214839973 1
4511874 214845131 1
4511874 214839969 1
4511874 214829280 0.5
4511874 214587317 0.5
4511874 214602598 0.5
4511874 214839975 0.5
6436423 214848656 1
6436423 214845131 1
6436423 214848328 1
6436423 214849070 0.5
264173 214826702 1
264173 214821277 1
264173 214821292 1
264173 214538484 0.5
264173 214826799 0.5
6109876 214846318 1
6109876 214849001 1
6109876 214846312 1
6109876 214844400 0.5
2852369 214835132 1
2852369 214587697 1
2852369 214835019 1
2852369 214835745 0.5
2852369 214676962 0.5
2852369 214553732 0.5
2852369 214826565 0.5
2852369 214668590 0.5
2852369 214832017 0.5
2852369 214587384 0.5
2852369 214821022 0.5
8487924 214844400 1
8487924 214851122 1
8487924 214845583 1
8487924 214543922 0.5
2278932 214551607 1
2278932 214844394 1
2278932 214844439 1
2278932 214533022 0.5
11503127 214819393 1
11503127 214846117 1
11503127 214678387 1
11503127 214853169 0.5
11503127 214557322 0.5
11503127 214851742 0.5
11503127 214846318 0.5
11503127 214668249 0.5
8119839 214851161 1
8119839 214716671 1
8119839 214716714 1
8119839 214851080 0.5
8119839 214685049 0.5
8119839 214662763 0.5
8119839 214717007 0.5
4959776 214838094 1
4959776 214641967 1
4959776 214709814 1
4959776 214826818 0.5
4959776 214840082 0.5
4959776 214820398 0.5
9950811 214567329 1
9950811 214853846 1
9950811 214854159 1
9950811 214853848 0.5
9950811 214853210 0.5
9950811 214832147 0.5
9950811 214853132 0.5
6407716 214842482 1
6407716 214829672 1
6407716 214842553 1
6407716 214836067 0.5
6407716 214836069 0.5
9506341 214853420 1
9506341 214853317 1
9506341 214853428 1
9506341 214700000 0.5
9506341 214712235 0.5
9506341 214853422 0.5
9506341 214680371 0.5
9506341 214835126 0.5
9506341 214831955 0.5
9506341 214853340 0.5
7207857 214684715 1
7207857 214850366 1
7207857 214744258 1
7207857 214850310 0.5
10073598 214850790 1
10073598 214853865 1
10073598 214853715 1
10073598 214557223 0.5
10073598 214853135 0.5
10073598 214854165 0.5
10073598 214848375 0.5
10073598 214839962 0.5
10073598 214854172 0.5
9879088 214854358 1
9879088 214567215 1
9879088 214854264 1
9879088 214567329 0.5
9879088 214854268 0.5
9879088 214853726 0.5
9879088 214853855 0.5
7300019 214844347 1
7300019 214848337 1
7300019 214587317 1
7300019 214849312 0.5
7300019 214839587 0.5
7300019 214846117 0.5
7300019 214645987 0.5
7300019 214677615 0.5
7300019 214846067 0.5
7300019 214706102 0.5
7300019 214821017 0.5
7300019 214829852 0.5
7300019 214553587 0.5
10937909 214853083 1
10937909 214853079 1
10937909 214854720 1
10937909 214854722 0.5
10937909 214854731 0.5
10937909 214851757 0.5
10937909 214853081 0.5
10937909 214854716 0.5
10937909 214854718 0.5
6614582 214849230 1
6614582 214667857 1
6614582 214667859 1
6614582 214848658 0.5
8769801 214716654 1
8769801 214685049 1
8769801 214711247 1
8769801 214851080 0.5
8769801 214854440 0.5
8769801 214714794 0.5
8769801 214716714 0.5
8769801 214851161 0.5
9207353 214853722 1
9207353 214853730 1
9207353 214853709 1
9207353 214853713 0.5
9207353 214853698 0.5
9207353 214678526 0.5
9207353 214849327 0.5
8490554 214850741 1
8490554 214849322 1
8490554 214850792 1
8490554 214853227 0.5
8490554 214850790 0.5
8490554 214716937 0.5
8490554 214853162 0.5
8490554 214743339 0.5
8490554 214716977 0.5
8490554 214849395 0.5
8490554 214851317 0.5
7591444 214855183 1
7591444 214716984 1
7591444 214832657 1
7591444 214612704 0.5
7591444 214695407 0.5
7591444 214855185 0.5
7591444 214554358 0.5
7591444 214716986 0.5
7591444 214533022 0.5
6506979 214677733 1
6506979 214845422 1
6506979 214846254 1
6506979 214850280 0.5
11377589 214832604 1
11377589 214821313 1
11377589 214832655 1
11377589 214844454 0.5
1787488 214834877 1
1787488 214834880 1
1787488 214829366 1
1787488 214826610 0.5
4945846 214710152 1
4945846 214748310 1
4945846 214829882 1
4945846 214845577 0.5
7804493 214846404 1
7804493 214850936 1
7804493 214716645 1
7804493 214642100 0.5
7804493 214850743 0.5
1726669 214833755 1
1726669 214834877 1
1726669 214827000 1
1726669 214834880 0.5
1726669 214676962 0.5
1726669 214819562 0.5
1726669 214753515 0.5
1726669 214819762 0.5
1726669 214819760 0.5
1726669 214569714 0.5
1726669 214826837 0.5
1726669 214586743 0.5
1726669 214826621 0.5
1726669 214821022 0.5
6958678 214849314 1
6958678 214849284 1
6958678 214849331 1
6958678 214848954 0.5
6958678 214849333 0.5
4376713 214845131 1
4376713 214839975 1
4376713 214602598 1
4376713 214821401 0.5
4376713 214839973 0.5
9378343 214853420 1
9378343 214850942 1
9378343 214853340 1
9378343 214853422 0.5
4179549 214840235 1
4179549 214836947 1
4179549 214645582 1
4179549 214551776 0.5
4179549 214551780 0.5
4179549 214668590 0.5
4179549 214645584 0.5
4179549 214587384 0.5
4179549 214612760 0.5
11023967 214712242 1
11023967 214854699 1
11023967 214849048 1
11023967 214712244 0.5
11023967 214854682 0.5
11023967 214849100 0.5
11023967 214849052 0.5
7954021 214850936 1
7954021 214850743 1
7954021 214850771 1
7954021 214850694 0.5
2836507 214831948 1
2836507 214829880 1
2836507 214836519 1
2836507 214831946 0.5
5572203 214845917 1
5572203 214845131 1
5572203 214748336 1
5572203 214836330 0.5
5572203 214846061 0.5
5572203 214845887 0.5
5717612 214845583 1
5717612 214586443 1
5717612 214836328 1
5717612 214845585 0.5
5717612 214602729 0.5
5717612 214602735 0.5
10546797 214854575 1
10546797 214854080 1
10546797 214854330 1
10546797 214854296 0.5
10546797 214854221 0.5
10546797 214853094 0.5
6088637 214846417 1
6088637 214846029 1
6088637 214846001 1
6088637 214563337 0.5
6088637 214848682 0.5
6088637 214845583 0.5
6088637 214848176 0.5
6088637 214836853 0.5
6088637 214849001 0.5
6088637 214846479 0.5
8151001 214851232 1
8151001 214851290 1
8151001 214564380 1
8151001 214552522 0.5
8151001 214851101 0.5
7586067 214832747 1
7586067 214836932 1
7586067 214849012 1
7586067 214849320 0.5
7586067 214676019 0.5
7586067 214829366 0.5
7586067 214849318 0.5
3057269 214835745 1
3057269 214835019 1
3057269 214846271 1
3057269 214835122 0.5
3057269 214832115 0.5
3057269 214832126 0.5
2909817 214602600 1
2909817 214826822 1
2909817 214746365 1
2909817 214642153 0.5
6817402 214848954 1
6817402 214848945 1
6817402 214849331 1
6817402 214848658 0.5
6817402 214849020 0.5
6817402 214849022 0.5
6817402 214849046 0.5
10345407 214853094 1
10345407 214854527 1
10345407 214854298 1
10345407 214853090 0.5
10345407 214686879 0.5
11504234 214851326 1
11504234 214857570 1
11504234 214857568 1
11504234 214853090 0.5
11504234 214854731 0.5
11504234 214854332 0.5
2551422 214717048 1
2551422 214829394 1
2551422 214686082 1
2551422 214831955 0.5
11284099 214829042 1
11284099 214854264 1
11284099 214854517 1
11284099 214567329 0.5
11284099 214850730 0.5
11284099 214853709 0.5
11284099 214706102 0.5
5160581 214838094 1
5160581 214836956 1
5160581 214837286 1
5160581 214837280 0.5
5160581 214838092 0.5
5161991 214832154 1
5161991 214829882 1
5161991 214844405 1
5161991 214838094 0.5
2450461 214831946 1
2450461 214829887 1
2450461 214829880 1
2450461 214829090 0.5
9152144 214853242 1
9152144 214853210 1
9152144 214853132 1
9152144 214853225 0.5
7730843 214850771 1
7730843 214850700 1
7730843 214850760 1
7730843 214850743 0.5
8857253 214853135 1
8857253 214851131 1
8857253 214851748 1
8857253 214853184 0.5
8857253 214851163 0.5
8857253 214853195 0.5
8857253 214716746 0.5
8857253 214853227 0.5
8857253 214851165 0.5
8857253 214851317 0.5
8857253 214556057 0.5
8857253 214853210 0.5
8857253 214851579 0.5
8857253 214716714 0.5
8857253 214716671 0.5
3600039 214820452 1
3600039 214835167 1
3600039 214835109 1
3600039 214838105 0.5
3600039 214838227 0.5
3600039 214746382 0.5
8312491 214850619 1
8312491 214850938 1
8312491 214564387 1
8312491 214850848 0.5
9422508 214853722 1
9422508 214853700 1
9422508 214851281 1
9422508 214853713 0.5
10233458 214687475 1
10233458 214854583 1
10233458 214687845 1
10233458 214687685 0.5
10233458 214846389 0.5
10233458 214836830 0.5
10233458 214846391 0.5
4665006 214829310 1
4665006 214829100 1
4665006 214839598 1
4665006 214835015 0.5
10061488 214853992 1
10061488 214853865 1
10061488 214853700 1
10061488 214853996 0.5
848373 214800262 1
848373 214717562 1
848373 214748336 1
848373 214674401 0.5
848373 214743335 0.5
848373 214819721 0.5
848373 214684843 0.5
848373 214748334 0.5
848373 214819760 0.5
848373 214718385 0.5
848373 214819762 0.5
848373 214706102 0.5
848373 214563337 0.5
848373 214743369 0.5
3800762 214838227 1
3800762 214836932 1
3800762 214826990 1
3800762 214829850 0.5
3800762 214836926 0.5
9596603 214853379 1
9596603 214853420 1
9596603 214853347 1
9596603 214850947 0.5
9596603 214853428 0.5
5439166 214845583 1
5439166 214845412 1
5439166 214845587 1
5439166 214838225 0.5
5439166 214832150 0.5
5439166 214845585 0.5
5581088 214846031 1
5581088 214846014 1
5581088 214844400 1
5581088 214844372 0.5
5581088 214836506 0.5
5581088 214844396 0.5
10045127 214853865 1
10045127 214854165 1
10045127 214854146 1
10045127 214850760 0.5
10045127 214853413 0.5
10045127 214698446 0.5
10211017 214849070 1
10211017 214711295 1
10211017 214846014 1
10211017 214850945 0.5
10211017 214850949 0.5
10211017 214684710 0.5
10211017 214819400 0.5
10211017 214850285 0.5
10211017 214673295 0.5
10211017 214846031 0.5
2441847 214829878 1
2441847 214829887 1
2441847 214831948 1
2441847 214829657 0.5
2441847 214831931 0.5
11118286 214854785 1
11118286 214853100 1
11118286 214853081 1
11118286 214819691 0.5
11118286 214853156 0.5
11118286 214854838 0.5
11118286 214853102 0.5
2807672 214835747 1
2807672 214826589 1
2807672 214835017 1
2807672 214826565 0.5
8816338 214853094 1
8816338 214853248 1
8816338 214853085 1
8816338 214852978 0.5
6049499 214684702 1
6049499 214850880 1
6049499 214845960 1
6049499 214850872 0.5
6049499 214846475 0.5
5865082 214846067 1
5865082 214846033 1
5865082 214846029 1
5865082 214846061 0.5
5865082 214846127 0.5
7898857 214848309 1
7898857 214846031 1
7898857 214845579 1
7898857 214850282 0.5
7898857 214850285 0.5
7898857 214826835 0.5
7898857 214718398 0.5
7898857 214829880 0.5
7898857 214838107 0.5
7898857 214684734 0.5
7478528 214850771 1
7478528 214850936 1
7478528 214850700 1
7478528 214564382 0.5
7478528 214648252 0.5
7478528 214850621 0.5
7478528 214821022 0.5
7478528 214675895 0.5
11167471 214853767 1
11167471 214864880 1
11167471 214853102 1
11167471 214848658 0.5
11167471 214854819 0.5
11167471 214854517 0.5
10913542 214853072 1
10913542 214835117 1
10913542 214851757 1
10913542 214854720 0.5
10913542 214854731 0.5
10913542 214854774 0.5
8754933 214853128 1
8754933 214851742 1
8754933 214678376 1
8754933 214848302 0.5
10282746 214854538 1
10282746 214853233 1
10282746 214567327 1
10282746 214853184 0.5
10282746 214854146 0.5
10282746 214567333 0.5
3777151 214718255 1
3777151 214838137 1
3777151 214836926 1
3777151 214819400 0.5
3777151 214831946 0.5
3777151 214831948 0.5
3777151 214673295 0.5
503548 214613743 1
503548 214711297 1
503548 214827013 1
503548 214826619 0.5
1758978 214821332 1
1758978 214834877 1
1758978 214826610 1
1758978 214743497 0.5
1758978 214821407 0.5
1758978 214601233 0.5
8453892 214850936 1
8453892 214850741 1
8453892 214850621 1
8453892 214564382 0.5
10428166 214829878 1
10428166 214839596 1
10428166 214853420 1
10428166 214853730 0.5
10428166 214854060 0.5
10428166 214854118 0.5
10428166 214853767 0.5
7228727 214743823 1
7228727 214744235 1
7228727 214744063 1
7228727 214744237 0.5
7228727 214749982 0.5
5437741 214516740 1
5437741 214573001 1
5437741 214839718 1
5437741 214831946 0.5
188176 214821277 1
188176 214826705 1
188176 214826608 1
188176 214826799 0.5
2594577 214748338 1
2594577 214573310 1
2594577 214826561 1
2594577 214821032 0.5
2594577 214829666 0.5
2594577 214821397 0.5
1858179 214829366 1
1858179 214716110 1
1858179 214744775 1
1858179 214587712 0.5
1858179 214829321 0.5
1858179 214707883 0.5
1858179 214832559 0.5
1858179 214819378 0.5
1858179 214676019 0.5
1858179 214717847 0.5
4577044 214691428 1
4577044 214845131 1
4577044 214834877 1
4577044 214839960 0.5
8747993 214846119 1
8747993 214849010 1
8747993 214845962 1
8747993 214845939 0.5
5224218 214844396 1
5224218 214844345 1
5224218 214711348 1
5224218 214680720 0.5
5224218 214844400 0.5
5224218 214836956 0.5
5224218 214819468 0.5
5224218 214844398 0.5
5224218 214748336 0.5
5224218 214835473 0.5
5224218 214710101 0.5
5224218 214832150 0.5
5224218 214680718 0.5
5224218 214585616 0.5
5224218 214845806 0.5
5224218 214834877 0.5
2422557 214829878 1
2422557 214831948 1
2422557 214829882 1
2422557 214831946 0.5
2422557 214829885 0.5
323363 214826891 1
323363 214826955 1
323363 214826715 1
323363 214819530 0.5
323363 214826627 0.5
323363 214639468 0.5
4708133 214831970 1
4708133 214718216 1
4708133 214839937 1
4708133 214838109 0.5
4708133 214839973 0.5
6063911 214846535 1
6063911 214848656 1
6063911 214508304 1
6063911 214571188 0.5
6063911 214846127 0.5
10151721 214853707 1
10151721 214853767 1
10151721 214853713 1
10151721 214853698 0.5
10151721 214853700 0.5
10151721 214853722 0.5
9552632 214853702 1
9552632 214851581 1
9552632 214853700 1
9552632 214800262 0.5
9552632 214853767 0.5
9552632 214853420 0.5
9552632 214853709 0.5
9552632 214853713 0.5
9552632 214853430 0.5
9552632 214714779 0.5
9552632 214717247 0.5
6534962 214848337 1
6534962 214848380 1
6534962 214849012 1
6534962 214848377 0.5
6534962 214839971 0.5
6534962 214844372 0.5
6534962 214848622 0.5
6534962 214706147 0.5
11074827 214854840 1
11074827 214853102 1
11074827 214854785 1
11074827 214848808 0.5
11074827 214716671 0.5
643039 214753507 1
643039 214684046 1
643039 214748338 1
643039 214837485 0.5
7950144 214850938 1
7950144 214564387 1
7950144 214850940 1
7950144 214850936 0.5
7950144 214850411 0.5
7950144 214849395 0.5
3858093 214551930 1
3858093 214551917 1
3858093 214551902 1
3858093 214551924 0.5
9731906 214853420 1
9731906 214850945 1
9731906 214673295 1
9731906 214850304 0.5
9731906 214684736 0.5
9731906 214684710 0.5
9731906 214831946 0.5
9731906 214846029 0.5
9731906 214851152 0.5
9731906 214826835 0.5
9731906 214829880 0.5
9731906 214684730 0.5
9731906 214850282 0.5
3071969 214835019 1
3071969 214835017 1
3071969 214837918 1
3071969 214609325 0.5
10511303 214854853 1
10511303 214864880 1
10511303 214854352 1
10511303 214853700 0.5
10511303 214854536 0.5
10511303 214854547 0.5
10511303 214829878 0.5
10511303 214846012 0.5
10511303 214850942 0.5
9459462 214854632 1
9459462 214832655 1
9459462 214832657 1
9459462 214717007 0.5
2942801 214836515 1
2942801 214826587 1
2942801 214836517 1
2942801 214532107 0.5
2942801 214554371 0.5
10260307 214853767 1
10260307 214844400 1
10260307 214853147 1
10260307 214853722 0.5
10260307 214854075 0.5
10260307 214844396 0.5
10260307 214853702 0.5
10260307 214854335 0.5
10362726 214851292 1
10362726 214851577 1
10362726 214849344 1
10362726 214848384 0.5
10362726 214850771 0.5
10362726 214851315 0.5
2459497 214826587 1
2459497 214826977 1
2459497 214829852 1
2459497 214834880 0.5
2459497 214725532 0.5
4704106 214845131 1
4704106 214839967 1
4704106 214556212 1
4704106 214819430 0.5
4704106 214839975 0.5
4704106 214561674 0.5
4704106 214839600 0.5
4704106 214832147 0.5
4704106 214587317 0.5
4704106 214829878 0.5
4704106 214845435 0.5
4704106 214839965 0.5
4704106 214716671 0.5
4298604 214718207 1
4298604 214826990 1
4298604 214829797 1
4298604 214820400 0.5
4298604 214819760 0.5
3333997 214672944 1
3333997 214836877 1
3333997 214836530 1
3333997 214541355 0.5
9123697 214850771 1
9123697 214561477 1
9123697 214642100 1
9123697 214821024 0.5
9123697 214650594 0.5
9123697 214561475 0.5
9123697 214707879 0.5
9123697 214561485 0.5
9123697 214561494 0.5
9123697 214850743 0.5
9123697 214718169 0.5
9123697 214561468 0.5
9123697 214821022 0.5
9123697 214606783 0.5
10766197 214854536 1
10766197 214853244 1
10766197 214853113 1
10766197 214854545 0.5
10766197 214854354 0.5
10766197 214854549 0.5
9650038 214853715 1
9650038 214853338 1
9650038 214850947 1
9650038 214718220 0.5
9650038 214854118 0.5
1013627 214826932 1
1013627 214840417 1
1013627 214839600 1
1013627 214829280 0.5
1013627 214586694 0.5
1013627 214642031 0.5
1013627 214718385 0.5
1013627 214828985 0.5
1013627 214717850 0.5
5453694 214819586 1
5453694 214845971 1
5453694 214846117 1
5453694 214709702 0.5
10332042 214853700 1
10332042 214595139 1
10332042 214853413 1
10332042 214829730 0.5
5171083 214829878 1
5171083 214829760 1
5171083 214716639 1
5171083 214838105 0.5
5171083 214838107 0.5
5171083 214839965 0.5
3737484 214595150 1
3737484 214829771 1
3737484 214582350 1
3737484 214829769 0.5
3737484 214836795 0.5
3737484 214613741 0.5
3737484 214836870 0.5
147343 214840415 1
147343 214716939 1
147343 214840417 1
147343 214717007 0.5
147343 214717003 0.5
147343 214832655 0.5
10100036 214854268 1
10100036 214854264 1
10100036 214854536 1
10100036 214854176 0.5
10100036 214567329 0.5
10100036 214854148 0.5
10100036 214853413 0.5
10100036 214684785 0.5
10100036 214584047 0.5
10100036 214854577 0.5
10100036 214854354 0.5
10100036 214854358 0.5
10100036 214567215 0.5
10100036 214853852 0.5
4763546 214836512 1
4763546 214831970 1
4763546 214718216 1
4763546 214839939 0.5
6757359 214848947 1
6757359 214848941 1
6757359 214849097 1
6757359 214849100 0.5
3932062 214836932 1
3932062 214826990 1
3932062 214836947 1
3932062 214835109 0.5
4971117 214845131 1
4971117 214748336 1
4971117 214743495 1
4971117 214745315 0.5
4971117 214745317 0.5
4971117 214819721 0.5
4971117 214602733 0.5
4971117 214839600 0.5
4971117 214826998 0.5
4971117 214828985 0.5
4971117 214821401 0.5
7313312 214850366 1
7313312 214850304 1
7313312 214684715 1
7313312 214850282 0.5
8235642 214684333 1
8235642 214851150 1
8235642 214684166 1
8235642 214543592 0.5
8235642 214552097 0.5
9582502 214853767 1
9582502 214853698 1
9582502 214853709 1
9582502 214854152 0.5
9582502 214717867 0.5
9582502 214853700 0.5
7595943 214850287 1
7595943 214850315 1
7595943 214850368 1
7595943 214850366 0.5
10877596 214854716 1
10877596 214853079 1
10877596 214853083 1
10877596 214854722 0.5
8918954 214853094 1
8918954 214853085 1
8918954 214851759 1
8918954 214574672 0.5
8918954 214552522 0.5
8918954 214585644 0.5
2834347 214717507 1
2834347 214831950 1
2834347 214829885 1
2834347 214514265 0.5
2834347 214819627 0.5
2834347 214711438 0.5
2834347 214514291 0.5
5021613 214826833 1
5021613 214837286 1
5021613 214837280 1
5021613 214844332 0.5
5590961 214835167 1
5590961 214829765 1
5590961 214712126 1
5590961 214558258 0.5
8592442 214851238 1
8592442 214851287 1
8592442 214851017 1
8592442 214851071 0.5
1478302 214821412 1
1478302 214821410 1
1478302 214834877 1
1478302 214834880 0.5
1478302 214582948 0.5
1478302 214711657 0.5
1478302 214829387 0.5
1478302 214556942 0.5
1478302 214601233 0.5
1478302 214555262 0.5
2785209 214835132 1
2785209 214834867 1
2785209 214835019 1
2785209 214835017 0.5
2785209 214835747 0.5
2785209 214609325 0.5
11038651 214854720 1
11038651 214854722 1
11038651 214854716 1
11038651 214853081 0.5
11038651 214830939 0.5
11038651 214853079 0.5
9666492 214711307 1
9666492 214853420 1
9666492 214853422 1
9666492 214676306 0.5
9666492 214851750 0.5
8101502 214851122 1
8101502 214579875 1
8101502 214851581 1
8101502 214851097 0.5
8101502 214743339 0.5
8101502 214851236 0.5
4815862 214839590 1
4815862 214845129 1
4815862 214836883 1
4815862 214831944 0.5
1454022 214834877 1
1454022 214826589 1
1454022 214833755 1
1454022 214821410 0.5
1775062 214829327 1
1775062 214829032 1
1775062 214829038 1
1775062 214829006 0.5
8261579 214851080 1
8261579 214851161 1
8261579 214685049 1
8261579 214716654 0.5
8261579 214716671 0.5
6504396 214848847 1
6504396 214848600 1
6504396 214839596 1
6504396 214848682 0.5
6504396 214848971 0.5
6504396 214844396 0.5
6504396 214846415 0.5
6504396 214848688 0.5
6504396 214848178 0.5
6504396 214667859 0.5
6504396 214848956 0.5
6504396 214848607 0.5
7719948 214850711 1
7719948 214850765 1
7719948 214850771 1
7719948 214850713 0.5
7719948 214716645 0.5
1423311 214834880 1
1423311 214834877 1
1423311 214826610 1
1423311 214828970 0.5
1423311 214833755 0.5
1423311 214826589 0.5
823248 214540125 1
823248 214821401 1
823248 214712235 1
823248 214826872 0.5
823248 214820402 0.5
823248 214826876 0.5
823248 214602605 0.5
823248 214540055 0.5
9721809 214846117 1
9721809 214853169 1
9721809 214853111 1
9721809 214553257 0.5
9721809 214819586 0.5
9721809 214853165 0.5
9721809 214853087 0.5
2236373 214831948 1
2236373 214821322 1
2236373 214821326 1
2236373 214821324 0.5
452567 214821020 1
452567 214819547 1
452567 214829282 1
452567 214667912 0.5
452567 214826702 0.5
8376282 214716671 1
8376282 214851575 1
8376282 214851161 1
8376282 214851587 0.5
8376282 214848613 0.5
8376282 214851080 0.5
8376282 214716746 0.5
8376282 214552142 0.5
8376282 214571188 0.5
8376282 214556055 0.5
8376282 214685049 0.5
4984796 214819524 1
4984796 214839954 1
4984796 214716639 1
4984796 214829760 0.5
4984796 214651785 0.5
8021981 214677615 1
8021981 214691683 1
8021981 214851122 1
8021981 214840661 0.5
8021981 214717247 0.5
6912336 214829317 1
6912336 214853754 1
6912336 214839752 1
6912336 214826822 0.5
6514658 214834867 1
6514658 214711307 1
6514658 214819397 1
6514658 214846530 0.5
6514658 214829765 0.5
6514658 214580171 0.5
6514658 214609325 0.5
6514658 214848622 0.5
6514658 214848975 0.5
6514658 214554707 0.5
6514658 214538484 0.5
6514658 214538582 0.5
6514658 214829882 0.5
6514658 214829790 0.5
9816038 214854264 1
9816038 214684785 1
9816038 214854262 1
9816038 214567329 0.5
9816038 214854549 0.5
9816038 214854358 0.5
9816038 214853925 0.5
2205676 214834869 1
2205676 214821317 1
2205676 214826812 1
2205676 214834880 0.5
2205676 214829366 0.5
2205676 214828959 0.5
10087762 214853730 1
10087762 214853707 1
10087762 214853698 1
10087762 214850743 0.5
7968753 214851236 1
7968753 214851099 1
7968753 214851313 1
7968753 214851581 0.5
7968753 214748334 0.5
5448762 214826949 1
5448762 214691332 1
5448762 214845590 1
5448762 214835064 0.5
131063 214821290 1
131063 214717562 1
131063 214819562 1
131063 214554272 0.5
131063 214716902 0.5
131063 214687852 0.5
131063 214748336 0.5
131063 214826615 0.5
131063 214826619 0.5
4031487 214826945 1
4031487 214839592 1
4031487 214839932 1
4031487 214820392 0.5
4031487 214838105 0.5
4031487 214839965 0.5
4031487 214831942 0.5
4031487 214826942 0.5
8245247 214853096 1
8245247 214853105 1
8245247 214853085 1
8245247 214853248 0.5
8245247 214853094 0.5
