11236507 214854332 1
11236507 214855209 1
11236507 214687845 1
11236507 214848757 0.5
10654379 214567215 1
10654379 214567329 1
10654379 214854549 1
10654379 214829090 0.5
10654379 214854536 0.5
10654379 214849807 0.5
10654379 214854545 0.5
10654379 214854264 0.5
10654379 214854174 0.5
6653956 214849020 1
6653956 214848954 1
6653956 214848952 1
6653956 214848945 0.5
6653956 214849022 0.5
3692549 214836932 1
3692549 214826990 1
3692549 214835109 1
3692549 214838227 0.5
2127881 214551894 1
2127881 214573170 1
2127881 214600470 1
2127881 214569714 0.5
2127881 214564687 0.5
2127881 214556218 0.5
2127881 214551926 0.5
2127881 214695399 0.5
4806667 214601233 1
4806667 214838137 1
4806667 214838227 1
4806667 214553561 0.5
4806667 214707875 0.5
4419759 214602598 1
4419759 214836855 1
4419759 214839962 1
4419759 214845131 0.5
4419759 214829775 0.5
585744 214827000 1
585744 214826925 1
585744 214714794 1
585744 214826912 0.5
585744 214558192 0.5
585744 214827005 0.5
6051859 214845962 1
6051859 214845971 1
6051859 214846318 1
6051859 214676377 0.5
6051859 214846119 0.5
8216239 214716671 1
8216239 214851163 1
8216239 214851592 1
8216239 214851579 0.5
8853533 214853077 1
8853533 214853094 1
8853533 214852980 1
8853533 214853085 0.5
2963486 214716671 1
2963486 214716714 1
2963486 214847276 1
2963486 214553533 0.5
2365473 214829880 1
2365473 214829882 1
2365473 214821332 1
2365473 214819490 0.5
247842 214716986 1
247842 214832655 1
247842 214716941 1
247842 214716930 0.5
247842 214832653 0.5
247842 214716935 0.5
3700401 214820263 1
3700401 214829325 1
3700401 214820259 1
3700401 214836761 0.5
6735913 214848380 1
6735913 214848596 1
6735913 214848384 1
6735913 214848337 0.5
6735913 214848410 0.5
6735913 214835109 0.5
6735913 214826990 0.5
6735913 214848377 0.5
10094523 214853730 1
10094523 214853767 1
10094523 214853713 1
10094523 214853707 0.5
9412657 214853420 1
9412657 214846432 1
9412657 214850945 1
9412657 214849764 0.5
10087774 214853700 1
10087774 214853698 1
10087774 214854118 1
10087774 214835747 0.5
10087774 214839973 0.5
10087774 214853702 0.5
10087774 214853767 0.5
10087774 214835019 0.5
10087774 214854060 0.5
10087774 214854125 0.5
10087774 214845457 0.5
10087774 214826610 0.5
10087774 214583670 0.5
10087774 214848695 0.5
10087774 214853722 0.5
10087774 214714779 0.5
10087774 214853413 0.5
9007161 214853130 1
9007161 214851742 1
9007161 214845962 1
9007161 214819393 0.5
9007161 214848926 0.5
2063682 214675880 1
2063682 214716945 1
2063682 214716977 1
2063682 214537775 0.5
6343479 214845131 1
6343479 214819430 1
6343479 214848851 1
6343479 214586694 0.5
6343479 214717286 0.5
6343479 214849001 0.5
6343479 214848682 0.5
6343479 214839600 0.5
6343479 214839973 0.5
6343479 214845435 0.5
6343479 214845887 0.5
4587584 214831970 1
4587584 214839356 1
4587584 214836512 1
4587584 214827015 0.5
11042881 214857562 1
11042881 214857570 1
11042881 214857568 1
11042881 214857262 0.5
9044034 214853077 1
9044034 214852980 1
9044034 214852978 1
9044034 214853248 0.5
11302979 214857562 1
11302979 214857568 1
11302979 214857810 1
11302979 214857570 0.5
10598471 214567327 1
10598471 214854797 1
10598471 214854840 1
10598471 214853732 0.5
10598471 214567333 0.5
10598471 214854860 0.5
10598471 214854510 0.5
10598471 214854800 0.5
10598471 214684785 0.5
10598471 214854547 0.5
10598471 214854262 0.5
10598471 214684762 0.5
10598471 214853724 0.5
10598471 214853722 0.5
10598471 214853726 0.5
11018253 214835000 1
11018253 214705747 1
11018253 214837873 1
11018253 214849468 0.5
11018253 214709685 0.5
11018253 214855151 0.5
4765778 214839973 1
4765778 214839971 1
4765778 214700000 1
4765778 214832147 0.5
4765778 214544357 0.5
4765778 214602605 0.5
6432852 214848337 1
6432852 214848377 1
6432852 214844345 1
6432852 214573288 0.5
6432852 214667857 0.5
6432852 214849331 0.5
6432852 214553844 0.5
6432852 214849239 0.5
6432852 214561402 0.5
6432852 214834877 0.5
1923157 214820392 1
1923157 214843903 1
1923157 214843905 1
1923157 214842435 0.5
1923157 214843916 0.5
2530197 214829878 1
2530197 214673295 1
2530197 214831946 1
2530197 214717511 0.5
10512473 214854358 1
10512473 214853925 1
10512473 214567327 1
10512473 214854532 0.5
10512473 214854549 0.5
10512473 214854510 0.5
10203226 214854510 1
10203226 214854262 1
10203226 214684785 1
10203226 214854300 0.5
10203226 214567333 0.5
10203226 214567327 0.5
528479 214828987 1
528479 214826912 1
528479 214826617 1
528479 214558192 0.5
528479 214558080 0.5
5374048 214835428 1
5374048 214835426 1
5374048 214835473 1
5374048 214826949 0.5
7032848 214632146 1
7032848 214850291 1
7032848 214850282 1
7032848 214668667 0.5
9259106 214774685 1
9259106 214853255 1
9259106 214574777 1
9259106 214700992 0.5
9259106 214700990 0.5
9259106 214829822 0.5
6301796 214848692 1
6301796 214848330 1
6301796 214680371 1
6301796 214712235 0.5
6301796 214835126 0.5
2871397 214835019 1
2871397 214835747 1
2871397 214587697 1
2871397 214835017 0.5
9797734 214854146 1
9797734 214853992 1
9797734 214853767 1
9797734 214854165 0.5
4166673 214839973 1
4166673 214839587 1
4166673 214834877 1
4166673 214820400 0.5
4166673 214835745 0.5
4166673 214839971 0.5
4166673 214600492 0.5
4166673 214744535 0.5
7211112 214849331 1
7211112 214848337 1
7211112 214851032 1
7211112 214685857 0.5
7211112 214552522 0.5
9091772 214853105 1
9091772 214853248 1
9091772 214853085 1
9091772 214853090 0.5
9091772 214851326 0.5
9091772 214853094 0.5
9091772 214548103 0.5
8155243 214564380 1
8155243 214851101 1
8155243 214851290 1
8155243 214851585 0.5
8155243 214552522 0.5
5863532 214846412 1
5863532 214846427 1
5863532 214846479 1
5863532 214561402 0.5
5863532 214711348 0.5
5863532 214848950 0.5
5863532 214849070 0.5
5863532 214848967 0.5
6916336 214832604 1
6916336 214684942 1
6916336 214676075 1
6916336 214848832 0.5
6916336 214848808 0.5
6916336 214714794 0.5
2494736 214829882 1
2494736 214826977 1
2494736 214600492 1
2494736 214835745 0.5
2494736 214819430 0.5
2494736 214832780 0.5
2494736 214609325 0.5
2494736 214819760 0.5
2494736 214819762 0.5
2494736 214834867 0.5
2494736 214835124 0.5
2494736 214829885 0.5
6025327 214850872 1
6025327 214559726 1
6025327 214846380 1
6025327 214838831 0.5
4706419 214838102 1
4706419 214826942 1
4706419 214714757 1
4706419 214838098 0.5
4706419 214839356 0.5
4706419 214839973 0.5
5165172 214845131 1
5165172 214839969 1
5165172 214602733 1
5165172 214748336 0.5
5165172 214839971 0.5
5165172 214839973 0.5
5165172 214839975 0.5
5165172 214836330 0.5
5165172 214839600 0.5
5165172 214829850 0.5
11452536 214849314 1
11452536 214853147 1
11452536 214706428 1
11452536 214696897 0.5
11452536 214853154 0.5
11452536 214850947 0.5
11452536 214853381 0.5
11452536 214708029 0.5
11452536 214573258 0.5
11452536 214854731 0.5
11452536 214857260 0.5
11452536 214849230 0.5
11452536 214853711 0.5
11452536 214574672 0.5
11452536 214854770 0.5
11452536 214835064 0.5
11452536 214684730 0.5
11452536 214847261 0.5
11452536 214854782 0.5
10401914 214853698 1
10401914 214853767 1
10401914 214854060 1
10401914 214853730 0.5
10401914 214853702 0.5
9029756 214684734 1
9029756 214846031 1
9029756 214850947 1
9029756 214684736 0.5
9029756 214850949 0.5
9029756 214853454 0.5
9029756 214846033 0.5
9029756 214820184 0.5
9029756 214838105 0.5
9029756 214684730 0.5
9029756 214838107 0.5
9029756 214718398 0.5
9029756 214829887 0.5
10276991 214854517 1
10276991 214854538 1
10276991 214853700 1
10276991 214706102 0.5
10276991 214846007 0.5
7713472 214850870 1
7713472 214848165 1
7713472 214850405 1
7713472 214850855 0.5
7713472 214561775 0.5
7713472 214849363 0.5
7713472 214850743 0.5
7713472 214850936 0.5
7713472 214850938 0.5
7713472 214849395 0.5
2783362 214829878 1
2783362 214826985 1
2783362 214540127 1
2783362 214826983 0.5
9308294 214854148 1
9308294 214853435 1
9308294 214850790 1
9308294 214850792 0.5
9308294 214853848 0.5
9308294 214854172 0.5
9308294 214848165 0.5
6879369 214851032 1
6879369 214684717 1
6879369 214846072 1
6879369 214846112 0.5
6879369 214835137 0.5
6879369 214849736 0.5
6879369 214849738 0.5
6879369 214558258 0.5
6879369 214850364 0.5
6353037 214848656 1
6353037 214848958 1
6353037 214848330 1
6353037 214839975 0.5
6353037 214848328 0.5
6353037 214846415 0.5
6353037 214667857 0.5
6353037 214711348 0.5
6353037 214848377 0.5
2111632 214829882 1
2111632 214829878 1
2111632 214829887 1
2111632 214829880 0.5
2111632 214835087 0.5
9703574 214853683 1
9703574 214853690 1
9703574 214643036 1
9703574 214854163 0.5
5210263 214826833 1
5210263 214832010 1
5210263 214848174 1
5210263 214836536 0.5
5210263 214837280 0.5
9104068 214853090 1
9104068 214853094 1
9104068 214853105 1
9104068 214853096 0.5
9104068 214852978 0.5
9104068 214853085 0.5
6297761 214846312 1
6297761 214581611 1
6297761 214846318 1
6297761 214819393 0.5
6297761 214819427 0.5
6297761 214668249 0.5
2527394 214829878 1
2527394 214831948 1
2527394 214829882 1
2527394 214586432 0.5
2527394 214557009 0.5
2527394 214602740 0.5
2527394 214819719 0.5
11243683 214854853 1
11243683 214854795 1
11243683 214854797 1
11243683 214854800 0.5
11243683 214854787 0.5
11243683 214832015 0.5
4706468 214839960 1
4706468 214587317 1
4706468 214839962 1
4706468 214819760 0.5
4706468 214820402 0.5
4706468 214602598 0.5
4706468 214743495 0.5
7022758 214849734 1
7022758 214849762 1
7022758 214849777 1
7022758 214849760 0.5
7022758 214844372 0.5
7022758 214849740 0.5
7022758 214849391 0.5
11161767 214854532 1
11161767 214857570 1
11161767 214857562 1
11161767 214854152 0.5
11161767 214857262 0.5
11161767 214853135 0.5
11161767 214857810 0.5
11161767 214854581 0.5
11161767 214716667 0.5
8943787 214743515 1
8943787 214844462 1
8943787 214844394 1
8943787 214712237 0.5
8943787 214844439 0.5
8632494 214853128 1
8632494 214851742 1
8632494 214853165 1
8632494 214852985 0.5
8632494 214852987 0.5
8632494 214845135 0.5
860336 214839313 1
860336 214839997 1
860336 214840001 1
860336 214839999 0.5
703598 214826617 1
703598 214826615 1
703598 214826619 1
703598 214826621 0.5
4628658 214839977 1
4628658 214839956 1
4628658 214587317 1
4628658 214845131 0.5
4628658 214839973 0.5
4628658 214602598 0.5
4628658 214836519 0.5
4628658 214705659 0.5
4628658 214532107 0.5
4628658 214600492 0.5
4628658 214594678 0.5
4628658 214514640 0.5
4628658 214716069 0.5
4628658 214561477 0.5
4628658 214829797 0.5
4628658 214560615 0.5
4628658 214541525 0.5
4628658 214748310 0.5
4628658 214836855 0.5
4628658 214847000 0.5
4628658 214835167 0.5
4628658 214554973 0.5
4628658 214635493 0.5
10057911 214854268 1
10057911 214854510 1
10057911 214854264 1
10057911 214567329 0.5
10057911 214567215 0.5
11296271 214853102 1
11296271 214853100 1
11296271 214854785 1
11296271 214854840 0.5
11296271 214820190 0.5
2595001 214829878 1
2595001 214829887 1
2595001 214829882 1
2595001 214684734 0.5
2595001 214711087 0.5
3363002 214832126 1
3363002 214832128 1
3363002 214836851 1
3363002 214829368 0.5
3363002 214836795 0.5
3363002 214832124 0.5
3363002 214595150 0.5
3363002 214836527 0.5
10084539 214853713 1
10084539 214853702 1
10084539 214853698 1
10084539 214846530 0.5
10084539 214853700 0.5
10084539 214820402 0.5
10084539 214829799 0.5
4004554 214826990 1
4004554 214835109 1
4004554 214836932 1
4004554 214838227 0.5
9814208 214853852 1
9814208 214853994 1
9814208 214853846 1
9814208 214854148 0.5
3846176 214838227 1
3846176 214835167 1
3846176 214836924 1
3846176 214835109 0.5
10385603 214851161 1
10385603 214854330 1
10385603 214854519 1
10385603 214854352 0.5
10385603 214638474 0.5
9414292 214853422 1
9414292 214853454 1
9414292 214853420 1
9414292 214848185 0.5
5638341 214845917 1
5638341 214846447 1
5638341 214846121 1
5638341 214832145 0.5
5638341 214835019 0.5
9498826 214853722 1
9498826 214853698 1
9498826 214853700 1
9498826 214853420 0.5
9498826 214853767 0.5
6935586 214849076 1
6935586 214848692 1
6935586 214848688 1
6935586 214848971 0.5
6935586 214848605 0.5
6935586 214848615 0.5
4950222 214845380 1
4950222 214844413 1
4950222 214845435 1
4950222 214845806 0.5
5230802 214844398 1
5230802 214844372 1
5230802 214845583 1
5230802 214844396 0.5
5923193 214846475 1
5923193 214846417 1
5923193 214571904 1
5923193 214602802 0.5
7729373 214850936 1
7729373 214850938 1
7729373 214819577 1
7729373 214850940 0.5
1013983 214826563 1
1013983 214641962 1
1013983 214826921 1
1013983 214826610 0.5
7885027 214849136 1
7885027 214849194 1
7885027 214587317 1
7885027 214667970 0.5
7885027 214851011 0.5
7885027 214849738 0.5
7885027 214850850 0.5
7885027 214849102 0.5
7885027 214848688 0.5
7885027 214850936 0.5
7885027 214564382 0.5
7885027 214839967 0.5
1190117 214748302 1
1190117 214748300 1
1190117 214753507 1
1190117 214753513 0.5
6527206 214846125 1
6527206 214700992 1
6527206 214846389 1
6527206 214848317 0.5
6527206 214700990 0.5
6527206 214612695 0.5
10129646 214854165 1
10129646 214853992 1
10129646 214853702 1
10129646 214850760 0.5
4247027 214839587 1
4247027 214839639 1
4247027 214553700 1
4247027 214710152 0.5
4247027 214839592 0.5
4247027 214831970 0.5
4247027 214820402 0.5
4247027 214829797 0.5
5759216 214845984 1
5759216 214848185 1
5759216 214845131 1
5759216 214846007 0.5
909556 214826925 1
909556 214827005 1
909556 214714794 1
909556 214827000 0.5
909556 214834865 0.5
909556 214552933 0.5
909556 214556861 0.5
4554998 214684717 1
4554998 214838107 1
4554998 214711318 1
4554998 214711408 0.5
4554998 214826945 0.5
4554998 214684734 0.5
4554998 214718398 0.5
4554998 214829880 0.5
11122729 214853102 1
11122729 214854800 1
11122729 214712242 1
11122729 214854857 0.5
11122729 214848658 0.5
3369171 214587712 1
3369171 214835019 1
3369171 214835747 1
3369171 214836352 0.5
3369171 214577025 0.5
3369171 214602802 0.5
3369171 214834867 0.5
3369171 214553621 0.5
1378556 214537775 1
1378556 214828995 1
1378556 214748259 1
1378556 214556840 0.5
1378556 214840415 0.5
8744802 214853428 1
8744802 214853420 1
8744802 214850947 1
8744802 214853094 0.5
3225858 214559960 1
3225858 214836352 1
3225858 214836084 1
3225858 214555492 0.5
3225858 214557701 0.5
4965946 214633989 1
4965946 214826822 1
4965946 214714712 1
4965946 214642912 0.5
4965946 214644189 0.5
4965946 214839399 0.5
8538374 214853190 1
8538374 214851097 1
8538374 214820345 1
8538374 214850760 0.5
8538374 214743339 0.5
8538374 214583670 0.5
8538374 214586743 0.5
5915009 214509401 1
5915009 214829360 1
5915009 214706445 1
5915009 214846378 0.5
4755722 214587317 1
4755722 214845131 1
4755722 214840091 1
4755722 214835040 0.5
4755722 214844336 0.5
4755722 214602598 0.5
5779724 214845954 1
5779724 214845971 1
5779724 214846033 1
5779724 214676962 0.5
5779724 214831942 0.5
5779724 214711408 0.5
5779724 214826835 0.5
5779724 214846012 0.5
5779724 214826621 0.5
8620303 214849247 1
8620303 214848986 1
8620303 214835745 1
8620303 214850370 0.5
8620303 214839587 0.5
8620303 214853094 0.5
8620303 214743495 0.5
8620303 214577450 0.5
8620303 214846127 0.5
8620303 214574672 0.5
8620303 214706102 0.5
8620303 214717562 0.5
8620303 214714779 0.5
6967568 214845943 1
6967568 214667857 1
6967568 214849127 1
6967568 214834877 0.5
6967568 214849239 0.5
10072337 214854495 1
10072337 214853930 1
10072337 214854335 1
10072337 214684498 0.5
10072337 214853722 0.5
7477528 214844398 1
7477528 214846427 1
7477528 214844372 1
7477528 214844400 0.5
7477528 214846479 0.5
4561177 214836855 1
4561177 214829775 1
4561177 214829280 1
4561177 214838096 0.5
4561177 214821401 0.5
4561177 214650508 0.5
4561177 214586694 0.5
4561177 214826623 0.5
8005916 214851131 1
8005916 214716671 1
8005916 214851097 1
8005916 214851163 0.5
8005916 214851579 0.5
3631389 214829765 1
3631389 214835167 1
3631389 214836924 1
3631389 214829762 0.5
3631389 214836932 0.5
5734686 214848298 1
5734686 214845984 1
5734686 214846001 1
5734686 214845917 0.5
5734686 214845887 0.5
9744773 214850949 1
9744773 214853338 1
9744773 214853340 1
9744773 214850947 0.5
9744773 214853420 0.5
9744773 214853342 0.5
9744773 214850942 0.5
5099809 214837288 1
5099809 214835552 1
5099809 214836519 1
5099809 214837280 0.5
5099809 214709595 0.5
5099809 214554332 0.5
5099809 214586694 0.5
5099809 214819526 0.5
5099809 214829799 0.5
5099809 214838092 0.5
5099809 214819721 0.5
5099809 214746380 0.5
5099809 214844396 0.5
5099809 214838094 0.5
5099809 214748336 0.5
5099809 214826833 0.5
5099809 214531314 0.5
5099809 214845352 0.5
5099809 214826825 0.5
5099809 214836932 0.5
5099809 214844347 0.5
5099809 214832156 0.5
5099809 214836956 0.5
5099809 214844319 0.5
9080199 214851326 1
9080199 214853105 1
9080199 214853094 1
9080199 214853096 0.5
9080199 214853090 0.5
9080199 214852978 0.5
9080199 214853085 0.5
5697836 214848298 1
5697836 214846033 1
5697836 214846065 1
5697836 214848159 0.5
6252799 214594678 1
6252799 214826720 1
6252799 214820938 1
6252799 214829392 0.5
6252799 214539084 0.5
6252799 214578350 0.5
6252799 214829102 0.5
5552432 214835745 1
5552432 214845457 1
5552432 214846007 1
5552432 214577387 0.5
5552432 214846061 0.5
5552432 214828985 0.5
5552432 214717850 0.5
5552432 214829852 0.5
5552432 214829850 0.5
8796466 214716671 1
8796466 214851579 1
8796466 214851131 1
8796466 214851028 0.5
8796466 214853242 0.5
8796466 214853132 0.5
8796466 214853210 0.5
8796466 214850870 0.5
8970551 214851326 1
8970551 214853085 1
8970551 214853090 1
8970551 214853096 0.5
8970551 214853248 0.5
8579384 214851097 1
8579384 214851317 1
8579384 214853186 1
8579384 214851028 0.5
8579384 214552142 0.5
3981627 214835124 1
3981627 214826610 1
3981627 214834880 1
3981627 214674401 0.5
3981627 214838225 0.5
3981627 214819719 0.5
3981627 214829387 0.5
3981627 214601233 0.5
3981627 214836050 0.5
3981627 214831959 0.5
3981627 214833755 0.5
3981627 214834877 0.5
7682368 214851122 1
7682368 214851581 1
7682368 214851099 1
7682368 214850411 0.5
11321667 214714755 1
11321667 214849250 1
11321667 214853156 1
11321667 214853147 0.5
11321667 214850700 0.5
11321667 214854733 0.5
11321667 214583670 0.5
11321667 214738455 0.5
7736532 214850771 1
7736532 214851290 1
7736532 214849031 1
7736532 214849001 0.5
7736532 214845131 0.5
7736532 214839932 0.5
7006533 214848375 1
7006533 214848371 1
7006533 214832604 1
7006533 214848956 0.5
7006533 214848607 0.5
8198472 214851122 1
8198472 214851581 1
8198472 214851135 1
8198472 214846067 0.5
3778274 214606948 1
3778274 214836924 1
3778274 214836926 1
3778274 214838225 0.5
3778274 214831974 0.5
3778274 214718207 0.5
664782 214826615 1
664782 214839600 1
664782 214819430 1
664782 214821401 0.5
664782 214826619 0.5
9032018 214851148 1
9032018 214851017 1
9032018 214540597 1
9032018 214851287 0.5
6291649 214835167 1
6291649 214848596 1
6291649 214829765 1
6291649 214581572 0.5
7858517 214846530 1
7858517 214820402 1
7858517 214712507 1
7858517 214850304 0.5
7858517 214849796 0.5
7858517 214849031 0.5
7858517 214819464 0.5
7858517 214848337 0.5
7858517 214851159 0.5
7858517 214844345 0.5
7858517 214851290 0.5
7858517 214612730 0.5
3602776 214835167 1
3602776 214829765 1
3602776 214836870 1
3602776 214718379 0.5
3602776 214564710 0.5
11368793 214854515 1
11368793 214526083 1
11368793 214854532 1
11368793 214853353 0.5
11368793 214854538 0.5
11368793 214854819 0.5
11368793 214854838 0.5
11368793 214717247 0.5
5747034 214846033 1
5747034 214845984 1
5747034 214849001 1
5747034 214845986 0.5
2660699 214829885 1
2660699 214829880 1
2660699 214831948 1
2660699 214829878 0.5
8522079 214851161 1
8522079 214716714 1
8522079 214851163 1
8522079 214851587 0.5
8522079 214836452 0.5
8522079 214851080 0.5
8522079 214716746 0.5
8522079 214851028 0.5
8522079 214685049 0.5
6242657 214716710 1
6242657 214846530 1
6242657 214716707 1
6242657 214849200 0.5
6242657 214832604 0.5
5480067 214844396 1
5480067 214844398 1
5480067 214579288 1
5480067 214826610 0.5
4909418 214836924 1
4909418 214835167 1
4909418 214835012 1
4909418 214651777 0.5
4909418 214613915 0.5
4909418 214602830 0.5
7790956 214716645 1
7790956 214850936 1
7790956 214846404 1
7790956 214573310 0.5
7790956 214821022 0.5
7790956 214850765 0.5
7790956 214826670 0.5
5777773 214846447 1
5777773 214839311 1
5777773 214843637 1
5777773 214820377 0.5
5777773 214845410 0.5
5777773 214845465 0.5
1157487 214826610 1
1157487 214834880 1
1157487 214829366 1
1157487 214833755 0.5
5597552 214844370 1
5597552 214844355 1
5597552 214845412 1
5597552 214838137 0.5
5597552 214845587 0.5
5597552 214845583 0.5
5492484 214848305 1
5492484 214846029 1
5492484 214846031 1
5492484 214839973 0.5
5492484 214835473 0.5
5492484 214601233 0.5
5492484 214848309 0.5
5492484 214839958 0.5
5492484 214846007 0.5
5492484 214826949 0.5
6660884 214839969 1
6660884 214848688 1
6660884 214849318 1
6660884 214846367 0.5
6660884 214826949 0.5
6660884 214718182 0.5
6660884 214848380 0.5
6660884 214829387 0.5
6660884 214844396 0.5
6660884 214561775 0.5
6660884 214668281 0.5
6660884 214835109 0.5
6660884 214829775 0.5
6660884 214821020 0.5
6660884 214845887 0.5
6259064 214848808 1
6259064 214848851 1
6259064 214848613 1
6259064 214848832 0.5
6259064 214556055 0.5
9048441 214853162 1
9048441 214853094 1
9048441 214853132 1
9048441 214853096 0.5
9048441 214851075 0.5
9048441 214851581 0.5
9048441 214853222 0.5
11248362 214854787 1
11248362 214853102 1
11248362 214854785 1
11248362 214849468 0.5
11248362 214854860 0.5
5814658 214846447 1
5814658 214845984 1
5814658 214844372 1
5814658 214849001 0.5
6910341 214845577 1
6910341 214848605 1
6910341 214848973 1
6910341 214826891 0.5
6910341 214832143 0.5
10251589 214861498 1
10251589 214839999 1
10251589 214840001 1
10251589 214717802 0.5
10991681 214848658 1
10991681 214854838 1
10991681 214854731 1
10991681 214854356 0.5
10991681 214854815 0.5
4554476 214826610 1
4554476 214829387 1
4554476 214829799 1
4554476 214577387 0.5
4554476 214586694 0.5
4554476 214839973 0.5
4554476 214602598 0.5
4554476 214845131 0.5
4554476 214829775 0.5
4554476 214800272 0.5
4554476 214717522 0.5
4554476 214717286 0.5
4554476 214845435 0.5
10983819 214855016 1
10983819 214851757 1
10983819 214853079 1
10983819 214853083 0.5
10983819 214710013 0.5
11243586 214853113 1
11243586 214854536 1
11243586 214718220 1
11243586 214853724 0.5
11243586 214850756 0.5
11243586 214850754 0.5
11243586 214853732 0.5
5425551 214585633 1
5425551 214612901 1
5425551 214826730 1
5425551 214826720 0.5
5425551 214826747 0.5
5425551 214826724 0.5
5425551 214586469 0.5
5425551 214538951 0.5
5425551 214839311 0.5
5425551 214826737 0.5
5425551 214826741 0.5
5425551 214539193 0.5
5425551 214612730 0.5
5425551 214645295 0.5
5425551 214839973 0.5
2277779 214829878 1
2277779 214829880 1
2277779 214829887 1
2277779 214831946 0.5
9318807 214853460 1
9318807 214853342 1
9318807 214853428 1
9318807 214831955 0.5
563611 214828987 1
563611 214826912 1
563611 214829085 1
563611 214709735 0.5
563611 214718255 0.5
563611 214826932 0.5
563611 214826615 0.5
563611 214826715 0.5
563611 214705757 0.5
6920604 214848596 1
6920604 214561775 1
6920604 214821020 1
6920604 214849331 0.5
6920604 214535051 0.5
6920604 214650566 0.5
6920604 214835167 0.5
7154757 214850938 1
7154757 214850855 1
7154757 214849363 1
7154757 214846112 0.5
7154757 214850743 0.5
8749472 214696830 1
8749472 214844420 1
8749472 214706216 1
8749472 214716654 0.5
5344028 214850402 1
5344028 214845521 1
5344028 214839932 1
5344028 214829852 0.5
5344028 214743497 0.5
5344028 214835087 0.5
5344028 214835473 0.5
5344028 214845587 0.5
5344028 214828982 0.5
5344028 214832124 0.5
5344028 214836926 0.5
5344028 214826623 0.5
11545003 214853102 1
11545003 214677830 1
11545003 214854118 1
11545003 214714755 0.5
11545003 214853130 0.5
11545003 214854733 0.5
11545003 214678387 0.5
11545003 214738455 0.5
11545003 214582200 0.5
9460466 214819395 1
9460466 214844394 1
9460466 214640407 1
9460466 214819627 0.5
9460466 214853355 0.5
9460466 214844462 0.5
5765534 214848298 1
5765534 214848309 1
5765534 214848307 1
5765534 214848305 0.5
5765534 214826942 0.5
8788407 214853094 1
8788407 214853248 1
8788407 214851326 1
8788407 214853096 0.5
8788407 214853090 0.5
4374969 214705736 1
4374969 214845129 1
4374969 214839973 1
4374969 214821410 0.5
4374969 214839971 0.5
4374969 214848178 0.5
4374969 214706102 0.5
4374969 214838111 0.5
8724896 214853165 1
8724896 214678376 1
8724896 214853128 1
8724896 214852978 0.5
4338114 214708307 1
4338114 214835137 1
4338114 214835109 1
4338114 214827032 0.5
4338114 214587317 0.5
4338114 214553621 0.5
4338114 214602598 0.5
4338114 214743495 0.5
11247279 214853100 1
11247279 214854840 1
11247279 214717802 1
11247279 214700002 0.5
11247279 214855016 0.5
11247279 214849132 0.5
11247279 214553544 0.5
11247279 214853362 0.5
11247279 214854707 0.5
11247279 214678104 0.5
11247279 214829880 0.5
11247279 214680467 0.5
4498849 214839969 1
4498849 214705370 1
4498849 214845131 1
4498849 214602733 0.5
4498849 214586694 0.5
4498849 214832023 0.5
8882634 214851326 1
8882634 214853094 1
8882634 214853248 1
8882634 214851122 0.5
8882634 214851013 0.5
4841937 214839971 1
4841937 214832147 1
4841937 214839965 1
4841937 214839960 0.5
4841937 214836857 0.5
4170451 214831942 1
4170451 214838096 1
4170451 214838102 1
4170451 214831944 0.5
2632158 214829878 1
2632158 214831948 1
2632158 214826977 1
2632158 214835124 0.5
2632158 214831967 0.5
6261499 214848982 1
6261499 214848971 1
6261499 214700000 1
6261499 214744258 0.5
6261499 214712235 0.5
6785508 214848986 1
6785508 214848941 1
6785508 214849020 1
6785508 214848952 0.5
6785508 214848945 0.5
6785508 214848954 0.5
6785508 214849022 0.5
313829 214821285 1
313829 214821292 1
313829 214821277 1
313829 214704180 0.5
313829 214714757 0.5
5283921 214848997 1
5283921 214845887 1
5283921 214845581 1
5283921 214845984 0.5
5283921 214845480 0.5
5283921 214849001 0.5
5283921 214829739 0.5
5283921 214832145 0.5
5283921 214845917 0.5
8012269 214851290 1
8012269 214851232 1
8012269 214851577 1
8012269 214851585 0.5
8012269 214564380 0.5
667389 214826908 1
667389 214826872 1
667389 214826837 1
667389 214716902 0.5
667389 214717286 0.5
667389 214640017 0.5
667389 214821300 0.5
667389 214826998 0.5
667389 214826615 0.5
667389 214821401 0.5
667389 214717562 0.5
667389 214826876 0.5
5650638 214846119 1
5650638 214849010 1
5650638 214845879 1
5650638 214676377 0.5
6349227 214844400 1
6349227 214846530 1
6349227 214849333 1
6349227 214835017 0.5
6349227 214844398 0.5
6349227 214846447 0.5
6349227 214838227 0.5
6349227 214849012 0.5
6349227 214826990 0.5
6349227 214849046 0.5
6349227 214848377 0.5
6349227 214848380 0.5
6349227 214554973 0.5
4817412 214839598 1
4817412 214718216 1
4817412 214839356 1
4817412 214538591 0.5
1483269 214829387 1
1483269 214833755 1
1483269 214834880 1
1483269 214826610 0.5
7516679 214853173 1
7516679 214853758 1
7516679 214850694 1
7516679 214845939 0.5
7516679 214844158 0.5
1360392 214834877 1
1360392 214834880 1
1360392 214821410 1
1360392 214833755 0.5
1360392 214821412 0.5
804862 214827011 1
804862 214826617 1
804862 214829310 1
804862 214826619 0.5
804862 214826615 0.5
610826 214553533 1
610826 214828987 1
610826 214826912 1
610826 214716714 0.5
610826 214716746 0.5
610826 214698446 0.5
4299437 214831970 1
4299437 214645595 1
4299437 214839982 1
4299437 214839937 0.5
4299437 214836924 0.5
4299437 214589702 0.5
2509328 214829878 1
2509328 214829887 1
2509328 214835087 1
2509328 214551626 0.5
3367441 214836795 1
3367441 214821290 1
3367441 214829773 1
3367441 214748340 0.5
7756309 214846127 1
7756309 214846067 1
7756309 214845885 1
7756309 214835087 0.5
7756309 214846007 0.5
6312473 214848337 1
6312473 214848380 1
6312473 214846530 1
6312473 214848656 0.5
6312473 214561496 0.5
6312473 214602598 0.5
6312473 214844345 0.5
11135518 214854298 1
11135518 214853735 1
11135518 214575665 1
11135518 214706102 0.5
5779052 214835017 1
5779052 214835019 1
5779052 214826565 1
5779052 214846065 0.5
5779052 214835747 0.5
5779052 214839973 0.5
5779052 214587697 0.5
219684 214748295 1
219684 214748300 1
219684 214753507 1
219684 214748291 0.5
10881576 214854853 1
10881576 214864880 1
10881576 214855209 1
10881576 214853094 0.5
10881576 214851326 0.5
5419562 214848305 1
5419562 214711312 1
5419562 214846033 1
5419562 214717507 0.5
6937132 214848695 1
6937132 214839973 1
6937132 214848658 1
6937132 214846530 0.5
6937132 214849046 0.5
3482157 214820396 1
3482157 214820400 1
3482157 214744775 1
3482157 214839617 0.5
3482157 214820402 0.5
3482157 214826711 0.5
3482157 214586668 0.5
3482157 214820807 0.5
5687457 214848262 1
5687457 214846033 1
5687457 214846029 1
5687457 214848300 0.5
5687457 214829887 0.5
7375407 214849134 1
7375407 214612738 1
7375407 214718372 1
7375407 214819468 0.5
7375407 214820342 0.5
7840304 214840378 1
7840304 214835126 1
7840304 214700002 1
7840304 214700000 0.5
7840304 214853657 0.5
7840304 214743515 0.5
7840304 214712237 0.5
8403506 214851099 1
8403506 214851236 1
8403506 214851013 1
8403506 214851137 0.5
8403506 214853094 0.5
8403506 214851122 0.5
8403506 214748334 0.5
8403506 214851133 0.5
8403506 214748336 0.5
8403506 214819762 0.5
8403506 214829850 0.5
8403506 214851581 0.5
8606734 214852980 1
8606734 214853085 1
8606734 214853077 1
8606734 214853090 0.5
10679304 214854300 1
10679304 214826670 1
10679304 214684762 1
10679304 214716645 0.5
10679304 214684785 0.5
10679304 214554270 0.5
10679304 214849464 0.5
10679304 214819577 0.5
10679304 214853726 0.5
4989494 214651777 1
4989494 214677615 1
4989494 214821017 1
4989494 214821024 0.5
4989494 214561475 0.5
4989494 214585670 0.5
4989494 214567408 0.5
4989494 214556025 0.5
4989494 214606972 0.5
10082399 214853702 1
10082399 214853767 1
10082399 214853730 1
10082399 214853707 0.5
5515838 214844398 1
5515838 214844396 1
5515838 214844400 1
5515838 214844345 0.5
5515838 214834877 0.5
5515838 214582175 0.5
2298432 214829366 1
2298432 214829852 1
2298432 214743495 1
2298432 214819760 0.5
2298432 214753507 0.5
2298432 214826615 0.5
2298432 214748336 0.5
2298432 214829878 0.5
2298432 214718167 0.5
2298432 214717562 0.5
2298432 214821022 0.5
2234464 214829878 1
2234464 214829887 1
2234464 214829882 1
2234464 214831965 0.5
2234464 214829885 0.5
2293174 214829882 1
2293174 214829878 1
2293174 214831948 1
2293174 214836330 0.5
1331782 214828974 1
1331782 214712270 1
1331782 214834880 1
1331782 214826833 0.5
1331782 214516033 0.5
291401 214826625 1
291401 214684841 1
291401 214826623 1
291401 214826912 0.5
291401 214640017 0.5
291401 214716902 0.5
10086986 214853767 1
10086986 214853702 1
10086986 214526083 1
10086986 214853698 0.5
10086986 214577450 0.5
10086986 214680722 0.5
10086986 214853713 0.5
10086986 214851122 0.5
10086986 214848159 0.5
10086986 214838111 0.5
8546897 214851155 1
8546897 214716577 1
8546897 214850372 1
8546897 214686857 0.5
5481042 214844349 1
5481042 214657322 1
5481042 214657318 1
5481042 214746380 0.5
5481042 214707830 0.5
10867234 214864880 1
10867234 214853102 1
10867234 214854840 1
10867234 214855016 0.5
4153942 214820186 1
4153942 214748310 1
4153942 214819779 1
4153942 214687792 0.5
11027033 214853722 1
11027033 214853730 1
11027033 214714755 1
11027033 214687847 0.5
11027033 214850700 0.5
11027033 214854733 0.5
11027033 214853767 0.5
7594767 214851279 1
7594767 214850771 1
7594767 214849031 1
7594767 214850936 0.5
7594767 214851135 0.5
7594767 214851155 0.5
7594767 214846391 0.5
6275678 214835473 1
6275678 214846412 1
6275678 214846014 1
6275678 214581536 0.5
6275678 214673295 0.5
6275678 214826949 0.5
6275678 214717511 0.5
6275678 214832012 0.5
6275678 214848941 0.5
6275678 214680718 0.5
6275678 214718255 0.5
6275678 214680720 0.5
6275678 214846419 0.5
6275678 214826998 0.5
6275678 214846007 0.5
6275678 214846425 0.5
6275678 214826715 0.5
6275678 214836956 0.5
5654629 214844368 1
5654629 214829878 1
5654629 214846029 1
5654629 214846033 0.5
5654629 214844355 0.5
5654629 214829887 0.5
9808482 214853732 1
9808482 214853248 1
9808482 214851326 1
9808482 214821410 0.5
9808482 214836932 0.5
9808482 214853094 0.5
9808482 214853385 0.5
9808482 214832747 0.5
9808482 214852978 0.5
9808482 214853077 0.5
9808482 214829366 0.5
9808482 214844347 0.5
10664718 214861498 1
10664718 214839995 1
10664718 214839997 1
10664718 214684498 0.5
10664718 214854495 0.5
10664718 214848380 0.5
10664718 214839999 0.5
5739622 214846117 1
5739622 214845971 1
5739622 214819528 1
5739622 214819586 0.5
5739622 214707883 0.5
5739622 214709702 0.5
5739622 214835019 0.5
5739622 214845954 0.5
5739622 214846447 0.5
5739622 214845879 0.5
5739622 214811739 0.5
5739622 214649951 0.5
9497196 214828989 1
9497196 214851744 1
9497196 214853355 1
9497196 214853130 0.5
8674909 214853214 1
8674909 214853135 1
8674909 214853195 1
8674909 214853242 0.5
8674909 214851748 0.5
8674909 214850405 0.5
10674802 214854547 1
10674802 214854579 1
10674802 214854300 1
10674802 214854545 0.5
10674802 214854495 0.5
10674802 214819577 0.5
9208272 214853422 1
9208272 214850949 1
9208272 214850947 1
9208272 214846344 0.5
9208272 214848688 0.5
9208272 214846258 0.5
9208272 214576890 0.5
9208272 214853105 0.5
4618686 214838227 1
4618686 214835109 1
4618686 214826990 1
4618686 214819562 0.5
4618686 214819374 0.5
4618686 214821015 0.5
3568252 214820810 1
3568252 214836534 1
3568252 214836530 1
3568252 214835745 0.5
3568252 214820394 0.5
3568252 214829660 0.5
3568252 214836885 0.5
3568252 214709735 0.5
7041666 214849738 1
7041666 214849757 1
7041666 214849736 1
7041666 214844400 0.5
4323972 214743515 1
4323972 214820220 1
4323972 214829765 1
4323972 214712132 0.5
4309637 214835109 1
4309637 214712126 1
4309637 214835167 1
4309637 214834877 0.5
9779846 214718169 1
9779846 214853698 1
9779846 214718160 1
9779846 214853707 0.5
10441352 214853096 1
10441352 214853085 1
10441352 214850762 1
10441352 214853994 0.5
2333321 214829880 1
2333321 214829887 1
2333321 214829882 1
2333321 214831967 0.5
2333321 214831959 0.5
10588814 214853992 1
10588814 214850621 1
10588814 214854300 1
10588814 214854165 0.5
2818293 214835019 1
2818293 214835137 1
2818293 214829878 1
2818293 214587712 0.5
2818293 214829882 0.5
326289 214844297 1
326289 214820237 1
326289 214705757 1
326289 214582952 0.5
326289 214829737 0.5
326289 214819490 0.5
326289 214709690 0.5
4746233 214632146 1
4746233 214844439 1
4746233 214839915 1
4746233 214612760 0.5
4746233 214576890 0.5
4746233 214842735 0.5
11508372 214857787 1
11508372 214857568 1
11508372 214857570 1
11508372 214645005 0.5
8972057 214852978 1
8972057 214853077 1
8972057 214852980 1
8972057 214853210 0.5
8053406 214851161 1
8053406 214851080 1
8053406 214685049 1
8053406 214849363 0.5
500848 214821302 1
500848 214821305 1
500848 214821339 1
500848 214821315 0.5
3841819 214835109 1
3841819 214826990 1
3841819 214836932 1
3841819 214838227 0.5
3841819 214820220 0.5
9792164 214853767 1
9792164 214853702 1
9792164 214718160 1
9792164 214853698 0.5
7312037 214849312 1
7312037 214850615 1
7312037 214819640 1
7312037 214848337 0.5
7312037 214826990 0.5
7312037 214831967 0.5
4706271 214829775 1
4706271 214836855 1
4706271 214848176 1
4706271 214839969 0.5
4706271 214586694 0.5
4706271 214839973 0.5
4706271 214602598 0.5
4706271 214826977 0.5
4706271 214845131 0.5
4706271 214602733 0.5
4706271 214595150 0.5
4706271 214839600 0.5
4706271 214828980 0.5
10028258 214567333 1
10028258 214854510 1
10028258 214854262 1
10028258 214567327 0.5
758443 214819721 1
758443 214744775 1
758443 214725532 1
758443 214746427 0.5
7362832 214849250 1
7362832 214846869 1
7362832 214826833 1
7362832 214846344 0.5
7362832 214738455 0.5
7362832 214850700 0.5
7362832 214832023 0.5
7362832 214717850 0.5
7362832 214849312 0.5
7362832 214718385 0.5
7362832 214829366 0.5
7362832 214844347 0.5
7362832 214846432 0.5
7362832 214836932 0.5
7362832 214828982 0.5
7362832 214836855 0.5
7362832 214849740 0.5
7362832 214848845 0.5
7362832 214844368 0.5
7362832 214846419 0.5
7362832 214561494 0.5
7362832 214558807 0.5
7362832 214829280 0.5
7362832 214717286 0.5
7362832 214849001 0.5
7362832 214555500 0.5
7362832 214849389 0.5
7362832 214586743 0.5
7362832 214820345 0.5
7362832 214826623 0.5
10551993 214567333 1
10551993 214854545 1
10551993 214854495 1
10551993 214837494 0.5
10551993 214854262 0.5
10551993 214854510 0.5
10551993 214854549 0.5
10551993 214854358 0.5
10551993 214847255 0.5
10499871 214854853 1
10499871 214854840 1
10499871 214854795 1
10499871 214853102 0.5
2800508 214612704 1
2800508 214821315 1
2800508 214551626 1
2800508 214832730 0.5
9343679 214853420 1
9343679 214853460 1
9343679 214853428 1
9343679 214850947 0.5
9798336 214853713 1
9798336 214853730 1
9798336 214853767 1
9798336 214854152 0.5
9798336 214853698 0.5
9798336 214853707 0.5
5642016 214845971 1
5642016 214846117 1
5642016 214834877 1
5642016 214819586 0.5
5642016 214707875 0.5
5642016 214573288 0.5
5642016 214832019 0.5
5642016 214573277 0.5
5642016 214838227 0.5
10122699 214853722 1
10122699 214853707 1
10122699 214849322 1
10122699 214850945 0.5
10122699 214853730 0.5
10122699 214853767 0.5
10122699 214853996 0.5
10122699 214853698 0.5
10122699 214854165 0.5
10122699 214853430 0.5
567752 214837483 1
567752 214837485 1
567752 214837490 1
567752 214837442 0.5
567752 214698446 0.5
567752 214837487 0.5
10963153 214853767 1
10963153 214853698 1
10963153 214853702 1
10963153 214543922 0.5
5692109 214844400 1
5692109 214839932 1
5692109 214850402 1
5692109 214838137 0.5
5692109 214717286 0.5
4569811 214632146 1
4569811 214829885 1
4569811 214829882 1
4569811 214684736 0.5
4569811 214831944 0.5
4569811 214845581 0.5
4569811 214829887 0.5
4135636 214839962 1
4135636 214837442 1
4135636 214821407 1
4135636 214832147 0.5
4135636 214579875 0.5
4135636 214836133 0.5
4135636 214743497 0.5
4135636 214716746 0.5
4135636 214835019 0.5
4135636 214558192 0.5
4135636 214587697 0.5
4135636 214836339 0.5
4135636 214836249 0.5
4135636 214716671 0.5
4135636 214832124 0.5
4135636 214832115 0.5
5463161 214846119 1
5463161 214849010 1
5463161 214845962 1
5463161 214845965 0.5
4715224 214845579 1
4715224 214845356 1
4715224 214845581 1
4715224 214845577 0.5
5223129 214844342 1
5223129 214835109 1
5223129 214829850 1
5223129 214836932 0.5
5223129 214845583 0.5
5223129 214698418 0.5
5223129 214844345 0.5
5223129 214838137 0.5
5223129 214844347 0.5
5223129 214829852 0.5
765823 214826801 1
765823 214826816 1
765823 214826608 1
765823 214826705 0.5
4749434 214838102 1
4749434 214554384 1
4749434 214575193 1
4749434 214844456 0.5
4749434 214819772 0.5
4749434 214844458 0.5
4749434 214844439 0.5
4749434 214831948 0.5
4749434 214554358 0.5
4749434 214551607 0.5
4749434 214821339 0.5
4749434 214533020 0.5
4749434 214716926 0.5
8032991 214851290 1
8032991 214851097 1
8032991 214851159 1
8032991 214851011 0.5
8032991 214821397 0.5
8032991 214850790 0.5
8032991 214844342 0.5
5735136 214850996 1
5735136 214644688 1
5735136 214717085 1
5735136 214717785 0.5
5735136 214595150 0.5
7240144 214849344 1
7240144 214849740 1
7240144 214848272 1
7240144 214538484 0.5
7240144 214850325 0.5
10335014 214854793 1
10335014 214854787 1
10335014 214854785 1
10335014 214854065 0.5
4045546 214827030 1
4045546 214702933 1
4045546 214838122 1
4045546 214829728 0.5
4045546 214845127 0.5
9442924 214853420 1
9442924 214850945 1
9442924 214853422 1
9442924 214850947 0.5
9775854 214848326 1
9775854 214854510 1
9775854 214854262 1
9775854 214567333 0.5
9775854 214684785 0.5
9775854 214854354 0.5
9775854 214848757 0.5
9775854 214854358 0.5
9775854 214684762 0.5
9775854 214854165 0.5
6820592 214850362 1
6820592 214850360 1
6820592 214850400 1
6820592 214820272 0.5
6556401 214848975 1
6556401 214848977 1
6556401 214848982 1
6556401 214850865 0.5
6556401 214850874 0.5
6556401 214848956 0.5
6556401 214848607 0.5
10478377 214853090 1
10478377 214851326 1
10478377 214853105 1
10478377 214853248 0.5
10478377 214853096 0.5
10478377 214852980 0.5
10478377 214853094 0.5
2851578 214835019 1
2851578 214835745 1
2851578 214832792 1
2851578 214835111 0.5
2851578 214832780 0.5
2851578 214600492 0.5
2851578 214835087 0.5
2851578 214748336 0.5
2851578 214835124 0.5
2851578 214835128 0.5
9559167 214850949 1
9559167 214850945 1
9559167 214853422 1
9559167 214850947 0.5
10475306 214853420 1
10475306 214850947 1
10475306 214853700 1
10475306 214853698 0.5
10475306 214853707 0.5
10475306 214853767 0.5
10832643 214854785 1
10832643 214854720 1
10832643 214853102 1
10832643 214854716 0.5
10832643 214848658 0.5
10832643 214853100 0.5
10832643 214854733 0.5
10832643 214710013 0.5
6073093 214846457 1
6073093 214846460 1
6073093 214846367 1
6073093 214540597 0.5
7897862 214849078 1
7897862 214849734 1
7897862 214846035 1
7897862 214667912 0.5
7897862 214586668 0.5
7897862 214849764 0.5
7897862 214652934 0.5
7897862 214578577 0.5
8831769 214852980 1
8831769 214853105 1
8831769 214853210 1
8831769 214851137 0.5
1733389 214834877 1
1733389 214826589 1
1733389 214829366 1
1733389 214834880 0.5
1733389 214820807 0.5
1733389 214826955 0.5
1733389 214819762 0.5
1733389 214826895 0.5
1733389 214826610 0.5
1733389 214826615 0.5
1733389 214833755 0.5
9089806 214853165 1
9089806 214848302 1
9089806 214851742 1
9089806 214850758 0.5
9089806 214821382 0.5
9089806 214853128 0.5
9089806 214853130 0.5
9089806 214848847 0.5
9089806 214851090 0.5
1727247 214821317 1
1727247 214800262 1
1727247 214832780 1
1727247 214821410 0.5
5191691 214640098 1
5191691 214829760 1
5191691 214844349 1
5191691 214695480 0.5
5191691 214585633 0.5
5191691 214602598 0.5
8734113 214853096 1
8734113 214853105 1
8734113 214853090 1
8734113 214829765 0.5
8734113 214853094 0.5
1955971 214835111 1
1955971 214832780 1
1955971 214831967 1
1955971 214826977 0.5
1955971 214819430 0.5
1955971 214716110 0.5
1955971 214819760 0.5
1955971 214601233 0.5
1955971 214819762 0.5
1955971 214835124 0.5
11463444 214858333 1
11463444 214853102 1
11463444 214854842 1
11463444 214854356 0.5
3358853 214832124 1
3358853 214821407 1
3358853 214832128 1
3358853 214832115 0.5
3358853 214826563 0.5
3358853 214836847 0.5
4501636 214831970 1
4501636 214836512 1
4501636 214839598 1
4501636 214538820 0.5
4501636 214539039 0.5
6992666 214826990 1
6992666 214667857 1
6992666 214849333 1
6992666 214849275 0.5
6992666 214834877 0.5
6992666 214665277 0.5
2007836 214667912 1
2007836 214829379 1
2007836 214826711 1
2007836 214716641 0.5
2007836 214554585 0.5
2007836 214826906 0.5
2007836 214819535 0.5
6662941 214700000 1
6662941 214848975 1
6662941 214848971 1
6662941 214848692 0.5
6662941 214848973 0.5
9552672 214853321 1
9552672 214826987 1
9552672 214850942 1
9552672 214743515 0.5
11283237 214853102 1
11283237 214854785 1
11283237 214582942 1
11283237 214855016 0.5
11283237 214687753 0.5
11283237 214714755 0.5
1205031 214829321 1
1205031 214820805 1
1205031 214833755 1
1205031 214717085 0.5
1205031 214709666 0.5
1205031 214820810 0.5
1205031 214690110 0.5
1205031 214716909 0.5
2208552 214829660 1
2208552 214820394 1
2208552 214829385 1
2208552 214829657 0.5
8497961 214853143 1
8497961 214848305 1
8497961 214848298 1
8497961 214853145 0.5
8497961 214851279 0.5
635691 214826621 1
635691 214826617 1
635691 214826615 1
635691 214826998 0.5
8549166 214665277 1
8549166 214667859 1
8549166 214832619 1
8549166 214829387 0.5
8549166 214849284 0.5
8549166 214554950 0.5
6933302 214849312 1
6933302 214849284 1
6933302 214849010 1
6933302 214846415 0.5
9147529 214852978 1
9147529 214853105 1
9147529 214839958 1
9147529 214852980 0.5
9147529 214853094 0.5
6585144 214848954 1
6585144 214848947 1
6585144 214848945 1
6585144 214573612 0.5
6585144 214585676 0.5
6585144 214849046 0.5
6585144 214850615 0.5
6585144 214849020 0.5
6585144 214849022 0.5
10048316 214853700 1
10048316 214853713 1
10048316 214853698 1
10048316 214853702 0.5
1721141 214820233 1
1721141 214840899 1
1721141 214716924 1
1721141 214537967 0.5
1721141 214828995 0.5
1721141 214535621 0.5
1721141 214691366 0.5
1721141 214820231 0.5
1721141 214584939 0.5
1721141 214840775 0.5
1721141 214840847 0.5
1721141 214644733 0.5
1721141 214829745 0.5
1721141 214826610 0.5
1721141 214829079 0.5
1721141 214587547 0.5
1721141 214821277 0.5
1721141 214691557 0.5
2839362 214835745 1
2839362 214835019 1
2839362 214826833 1
2839362 214827035 0.5
10545989 214854735 1
10545989 214854212 1
10545989 214774667 1
10545989 214725542 0.5
10545989 214587399 0.5
10545989 214854257 0.5
10545989 214550610 0.5
10545989 214851287 0.5
10545989 214851324 0.5
4473414 214839965 1
4473414 214832147 1
4473414 214602598 1
4473414 214828985 0.5
4473414 214845131 0.5
4473414 214837494 0.5
4473414 214586694 0.5
8873783 214853094 1
8873783 214851750 1
8873783 214853225 1
8873783 214853248 0.5
8873783 214853242 0.5
8873783 214830084 0.5
8873783 214850743 0.5
5811021 214846029 1
5811021 214846035 1
5811021 214848997 1
5811021 214835745 0.5
5811021 214835747 0.5
5811021 214835428 0.5
5811021 214835017 0.5
5811021 214835019 0.5
5811021 214846061 0.5
5811021 214846318 0.5
5811021 214844355 0.5
10857296 214853102 1
10857296 214854782 1
10857296 214855016 1
10857296 214864880 0.5
10857296 214854819 0.5
10857296 214853100 0.5
7661027 214850625 1
7661027 214850747 1
7661027 214851155 1
7661027 214851152 0.5
10005332 214853730 1
10005332 214853767 1
10005332 214853702 1
10005332 214710088 0.5
10005332 214853677 0.5
10005332 214853430 0.5
5092183 214600470 1
5092183 214600464 1
5092183 214600468 1
5092183 214600475 0.5
5092183 214839973 0.5
10312847 214854510 1
10312847 214684785 1
10312847 214854262 1
10312847 214717888 0.5
10312847 214850754 0.5
10312847 214567333 0.5
10312847 214718220 0.5
10312847 214854358 0.5
10312847 214567327 0.5
9474908 214853379 1
9474908 214853154 1
9474908 214853420 1
9474908 214853417 0.5
9474908 214853156 0.5
9474908 214853158 0.5
2599773 214829878 1
2599773 214829887 1
2599773 214831946 1
2599773 214667912 0.5
2599773 214829880 0.5
2599773 214835124 0.5
3314531 214836932 1
3314531 214826990 1
3314531 214835109 1
3314531 214553735 0.5
8913764 214851748 1
8913764 214853233 1
8913764 214853195 1
8913764 214853184 0.5
8913764 214853227 0.5
8913764 214853135 0.5
2271901 214829878 1
2271901 214829887 1
2271901 214829882 1
2271901 214832780 0.5
2271901 214831948 0.5
2271901 214829885 0.5
2271901 214831965 0.5
8555388 214846119 1
8555388 214845962 1
8555388 214819586 1
8555388 214845971 0.5
1774741 214748302 1
1774741 214753513 1
1774741 214748300 1
1774741 214748297 0.5
1774741 214753507 0.5
1774741 214748293 0.5
1774741 214748295 0.5
1919878 214826619 1
1919878 214834880 1
1919878 214826615 1
1919878 214821410 0.5
1919878 214573288 0.5
1919878 214642314 0.5
1919878 214834877 0.5
1919878 214826610 0.5
1919878 214826996 0.5
1919878 214717877 0.5
1919878 214826612 0.5
1919878 214826589 0.5
2454408 214829880 1
2454408 214831946 1
2454408 214831965 1
2454408 214829878 0.5
5184393 214839617 1
5184393 214839973 1
5184393 214845131 1
5184393 214838417 0.5
5184393 214845577 0.5
5184393 214748336 0.5
5184393 214698577 0.5
5184393 214829878 0.5
5184393 214838105 0.5
5184393 214718398 0.5
11252618 214853996 1
11252618 214835004 1
11252618 214694156 1
11252618 214864880 0.5
11252618 214712675 0.5
11252618 214854358 0.5
11252618 214853767 0.5
6415253 214848613 1
6415253 214848808 1
6415253 214714790 1
6415253 214848832 0.5
6415253 214556055 0.5
6929304 214674647 1
6929304 214848941 1
6929304 214848952 1
6929304 214848945 0.5
6929304 214848954 0.5
6929304 214849020 0.5
6929304 214849022 0.5
7465881 214844456 1
7465881 214844462 1
7465881 214844394 1
7465881 214821309 0.5
7465881 214844441 0.5
7465881 214551626 0.5
7465881 214821341 0.5
7465881 214844439 0.5
7956551 214850739 1
7956551 214850741 1
7956551 214850720 1
7956551 214829880 0.5
7956551 214846033 0.5
7956551 214564387 0.5
7956551 214716645 0.5
7956551 214846031 0.5
5966747 214846421 1
5966747 214846475 1
5966747 214848322 1
5966747 214844355 0.5
4580254 214839971 1
4580254 214839973 1
4580254 214602733 1
4580254 214839969 0.5
4580254 214606948 0.5
4580254 214696897 0.5
4580254 214606792 0.5
4580254 214836330 0.5
4580254 214845131 0.5
4580254 214602802 0.5
4580254 214748336 0.5
4580254 214698418 0.5
4580254 214829850 0.5
9580903 214851592 1
9580903 214851165 1
9580903 214684942 1
9580903 214851579 0.5
9580903 214848613 0.5
9580903 214848808 0.5
9580903 214556057 0.5
9580903 214851163 0.5
9580903 214662750 0.5
9580903 214716671 0.5
4047781 214826610 1
4047781 214834880 1
4047781 214586743 1
4047781 214829280 0.5
4047781 214826977 0.5
4047781 214717286 0.5
4047781 214819430 0.5
4047781 214819691 0.5
4047781 214718385 0.5
4047781 214680467 0.5
4047781 214828980 0.5
4047781 214826934 0.5
4047781 214832023 0.5
4047781 214826932 0.5
4047781 214717850 0.5
4047781 214839932 0.5
4047781 214829053 0.5
4047781 214838111 0.5
261479 214834865 1
261479 214827007 1
261479 214714794 1
261479 214827000 0.5
261479 214651427 0.5
261479 214821300 0.5
261479 214826925 0.5
261479 214827005 0.5
8086001 214851290 1
8086001 214564380 1
8086001 214554982 1
8086001 214851232 0.5
8086001 214851236 0.5
8086001 214851122 0.5
8086001 214844342 0.5
8086001 214849252 0.5
8086001 214844347 0.5
8086001 214849404 0.5
8086001 214851101 0.5
2986923 214829878 1
2986923 214829880 1
2986923 214826891 1
2986923 214826844 0.5
5546924 214845806 1
5546924 214839973 1
5546924 214845457 1
5546924 214601233 0.5
8844209 214853077 1
8844209 214852980 1
8844209 214853090 1
8844209 214853096 0.5
8844209 214853094 0.5
10691507 214854358 1
10691507 214684942 1
10691507 214851748 1
10691507 214850405 0.5
10691507 214854510 0.5
10691507 214684785 0.5
10691507 214854262 0.5
10691507 214849464 0.5
10691507 214684762 0.5
10691507 214853726 0.5
570897 214760897 1
570897 214828987 1
570897 214826912 1
570897 214558192 0.5
570897 214684841 0.5
570897 214651427 0.5
11377589 214832604 1
11377589 214821313 1
11377589 214832655 1
11377589 214844454 0.5
5856977 214846462 1
5856977 214845885 1
5856977 214848656 1
5856977 214552522 0.5
5856977 214821022 0.5
1717181 214826610 1
1717181 214833755 1
1717181 214826589 1
1717181 214829366 0.5
54207 214826612 1
54207 214826615 1
54207 214826619 1
54207 214826803 0.5
10023873 214846067 1
10023873 214677615 1
10023873 214854538 1
10023873 214848658 0.5
10023873 214556334 0.5
10023873 214820400 0.5
10023873 214853713 0.5
10023873 214851122 0.5
10023873 214851133 0.5
6916152 214848596 1
6916152 214848384 1
6916152 214848926 1
6916152 214829765 0.5
6916152 214835167 0.5
4044619 214632272 1
4044619 214831970 1
4044619 214839892 1
4044619 214839937 0.5
1506244 214834877 1
1506244 214826610 1
1506244 214834880 1
1506244 214829387 0.5
1506244 214833755 0.5
5395399 214844372 1
5395399 214844400 1
5395399 214850402 1
5395399 214844370 0.5
5395399 214845587 0.5
9470924 214853165 1
9470924 214850758 1
9470924 214846119 1
9470924 214579288 0.5
8370338 214848377 1
8370338 214848337 1
8370338 214848380 1
8370338 214586432 0.5
8370338 214851137 0.5
8370338 214836330 0.5
8370338 214819760 0.5
8370338 214819762 0.5
8370338 214851099 0.5
8370338 214844413 0.5
10778147 214854815 1
10778147 214854819 1
10778147 214854731 1
10778147 214848658 0.5
8903634 214853090 1
8903634 214851326 1
8903634 214716928 1
8903634 214717003 0.5
8903634 214853094 0.5
4168866 214820452 1
4168866 214839339 1
4168866 214845127 1
4168866 214583610 0.5
4168866 214702933 0.5
4168866 214700990 0.5
144344 214717003 1
144344 214706147 1
144344 214678526 1
144344 214705736 0.5
6982619 214849284 1
6982619 214848658 1
6982619 214668667 1
6982619 214560585 0.5
6982619 214632146 0.5
6982619 214850291 0.5
6982619 214849333 0.5
6982619 214514265 0.5
6982619 214613915 0.5
6982619 214849245 0.5
10418682 214854358 1
10418682 214567327 1
10418682 214567333 1
10418682 214854536 0.5
10418682 214854510 0.5
10418682 214854549 0.5
10418682 214854262 0.5
10418682 214849464 0.5
10418682 214853726 0.5
8025072 214850936 1
8025072 214850741 1
8025072 214850621 1
8025072 214564382 0.5
3097586 214834867 1
3097586 214609325 1
3097586 214829392 1
3097586 214602600 0.5
6807379 214849020 1
6807379 214848954 1
6807379 214848945 1
6807379 214849022 0.5
7846901 214849194 1
7846901 214849136 1
7846901 214849102 1
7846901 214586743 0.5
2651168 214835550 1
2651168 214835087 1
2651168 214835572 1
2651168 214601233 0.5
2651168 214829878 0.5
2651168 214716110 0.5
9346042 214846033 1
9346042 214853420 1
9346042 214853422 1
9346042 214853698 0.5
9346042 214850282 0.5
9346042 214753515 0.5
9346042 214716110 0.5
9346042 214826835 0.5
9346042 214853428 0.5
9346042 214829878 0.5
9346042 214820184 0.5
9346042 214588985 0.5
9346042 214684730 0.5
4780148 214838102 1
4780148 214832015 1
4780148 214831948 1
4780148 214820184 0.5
4780148 214829880 0.5
4780148 214839962 0.5
4780148 214838107 0.5
4780148 214711087 0.5
10466301 214853994 1
10466301 214853852 1
10466301 214837288 1
10466301 214853700 0.5
10466301 214853767 0.5
10466301 214853996 0.5
10466301 214853846 0.5
10466301 214853848 0.5
10466301 214854148 0.5
10466301 214853722 0.5
2262014 214829887 1
2262014 214829880 1
2262014 214826615 1
2262014 214831965 0.5
2262014 214829878 0.5
8985599 214852980 1
8985599 214852978 1
8985599 214853105 1
8985599 214853195 0.5
10900598 214846067 1
10900598 214854836 1
10900598 214853702 1
10900598 214854264 0.5
10900598 214853767 0.5
6411278 214848330 1
6411278 214835109 1
6411278 214846535 1
6411278 214826990 0.5
10766371 214853113 1
10766371 214854579 1
10766371 214684762 1
10766371 214851075 0.5
10766371 214748336 0.5
10766371 214684785 0.5
10766371 214850741 0.5
10766371 214854358 0.5
10766371 214819577 0.5
10766371 214854298 0.5
10766371 214854174 0.5
10766371 214854527 0.5
5184971 214826987 1
5184971 214845352 1
5184971 214540127 1
5184971 214684702 0.5
8887322 214853096 1
8887322 214853085 1
8887322 214853105 1
8887322 214546121 0.5
7085083 214849312 1
7085083 214844345 1
7085083 214829387 1
7085083 214667857 0.5
7085083 214826610 0.5
7085083 214849239 0.5
1724933 214834880 1
1724933 214826610 1
1724933 214834877 1
1724933 214821410 0.5
1724933 214826589 0.5
5221408 214832147 1
5221408 214709735 1
5221408 214832126 1
5221408 214698446 0.5
4886704 214850402 1
4886704 214844396 1
4886704 214844398 1
4886704 214844402 0.5
4886704 214839932 0.5
4886704 214844413 0.5
3275813 214821332 1
3275813 214832128 1
3275813 214826563 1
3275813 214835107 0.5
3818536 214835109 1
3818536 214829765 1
3818536 214835167 1
3818536 214838227 0.5
3818536 214836932 0.5
3818536 214826990 0.5
3664664 214836924 1
3664664 214836932 1
3664664 214838227 1
3664664 214691467 0.5
3664664 214829765 0.5
8653873 214821020 1
8653873 214853105 1
8653873 214851315 1
8653873 214835167 0.5
2618206 214540127 1
2618206 214829887 1
2618206 214829878 1
2618206 214714757 0.5
5054423 214836956 1
5054423 214844405 1
5054423 214836519 1
5054423 214746380 0.5
9677883 214680371 1
9677883 214853420 1
9677883 214853422 1
9677883 214700000 0.5
4529213 214835713 1
4529213 214716710 1
4529213 214716707 1
4529213 214510689 0.5
4529213 214717627 0.5
4529213 214845508 0.5
5522494 214846447 1
5522494 214832145 1
5522494 214832154 1
5522494 214839600 0.5
5522494 214838137 0.5
5522494 214602733 0.5
5522494 214555262 0.5
5522494 214744775 0.5
11027637 214854840 1
11027637 214854797 1
11027637 214854789 1
11027637 214855016 0.5
11506821 214857570 1
11506821 214857568 1
11506821 214857562 1
11506821 214857549 0.5
11506821 214857015 0.5
4893761 214844330 1
4893761 214844325 1
4893761 214831946 1
4893761 214832012 0.5
4893761 214709317 0.5
4893761 214844327 0.5
2319428 214835087 1
2319428 214829887 1
2319428 214831967 1
2319428 214748336 0.5
2319428 214716110 0.5
4159329 214829797 1
4159329 214839939 1
4159329 214839347 1
4159329 214838096 0.5
4159329 214839932 0.5
4159329 214829102 0.5
7967816 214851317 1
7967816 214851097 1
7967816 214575665 1
7967816 214851073 0.5
7967816 214850792 0.5
7967816 214743339 0.5
7967816 214684498 0.5
7967816 214849395 0.5
7967816 214684502 0.5
10052681 214853379 1
10052681 214851082 1
10052681 214829822 1
10052681 214574777 0.5
10052681 214849282 0.5
10052681 214700990 0.5
5850186 214845962 1
5850186 214849010 1
5850186 214676377 1
5850186 214819427 0.5
5850186 214846312 0.5
5850186 214586443 0.5
5850186 214845965 0.5
5850186 214680360 0.5
5850186 214832019 0.5
6833228 214849127 1
6833228 214849093 1
6833228 214839973 1
6833228 214849762 0.5
6833228 214849734 0.5
6833228 214718385 0.5
6833228 214849097 0.5
6833228 214849100 0.5
6833228 214712242 0.5
6833228 214845806 0.5
6833228 214601233 0.5
6833228 214826610 0.5
6833228 214845587 0.5
6833228 214712244 0.5
6833228 214567417 0.5
6833228 214587697 0.5
6833228 214848377 0.5
6833228 214612730 0.5
6833228 214839932 0.5
7204706 214850756 1
7204706 214849740 1
7204706 214716645 1
7204706 214850754 0.5
7204706 214850619 0.5
7204706 214850790 0.5
2862161 214819760 1
2862161 214835122 1
2862161 214819762 1
2862161 214684843 0.5
1961048 214674427 1
1961048 214717498 1
1961048 214716626 1
1961048 214718160 0.5
1961048 214567408 0.5
9827419 214854510 1
9827419 214854262 1
9827419 214853930 1
9827419 214567333 0.5
8977501 214839611 1
8977501 214853248 1
8977501 214849010 1
8977501 214677830 0.5
8977501 214709702 0.5
8977501 214853105 0.5
8977501 214853096 0.5
8977501 214687753 0.5
8977501 214853130 0.5
8977501 214853169 0.5
8977501 214853077 0.5
8977501 214852987 0.5
8977501 214835548 0.5
8977501 214851326 0.5
9073168 214849010 1
9073168 214691471 1
9073168 214853195 1
9073168 214642057 0.5
9073168 214837442 0.5
9073168 214820443 0.5
9073168 214848315 0.5
9315426 214853992 1
9315426 214854017 1
9315426 214853852 1
9315426 214854176 0.5
9315426 214853413 0.5
9315426 214557223 0.5
10863718 214714755 1
10863718 214854842 1
10863718 214857551 1
10863718 214855016 0.5
10863718 214854840 0.5
10863718 214853100 0.5
10863718 214854733 0.5
10863718 214835004 0.5
4187931 214838109 1
4187931 214831970 1
4187931 214836887 1
4187931 214839937 0.5
8616828 214852987 1
8616828 214853128 1
8616828 214853130 1
8616828 214819393 0.5
8616828 214851742 0.5
8882382 214853077 1
8882382 214852980 1
8882382 214853135 1
8882382 214684942 0.5
9770856 214853698 1
9770856 214853730 1
9770856 214853767 1
9770856 214853722 0.5
9770856 214853707 0.5
9770856 214853700 0.5
11066061 214850304 1
11066061 214678710 1
11066061 214853072 1
11066061 214678104 0.5
11066061 214652216 0.5
11066061 214697435 0.5
10595667 214853726 1
10595667 214853735 1
10595667 214854547 1
10595667 214853728 0.5
10595667 214684785 0.5
10595667 214854358 0.5
7847041 214850771 1
7847041 214850938 1
7847041 214850743 1
7847041 214548744 0.5
7847041 214551624 0.5
7847041 214850792 0.5
5974956 214551913 1
5974956 214848300 1
5974956 214845521 1
5974956 214507365 0.5
72837 214821277 1
72837 214826893 1
72837 214827009 1
72837 214826801 0.5
72837 214714790 0.5
72837 214826799 0.5
3714183 214829792 1
3714183 214530705 1
3714183 214540070 1
3714183 214540127 0.5
291977 214821020 1
291977 214826715 1
291977 214826835 1
291977 214820345 0.5
6171033 214846417 1
6171033 214846466 1
6171033 214509401 1
6171033 214846427 0.5
23693 214821277 1
23693 214826606 1
23693 214829282 1
23693 214718160 0.5
23693 214821017 0.5
23693 214821022 0.5
23693 214718169 0.5
6057102 214846007 1
6057102 214846001 1
6057102 214846121 1
6057102 214845917 0.5
10454159 214854547 1
10454159 214854579 1
10454159 214854300 1
10454159 214718220 0.5
10454159 214850754 0.5
10454159 214850756 0.5
3026069 214834867 1
3026069 214843905 1
3026069 214609325 1
3026069 643078800 0.5
8877213 214853094 1
8877213 214845939 1
8877213 214853248 1
8877213 214853105 0.5
8877213 214852987 0.5
8877213 214848997 0.5
8877213 214849102 0.5
8877213 214853237 0.5
1754336 214834873 1
1754336 214829366 1
1754336 214821412 1
1754336 214834880 0.5
5352608 214836932 1
5352608 214846031 1
5352608 214846014 1
5352608 214844345 0.5
5352608 214844347 0.5
11216036 214853100 1
11216036 214854840 1
11216036 214854785 1
11216036 214850949 0.5
11216036 214845579 0.5
11216036 214850285 0.5
11216036 214846031 0.5
11216036 214829880 0.5
11216036 214838107 0.5
3376293 214832128 1
3376293 214832126 1
3376293 214835475 1
3376293 214835107 0.5
3376293 214584047 0.5
3376293 214832115 0.5
3376293 214836534 0.5
3376293 214837882 0.5
3376293 214821277 0.5
4957352 214710071 1
4957352 214838094 1
4957352 214839943 1
4957352 214696545 0.5
9610414 214853420 1
9610414 214850947 1
9610414 214853402 1
9610414 214828963 0.5
9610414 214717284 0.5
9610414 214553702 0.5
9610414 214828970 0.5
9610414 214849327 0.5
9610414 214663172 0.5
6833651 214849292 1
6833651 214849286 1
6833651 214832124 1
6833651 214850880 0.5
6833651 214579875 0.5
6833651 214849245 0.5
6833651 214838094 0.5
5556961 214844355 1
5556961 214845590 1
5556961 214835426 1
5556961 214836885 0.5
1887421 214834880 1
1887421 214712126 1
1887421 214821412 1
1887421 214826610 0.5
1887421 214744427 0.5
1887421 214834877 0.5
10147008 214854313 1
10147008 214854343 1
10147008 214854257 1
10147008 214853683 0.5
10147008 214546102 0.5
10147008 214846391 0.5
3851461 214838227 1
3851461 214836947 1
3851461 214820452 1
3851461 214836795 0.5
2081991 214834873 1
2081991 214834871 1
2081991 214547814 1
2081991 214743493 0.5
2081991 214550087 0.5
2081991 214705740 0.5
2081991 214834997 0.5
2081991 214717400 0.5
2081991 214833755 0.5
11107529 214857257 1
11107529 214857262 1
11107529 214857255 1
11107529 214691250 0.5
6051021 214846472 1
6051021 214846460 1
6051021 214850880 1
6051021 214837442 0.5
9372881 214853454 1
9372881 214853422 1
9372881 214850945 1
9372881 214853420 0.5
9372881 214850949 0.5
9663699 214853420 1
9663699 214850947 1
9663699 214850945 1
9663699 214836932 0.5
9663699 214665277 0.5
9663699 214850942 0.5
9663699 214844345 0.5
9663699 214851290 0.5
9663699 214684730 0.5
9663699 214684734 0.5
9655508 214853428 1
9655508 214853342 1
9655508 214853420 1
9655508 214853355 0.5
8819928 214853165 1
8819928 214853128 1
8819928 214678376 1
8819928 214853115 0.5
8819928 214853237 0.5
8819928 214853087 0.5
7726297 214744258 1
7726297 214835126 1
7726297 214850310 1
7726297 214700000 0.5
7726297 214743515 0.5
7726297 214851279 0.5
10369581 214853420 1
10369581 214853428 1
10369581 214853422 1
10369581 214853460 0.5
4877534 214587317 1
4877534 214829280 1
4877534 214602598 1
4877534 214828985 0.5
4535522 214710152 1
4535522 214839915 1
4535522 214584939 1
4535522 214553700 0.5
7626619 214850936 1
7626619 214850938 1
7626619 214850743 1
7626619 214651777 0.5
7626619 214850692 0.5
7626619 214850758 0.5
7626619 214850790 0.5
7626619 214850855 0.5
7626619 214850762 0.5
7626619 214561775 0.5
7626619 214850771 0.5
7626619 214850756 0.5
7626619 214821020 0.5
7626619 214850726 0.5
8158758 214667859 1
8158758 214851159 1
8158758 214850285 1
8158758 214850743 0.5
8455398 214851017 1
8455398 214838122 1
8455398 214849057 1
8455398 214838124 0.5
10718439 214853767 1
10718439 214854538 1
10718439 214854600 1
10718439 214556216 0.5
10718439 214556212 0.5
7663074 214850938 1
7663074 214850771 1
7663074 214850743 1
7663074 214850762 0.5
7663074 214850758 0.5
9075957 214846117 1
9075957 214852980 1
9075957 214853077 1
9075957 214853096 0.5
9075957 214819393 0.5
9075957 214852978 0.5
6997239 214848952 1
6997239 214849020 1
6997239 214848941 1
6997239 214848945 0.5
6997239 214848954 0.5
7772031 214564380 1
7772031 214851290 1
7772031 214851129 1
7772031 214851313 0.5
7772031 214829765 0.5
5498108 214844400 1
5498108 214844398 1
5498108 214844372 1
5498108 214800264 0.5
5498108 214844345 0.5
5498108 214844342 0.5
5498108 214832150 0.5
5498108 214835167 0.5
8346837 214851581 1
8346837 214851122 1
8346837 214851290 1
8346837 214670240 0.5
8346837 214851236 0.5
8346837 214848997 0.5
8346837 214843494 0.5
8346837 214716110 0.5
8346837 214851322 0.5
8346837 214851077 0.5
6434048 214612751 1
6434048 214848980 1
6434048 214533020 1
6434048 214844452 0.5
6434048 214846535 0.5
6434048 214848328 0.5
6434048 214848330 0.5
6434048 214848977 0.5
6434048 214821339 0.5
6434048 214844447 0.5
9227523 214857830 1
9227523 214854212 1
9227523 214534661 1
9227523 214835004 0.5
3888392 214835167 1
3888392 214587384 1
3888392 214836947 1
3888392 214832128 0.5
3888392 214836577 0.5
3888392 214835109 0.5
3888392 214836870 0.5
3888392 214826990 0.5
3888392 214826994 0.5
3888392 214835711 0.5
3888392 214820805 0.5
10425614 214826829 1
10425614 214853420 1
10425614 214858680 1
10425614 214717507 0.5
10425614 214854789 0.5
10425614 214845577 0.5
10425614 214819627 0.5
10425614 214711438 0.5
10425614 214684715 0.5
10425614 214846033 0.5
10425614 214829878 0.5
10425614 214848980 0.5
10425614 214826942 0.5
10425614 214583670 0.5
10425614 214684730 0.5
10425614 214853342 0.5
7726359 214850304 1
7726359 214564387 1
7726359 214849395 1
7726359 214850848 0.5
7726359 214850619 0.5
7726359 214835002 0.5
7726359 214850739 0.5
7726359 214850411 0.5
11140377 214857204 1
11140377 214835004 1
11140377 214704182 1
11140377 214835000 0.5
11140377 214859242 0.5
6280474 214531659 1
6280474 214746382 1
6280474 214849080 1
6280474 214834880 0.5
6280474 214716928 0.5
6280474 214846466 0.5
6280474 214550025 0.5
6280474 214840595 0.5
6280474 214584992 0.5
2463013 214667912 1
2463013 214829368 1
2463013 214829366 1
2463013 214826711 0.5
9385928 214853420 1
9385928 214853422 1
9385928 214850942 1
9385928 214850700 0.5
9385928 214853454 0.5
3484967 214832124 1
3484967 214832115 1
3484967 214557223 1
3484967 214835122 0.5
7046441 214849762 1
7046441 214849738 1
7046441 214850304 1
7046441 214846112 0.5
7046441 214849466 0.5
7046441 214845422 0.5
7046441 214844398 0.5
9426112 214853428 1
9426112 214850949 1
9426112 214853460 1
9426112 214853454 0.5
3900834 214835167 1
3900834 214835109 1
3900834 214836932 1
3900834 214838225 0.5
3900834 214836795 0.5
3900834 214836924 0.5
3900834 214829765 0.5
7701808 214561775 1
7701808 214850758 1
7701808 214850771 1
7701808 214651777 0.5
7701808 214850754 0.5
7701808 214850555 0.5
7701808 214850765 0.5
7701808 214676375 0.5
9018684 214853077 1
9018684 214851326 1
9018684 214852980 1
9018684 214853090 0.5
1838397 214831948 1
1838397 214843905 1
1838397 214828963 1
1838397 214819760 0.5
1838397 214554384 0.5
1838397 214836330 0.5
1838397 214829852 0.5
1838397 214819762 0.5
1574209 214645005 1
1574209 214587028 1
1574209 214834877 1
1574209 214641962 0.5
2385218 214829878 1
2385218 214831948 1
2385218 214829887 1
2385218 643078800 0.5
4433803 214839960 1
4433803 214832555 1
4433803 214575667 1
4433803 214832147 0.5
4433803 214743339 0.5
4433803 214684502 0.5
4433803 214717742 0.5
9604422 214851101 1
9604422 214848410 1
9604422 214848328 1
9604422 214826610 0.5
9604422 214853383 0.5
5260618 214838109 1
5260618 214677984 1
5260618 214589702 1
5260618 214538992 0.5
5260618 214645595 0.5
5260618 214538981 0.5
5260618 214612901 0.5
7774093 214850700 1
7774093 214850705 1
7774093 214851013 1
7774093 214839617 0.5
7774093 214820392 0.5
7774093 214800272 0.5
7774093 214849331 0.5
7774093 214848695 0.5
7774093 214828985 0.5
3947588 214602605 1
3947588 214684702 1
3947588 214717003 1
3947588 214700002 0.5
3947588 214678987 0.5
3947588 214646612 0.5
3947588 214829102 0.5
226643 214837490 1
226643 214837485 1
226643 214826912 1
226643 214837442 0.5
226643 214684845 0.5
3251297 214836847 1
3251297 214836851 1
3251297 214836534 1
3251297 214645708 0.5
3251297 214709645 0.5
3251297 214836527 0.5
3251297 214835122 0.5
3251297 214832115 0.5
3251297 214832124 0.5
6921564 214684715 1
6921564 214850304 1
6921564 214712237 1
6921564 214829792 0.5
493114 214826955 1
493114 214826715 1
493114 214826606 1
493114 214716984 0.5
493114 214716986 0.5
493114 214535621 0.5
493114 214716982 0.5
493114 214832653 0.5
10193473 214854264 1
10193473 214854268 1
10193473 214567333 1
10193473 214853848 0.5
10193473 214684785 0.5
10193473 214854354 0.5
10646879 214854118 1
10646879 214853711 1
10646879 214854298 1
10646879 214854600 0.5
10646879 214819464 0.5
10646879 214851099 0.5
10646879 214854540 0.5
10646879 214854527 0.5
8344928 214851317 1
8344928 214851097 1
8344928 214851581 1
8344928 214851122 0.5
8344928 214851236 0.5
8344928 214851165 0.5
8344928 214829850 0.5
8835984 214848926 1
8835984 214853128 1
8835984 214853165 1
8835984 214853162 0.5
8835984 214852987 0.5
9342523 214850291 1
9342523 214600472 1
9342523 214850295 1
9342523 214651777 0.5
4109378 214838105 1
4109378 214838098 1
4109378 214838102 1
4109378 214838096 0.5
4109378 214832012 0.5
4109378 214829773 0.5
4459409 214838107 1
4459409 214826945 1
4459409 214838098 1
4459409 214714757 0.5
4459409 214826942 0.5
2937063 214831948 1
2937063 214829878 1
2937063 214829880 1
2937063 214829887 0.5
10964332 214854836 1
10964332 214854767 1
10964332 214854699 1
10964332 214854347 0.5
10964332 214854716 0.5
10964332 214851757 0.5
7365997 214849747 1
7365997 214850310 1
7365997 214849136 1
7365997 214849250 0.5
11171114 214686879 1
11171114 214854718 1
11171114 214686864 1
11171114 214853081 0.5
11171114 214714715 0.5
5983604 214845135 1
5983604 214846033 1
5983604 214846012 1
5983604 214839969 0.5
5983604 214845986 0.5
5983604 214839971 0.5
5983604 214839973 0.5
5983604 214696897 0.5
5983604 214849001 0.5
5983604 214845131 0.5
5983604 214846447 0.5
5983604 214748336 0.5
5983604 214846001 0.5
5983604 214846007 0.5
5983604 214845887 0.5
7885374 214677615 1
7885374 214676375 1
7885374 214675895 1
7885374 214651777 0.5
8840566 214716746 1
8840566 214851161 1
8840566 214851131 1
8840566 214851080 0.5
8840566 214716671 0.5
3921129 214835109 1
3921129 214836924 1
3921129 214836932 1
3921129 214838227 0.5
3921129 214831974 0.5
3921129 214835167 0.5
9837947 214713401 1
9837947 214820400 1
9837947 214820402 1
9837947 214853707 0.5
9837947 214853702 0.5
2872701 214835475 1
2872701 214839617 1
2872701 214837882 1
2872701 214835747 0.5
2872701 214826951 0.5
7949543 214848377 1
7949543 214848337 1
7949543 214829852 1
7949543 214826990 0.5
7949543 214851101 0.5
7949543 214748336 0.5
7949543 214844345 0.5
7949543 214848410 0.5
7949543 214851290 0.5
95616 214709634 1
95616 214829285 1
95616 214827026 1
95616 214827017 0.5
95616 214826908 0.5
6240356 214845583 1
6240356 214844342 1
6240356 214844340 1
6240356 214845954 0.5
6240356 214829765 0.5
6240356 214845585 0.5
6240356 214573288 0.5
6240356 214848330 0.5
6240356 214602731 0.5
6240356 214821410 0.5
6240356 214848337 0.5
6240356 214835167 0.5
2678154 214829878 1
2678154 214829887 1
2678154 214831946 1
2678154 214831948 0.5
5201133 214829878 1
5201133 214829887 1
5201133 214540127 1
5201133 214826987 0.5
5201133 214839596 0.5
5201133 214676567 0.5
7544208 214850848 1
7544208 214564387 1
7544208 214850692 1
7544208 214564382 0.5
6272401 214845962 1
6272401 214849010 1
6272401 214564320 1
6272401 214845971 0.5
6272401 214709702 0.5
3480979 214832126 1
3480979 214832128 1
3480979 214836851 1
3480979 214835107 0.5
1364206 214834880 1
1364206 214834877 1
1364206 214826610 1
1364206 214829387 0.5
1364206 214833755 0.5
8718233 214829887 1
8718233 214850947 1
8718233 214850285 1
8718233 214846029 0.5
10653082 214567215 1
10653082 214567327 1
10653082 214854354 1
10653082 214854268 0.5
10653082 214854579 0.5
10653082 214854172 0.5
10653082 214854510 0.5
7331146 214820345 1
7331146 214819380 1
7331146 214819378 1
7331146 214849250 0.5
7331146 214850700 0.5
7331146 214849466 0.5
11138462 214854720 1
11138462 214853081 1
11138462 214854716 1
11138462 214712240 0.5
11138462 214710013 0.5
11138462 214854718 0.5
11138462 214853079 0.5
7044512 214850743 1
7044512 214850936 1
7044512 214850405 1
7044512 214850621 0.5
3915169 214836947 1
3915169 214829788 1
3915169 214829771 1
3915169 214838126 0.5
10338028 214567327 1
10338028 214567333 1
10338028 214854358 1
10338028 214854510 0.5
10338028 214854527 0.5
10587559 214854300 1
10587559 214850741 1
10587559 214854497 1
10587559 214854830 0.5
10587559 214854767 0.5
10587559 214686864 0.5
10587559 214837873 0.5
10587559 214854804 0.5
10587559 214819577 0.5
10587559 214850735 0.5
10587559 214705757 0.5
6723387 214710152 1
6723387 214690781 1
6723387 214531618 1
6723387 214644662 0.5
4989511 214843320 1
4989511 214845133 1
4989511 214845131 1
4989511 214602598 0.5
2396893 214831959 1
2396893 214835745 1
2396893 214744535 1
2396893 214587712 0.5
2396893 214558080 0.5
2396893 214820402 0.5
2396893 214826876 0.5
7294536 214849734 1
7294536 214849239 1
7294536 214849760 1
7294536 214846466 0.5
7294536 214849284 0.5
7294536 214791688 0.5
7294536 214849001 0.5
7294536 214850282 0.5
7294536 214844400 0.5
7294536 214826610 0.5
7294536 214850291 0.5
7294536 214849333 0.5
7294536 214850295 0.5
7294536 214820186 0.5
7294536 214718398 0.5
6172083 214846117 1
6172083 214849010 1
6172083 214846010 1
6172083 214676377 0.5
2061748 214829042 1
2061748 214826837 1
2061748 214826627 1
2061748 214829280 0.5
2061748 214743369 0.5
9060929 214712237 1
9060929 214511015 1
9060929 214835126 1
9060929 214826987 0.5
6833591 214832604 1
6833591 214716707 1
6833591 214839971 1
6833591 214848950 0.5
6596028 214849331 1
6596028 214849284 1
6596028 214826610 1
6596028 214849312 0.5
6596028 214829387 0.5
6596028 214667857 0.5
6596028 214849046 0.5
6596028 214849020 0.5
6596028 214849022 0.5
4898238 214837280 1
4898238 214838092 1
4898238 214837288 1
4898238 214826820 0.5
10243519 214567329 1
10243519 214567215 1
10243519 214854358 1
10243519 214854264 0.5
9643458 214850949 1
9643458 214845579 1
9643458 214853340 1
9643458 214845577 0.5
9643458 214838107 0.5
5511688 214844342 1
5511688 214845587 1
5511688 214850402 1
5511688 214844340 0.5
5511688 214844398 0.5
10583499 214819779 1
10583499 214848375 1
10583499 214853846 1
10583499 214853435 0.5
10583499 214853413 0.5
5787086 214846119 1
5787086 214846117 1
5787086 214553257 1
5787086 214845984 0.5
5787086 214839587 0.5
5787086 214846312 0.5
5787086 214845965 0.5
5787086 214846318 0.5
5787086 214849010 0.5
5787086 214819640 0.5
5787086 214676377 0.5
5787086 214839932 0.5
5787086 214845917 0.5
6583761 214848941 1
6583761 214848952 1
6583761 214849292 1
6583761 214848945 0.5
6583761 214849022 0.5
11130872 214853100 1
11130872 214853102 1
11130872 214854785 1
11130872 214854840 0.5
11130872 214854860 0.5
6385111 214826893 1
6385111 214832154 1
6385111 214845581 1
6385111 214829882 0.5
6385111 214848975 0.5
9113049 214853210 1
9113049 214853132 1
9113049 214853265 1
9113049 214842474 0.5
9113049 214853261 0.5
9113049 214853222 0.5
9113049 214853237 0.5
7306724 214850396 1
7306724 214849753 1
7306724 214832158 1
7306724 214849318 0.5
2704873 214826979 1
2704873 214748336 1
2704873 214826904 1
2704873 214685857 0.5
2704873 214695285 0.5
2704873 214831959 0.5
2704873 214829850 0.5
2704873 214826621 0.5
2704873 214821022 0.5
4428712 214845435 1
4428712 214835109 1
4428712 214829850 1
4428712 214587712 0.5
4428712 214819760 0.5
4428712 214839587 0.5
4428712 214839973 0.5
4428712 214707879 0.5
4428712 214839932 0.5
4428712 214845131 0.5
4428712 214839600 0.5
4428712 214832145 0.5
4428712 214820402 0.5
4428712 214838227 0.5
4428712 214707875 0.5
4428712 214826951 0.5
4428712 214839960 0.5
4428712 214829852 0.5
5366319 214844398 1
5366319 214535051 1
5366319 214834931 1
5366319 214834933 0.5
2602483 214829392 1
2602483 214829878 1
2602483 214829882 1
2602483 214831946 0.5
2602483 214553735 0.5
10456566 214567329 1
10456566 214853728 1
10456566 214567215 1
10456566 214567333 0.5
10456566 214854262 0.5
10456566 214567327 0.5
9625079 214853715 1
9625079 214853992 1
9625079 214854017 1
9625079 214854146 0.5
9625079 214579875 0.5
9625079 214851748 0.5
9625079 214850405 0.5
7270996 214700000 1
7270996 214835126 1
7270996 214851120 1
7270996 214744258 0.5
7270996 214851279 0.5
5852668 214845984 1
5852668 214846033 1
5852668 214846012 1
5852668 214846065 0.5
5852668 214845405 0.5
5852668 214846447 0.5
1497002 214834877 1
1497002 214821412 1
1497002 214821410 1
1497002 214821317 0.5
1497002 214829387 0.5
1497002 214829366 0.5
1497002 214559960 0.5
1497002 214826589 0.5
1497002 214712126 0.5
3392769 214650598 1
3392769 214835109 1
3392769 214826990 1
3392769 214676962 0.5
3392769 214560587 0.5
3392769 214650564 0.5
3392769 214650626 0.5
3392769 214826621 0.5
10554893 214853700 1
10554893 214853730 1
10554893 214853767 1
10554893 214853722 0.5
10554893 214854172 0.5
10554893 214853765 0.5
6141454 214846417 1
6141454 214846412 1
6141454 214846415 1
6141454 214846427 0.5
9597427 214717063 1
9597427 214829730 1
9597427 214851281 1
9597427 214849329 0.5
9597427 214680356 0.5
9889297 214853698 1
9889297 214846333 1
9889297 214851133 1
9889297 214700002 0.5
9889297 214851313 0.5
9889297 214826987 0.5
9889297 214835117 0.5
9889297 214718385 0.5
9889297 214851122 0.5
9889297 214846462 0.5
8121874 214851317 1
8121874 214851148 1
8121874 214716714 1
8121874 214716746 0.5
8121874 214851028 0.5
8121874 214851071 0.5
6416643 214849070 1
6416643 214850357 1
6416643 214848600 1
6416643 214846419 0.5
6416643 214712124 0.5
6416643 214582181 0.5
6416643 214848926 0.5
6416643 214579839 0.5
8208883 214851131 1
8208883 214716671 1
8208883 214684942 1
8208883 214714794 0.5
8208883 214851579 0.5
8208883 214851122 0.5
2686896 214831950 1
2686896 214684730 1
2686896 214829885 1
2686896 214711408 0.5
2686896 214514291 0.5
2686896 214711087 0.5
9950811 214567329 1
9950811 214853846 1
9950811 214854159 1
9950811 214853848 0.5
9950811 214853210 0.5
9950811 214832147 0.5
9950811 214853132 0.5
5531183 214835473 1
5531183 214831955 1
5531183 214844372 1
5531183 214844400 0.5
5531183 214835428 0.5
8132146 214851131 1
8132146 214851028 1
8132146 214716671 1
8132146 214851579 0.5
10249781 214853930 1
10249781 214849807 1
10249781 214854819 1
10249781 214854527 0.5
10249781 214854857 0.5
10249781 214854298 0.5
10249781 214854495 0.5
10249781 214854545 0.5
8056374 214838122 1
8056374 214849048 1
8056374 214849055 1
8056374 214845579 0.5
8056374 214850285 0.5
6209079 214848380 1
6209079 214848630 1
6209079 214848626 1
6209079 214846530 0.5
6209079 214835109 0.5
10341736 214854354 1
10341736 214850947 1
10341736 214850945 1
10341736 214853713 0.5
10341736 214850942 0.5
2766394 214835132 1
2766394 214835017 1
2766394 214835745 1
2766394 214835747 0.5
2766394 214829390 0.5
10913339 214854795 1
10913339 214854853 1
10913339 214854782 1
10913339 214854840 0.5
10913339 214820188 0.5
10913339 214848967 0.5
7250186 214849734 1
7250186 214849738 1
7250186 214850282 1
7250186 214849736 0.5
7250186 214849762 0.5
7250186 214849757 0.5
1416769 214834877 1
1416769 214829715 1
1416769 214834880 1
1416769 214829385 0.5
5135942 214744775 1
5135942 214690110 1
5135942 214839587 1
5135942 214706465 0.5
5135942 214743495 0.5
5135942 214687852 0.5
5135942 214820396 0.5
5135942 214706102 0.5
5135942 214829321 0.5
10100296 214853767 1
10100296 214853700 1
10100296 214853353 1
10100296 214853713 0.5
10100296 214853698 0.5
7087372 214850747 1
7087372 214850405 1
7087372 214850692 1
7087372 214849764 0.5
7087372 214850790 0.5
7087372 214557223 0.5
7087372 214849363 0.5
7087372 214850870 0.5
7087372 214839962 0.5
5865969 214846367 1
5865969 214826904 1
5865969 214846419 1
5865969 214717087 0.5
1697366 214828963 1
1697366 214547814 1
1697366 214828965 1
1697366 214560615 0.5
11259481 214853156 1
11259481 214855209 1
11259481 214853154 1
11259481 214864880 0.5
11259481 214854347 0.5
11259481 214854836 0.5
11259481 214854782 0.5
11259481 214853102 0.5
2930267 214837918 1
2930267 214748336 1
2930267 214837916 1
2930267 214834867 0.5
8796432 214853248 1
8796432 214850372 1
8796432 214853259 1
8796432 214853085 0.5
8796432 214853087 0.5
6563427 214846479 1
6563427 214846427 1
6563427 214840584 1
6563427 214846432 0.5
4221023 214839596 1
4221023 214829790 1
4221023 214826942 1
4221023 214838096 0.5
4221023 214838098 0.5
1506923 214551913 1
1506923 214551902 1
1506923 214556477 1
1506923 214834873 0.5
1330796 214829085 1
1330796 214834877 1
1330796 214821285 1
1330796 214821410 0.5
1330796 214820227 0.5
1330796 214821412 0.5
1330796 214820233 0.5
1330796 214828976 0.5
1330796 214829079 0.5
1330796 214829083 0.5
1330796 214838460 0.5
1330796 214838462 0.5
1341037 214829387 1
1341037 214834880 1
1341037 214834877 1
1341037 214826610 0.5
2672238 214826666 1
2672238 214826664 1
2672238 214829042 1
2672238 214826668 0.5
2672238 214710309 0.5
2672238 214554510 0.5
9703026 214850949 1
9703026 214850942 1
9703026 214853456 1
9703026 214560170 0.5
9703026 214831955 0.5
9703026 214853340 0.5
9703026 214853338 0.5
9703026 214853422 0.5
11335287 214854838 1
11335287 214547081 1
11335287 214848315 1
11335287 214857562 0.5
11335287 214564451 0.5
11335287 214554285 0.5
11335287 214853822 0.5
8607358 214853094 1
8607358 214851326 1
8607358 214853090 1
8607358 214853085 0.5
3040421 214831946 1
3040421 214831948 1
3040421 214829880 1
3040421 214829882 0.5
958082 214821307 1
958082 214686086 1
958082 214685795 1
958082 214714880 0.5
958082 214821401 0.5
958082 214717286 0.5
5572203 214845917 1
5572203 214845131 1
5572203 214748336 1
5572203 214836330 0.5
5572203 214846061 0.5
5572203 214845887 0.5
71958 214819721 1
71958 214748336 1
71958 214820456 1
71958 214712130 0.5
71958 214725532 0.5
6120044 214850880 1
6120044 214850870 1
6120044 214850876 1
6120044 214845980 0.5
11073163 214854797 1
11073163 214854840 1
11073163 214853102 1
11073163 214854787 0.5
3251852 214836075 1
3251852 214836050 1
3251852 214836358 1
3251852 214836352 0.5
3251852 214836146 0.5
4679618 214832147 1
4679618 214684717 1
4679618 214829880 1
4679618 214847968 0.5
4679618 214829280 0.5
4679618 214602598 0.5
4679618 214826833 0.5
4679618 214832555 0.5
4679618 214838105 0.5
4679618 214650641 0.5
4679618 214826835 0.5
4679618 214836855 0.5
4679618 214601272 0.5
4679618 214828985 0.5
4679618 214838107 0.5
4679618 214829885 0.5
7845519 214850711 1
7845519 214850771 1
7845519 214850705 1
7845519 214850743 0.5
8591299 214842735 1
8591299 214848305 1
8591299 214848298 1
8591299 214820345 0.5
8591299 214848300 0.5
5123733 214836956 1
5123733 214844330 1
5123733 214820261 1
5123733 214838092 0.5
5922454 214848832 1
5922454 214848613 1
5922454 214848808 1
5922454 214556055 0.5
7777944 214853177 1
7777944 214853175 1
7777944 214853758 1
7777944 214714794 0.5
1640094 214834877 1
1640094 214829387 1
1640094 214826610 1
1640094 214826874 0.5
1640094 214833755 0.5
1640094 214829366 0.5
8726176 214850938 1
8726176 214850790 1
8726176 214850936 1
8726176 214851097 0.5
8726176 214849395 0.5
8726176 214849462 0.5
8726176 214612895 0.5
8195746 214716714 1
8195746 214851131 1
8195746 214716746 1
8195746 214851163 0.5
1875619 214829887 1
1875619 214761930 1
1875619 214748291 1
1875619 214826627 0.5
1724069 214839600 1
1724069 214748336 1
1724069 214826589 1
1724069 214829321 0.5
1724069 214832780 0.5
1724069 214800272 0.5
1724069 214601233 0.5
1724069 214826908 0.5
1724069 214819376 0.5
1724069 214821410 0.5
1724069 214821412 0.5
1724069 214826921 0.5
1724069 214820400 0.5
1724069 214587317 0.5
1724069 214829366 0.5
1724069 214819721 0.5
1724069 214746427 0.5
1724069 214690110 0.5
1724069 214712130 0.5
1724069 214743495 0.5
1724069 214743369 0.5
1724069 214553561 0.5
1724069 214833755 0.5
1724069 214819550 0.5
1724069 214585695 0.5
1724069 214650592 0.5
1724069 214586469 0.5
1724069 214819430 0.5
1724069 214573290 0.5
1724069 214577387 0.5
1724069 214826998 0.5
1724069 214668281 0.5
1724069 214612730 0.5
1212643 214821015 1
1212643 214819374 1
1212643 214718197 1
1212643 214826617 0.5
1212643 214553844 0.5
10833578 214687845 1
10833578 214687475 1
10833578 214846391 1
10833578 214744775 0.5
10660807 214854268 1
10660807 214854264 1
10660807 214854510 1
10660807 214567333 0.5
10660807 214854262 0.5
10660807 214567327 0.5
8242861 214850758 1
8242861 214850938 1
8242861 214850771 1
8242861 214836947 0.5
8242861 214849391 0.5
8242861 214850743 0.5
8242861 214848302 0.5
8242861 214848847 0.5
9727663 214850947 1
9727663 214853420 1
9727663 214668667 1
9727663 214853428 0.5
5524312 214826990 1
5524312 214844345 1
5524312 214844396 1
5524312 214844400 0.5
5524312 214844340 0.5
5524312 214844398 0.5
8310454 214851161 1
8310454 214851131 1
8310454 214851163 1
8310454 214851080 0.5
8310454 214716671 0.5
1218234 214828974 1
1218234 214833755 1
1218234 214829387 1
1218234 214819376 0.5
1218234 214829321 0.5
1218234 214800272 0.5
1218234 214826612 0.5
8638141 214853109 1
8638141 214678387 1
8638141 214853111 1
8638141 214853169 0.5
5439166 214845583 1
5439166 214845412 1
5439166 214845587 1
5439166 214838225 0.5
5439166 214832150 0.5
5439166 214845585 0.5
2611932 214829878 1
2611932 214835574 1
2611932 214835572 1
2611932 214829394 0.5
4726167 214612901 1
4726167 214838109 1
4726167 214826730 1
4726167 214677984 0.5
11118286 214854785 1
11118286 214853100 1
11118286 214853081 1
11118286 214819691 0.5
11118286 214853156 0.5
11118286 214854838 0.5
11118286 214853102 0.5
2942674 214645708 1
2942674 214844456 1
2942674 214844439 1
2942674 214579875 0.5
2942674 214844394 0.5
2942674 214839279 0.5
2942674 214587697 0.5
2942674 214717880 0.5
2942674 214573305 0.5
2942674 214551626 0.5
2942674 214533022 0.5
10403541 214567215 1
10403541 214567327 1
10403541 214567333 1
10403541 214854264 0.5
10403541 214567329 0.5
10403541 214854268 0.5
5159291 214845356 1
5159291 214832010 1
5159291 214826833 1
5159291 214839971 0.5
5159291 214839973 0.5
4497116 214587317 1
4497116 214839956 1
4497116 214839977 1
4497116 214839960 0.5
3096286 214602600 1
3096286 214587712 1
3096286 214587697 1
3096286 214832792 0.5
3096286 214835017 0.5
3096286 214835747 0.5
3096286 214826565 0.5
4429537 214738457 1
4429537 214836887 1
4429537 214826979 1
4429537 214651777 0.5
4429537 214829765 0.5
4429537 214609325 0.5
4429537 214716909 0.5
4429537 214834867 0.5
4429537 214829878 0.5
4429537 214838105 0.5
8128226 214851236 1
8128226 214851075 1
8128226 214849155 1
8128226 214844400 0.5
8128226 214819760 0.5
8128226 214849738 0.5
8128226 214748336 0.5
8128226 214819762 0.5
8128226 214819380 0.5
8128226 214849136 0.5
8128226 214851099 0.5
8128226 214851133 0.5
5444902 214844370 1
5444902 214844372 1
5444902 214846065 1
5444902 214844402 0.5
11050727 214851099 1
11050727 214853102 1
11050727 214854785 1
11050727 214714755 0.5
6972028 214536290 1
6972028 214581446 1
6972028 214581444 1
6972028 214550096 0.5
10484136 214854823 1
10484136 214854733 1
10484136 214854842 1
10484136 214854536 0.5
10484136 214714755 0.5
2312488 214826947 1
2312488 214835017 1
2312488 214834867 1
2312488 214587712 0.5
2312488 214835747 0.5
3792627 214712124 1
3792627 214711205 1
3792627 214835109 1
3792627 214831974 0.5
3049819 214748291 1
3049819 214748297 1
3049819 214748338 1
3049819 214748293 0.5
3561208 214819528 1
3561208 214748302 1
3561208 214835747 1
3561208 214587712 0.5
3561208 214835017 0.5
3561208 214530264 0.5
3561208 214839607 0.5
2543353 214829878 1
2543353 214829887 1
2543353 214600509 1
2543353 214831946 0.5
2543353 214826947 0.5
10340699 214854517 1
10340699 214854527 1
10340699 214853930 1
10340699 214854495 0.5
7730944 214850700 1
7730944 214850711 1
7730944 214677615 1
7730944 214850743 0.5
5928708 214835745 1
5928708 214835747 1
5928708 214587712 1
5928708 214846061 0.5
7532294 214850295 1
7532294 214850304 1
7532294 214850291 1
7532294 214849031 0.5
878349 214820392 1
878349 214828995 1
878349 214828980 1
878349 214819430 0.5
2500366 214829880 1
2500366 214836519 1
2500366 214831946 1
2500366 214829882 0.5
2500366 214829878 0.5
6295312 214850287 1
6295312 214849076 1
6295312 214848615 1
6295312 214820186 0.5
6295312 214686911 0.5
6832771 214714719 1
6832771 214826990 1
6832771 214845982 1
6832771 214829720 0.5
6832771 214579755 0.5
8478484 214835167 1
8478484 214851577 1
8478484 214851292 1
8478484 214829765 0.5
10760836 214567329 1
10760836 214567215 1
10760836 214854358 1
10760836 214854549 0.5
7572939 214850936 1
7572939 214850790 1
7572939 214850720 1
7572939 214851011 0.5
7572939 214557701 0.5
7572939 214850760 0.5
7572939 214850762 0.5
7572939 214743339 0.5
7572939 214851097 0.5
7572939 214850876 0.5
11030302 214853102 1
11030302 214854787 1
11030302 214854785 1
11030302 214853100 0.5
11030302 214854782 0.5
6217349 214848375 1
6217349 214832604 1
6217349 214848371 1
6217349 214558192 0.5
6217349 214556055 0.5
11077408 214853102 1
11077408 214854840 1
11077408 214864880 1
11077408 214854860 0.5
7759152 214840378 1
7759152 214552682 1
7759152 214835120 1
7759152 214700002 0.5
7759152 214601210 0.5
1649372 214826610 1
1649372 214834877 1
1649372 214829387 1
1649372 214833755 0.5
1649372 214829366 0.5
10986854 214850282 1
10986854 214850285 1
10986854 214853102 1
10986854 214829880 0.5
10986854 214854785 0.5
10986854 214850947 0.5
10986854 214853100 0.5
10986854 214846033 0.5
2039593 214829861 1
2039593 214829863 1
2039593 214832720 1
2039593 214829707 0.5
2039593 214829846 0.5
4559837 214839956 1
4559837 214829042 1
4559837 214630042 1
4559837 214839977 0.5
399153 214717003 1
399153 214717005 1
399153 214716982 1
399153 214716984 0.5
399153 214684513 0.5
399153 214832657 0.5
399153 214716999 0.5
3032884 214835747 1
3032884 214835019 1
3032884 214835017 1
3032884 214587712 0.5
1197878 214841640 1
1197878 214584939 1
1197878 214584907 1
1197878 214684513 0.5
1197878 214840597 0.5
1197878 214821277 0.5
2248329 214829878 1
2248329 214829882 1
2248329 214829887 1
2248329 214829885 0.5
10166073 214853722 1
10166073 214853698 1
10166073 214853767 1
10166073 214853353 0.5
10166073 214696897 0.5
3643213 214829799 1
3643213 214820402 1
3643213 214838137 1
3643213 214838227 0.5
10127183 214853730 1
10127183 214844396 1
10127183 214665277 1
10127183 214854504 0.5
10127183 214854065 0.5
10127183 214845986 0.5
10127183 214819577 0.5
6074192 214838227 1
6074192 214844398 1
6074192 214826610 1
6074192 214835745 0.5
6074192 214839932 0.5
6074192 214848377 0.5
500024 214837485 1
500024 214829321 1
500024 214800272 1
500024 214601233 0.5
500024 214819770 0.5
10229592 214853767 1
10229592 214853722 1
10229592 214844398 1
10229592 214854345 0.5
10229592 214853707 0.5
1488783 214811739 1
1488783 214826996 1
1488783 214826563 1
1488783 214718177 0.5
1488783 214650626 0.5
1488783 214587028 0.5
1488783 214826610 0.5
3929949 214836795 1
3929949 214829771 1
3929949 214829773 1
3929949 214836870 0.5
10334046 214853698 1
10334046 214849736 1
10334046 214853700 1
10334046 214854032 0.5
10334046 214853724 0.5
10334046 214853732 0.5
10334046 214853735 0.5
4237152 214663310 1
4237152 214668793 1
4237152 214550844 1
4237152 214602403 0.5
6031202 214849252 1
6031202 214846367 1
6031202 214848695 1
6031202 214577025 0.5
6031202 214845457 0.5
6031202 214846460 0.5
6031202 214561775 0.5
4652901 214554954 1
4652901 214710062 1
4652901 214839311 1
4652901 214829280 0.5
4652901 214837280 0.5
4652901 214602598 0.5
4652901 214586694 0.5
4652901 214696335 0.5
4652901 214836853 0.5
4652901 214836855 0.5
4652901 214836857 0.5
4652901 214837286 0.5
4652901 214587317 0.5
4595562 214836932 1
4595562 214836924 1
4595562 214836877 1
4595562 214839960 0.5
614251 214826998 1
614251 214821397 1
614251 214837490 1
614251 214837483 0.5
614251 214557701 0.5
614251 214837487 0.5
4552559 214845131 1
4552559 214839973 1
4552559 214839971 1
4552559 214839600 0.5
4552559 214839960 0.5
4552559 214839975 0.5
10555792 214567333 1
10555792 214567215 1
10555792 214537854 1
10555792 214854352 0.5
10555792 214567327 0.5
10555792 214854268 0.5
10555792 214854159 0.5
6295412 214849046 1
6295412 214849020 1
6295412 214849022 1
6295412 214848945 0.5
6295412 214849076 0.5
3479414 214820842 1
3479414 214746375 1
3479414 214600492 1
3479414 214835745 0.5
3479414 214746380 0.5
3479414 214836534 0.5
5674873 214849010 1
5674873 214820443 1
5674873 214846119 1
5674873 214680360 0.5
5674873 214676377 0.5
5674873 214832019 0.5
5674873 214845965 0.5
5674873 214821382 0.5
8970106 214678387 1
8970106 214853165 1
8970106 214853130 1
8970106 214844252 0.5
8970106 214844220 0.5
8970106 214851742 0.5
8970106 214677830 0.5
8415099 214850741 1
8415099 214850720 1
8415099 214845958 1
8415099 214851011 0.5
8415099 214849395 0.5
8415099 214850621 0.5
8844423 214678376 1
8844423 214849010 1
8844423 214845954 1
8844423 214853128 0.5
8844423 214678387 0.5
3633023 214836915 1
3633023 214685747 1
3633023 214826816 1
3633023 214552387 0.5
3633023 214820456 0.5
3633023 214600492 0.5
3633023 214840556 0.5
3633023 214839737 0.5
3633023 214587705 0.5
3633023 214839932 0.5
3633023 214842557 0.5
8796033 214851742 1
8796033 214846119 1
8796033 214678376 1
8796033 214845962 0.5
8796033 214853107 0.5
8796033 214853165 0.5
9160581 214853128 1
9160581 214853130 1
9160581 214582200 1
9160581 214845971 0.5
9160581 214853165 0.5
5260903 214716635 1
5260903 214835070 1
5260903 214820377 1
5260903 214835462 0.5
8089239 214850295 1
8089239 214849809 1
8089239 214850304 1
8089239 214651777 0.5
8089239 214850758 0.5
10090381 214853767 1
10090381 214853730 1
10090381 214850741 1
10090381 214851281 0.5
10090381 214853707 0.5
10090381 214717867 0.5
1892239 214826998 1
1892239 214717847 1
1892239 214581699 1
1892239 214829379 0.5
1892239 214667912 0.5
1892239 214829321 0.5
1892239 214587317 0.5
1892239 214706102 0.5
1892239 214828985 0.5
1892239 214826874 0.5
1892239 214554332 0.5
8288152 214851317 1
8288152 214851575 1
8288152 214716671 1
8288152 214851080 0.5
8288152 214851161 0.5
8288152 214851133 0.5
9085594 214850711 1
9085594 214851101 1
9085594 214850700 1
9085594 214851585 0.5
9085594 214851290 0.5
9085594 214851159 0.5
9085594 214848337 0.5
9085594 214846535 0.5
6416286 214712237 1
6416286 214844372 1
6416286 214844400 1
6416286 214848656 0.5
6416286 214700002 0.5
5748639 214821382 1
5748639 214846119 1
5748639 214820443 1
5748639 214846010 0.5
5748639 214845965 0.5
3696549 214836924 1
3696549 214835167 1
3696549 214829765 1
3696549 214836932 0.5
3858342 214836932 1
3858342 214842735 1
3858342 214835122 1
3858342 214743497 0.5
11200497 214854819 1
11200497 214854857 1
11200497 214853722 1
11200497 214839973 0.5
11200497 214849738 0.5
11200497 214853709 0.5
11200497 214820400 0.5
11200497 214706102 0.5
11200497 214854298 0.5
11055016 214686879 1
11055016 214686864 1
11055016 214854838 1
11055016 214853698 0.5
11055016 214854767 0.5
11055016 214687847 0.5
6023082 214845958 1
6023082 214845982 1
6023082 214846415 1
6023082 214846427 0.5
6023082 214848165 0.5
9682859 214853325 1
9682859 214853321 1
9682859 214853865 1
9682859 214853330 0.5
4941743 214834877 1
4941743 214835109 1
4941743 214826990 1
4941743 214826610 0.5
1058739 214821305 1
1058739 214821302 1
1058739 214821309 1
1058739 214551626 0.5
5951412 214846117 1
5951412 214821384 1
5951412 214820377 1
5951412 214819640 0.5
5951412 214846010 0.5
5951412 214845971 0.5
5951412 214821382 0.5
8232886 214551607 1
8232886 214844452 1
8232886 214612738 1
8232886 214612708 0.5
8232886 214844458 0.5
8232886 214612751 0.5
8232886 214533020 0.5
8232886 214533022 0.5
8232886 214844447 0.5
3318431 214819550 1
3318431 214821017 1
3318431 214651777 1
3318431 214833755 0.5
3318431 214819430 0.5
3318431 214564710 0.5
3318431 214538572 0.5
3318431 214820394 0.5
3318431 214835019 0.5
3318431 214820812 0.5
3318431 214554637 0.5
3318431 214555438 0.5
3318431 214832559 0.5
3318431 214839600 0.5
3318431 214826610 0.5
3318431 214829366 0.5
3318431 214561402 0.5
3318431 214677615 0.5
3318431 214826621 0.5
3318431 214821022 0.5
3318431 214835002 0.5
5257148 214844400 1
5257148 214844398 1
5257148 214844370 1
5257148 214844396 0.5
7322954 214850932 1
7322954 214848986 1
7322954 214668755 1
7322954 214706216 0.5
10695391 214854352 1
10695391 214853244 1
10695391 214854536 1
10695391 214854354 0.5
9738176 214853353 1
9738176 214853430 1
9738176 214850945 1
9738176 214853700 0.5
9738176 214853767 0.5
4480961 214832023 1
4480961 214829280 1
4480961 214602733 1
4480961 214838107 0.5
4480961 214587317 0.5
4480961 214602598 0.5
10567619 214854298 1
10567619 214854517 1
10567619 214854538 1
10567619 214853094 0.5
10567619 214853767 0.5
10567619 214561775 0.5
10567619 214854515 0.5
10567619 214577334 0.5
10567619 214854527 0.5
1343861 214834880 1
1343861 214829387 1
1343861 214834877 1
1343861 214826610 0.5
1343861 214821412 0.5
1343861 214826589 0.5
5932364 214820443 1
5932364 214845986 1
5932364 214848159 1
5932364 214846001 0.5
5932364 214839971 0.5
5932364 214846012 0.5
7751628 214667915 1
7751628 214708305 1
7751628 214850758 1
7751628 214651777 0.5
5642232 214846447 1
5642232 214849001 1
5642232 214845131 1
5642232 214606948 0.5
5642232 214848997 0.5
2605011 214831948 1
2605011 214829882 1
2605011 214829885 1
2605011 214819468 0.5
2605011 214831965 0.5
2605011 214829887 0.5
9619413 214853165 1
9619413 214718160 1
9619413 214651777 1
9619413 214821024 0.5
9619413 214853128 0.5
9619413 214846312 0.5
9619413 214853130 0.5
9619413 214581611 0.5
9619413 214853169 0.5
9619413 214849010 0.5
9619413 214678387 0.5
9619413 214852987 0.5
2578407 214829878 1
2578407 214829882 1
2578407 214829887 1
2578407 214831948 0.5
8478716 214851152 1
8478716 214851131 1
8478716 214716746 1
8478716 214851163 0.5
8205911 214851290 1
8205911 214564380 1
8205911 214851238 1
8205911 214851232 0.5
8205911 214849031 0.5
8205911 214850621 0.5
8205911 214849012 0.5
8205911 214844347 0.5
8205911 214851101 0.5
8527999 214564380 1
8527999 214851290 1
8527999 214851232 1
8527999 214691390 0.5
2596846 214829880 1
2596846 214831948 1
2596846 214836517 1
2596846 214819760 0.5
2596846 214544327 0.5
2596846 214716110 0.5
2596846 214514640 0.5
2596846 214559317 0.5
2596846 214831967 0.5
10814462 214846067 1
10814462 214839587 1
10814462 214853707 1
10814462 214800262 0.5
10814462 214854118 0.5
10814462 214846061 0.5
10814462 214748334 0.5
10814462 214853709 0.5
10814462 214851122 0.5
10814462 214587317 0.5
10814462 214826998 0.5
10814462 214854298 0.5
2887672 214716980 1
2887672 214716937 1
2887672 214716939 1
2887672 214716977 0.5
5490683 214844370 1
5490683 214832557 1
5490683 214836924 1
5490683 214553257 0.5
5490683 214558258 0.5
5490683 214845965 0.5
11347964 214857568 1
11347964 214857570 1
11347964 214857562 1
11347964 214854491 0.5
5883902 214845420 1
5883902 214821382 1
5883902 214846312 1
5883902 214564320 0.5
5883902 214845954 0.5
5883902 214846119 0.5
5883902 214553257 0.5
5883902 214845965 0.5
5883902 214846318 0.5
5883902 214600502 0.5
5883902 214676377 0.5
