4466689 214845131 1
4466689 214839971 1
4466689 214839973 1
4466689 214602598 0.5
4466689 214602733 0.5
4466689 214829775 0.5
4466689 214836857 0.5
4466689 214829850 0.5
4466689 214838107 0.5
8527531 214853252 1
8527531 214537490 1
8527531 214774685 1
8527531 214836827 0.5
8527531 214601027 0.5
8527531 214534693 0.5
9652228 214853342 1
9652228 214850947 1
9652228 214853420 1
9652228 214848729 0.5
9652228 214831955 0.5
9652228 214850949 0.5
9652228 214853422 0.5
1017206 214821412 1
1017206 214829366 1
1017206 214834877 1
1017206 214800272 0.5
1017206 214829321 0.5
1017206 214821410 0.5
1017206 214748336 0.5
1017206 214826589 0.5
10616838 214854527 1
10616838 214848658 1
10616838 214748336 1
10616838 214854298 0.5
10616838 214846067 0.5
10616838 214853709 0.5
10616838 214706102 0.5
7632903 214850936 1
7632903 214850938 1
7632903 214564382 1
7632903 214829666 0.5
7632903 214849395 0.5
7632903 214850743 0.5
9342989 214853428 1
9342989 214850949 1
9342989 214853338 1
9342989 214853420 0.5
6924304 214849327 1
6924304 214849292 1
6924304 214849123 1
6924304 214849127 0.5
10776326 214853728 1
10776326 214684785 1
10776326 214853735 1
10776326 214854262 0.5
10418199 214861498 1
10418199 214854536 1
10418199 214854354 1
10418199 214854352 0.5
10418199 214559960 0.5
10418199 214854860 0.5
10418199 214821397 0.5
5310488 214826610 1
5310488 214835109 1
5310488 214600468 1
5310488 214844347 0.5
8126127 214716977 1
8126127 214716939 1
8126127 214716980 1
8126127 214716984 0.5
8126127 214850769 0.5
8126127 214850413 0.5
8126127 214851581 0.5
5744673 214676377 1
5744673 214821382 1
5744673 214846119 1
5744673 214832019 0.5
1189922 214829045 1
1189922 214829336 1
1189922 214553762 1
1189922 214701212 0.5
804901 214828987 1
804901 214826912 1
804901 214838831 1
804901 214558192 0.5
804901 214826617 0.5
804901 214837483 0.5
804901 214821300 0.5
8196137 214716671 1
8196137 214716714 1
8196137 214851028 1
8196137 214851579 0.5
8196137 214836452 0.5
8196137 214832567 0.5
9636189 214850949 1
9636189 214853422 1
9636189 214850947 1
9636189 214829880 0.5
9636189 214853420 0.5
9636189 214829882 0.5
9636189 214849796 0.5
2277429 214829878 1
2277429 214829887 1
2277429 214718396 1
2277429 214718398 0.5
9652906 214853454 1
9652906 214850942 1
9652906 214853865 1
9652906 214853227 0.5
9652906 214853195 0.5
9652906 214854172 0.5
9652906 214850790 0.5
3334836 214831959 1
3334836 214826977 1
3334836 214835124 1
3334836 214829280 0.5
3334836 214829850 0.5
3334836 214835747 0.5
3334836 214586743 0.5
8671293 214851750 1
8671293 214853210 1
8671293 214853132 1
8671293 214853242 0.5
8671293 214853182 0.5
8671293 214851317 0.5
8671293 214853222 0.5
157811 214718160 1
157811 214718220 1
157811 214829282 1
157811 214717888 0.5
157811 214718167 0.5
157811 214821015 0.5
4776008 214839347 1
4776008 214835711 1
4776008 214829765 1
4776008 214835167 0.5
4776008 214832557 0.5
4776008 214595150 0.5
4776008 214540479 0.5
9074763 214851742 1
9074763 214846119 1
9074763 214677830 1
9074763 214564320 0.5
9074763 214509013 0.5
7798114 214850413 1
7798114 214850325 1
7798114 214850321 1
7798114 214820345 0.5
7798114 214849031 0.5
10397243 214853460 1
10397243 214646617 1
10397243 214853428 1
10397243 214853422 0.5
2332752 214533022 1
2332752 214612704 1
2332752 214844439 1
2332752 214551607 0.5
6656082 214849018 1
6656082 214711205 1
6656082 214712124 1
6656082 214853197 0.5
6656082 214848847 0.5
9076824 214851292 1
9076824 214851577 1
9076824 214849018 1
9076824 214851315 0.5
10795371 214853102 1
10795371 214854840 1
10795371 214854785 1
10795371 214854536 0.5
10795371 214864880 0.5
10795371 214854819 0.5
10795371 214849468 0.5
1699932 214829846 1
1699932 214829857 1
1699932 214821399 1
1699932 214667912 0.5
1699932 214829379 0.5
1699932 214829852 0.5
1699932 214829366 0.5
9173087 214684942 1
9173087 214716714 1
9173087 214851163 1
9173087 214716746 0.5
9173087 214851165 0.5
7592032 214835109 1
7592032 214676962 1
7592032 214851159 1
7592032 214564380 0.5
7592032 214676019 0.5
7592032 214553844 0.5
7592032 214561775 0.5
1570412 214834880 1
1570412 214826610 1
1570412 214828976 1
1570412 214829387 0.5
4034658 214632272 1
4034658 214835109 1
4034658 214829765 1
4034658 214560613 0.5
4034658 214826990 0.5
6240356 214845583 1
6240356 214844342 1
6240356 214844340 1
6240356 214845954 0.5
6240356 214829765 0.5
6240356 214845585 0.5
6240356 214573288 0.5
6240356 214848330 0.5
6240356 214602731 0.5
6240356 214821410 0.5
6240356 214848337 0.5
6240356 214835167 0.5
5729459 214849001 1
5729459 214845887 1
5729459 214845917 1
5729459 214832145 0.5
5729459 214839971 0.5
5729459 214848997 0.5
5729459 214846007 0.5
9113702 214678376 1
9113702 214677830 1
9113702 214678387 1
9113702 214853128 0.5
9113702 214853165 0.5
9113702 214851742 0.5
4069479 214832143 1
4069479 214632146 1
4069479 214838107 1
4069479 214831944 0.5
4069479 214838105 0.5
9785449 214852978 1
9785449 214853105 1
9785449 214853085 1
9785449 214853090 0.5
9785449 214853094 0.5
10899562 214854802 1
10899562 214861455 1
10899562 214853700 1
10899562 214743495 0.5
10899562 214853385 0.5
10899562 214574670 0.5
10899562 214574672 0.5
10899562 214848337 0.5
10899562 214844345 0.5
10899562 214851290 0.5
10899562 214849247 0.5
10899562 214564380 0.5
10899562 214853471 0.5
9156967 214835109 1
9156967 214853385 1
9156967 214848330 1
9156967 214851290 0.5
9156967 214821410 0.5
9156967 214849284 0.5
9156967 214846535 0.5
9156967 214848328 0.5
9156967 214665277 0.5
9156967 214844345 0.5
9156967 214838227 0.5
9156967 214849239 0.5
9156967 214848377 0.5
9156967 214849018 0.5
9156967 214849275 0.5
9156967 214851101 0.5
9156967 214834877 0.5
8171613 214851099 1
8171613 214851133 1
8171613 214851137 1
8171613 214712124 0.5
8171613 214849102 0.5
4706419 214838102 1
4706419 214826942 1
4706419 214714757 1
4706419 214838098 0.5
4706419 214839356 0.5
4706419 214839973 0.5
4577396 214540817 1
4577396 214712278 1
4577396 214838122 1
4577396 214829312 0.5
4577396 214580293 0.5
4577396 214836326 0.5
10810716 214853342 1
10810716 214853340 1
10810716 214854800 1
10810716 214711438 0.5
10810716 214850366 0.5
2319428 214835087 1
2319428 214829887 1
2319428 214831967 1
2319428 214748336 0.5
2319428 214716110 0.5
4620129 214847255 1
4620129 214836339 1
4620129 214835786 1
4620129 214829280 0.5
4620129 214581536 0.5
4620129 214839973 0.5
4620129 214602598 0.5
4620129 214821032 0.5
4620129 214829775 0.5
4620129 214684498 0.5
4620129 214575667 0.5
4620129 214587317 0.5
4620129 214836249 0.5
4620129 214837914 0.5
4620129 214847261 0.5
10584784 214854356 1
10584784 214853147 1
10584784 214853102 1
10584784 214854785 0.5
10584784 214854819 0.5
10584784 214861895 0.5
10584784 214854731 0.5
10584784 214854860 0.5
10584784 214686864 0.5
10584784 214850420 0.5
10584784 214858680 0.5
10584784 214821020 0.5
10584784 214854815 0.5
4984959 214542759 1
4984959 214820214 1
4984959 214835167 1
4984959 214848367 0.5
6948992 214849284 1
6948992 214839932 1
6948992 214667859 1
6948992 214667857 0.5
6948992 214849046 0.5
6948992 214838137 0.5
6523012 214848847 1
6523012 214848622 1
6523012 214846389 1
6523012 214710097 0.5
6523012 214834871 0.5
5091468 214585633 1
5091468 214709595 1
5091468 214840091 1
5091468 214837280 0.5
5091468 214844327 0.5
5750467 214845917 1
5750467 214846127 1
5750467 214838137 1
5750467 214835019 0.5
5750467 214543922 0.5
5750467 214640017 0.5
5750467 214819378 0.5
5750467 214587317 0.5
5750467 214819762 0.5
6764693 214846112 1
6764693 214846072 1
6764693 214849745 1
6764693 214850304 0.5
6764693 214844400 0.5
6764693 214849738 0.5
9003159 214850743 1
9003159 214850771 1
9003159 214668761 1
9003159 214829765 0.5
9003159 214853094 0.5
9003159 214846119 0.5
9003159 214556840 0.5
9003159 214828970 0.5
9003159 214563182 0.5
9003159 214853128 0.5
9003159 214853096 0.5
9003159 214748334 0.5
9003159 214695478 0.5
9003159 214851071 0.5
9003159 214850936 0.5
9003159 214851135 0.5
9003159 214835167 0.5
7229596 214849466 1
7229596 214849796 1
7229596 214839617 1
7229596 214849136 0.5
7229596 214850364 0.5
7229596 214586743 0.5
1980574 214826610 1
1980574 214834880 1
1980574 214834877 1
1980574 214743369 0.5
1980574 214585695 0.5
2066592 214829861 1
2066592 214842521 1
2066592 214820377 1
2066592 214538030 0.5
5725847 214712126 1
5725847 214835167 1
5725847 214844342 1
5725847 214844345 0.5
5725847 214829765 0.5
8632494 214853128 1
8632494 214851742 1
8632494 214853165 1
8632494 214852985 0.5
8632494 214852987 0.5
8632494 214845135 0.5
9967304 214849010 1
9967304 214535051 1
9967304 214836515 1
9967304 214829730 0.5
9967304 214853366 0.5
3328178 214835747 1
3328178 214834867 1
3328178 214835019 1
3328178 214835017 0.5
8038581 214851122 1
8038581 214851581 1
8038581 214851236 1
8038581 214851133 0.5
2785993 214826977 1
2785993 214835017 1
2785993 214829852 1
2785993 214835087 0.5
2785993 214835124 0.5
2785993 214835111 0.5
5843128 214845917 1
5843128 214835745 1
5843128 214676075 1
5843128 214845135 0.5
5843128 214826990 0.5
5843128 214676079 0.5
2842811 214826977 1
2842811 214831959 1
2842811 214601060 1
2842811 214835137 0.5
2842811 214684843 0.5
2842811 214832780 0.5
2842811 214819762 0.5
2842811 214835087 0.5
2842811 214819378 0.5
2842811 214602804 0.5
2842811 214827032 0.5
2842811 214827007 0.5
2670784 214821322 1
2670784 214821326 1
2670784 214821324 1
2670784 214826627 0.5
2670784 214718390 0.5
2670784 214819430 0.5
2670784 214673295 0.5
2599106 214829878 1
2599106 214829882 1
2599106 214831948 1
2599106 214829880 0.5
6766787 214849132 1
6766787 214849097 1
6766787 214849344 1
6766787 214849100 0.5
7430341 214829880 1
7430341 214684717 1
7430341 214850315 1
7430341 214838107 0.5
7430341 214826835 0.5
7430341 214846031 0.5
6228167 214848982 1
6228167 214743515 1
6228167 214846029 1
6228167 214835137 0.5
6228167 214832012 0.5
6228167 214712237 0.5
6228167 214710097 0.5
3754188 214835167 1
3754188 214836924 1
3754188 214829771 1
3754188 214829765 0.5
3754188 214836870 0.5
1633997 214547814 1
1633997 214834877 1
1633997 214820392 1
1633997 214826936 0.5
1633997 214835002 0.5
1633997 214826996 0.5
3520723 214835747 1
3520723 214835019 1
3520723 214835745 1
3520723 214587712 0.5
3520723 214835017 0.5
3520723 214600492 0.5
3520723 214657318 0.5
1657044 214716909 1
1657044 214738457 1
1657044 214826625 1
1657044 214581954 0.5
1657044 214718379 0.5
3928278 214835167 1
3928278 214838227 1
3928278 214835109 1
3928278 214826990 0.5
1898713 214835165 1
1898713 214829887 1
1898713 214829051 1
1898713 214674427 0.5
1898713 214716110 0.5
3913423 214829771 1
3913423 214829773 1
3913423 214829769 1
3913423 214582350 0.5
6084829 214820265 1
6084829 214846029 1
6084829 214514272 1
6084829 214845073 0.5
11367788 214854787 1
11367788 214849132 1
11367788 214864880 1
11367788 214854774 0.5
11367788 214854699 0.5
11367788 214853100 0.5
11367788 214510445 0.5
11367788 214853102 0.5
11367788 214712242 0.5
11367788 214696470 0.5
11367788 214578011 0.5
708837 214837485 1
708837 214837490 1
708837 214837483 1
708837 214698446 0.5
708837 214837487 0.5
8072529 214716746 1
8072529 214851161 1
8072529 214695399 1
8072529 214851587 0.5
8072529 214848613 0.5
8072529 214819412 0.5
8072529 214851575 0.5
8072529 214685049 0.5
8072529 214851579 0.5
8072529 214716671 0.5
1825012 214832672 1
1825012 214840798 1
1825012 214842594 1
1825012 214645005 0.5
7040382 214849466 1
7040382 214850291 1
7040382 214850936 1
7040382 214563337 0.5
7040382 214836330 0.5
7040382 214743339 0.5
7040382 214844413 0.5
7040382 214716943 0.5
9085174 214836536 1
9085174 214835548 1
9085174 214853242 1
9085174 214853210 0.5
9085174 214850700 0.5
9085174 214853222 0.5
9085174 214851750 0.5
9085174 214853237 0.5
4731129 214834869 1
4731129 214577057 1
4731129 214839358 1
4731129 214838833 0.5
4731129 214744258 0.5
4856058 214839973 1
4856058 214839975 1
4856058 214845131 1
4856058 214839960 0.5
4856058 214839962 0.5
9740543 214853338 1
9740543 214850949 1
9740543 214850945 1
9740543 214850947 0.5
9740543 214853420 0.5
9740543 214846031 0.5
9740543 214846033 0.5
9740543 214826835 0.5
9740543 214829880 0.5
9740543 214838107 0.5
9740543 214684734 0.5
9483088 214853420 1
9483088 214850945 1
9483088 214853422 1
9483088 214711307 0.5
9483088 214850947 0.5
2502917 214717275 1
2502917 214831950 1
2502917 214829887 1
2502917 214711318 0.5
2502917 214711087 0.5
4616458 214839965 1
4616458 214829878 1
4616458 214839973 1
4616458 214819760 0.5
4616458 214831942 0.5
4616458 214845579 0.5
4616458 214585644 0.5
4616458 214832015 0.5
4616458 214839600 0.5
4616458 214838102 0.5
4616458 214838105 0.5
4616458 214684730 0.5
4616458 214838107 0.5
4616458 214584092 0.5
11389196 214857570 1
11389196 214857568 1
11389196 214857562 1
11389196 214854808 0.5
11389196 214849055 0.5
8325397 214853182 1
8325397 214851326 1
8325397 214852978 1
8325397 214853248 0.5
5463161 214846119 1
5463161 214849010 1
5463161 214845962 1
5463161 214845965 0.5
9115928 214849018 1
9115928 214851577 1
9115928 214848630 1
9115928 214851232 0.5
9115928 214853094 0.5
9115928 214853130 0.5
9115928 214846067 0.5
9115928 214851290 0.5
9115928 214678387 0.5
9115928 214564380 0.5
9115928 214717247 0.5
11223323 214854853 1
11223323 214854840 1
11223323 214854787 1
11223323 214855016 0.5
11223323 214864880 0.5
11223323 214853100 0.5
11223323 214853102 0.5
9547602 214850949 1
9547602 214850947 1
9547602 214853996 1
9547602 214853147 0.5
9547602 214850405 0.5
9547602 214853420 0.5
9547602 214853135 0.5
9547602 214680722 0.5
9547602 214851097 0.5
9547602 214685049 0.5
9547602 214674427 0.5
7829791 214850743 1
7829791 214850936 1
7829791 214850771 1
7829791 214850405 0.5
4253404 214826713 1
4253404 214839973 1
4253404 214845129 1
4253404 214829102 0.5
5171498 214826833 1
5171498 214829394 1
5171498 214845583 1
5171498 214832128 0.5
5171498 214835107 0.5
5171498 214586694 0.5
5171498 214601233 0.5
5171498 214535985 0.5
5171498 214675890 0.5
5171498 214832147 0.5
5171498 214826563 0.5
11161991 214854853 1
11161991 214853100 1
11161991 214854840 1
11161991 214854782 0.5
11161991 214853102 0.5
5162034 214844319 1
5162034 214553604 1
5162034 214714007 1
5162034 214554954 0.5
5162034 214819468 0.5
11540783 214854534 1
11540783 214854579 1
11540783 214854585 1
11540783 214819577 0.5
5292903 214844396 1
5292903 214845583 1
5292903 214847261 1
5292903 214844340 0.5
5292903 214844342 0.5
2322739 214581489 1
2322739 214684702 1
2322739 214714757 1
2322739 214835165 0.5
11512116 214853102 1
11512116 214854782 1
11512116 214853100 1
11512116 214854840 0.5
4694409 214837494 1
4694409 214847255 1
4694409 214847261 1
4694409 214832557 0.5
10601183 214854345 1
10601183 214819410 1
10601183 214849807 1
10601183 214854555 0.5
10601183 214577334 0.5
5267772 214844398 1
5267772 214844396 1
5267772 214844355 1
5267772 214844370 0.5
10637632 214714755 1
10637632 214854823 1
10637632 214854770 1
10637632 214854497 0.5
10637632 214854502 0.5
9052481 214832567 1
9052481 214716707 1
9052481 214832604 1
9052481 214716654 0.5
1634628 214835021 1
1634628 214587266 1
1634628 214826563 1
1634628 214829657 0.5
1634628 214585554 0.5
1634628 214832717 0.5
8246326 214851080 1
8246326 214832604 1
8246326 214851161 1
8246326 214851587 0.5
8892742 214853248 1
8892742 214853096 1
8892742 214853105 1
8892742 214853085 0.5
3541319 214837882 1
3541319 214820400 1
3541319 214844439 1
3541319 214551626 0.5
3541319 214835475 0.5
3627336 214829773 1
3627336 214582378 1
3627336 214582372 1
3627336 214582385 0.5
3627336 214582382 0.5
9646411 214853420 1
9646411 214850949 1
9646411 214853422 1
9646411 214850942 0.5
4145484 214826942 1
4145484 214838096 1
4145484 214832143 1
4145484 214829797 0.5
4145484 214540070 0.5
4145484 214836887 0.5
5965676 214846029 1
5965676 214712120 1
5965676 214849076 1
5965676 214846033 0.5
5965676 214845980 0.5
5965676 214846031 0.5
127946 214826608 1
127946 214826801 1
127946 214826700 1
127946 214820261 0.5
5015267 214840091 1
5015267 214844319 1
5015267 214829773 1
5015267 214836795 0.5
5015267 214845131 0.5
5015267 214738455 0.5
10772824 214853724 1
10772824 214854549 1
10772824 214684785 1
10772824 214567329 0.5
10772824 214853732 0.5
10772824 214854358 0.5
10772824 214847255 0.5
10772824 214854264 0.5
10772824 214684762 0.5
10772824 214853435 0.5
10772824 214853726 0.5
3049819 214748291 1
3049819 214748297 1
3049819 214748338 1
3049819 214748293 0.5
6762631 214849012 1
6762631 214849239 1
6762631 214835109 1
6762631 214848337 0.5
6762631 214848380 0.5
7682397 214835167 1
7682397 214651777 1
7682397 214842555 1
7682397 214846312 0.5
1835358 214829882 1
1835358 214829878 1
1835358 214831946 1
1835358 214831965 0.5
1835358 214743495 0.5
7811423 214851028 1
7811423 214716746 1
7811423 214684942 1
7811423 214851131 0.5
5824868 214845939 1
5824868 214845135 1
5824868 214829739 1
5824868 214845965 0.5
4653413 214839399 1
4653413 214832143 1
4653413 214839641 1
4653413 214700000 0.5
4653413 214646745 0.5
5407082 214829887 1
5407082 214829878 1
5407082 214829882 1
5407082 214845356 0.5
5407082 214829885 0.5
10004843 214850938 1
10004843 214850771 1
10004843 214717888 1
10004843 214718177 0.5
10004843 214854545 0.5
10004843 214850411 0.5
10004843 214819599 0.5
10004843 214854577 0.5
10004843 214850743 0.5
10004843 214674427 0.5
2101612 214667912 1
2101612 214716641 1
2101612 214826561 1
2101612 214609325 0.5
9931117 214853992 1
9931117 214854172 1
9931117 214832156 1
9931117 214854146 0.5
9931117 214837286 0.5
9931117 214849320 0.5
9931117 214849322 0.5
9931117 214850760 0.5
9931117 214854165 0.5
1249646 214826610 1
1249646 214834877 1
1249646 214834880 1
1249646 214826589 0.5
8503257 214850287 1
8503257 214850315 1
8503257 214848795 1
8503257 214829880 0.5
8503257 214684736 0.5
553333 214826617 1
553333 214826615 1
553333 214826621 1
553333 214707853 0.5
553333 214554982 0.5
7890724 214711080 1
7890724 214853177 1
7890724 214853758 1
7890724 214853173 0.5
3719546 214829773 1
3719546 214582378 1
3719546 214582370 1
3719546 214583842 0.5
3719546 214582372 0.5
3719546 214582374 0.5
3719546 214564710 0.5
3719546 214829771 0.5
3719546 214582380 0.5
3719546 214613741 0.5
3719546 214582350 0.5
3719546 214836870 0.5
3719546 214582385 0.5
3719546 214582382 0.5
3719546 214836795 0.5
3719546 214595150 0.5
10408682 214854298 1
10408682 214853454 1
10408682 214854853 1
10408682 214839587 0.5
10408682 214854300 0.5
10408682 214706102 0.5
10408682 214850287 0.5
7154757 214850938 1
7154757 214850855 1
7154757 214849363 1
7154757 214846112 0.5
7154757 214850743 0.5
5652864 214844398 1
5652864 214844402 1
5652864 214844372 1
5652864 214844400 0.5
5652864 214601233 0.5
11170177 214853340 1
11170177 214850310 1
11170177 214845073 1
11170177 214717511 0.5
11008386 214855153 1
11008386 214854823 1
11008386 214854579 1
11008386 214854352 0.5
11008386 214854785 0.5
11008386 214853081 0.5
11008386 214714755 0.5
11008386 214857015 0.5
7886953 214850792 1
7886953 214850848 1
7886953 214849395 1
7886953 214849363 0.5
9995041 214853460 1
9995041 214850291 1
9995041 214853338 1
9995041 214580424 0.5
9995041 214820186 0.5
3390427 214586668 1
3390427 214829379 1
3390427 214667912 1
3390427 214572182 0.5
10207631 214854510 1
10207631 214854262 1
10207631 214684762 1
10207631 214853865 0.5
10207631 214684785 0.5
10207631 214854358 0.5
10207631 214839962 0.5
10207631 214854300 0.5
10207631 214567327 0.5
10572176 214854352 1
10572176 214853244 1
10572176 214850945 1
10572176 214850739 0.5
10572176 214819599 0.5
8552849 214851322 1
8552849 214853261 1
8552849 214845973 1
8552849 214553810 0.5
8552849 214848302 0.5
5269907 214845583 1
5269907 214844370 1
5269907 214844400 1
5269907 214835473 0.5
7844244 214849762 1
7844244 214849734 1
7844244 214850282 1
7844244 214849738 0.5
10397098 214854358 1
10397098 214567329 1
10397098 214853855 1
10397098 214567215 0.5
10397098 214850739 0.5
10397098 214854264 0.5
10397098 214819577 0.5
10397098 214854268 0.5
10397098 214853726 0.5
11055512 214853083 1
11055512 214854716 1
11055512 214854720 1
11055512 214854722 0.5
11055512 214851757 0.5
11055512 214853079 0.5
11055512 214853081 0.5
11055512 214710013 0.5
11055512 214854718 0.5
9724313 214853340 1
9724313 214853342 1
9724313 214853420 1
9724313 214857204 0.5
9724313 214853428 0.5
9724313 214853422 0.5
7164319 214850396 1
7164319 214677917 1
7164319 214846085 1
7164319 214667859 0.5
8151792 214851122 1
8151792 214851581 1
8151792 214851146 1
8151792 214846067 0.5
8151792 214851077 0.5
8856512 214853210 1
8856512 214821377 1
8856512 214853237 1
8856512 214850792 0.5
8856512 214851161 0.5
8856512 214853186 0.5
8856512 214851317 0.5
8856512 214851097 0.5
2568616 214829882 1
2568616 214829887 1
2568616 214829878 1
2568616 214829880 0.5
4471211 214551607 1
4471211 214844439 1
4471211 214821305 1
4471211 214844394 0.5
4471211 214844462 0.5
2482604 214748300 1
2482604 214831948 1
2482604 214829878 1
2482604 214829880 0.5
9953709 214853702 1
9953709 214853698 1
9953709 214853707 1
9953709 214853713 0.5
9953709 214853767 0.5
7502259 214850936 1
7502259 214850938 1
7502259 214849395 1
7502259 214850619 0.5
9831499 214854060 1
9831499 214853698 1
9831499 214853767 1
9831499 214850947 0.5
9831499 214853420 0.5
10109189 214853280 1
10109189 214853767 1
10109189 214853430 1
10109189 214853698 0.5
10109189 214853702 0.5
10109189 214853730 0.5
10109189 214853709 0.5
10109189 214853713 0.5
10109189 214853722 0.5
7212726 214850936 1
7212726 214850417 1
7212726 214850741 1
7212726 214850756 0.5
7212726 214850790 0.5
7212726 214849766 0.5
7212726 214850760 0.5
7212726 214850409 0.5
7212726 214850743 0.5
7212726 214832124 0.5
7212726 214850557 0.5
7212726 214564382 0.5
25047 214826810 1
25047 214826705 1
25047 214826608 1
25047 214594678 0.5
5874139 214835713 1
5874139 214829887 1
5874139 214826822 1
5874139 214826833 0.5
5874139 214601203 0.5
5874139 214712237 0.5
6961629 214848658 1
6961629 214848945 1
6961629 214849344 1
6961629 214834877 0.5
7993822 214850743 1
7993822 214850621 1
7993822 214850720 1
7993822 214849466 0.5
6159786 214849001 1
6159786 214846029 1
6159786 214829878 1
6159786 214829880 0.5
6159786 214845986 0.5
6159786 214829882 0.5
2888161 214835017 1
2888161 214835019 1
2888161 214587697 1
2888161 214832792 0.5
2888161 214829882 0.5
2888161 214835747 0.5
2888161 214829878 0.5
4692451 214839962 1
4692451 214587697 1
4692451 214743495 1
4692451 214819719 0.5
11477476 214853100 1
11477476 214854782 1
11477476 214854797 1
11477476 214854840 0.5
11477476 214853102 0.5
7887333 214850713 1
7887333 214850709 1
7887333 214850938 1
7887333 214850771 0.5
7887333 214850743 0.5
6410726 214600492 1
6410726 214587712 1
6410726 214835745 1
6410726 214835747 0.5
6410726 214826565 0.5
8917482 214853094 1
8917482 214853105 1
8917482 214853096 1
8917482 214744258 0.5
8917482 214714665 0.5
8917482 214581611 0.5
8917482 214851279 0.5
8917482 214554131 0.5
8917482 214853145 0.5
8917482 214853085 0.5
8917482 214845939 0.5
8917482 214716671 0.5
9130477 214851326 1
9130477 214853090 1
9130477 214853248 1
9130477 214853096 0.5
4202993 214698420 1
4202993 214696897 1
4202993 214698418 1
4202993 214574672 0.5
9966066 214567215 1
9966066 214567329 1
9966066 214684785 1
9966066 214854268 0.5
9966066 214837494 0.5
9966066 214829090 0.5
9966066 214854148 0.5
9966066 214678629 0.5
9966066 214580424 0.5
9966066 214853996 0.5
9966066 214853994 0.5
9966066 214854060 0.5
9966066 214687970 0.5
9966066 214854125 0.5
9966066 214850792 0.5
9966066 214851317 0.5
9966066 214854549 0.5
9966066 214854358 0.5
9966066 214685049 0.5
9966066 214684762 0.5
9966066 214853435 0.5
9966066 214832156 0.5
9966066 214853182 0.5
9966066 214853855 0.5
6451704 214561457 1
6451704 214846457 1
6451704 214821277 1
6451704 214838225 0.5
6451704 214836075 0.5
4624891 214845131 1
4624891 214839973 1
4624891 214587697 1
4624891 214839600 0.5
4624891 214839969 0.5
4624891 214826565 0.5
1978877 214711078 1
1978877 214711295 1
1978877 214829887 1
1978877 214684736 0.5
1978877 214695097 0.5
1978877 214684730 0.5
1978877 214711318 0.5
5292544 214845590 1
5292544 214508304 1
5292544 214561674 1
5292544 214716641 0.5
5292544 214819526 0.5
5292544 214667912 0.5
5292544 214717397 0.5
5292544 214829368 0.5
5292544 214826906 0.5
5292544 214821020 0.5
9781762 214853992 1
9781762 214854146 1
9781762 214839962 1
9781762 214853865 0.5
9781762 214854165 0.5
9781762 214853413 0.5
9781762 214557223 0.5
3664389 214835109 1
3664389 214829765 1
3664389 214826990 1
3664389 214561402 0.5
3664389 214838227 0.5
3664389 214601229 0.5
9248348 214850947 1
9248348 214711524 1
9248348 214853420 1
9248348 214854125 0.5
10901933 214855153 1
10901933 214854802 1
10901933 214861455 1
10901933 214709685 0.5
9861648 214853700 1
9861648 214853767 1
9861648 214848159 1
9861648 214853730 0.5
9861648 214838111 0.5
10150418 214853422 1
10150418 214850942 1
10150418 214853454 1
10150418 214850949 0.5
3609108 214829042 1
3609108 214829032 1
3609108 214695472 1
3609108 214836877 0.5
3609108 214845127 0.5
5018133 214839973 1
5018133 214832147 1
5018133 214845131 1
5018133 214836330 0.5
5018133 214837494 0.5
7485974 214850936 1
7485974 214850700 1
7485974 214850621 1
7485974 214850405 0.5
293399 214717007 1
293399 214716984 1
293399 214584920 1
293399 214832657 0.5
293399 214717005 0.5
5779052 214835017 1
5779052 214835019 1
5779052 214826565 1
5779052 214846065 0.5
5779052 214835747 0.5
5779052 214839973 0.5
5779052 214587697 0.5
7369251 214829765 1
7369251 214849344 1
7369251 214835167 1
7369251 214834867 0.5
7369251 214848596 0.5
490022 214826608 1
490022 214826705 1
490022 214826801 1
490022 214826700 0.5
9413161 214853420 1
9413161 214853422 1
9413161 214850942 1
9413161 214850945 0.5
9413161 214850947 0.5
5616171 214846033 1
5616171 214821035 1
5616171 214846012 1
5616171 214800272 0.5
5616171 214846447 0.5
615858 214826608 1
615858 214826705 1
615858 214585397 1
615858 214826801 0.5
4847709 214835109 1
4847709 214838227 1
4847709 214834877 1
4847709 214561402 0.5
4847709 214707853 0.5
4847709 214826990 0.5
6172083 214846117 1
6172083 214849010 1
6172083 214846010 1
6172083 214676377 0.5
10922548 214853707 1
10922548 214845412 1
10922548 214851122 1
10922548 214853698 0.5
10922548 214854855 0.5
10922548 214556334 0.5
10922548 214835473 0.5
10922548 214680722 0.5
10922548 214574670 0.5
10922548 214851326 0.5
7019061 214684715 1
7019061 214829792 1
7019061 214849807 1
7019061 214700002 0.5
7019061 214850315 0.5
10574391 214854515 1
10574391 214849807 1
10574391 214854536 1
10574391 214853698 0.5
10574391 214854298 0.5
10574391 214854527 0.5
5714488 214848997 1
5714488 214836362 1
5714488 214845984 1
5714488 214832145 0.5
5714488 214845887 0.5
5714488 214846007 0.5
6586943 214849320 1
6586943 214849322 1
6586943 214849318 1
6586943 214849192 0.5
6586943 214849185 0.5
6586943 214849179 0.5
9657247 214850949 1
9657247 214850945 1
9657247 214853420 1
9657247 214680371 0.5
2288196 214836330 1
2288196 214826615 1
2288196 214534807 1
2288196 214748321 0.5
2288196 214826799 0.5
2288196 214829852 0.5
2288196 214717877 0.5
2288196 214743497 0.5
3877449 214821315 1
3877449 214844458 1
3877449 214612738 1
3877449 214612706 0.5
3877449 214821309 0.5
3877449 214533022 0.5
10771106 214853165 1
10771106 214851742 1
10771106 214853128 1
10771106 214853075 0.5
9259106 214774685 1
9259106 214853255 1
9259106 214574777 1
9259106 214700992 0.5
9259106 214700990 0.5
9259106 214829822 0.5
9017937 214853428 1
9017937 214853422 1
9017937 214829383 1
9017937 214829882 0.5
9017937 214829885 0.5
7653974 214848641 1
7653974 214849194 1
7653974 214849318 1
7653974 214691340 0.5
7653974 214554662 0.5
10525317 214854300 1
10525317 214854358 1
10525317 214684762 1
10525317 214684785 0.5
10525317 214839962 0.5
10525317 214853195 0.5
10525317 214853726 0.5
10525317 214820454 0.5
7312484 214835126 1
7312484 214838214 1
7312484 214832015 1
7312484 214848615 0.5
10387881 214854300 1
10387881 214855016 1
10387881 214859246 1
10387881 214850741 0.5
7823967 214849333 1
7823967 214849312 1
7823967 214849239 1
7823967 214667857 0.5
4733543 214829775 1
4733543 214602598 1
4733543 214587317 1
4733543 214839969 0.5
3393639 214831948 1
3393639 214829887 1
3393639 214826715 1
3393639 214819400 0.5
3393639 214826955 0.5
3393639 214717511 0.5
8979052 214842474 1
8979052 214853265 1
8979052 214678387 1
8979052 214853094 0.5
8979052 214677830 0.5
7135853 214849337 1
7135853 214849295 1
7135853 214678880 1
7135853 214839977 0.5
10367601 214853454 1
10367601 214850947 1
10367601 214854853 1
10367601 214850304 0.5
10367601 214854785 0.5
9646709 214829730 1
9646709 214851744 1
9646709 214853263 1
9646709 214850945 0.5
9646709 214850949 0.5
9646709 214819400 0.5
9646709 214850282 0.5
9646709 214853420 0.5
9646709 214639149 0.5
9646709 214673295 0.5
9646709 214684730 0.5
9646709 214846031 0.5
9646709 214706428 0.5
9646709 214850942 0.5
9646709 214711295 0.5
3701367 214826990 1
3701367 214838227 1
3701367 214829771 1
3701367 214836932 0.5
3701367 214829773 0.5
3701367 214560622 0.5
3701367 214836926 0.5
4110981 214829852 1
4110981 214748336 1
4110981 214829850 1
4110981 214839587 0.5
4110981 214819430 0.5
4110981 214743335 0.5
4110981 214829321 0.5
4110981 214743495 0.5
4110981 214725549 0.5
4110981 214828985 0.5
5487238 214602598 1
5487238 214587317 1
5487238 214844398 1
5487238 214820807 0.5
5487238 214846447 0.5
5487238 214800272 0.5
5487238 214844372 0.5
5487238 214706102 0.5
5487238 214714779 0.5
10524441 214853724 1
10524441 214853147 1
10524441 214854532 1
10524441 214853702 0.5
10524441 214854855 0.5
10524441 214853930 0.5
10524441 214854545 0.5
10524441 214854581 0.5
10524441 214847255 0.5
10524441 214854495 0.5
10824344 214854722 1
10824344 214854720 1
10824344 214854733 1
10824344 214850700 0.5
7406233 214678880 1
7406233 214849337 1
7406233 214850396 1
7406233 214849329 0.5
7406233 214850398 0.5
8153759 214850932 1
8153759 214838124 1
8153759 214848926 1
8153759 214651777 0.5
8153759 214850747 0.5
8153759 214850413 0.5
8153759 214716639 0.5
2648736 214554510 1
2648736 214829368 1
2648736 214716641 1
2648736 214826711 0.5
9058977 214853420 1
9058977 214850945 1
9058977 214839913 1
9058977 214831946 0.5
10455714 214556218 1
10455714 214853726 1
10455714 214854358 1
10455714 214684762 0.5
8600227 214846117 1
8600227 214849010 1
8600227 214678387 1
8600227 214851585 0.5
8600227 214848380 0.5
10449573 214851238 1
10449573 214819612 1
10449573 214853165 1
10449573 214853128 0.5
3930791 214829765 1
3930791 214836924 1
3930791 214835167 1
3930791 214836932 0.5
3737484 214595150 1
3737484 214829771 1
3737484 214582350 1
3737484 214829769 0.5
3737484 214836795 0.5
3737484 214613741 0.5
3737484 214836870 0.5
496301 214716932 1
496301 214826700 1
496301 214826932 1
496301 214826876 0.5
496301 214826619 0.5
496301 214821300 0.5
496301 214716935 0.5
9388829 214851322 1
9388829 214684715 1
9388829 214850366 1
9388829 214853420 0.5
9388829 214853342 0.5
5313201 214844372 1
5313201 214844398 1
5313201 214844402 1
5313201 214844345 0.5
10472118 214854536 1
10472118 214853113 1
10472118 214854352 1
10472118 214854497 0.5
10758846 214854536 1
10758846 214854335 1
10758846 214854354 1
10758846 214854352 0.5
10758846 214854577 0.5
10758846 214854579 0.5
10758846 214853244 0.5
10758846 214687475 0.5
3922623 214836932 1
3922623 214826990 1
3922623 214838227 1
3922623 214829765 0.5
1800896 214829865 1
1800896 214829861 1
1800896 214829707 1
1800896 214845628 0.5
6828737 214848165 1
6828737 214845982 1
6828737 214837918 1
6828737 214837916 0.5
7946699 214849333 1
7946699 214826990 1
7946699 214838227 1
7946699 214582346 0.5
7946699 214829765 0.5
7946699 214829773 0.5
10164932 214853846 1
10164932 214853994 1
10164932 214853852 1
10164932 214854268 0.5
10164932 214854148 0.5
10164932 214584047 0.5
5468869 214844447 1
5468869 214844445 1
5468869 214612738 1
5468869 214551632 0.5
5468869 214844465 0.5
5468869 214844439 0.5
5518023 214845577 1
5518023 214845579 1
5518023 214845581 1
5518023 214845352 0.5
5518023 214845354 0.5
5518023 214845356 0.5
1082059 214819468 1
1082059 214717018 1
1082059 214716973 1
1082059 214716926 0.5
5481166 214844400 1
5481166 214844372 1
5481166 214844398 1
5481166 214844368 0.5
5481166 214558258 0.5
5481166 214844340 0.5
1867896 214533020 1
1867896 214612751 1
1867896 214551607 1
1867896 214612738 0.5
1867896 214829861 0.5
1867896 214829865 0.5
1867896 214844394 0.5
1867896 214829715 0.5
1867896 214840597 0.5
1867896 214821305 0.5
1867896 214533022 0.5
1487507 214826589 1
1487507 214829387 1
1487507 214829366 1
1487507 214834880 0.5
1487507 214833755 0.5
1487507 214675890 0.5
1487507 214819374 0.5
1487507 214826610 0.5
1487507 214826612 0.5
1487507 214821015 0.5
1487507 214826617 0.5
1487507 214826619 0.5
1487507 214834877 0.5
1487507 214556025 0.5
11167471 214853767 1
11167471 214864880 1
11167471 214853102 1
11167471 214848658 0.5
11167471 214854819 0.5
11167471 214854517 0.5
5223129 214844342 1
5223129 214835109 1
5223129 214829850 1
5223129 214836932 0.5
5223129 214845583 0.5
5223129 214698418 0.5
5223129 214844345 0.5
5223129 214838137 0.5
5223129 214844347 0.5
5223129 214829852 0.5
5794522 214846033 1
5794522 214846014 1
5794522 214846029 1
5794522 214829797 0.5
11052899 214854836 1
11052899 214556355 1
11052899 214853102 1
11052899 214854853 0.5
9499359 214850949 1
9499359 214850945 1
9499359 214853338 1
9499359 214850947 0.5
3091169 214826565 1
3091169 214835019 1
3091169 214554662 1
3091169 214832792 0.5
3091169 214835745 0.5
3091169 214717860 0.5
3091169 214642805 0.5
8549091 214716746 1
8549091 214716671 1
8549091 214851080 1
8549091 214574672 0.5
8549091 214680722 0.5
8549091 214851131 0.5
8549091 214851101 0.5
8549091 214851575 0.5
2153188 214829861 1
2153188 214829865 1
2153188 214829707 1
2153188 214826801 0.5
9105164 214852978 1
9105164 214853077 1
9105164 214852980 1
9105164 214853094 0.5
11248362 214854787 1
11248362 214853102 1
11248362 214854785 1
11248362 214849468 0.5
11248362 214854860 0.5
5908946 214821384 1
5908946 214819528 1
5908946 214821035 1
5908946 214846012 0.5
5908946 214845879 0.5
4475631 214836853 1
4475631 214587317 1
4475631 214829280 1
4475631 214828985 0.5
9650929 214853996 1
9650929 214854172 1
9650929 214854017 1
9650929 214850936 0.5
9650929 214853420 0.5
9650929 214854165 0.5
9650929 214698446 0.5
2249459 214829882 1
2249459 214831946 1
2249459 214829878 1
2249459 214829880 0.5
3142389 214829364 1
3142389 214587697 1
3142389 214602600 1
3142389 214836830 0.5
3142389 214554662 0.5
5581559 214846065 1
5581559 214832143 1
5581559 214826945 1
5581559 214829878 0.5
2584874 214829878 1
2584874 214829887 1
2584874 214831946 1
2584874 214829882 0.5
7813886 214849809 1
7813886 214700000 1
7813886 214850315 1
7813886 214850310 0.5
3343829 214837918 1
3343829 214836050 1
3343829 214835019 1
3343829 214836075 0.5
3343829 214609325 0.5
4170498 214836855 1
4170498 214829775 1
4170498 214602598 1
4170498 214845131 0.5
4170498 214587317 0.5
9153284 214853105 1
9153284 214853265 1
9153284 214851326 1
9153284 214853085 0.5
8432392 214853096 1
8432392 214853085 1
8432392 214853094 1
8432392 214853090 0.5
5237517 214769004 1
5237517 214844396 1
5237517 214844398 1
5237517 214844347 0.5
5237517 214832150 0.5
1997586 214826814 1
1997586 214821294 1
1997586 214834997 1
1997586 214829664 0.5
1997586 214832722 0.5
1997586 214821317 0.5
1997586 214821397 0.5
9281667 214846391 1
9281667 214848315 1
9281667 214853396 1
9281667 214853730 0.5
9281667 214850947 0.5
9281667 214853707 0.5
9281667 214829887 0.5
5795018 214844355 1
5795018 214835019 1
5795018 214848298 1
5795018 214846421 0.5
8847492 214716975 1
8847492 214717003 1
8847492 214716984 1
8847492 214716928 0.5
8847492 214716977 0.5
8847492 214716971 0.5
8847492 214554358 0.5
8847492 214855183 0.5
72837 214821277 1
72837 214826893 1
72837 214827009 1
72837 214826801 0.5
72837 214714790 0.5
72837 214826799 0.5
11318049 214567327 1
11318049 214567333 1
11318049 214854549 1
11318049 214854545 0.5
11318049 214684785 0.5
11318049 214854860 0.5
11318049 214845583 0.5
5288744 214845583 1
5288744 214845585 1
5288744 214835473 1
5288744 214850402 0.5
5288744 214821285 0.5
5288744 214835111 0.5
5288744 214753515 0.5
5288744 214716110 0.5
5288744 214601233 0.5
5288744 214680722 0.5
5288744 214845587 0.5
5288744 214684372 0.5
5288744 214829878 0.5
5288744 214846007 0.5
5288744 214844345 0.5
5288744 214561402 0.5
5288744 214844347 0.5
7375659 214850285 1
7375659 214850295 1
7375659 214850304 1
7375659 214850287 0.5
6148919 214849010 1
6148919 214839752 1
6148919 214594678 1
6148919 214836947 0.5
7383864 214853175 1
7383864 214853758 1
7383864 214532107 1
7383864 214691426 0.5
7383864 214853323 0.5
7383864 214691471 0.5
3988281 214836924 1
3988281 214835167 1
3988281 214829765 1
3988281 214558258 0.5
8674783 214853094 1
8674783 214853105 1
8674783 214832653 1
8674783 214849361 0.5
8674783 214716746 0.5
8674783 214851097 0.5
8674783 214832655 0.5
10146621 214854510 1
10146621 214854262 1
10146621 214684785 1
10146621 214854583 0.5
9020222 214677830 1
9020222 214851742 1
9020222 214852987 1
9020222 214853128 0.5
9020222 214853130 0.5
3572543 214832126 1
3572543 214829030 1
3572543 214717742 1
3572543 214832128 0.5
3572543 214748336 0.5
3572543 214705100 0.5
3572543 214820400 0.5
3572543 214835475 0.5
3572543 214836534 0.5
5968706 214846121 1
5968706 214846001 1
5968706 214548744 1
5968706 214845984 0.5
5968706 214845965 0.5
5968706 214848305 0.5
5968706 214846007 0.5
5968706 214848185 0.5
5968706 214845917 0.5
2992969 214587712 1
2992969 214609325 1
2992969 214834867 1
2992969 214835017 0.5
854859 214826615 1
854859 214826872 1
854859 214826621 1
854859 214826934 0.5
854859 214826612 0.5
854859 214717286 0.5
854859 214716902 0.5
854859 214743335 0.5
7602204 214850754 1
7602204 214850765 1
7602204 214850625 1
7602204 214718216 0.5
4092751 214838102 1
4092751 214832012 1
4092751 214843367 1
4092751 214686320 0.5
4092751 214838105 0.5
4092751 214836506 0.5
4092751 214838107 0.5
4092751 214835492 0.5
8317508 214748336 1
8317508 214851097 1
8317508 214851236 1
8317508 214851137 0.5
8317508 214851163 0.5
8317508 214829799 0.5
8317508 214853195 0.5
8317508 214748334 0.5
8317508 214845135 0.5
8317508 214820400 0.5
8317508 214820402 0.5
8317508 214706102 0.5
8317508 214851131 0.5
5748536 214846447 1
5748536 214846001 1
5748536 214846121 1
5748536 214643362 0.5
5593939 214846462 1
5593939 214845917 1
5593939 214846121 1
5593939 214848992 0.5
5593939 214846127 0.5
9384792 214853702 1
9384792 214853700 1
9384792 214853730 1
9384792 214853698 0.5
9384792 214853707 0.5
9384792 214850942 0.5
9384792 214853454 0.5
9384792 214853767 0.5
414863 214748300 1
414863 214753507 1
414863 214753505 1
414863 214748295 0.5
8907537 214853094 1
8907537 214852978 1
8907537 214853077 1
8907537 214853248 0.5
6970209 214849003 1
6970209 214846085 1
6970209 214849286 1
6970209 214832156 0.5
9139042 214551632 1
9139042 214844439 1
9139042 214844394 1
9139042 214821305 0.5
9139042 214716746 0.5
9139042 214533022 0.5
2327399 214826587 1
2327399 214829878 1
2327399 214829887 1
2327399 214831946 0.5
2327399 214554371 0.5
2532204 214829882 1
2532204 214829878 1
2532204 214829887 1
2532204 214835747 0.5
2532204 214587547 0.5
3863358 214836870 1
3863358 214640353 1
3863358 214836924 1
3863358 214820392 0.5
3863358 214836137 0.5
3863358 214829773 0.5
3863358 214829102 0.5
3863358 214836881 0.5
3863358 214819410 0.5
3863358 214839641 0.5
9875984 214853767 1
9875984 214854146 1
9875984 214853702 1
9875984 214853698 0.5
9875984 214853707 0.5
9875984 214853715 0.5
9875984 214854165 0.5
10830206 214854782 1
10830206 214854840 1
10830206 214853102 1
10830206 214854853 0.5
1522557 214834877 1
1522557 214834880 1
1522557 214826610 1
1522557 214829387 0.5
1522557 214833755 0.5
86487 214821279 1
86487 214839313 1
86487 214820441 1
86487 214829737 0.5
86487 214709690 0.5
86487 214716973 0.5
86487 214703790 0.5
86487 214709685 0.5
9563627 214553537 1
9563627 214853852 1
9563627 214853846 1
9563627 214853994 0.5
9563627 214849363 0.5
9563627 214556055 0.5
9563627 214851750 0.5
9563627 214850855 0.5
3339638 214842733 1
3339638 214838130 1
3339638 214509150 1
3339638 214826975 0.5
3339638 214835167 0.5
6254183 214848596 1
6254183 214848384 1
6254183 214848847 1
6254183 214848337 0.5
6254183 214846535 0.5
4870206 214831944 1
4870206 214839596 1
4870206 214845538 1
4870206 214838096 0.5
4870206 214828985 0.5
4870206 214838098 0.5
4870206 214714757 0.5
2560912 214716924 1
2560912 214831948 1
2560912 214684702 1
2560912 214829880 0.5
2560912 214835002 0.5
2560912 214706452 0.5
2560912 214601214 0.5
3988369 214829765 1
3988369 214835167 1
3988369 214745317 1
3988369 643078800 0.5
2896786 214836517 1
2896786 214829051 1
2896786 214831946 1
2896786 214829878 0.5
8881044 214849080 1
8881044 214851232 1
8881044 214851101 1
8881044 214552522 0.5
8881044 214564380 0.5
8881044 214844342 0.5
9862037 214853722 1
9862037 214853700 1
9862037 214853702 1
9862037 214853353 0.5
9862037 214853420 0.5
9862037 214829878 0.5
873366 214539110 1
873366 214829310 1
873366 214827013 1
873366 214613743 0.5
4617111 214839587 1
4617111 214839971 1
4617111 214839973 1
4617111 214839960 0.5
11047836 214748327 1
11047836 214854583 1
11047836 214687475 1
11047836 214853100 0.5
7664794 214850790 1
7664794 214850405 1
7664794 214850760 1
7664794 214839962 0.5
7664794 214850411 0.5
7902704 214850936 1
7902704 214850938 1
7902704 214850743 1
7902704 214850285 0.5
7902704 214850287 0.5
11171114 214686879 1
11171114 214854718 1
11171114 214686864 1
11171114 214853081 0.5
11171114 214714715 0.5
8919537 214849018 1
8919537 214853094 1
8919537 214852978 1
8919537 214851585 0.5
8919537 214743495 0.5
8919537 214851290 0.5
8919537 214748336 0.5
8919537 214717562 0.5
8919537 214851581 0.5
8919537 214851326 0.5
8919537 214849247 0.5
2608042 214831946 1
2608042 214829878 1
2608042 214829887 1
2608042 214748336 0.5
2608042 214819721 0.5
2608042 214706102 0.5
355246 214826803 1
355246 214718160 1
355246 214821285 1
355246 214535621 0.5
355246 214601197 0.5
8877213 214853094 1
8877213 214845939 1
8877213 214853248 1
8877213 214853105 0.5
8877213 214852987 0.5
8877213 214848997 0.5
8877213 214849102 0.5
8877213 214853237 0.5
4742984 214829882 1
4742984 214831952 1
4742984 214826889 1
4742984 214845581 0.5
103351 214821277 1
103351 214826702 1
103351 214687685 1
103351 214833800 0.5
103351 214840412 0.5
3023801 214820402 1
3023801 214820400 1
3023801 214835019 1
3023801 214835017 0.5
3023801 214836330 0.5
9782202 214567333 1
9782202 214567329 1
9782202 214854495 1
9782202 214854264 0.5
9782202 214854262 0.5
7891902 214850936 1
7891902 214850720 1
7891902 214850621 1
7891902 214564382 0.5
7891902 214849363 0.5
7891902 214850692 0.5
7891902 214850405 0.5
7891902 214684942 0.5
9743296 214851161 1
9743296 214851234 1
9743296 214662763 1
9743296 214851073 0.5
9743296 214716671 0.5
9743296 214851575 0.5
2530242 214829878 1
2530242 214829882 1
2530242 214831946 1
2530242 214829880 0.5
2530242 214835124 0.5
2530242 214829885 0.5
3677126 214836924 1
3677126 214835167 1
3677126 214829765 1
3677126 214836947 0.5
4925601 214677512 1
4925601 214821392 1
4925601 214819577 1
4925601 214821032 0.5
4925601 214743497 0.5
4925601 214829666 0.5
4925601 214819721 0.5
3832776 214826951 1
3832776 214838225 1
3832776 214839932 1
3832776 214835475 0.5
3832776 214829850 0.5
3832776 214839587 0.5
3832776 214829852 0.5
2634697 214826623 1
2634697 214831965 1
2634697 214821407 1
2634697 214716752 0.5
2634697 214687565 0.5
2634697 214828982 0.5
2634697 214738455 0.5
11453386 214858680 1
11453386 214829878 1
11453386 214853340 1
11453386 214853154 0.5
9475019 214853342 1
9475019 214850947 1
9475019 214853340 1
9475019 214831955 0.5
7322572 214849740 1
7322572 214848300 1
7322572 214848305 1
7322572 214579837 0.5
7322572 214835126 0.5
7322572 214579839 0.5
2935759 214835132 1
2935759 214705736 1
2935759 214826752 1
2935759 214835745 0.5
2935759 214846271 0.5
3077292 214832780 1
3077292 214829852 1
3077292 214831959 1
3077292 214845538 0.5
3077292 214709668 0.5
3077292 214835087 0.5
3077292 214748336 0.5
3077292 214717860 0.5
3077292 214685242 0.5
3077292 214819740 0.5
3077292 214831967 0.5
6386144 214846419 1
6386144 214846432 1
6386144 214846389 1
6386144 214846472 0.5
6386144 214846425 0.5
6386144 214846468 0.5
3666902 214839341 1
3666902 214847649 1
3666902 214834877 1
3666902 214834880 0.5
3666902 214587384 0.5
3666902 214645618 0.5
3666902 214836947 0.5
3666902 214821335 0.5
10114007 214643036 1
10114007 214853677 1
10114007 214643934 1
10114007 214854159 0.5
10114007 214848315 0.5
10114007 214717867 0.5
10114007 214643942 0.5
10114007 214832619 0.5
10127183 214853730 1
10127183 214844396 1
10127183 214665277 1
10127183 214854504 0.5
10127183 214854065 0.5
10127183 214845986 0.5
10127183 214819577 0.5
338909 214819762 1
338909 214819760 1
338909 214534907 1
338909 214684843 0.5
7009083 214851009 1
7009083 214696897 1
7009083 214667857 1
7009083 214849738 0.5
7009083 214684108 0.5
7009083 214848757 0.5
10394752 214854358 1
10394752 214567215 1
10394752 214567329 1
10394752 214854268 0.5
10394752 214819599 0.5
10394752 214684785 0.5
10394752 214854354 0.5
10394752 214854264 0.5
10394752 214853244 0.5
10394752 214853726 0.5
4508658 214848176 1
4508658 214839947 1
4508658 214826951 1
4508658 214839973 0.5
8233976 214851581 1
8233976 214851013 1
8233976 214851099 1
8233976 214851137 0.5
8233976 214851236 0.5
8233976 214851133 0.5
10320889 214851742 1
10320889 214853128 1
10320889 214853165 1
10320889 214582200 0.5
10320889 214851585 0.5
10320889 214848410 0.5
10320889 214851159 0.5
4274604 214836358 1
4274604 214711280 1
4274604 214839596 1
4274604 214573288 0.5
4274604 214834877 0.5
4274604 214836050 0.5
4274604 214710099 0.5
4274604 214836857 0.5
4274604 214573277 0.5
2599933 214829878 1
2599933 214829882 1
2599933 214835132 1
2599933 214748304 0.5
2599933 214642153 0.5
2599933 214748291 0.5
2599933 214831948 0.5
2599933 214829887 0.5
6020608 214839932 1
6020608 214846127 1
6020608 214846457 1
6020608 214846472 0.5
6020608 214836926 0.5
9286658 214853426 1
9286658 214853420 1
9286658 214850947 1
9286658 214853422 0.5
2388139 214829878 1
2388139 214829882 1
2388139 214831948 1
2388139 214821407 0.5
1784841 214834877 1
1784841 214826610 1
1784841 214834880 1
1784841 214603138 0.5
1784841 214603140 0.5
1784841 214819719 0.5
1784841 214640017 0.5
1784841 214583670 0.5
1784841 214826921 0.5
1784841 214748336 0.5
1784841 214543922 0.5
1784841 214587317 0.5
1784841 214706102 0.5
1784841 214828982 0.5
1784841 214586694 0.5
1784841 214820810 0.5
1784841 214829387 0.5
1784841 214684498 0.5
1784841 214819430 0.5
1784841 214602729 0.5
1784841 214602731 0.5
1784841 214714732 0.5
1784841 214602735 0.5
1784841 214602740 0.5
1784841 214602358 0.5
3660811 214834880 1
3660811 214834877 1
3660811 214833755 1
3660811 214821407 0.5
3660811 214832124 0.5
3660811 214826990 0.5
3660811 214557223 0.5
5761538 214846033 1
5761538 214846012 1
5761538 214845422 1
5761538 214846031 0.5
7038391 214848849 1
7038391 214849286 1
7038391 214743367 1
7038391 214848658 0.5
6795438 214849022 1
6795438 214849020 1
6795438 214848945 1
6795438 214848658 0.5
2366489 214831948 1
2366489 214829878 1
2366489 214829882 1
2366489 214829880 0.5
2366489 214829887 0.5
2366489 214831946 0.5
2366489 214587547 0.5
2366489 214664767 0.5
7085083 214849312 1
7085083 214844345 1
7085083 214829387 1
7085083 214667857 0.5
7085083 214826610 0.5
7085083 214849239 0.5
7545891 214844347 1
7545891 214848337 1
7545891 214836517 1
7545891 214573288 0.5
7545891 214667857 0.5
7545891 214829366 0.5
7545891 214531513 0.5
7545891 214848377 0.5
7545891 214851290 0.5
7545891 214851101 0.5
4935762 214838094 1
4935762 214837286 1
4935762 214712051 1
4935762 214838092 0.5
7527461 214850743 1
7527461 214651777 1
7527461 214677615 1
7527461 214850552 0.5
7527461 214850771 0.5
9251883 214853162 1
9251883 214851090 1
9251883 214564380 1
9251883 214567408 0.5
9251883 214821024 0.5
2691717 214602600 1
2691717 214832792 1
2691717 214836847 1
2691717 214835745 0.5
2691717 214835747 0.5
2691717 214557223 0.5
2691717 214839752 0.5
2691717 214835017 0.5
2691717 214600492 0.5
2691717 214609325 0.5
2691717 214832115 0.5
2691717 214829364 0.5
8120362 214851135 1
8120362 214850700 1
8120362 214850771 1
8120362 214851581 0.5
3036214 214753513 1
3036214 214748297 1
3036214 214748300 1
3036214 214748302 0.5
10669856 214684762 1
10669856 214854358 1
10669856 214684785 1
10669856 214854300 0.5
10669856 214847261 0.5
10669856 214847255 0.5
5511542 214844370 1
5511542 214844398 1
5511542 214844396 1
5511542 214844345 0.5
5511542 214844340 0.5
9673793 214851099 1
9673793 214850402 1
9673793 214854152 1
9673793 214553537 0.5
9673793 214839973 0.5
9673793 214853413 0.5
9673793 214853702 0.5
9673793 214853713 0.5
9673793 214853353 0.5
9673793 214836330 0.5
9673793 214845131 0.5
9673793 214820396 0.5
9673793 214574670 0.5
9673793 214601233 0.5
9673793 214853237 0.5
9673793 214846007 0.5
9673793 214853722 0.5
9673793 214577450 0.5
9673793 214851077 0.5
7164996 214849766 1
7164996 214849775 1
7164996 214849753 1
7164996 214849747 0.5
7164996 214849132 0.5
959557 214833755 1
959557 214748336 1
959557 214828974 1
959557 214821410 0.5
959557 214821412 0.5
959557 214559317 0.5
959557 214821294 0.5
971849 214829747 1
971849 214829083 1
971849 214828995 1
971849 214829085 0.5
971849 214829079 0.5
10662987 214854352 1
10662987 214849807 1
10662987 214854495 1
10662987 214854545 0.5
10662987 214569707 0.5
10662987 214684785 0.5
10662987 214854358 0.5
10662987 214853735 0.5
1700941 214834877 1
1700941 214834880 1
1700941 214826805 1
1700941 214826921 0.5
1700941 214826610 0.5
1700941 214829387 0.5
9667667 214853420 1
9667667 214853422 1
9667667 214850945 1
9667667 214701309 0.5
7470164 214850621 1
7470164 214850720 1
7470164 214850940 1
7470164 214850411 0.5
7470164 214716645 0.5
7470164 214819599 0.5
2573397 214831946 1
2573397 214829878 1
2573397 214748295 1
2573397 214829880 0.5
2573397 214826818 0.5
2358361 214829880 1
2358361 214829882 1
2358361 214829887 1
2358361 214829885 0.5
9778272 214829090 1
9778272 214849807 1
9778272 214854159 1
9778272 214648247 0.5
7711841 214853657 1
7711841 214716932 1
7711841 214716984 1
7711841 214628923 0.5
7711841 214854570 0.5
7711841 214716971 0.5
9651387 214853420 1
9651387 214853422 1
9651387 214850945 1
9651387 214850949 0.5
3406068 214820263 1
3406068 214821277 1
3406068 214600492 1
3406068 214821290 0.5
3406068 214820231 0.5
6849638 214667857 1
6849638 214667859 1
6849638 214665277 1
6849638 214849312 0.5
6849638 214707875 0.5
6849638 214707877 0.5
6849638 214573288 0.5
6849638 214829387 0.5
6849638 214707830 0.5
3984367 214835167 1
3984367 214829765 1
3984367 214836924 1
3984367 214829769 0.5
3984367 214826938 0.5
3984367 214829773 0.5
3984367 214836870 0.5
8582249 214716746 1
8582249 214851028 1
8582249 214851131 1
8582249 214716671 0.5
11151857 214854707 1
11151857 214854804 1
11151857 214714715 1
11151857 214578011 0.5
5846123 214842553 1
5846123 214829670 1
5846123 214820261 1
5846123 214833802 0.5
5846123 214820259 0.5
8552997 214851163 1
8552997 214851135 1
8552997 214829045 1
8552997 214851592 0.5
8552997 214846475 0.5
8552997 214851287 0.5
8552997 214846391 0.5
8552997 214851165 0.5
8552997 214716671 0.5
4864841 214842435 1
4864841 214842577 1
4864841 214843905 1
4864841 214843449 0.5
4864841 214691677 0.5
4864841 214748310 0.5
4864841 214843903 0.5
7243741 214706216 1
7243741 214849295 1
7243741 214845133 1
7243741 214641412 0.5
2825334 214587712 1
2825334 214835017 1
2825334 214835747 1
2825334 214826565 0.5
10566777 214853102 1
10566777 214854782 1
10566777 214854840 1
10566777 214855016 0.5
527484 214826801 1
527484 214826608 1
527484 214826810 1
527484 214826705 0.5
527484 214826702 0.5
1757034 214691426 1
1757034 214545879 1
1757034 214587317 1
1757034 214834880 0.5
1757034 214640017 0.5
1757034 214829366 0.5
7246357 214848808 1
7246357 214716714 1
7246357 214716746 1
7246357 214556057 0.5
7246357 214662763 0.5
7246357 214571188 0.5
7246357 214848613 0.5
4320384 214836947 1
4320384 214632272 1
4320384 214753513 1
4320384 214587384 0.5
4320384 214820220 0.5
4320384 214826610 0.5
4320384 214836932 0.5
4320384 214644607 0.5
10964098 214855016 1
10964098 214854819 1
10964098 214853100 1
10964098 214854731 0.5
6467439 214710090 1
6467439 214848969 1
6467439 214800270 1
6467439 214848337 0.5
6467439 214849003 0.5
6467439 214836300 0.5
6467439 214848630 0.5
6467439 214533748 0.5
6881814 214848849 1
6881814 214848945 1
6881814 214849312 1
6881814 214829387 0.5
6881814 214849020 0.5
6881814 214849022 0.5
6881814 214849046 0.5
6881814 214849239 0.5
10540166 214853732 1
10540166 214854547 1
10540166 214854600 1
10540166 214748336 0.5
10540166 214853724 0.5
10540166 214853767 0.5
4592776 214845581 1
4592776 214845577 1
4592776 214819627 1
4592776 214725506 0.5
4592776 214692581 0.5
4592776 214832010 0.5
4592776 214829885 0.5
9522313 214850945 1
9522313 214829878 1
9522313 214829882 1
9522313 214849796 0.5
9522313 214832360 0.5
9522313 214831946 0.5
9522313 214532107 0.5
9522313 214853420 0.5
9522313 214853422 0.5
9522313 214832379 0.5
2592073 214829880 1
2592073 214829882 1
2592073 214831948 1
2592073 214577302 0.5
2592073 214829878 0.5
2592073 214829885 0.5
7353491 214849194 1
7353491 214832158 1
7353491 214849809 1
7353491 214849807 0.5
7353491 214849247 0.5
7353491 214849775 0.5
7758874 214844400 1
7758874 214844372 1
7758874 214850700 1
7758874 214849736 0.5
7758874 214849738 0.5
7758874 214819412 0.5
8281966 214851028 1
8281966 214851080 1
8281966 214851587 1
8281966 214851234 0.5
8281966 214716746 0.5
8281966 214851317 0.5
5244054 214844398 1
5244054 214844370 1
5244054 214844372 1
5244054 214844368 0.5
5244054 214844400 0.5
5244054 214844396 0.5
5244054 214845585 0.5
9405592 214853420 1
9405592 214850945 1
9405592 214853428 1
9405592 214705734 0.5
9405592 214580424 0.5
9405592 214853225 0.5
9405592 214853132 0.5
9405592 214851122 0.5
9405592 214846067 0.5
9405592 214853237 0.5
9405592 214850700 0.5
9405592 214853242 0.5
9405592 214717247 0.5
7255193 214850295 1
7255193 214850282 1
7255193 214684715 1
7255193 214717507 0.5
7255193 214819627 0.5
7255193 214584092 0.5
7255193 214684717 0.5
7255193 214829878 0.5
9596058 214712235 1
9596058 214857830 1
9596058 214514295 1
9596058 214700000 0.5
9596058 214680371 0.5
9596058 214701787 0.5
9596058 214712237 0.5
9596058 214835126 0.5
8627359 214845879 1
8627359 214853165 1
8627359 214852985 1
8627359 214853128 0.5
8627359 214819393 0.5
8627359 214586443 0.5
8627359 214853263 0.5
8123552 214564320 1
8123552 214845962 1
8123552 214832649 1
8123552 214853115 0.5
2720929 214835747 1
2720929 214835745 1
2720929 214835017 1
2720929 214587712 0.5
2720929 214835019 0.5
2720929 214609325 0.5
5179931 214832017 1
5179931 214829390 1
5179931 214837916 1
5179931 214589546 0.5
10652844 214854510 1
10652844 214684762 1
10652844 214854262 1
10652844 214567333 0.5
10652844 214684785 0.5
10652844 214829737 0.5
10652844 214837873 0.5
10652844 214709685 0.5
10652844 214840732 0.5
10652844 214567327 0.5
7173293 214850743 1
7173293 214850405 1
7173293 214564382 1
7173293 214849393 0.5
5733551 214839969 1
5733551 214601233 1
5733551 214839973 1
5733551 214845984 0.5
5733551 214839932 0.5
5733551 214846007 0.5
5733551 214600492 0.5
5733551 214848695 0.5
9753779 214850947 1
9753779 214853321 1
9753779 214853325 1
9753779 214850942 0.5
11230388 214854720 1
11230388 214853083 1
11230388 214853079 1
11230388 214851757 0.5
7658679 214850743 1
7658679 214850758 1
7658679 214850771 1
7658679 214848847 0.5
3090292 214836517 1
3090292 214829880 1
3090292 214831955 1
3090292 214686082 0.5
4152507 214829792 1
4152507 214686082 1
4152507 214540070 1
4152507 214831955 0.5
3130557 214835137 1
3130557 214826833 1
3130557 214834867 1
3130557 214609325 0.5
8828097 214853094 1
8828097 214845973 1
8828097 214853105 1
8828097 214853248 0.5
8828097 214853096 0.5
8828097 214851099 0.5
8828097 214853085 0.5
8828097 214836536 0.5
8253003 214717061 1
8253003 214829045 1
8253003 214849337 1
8253003 214850756 0.5
7050441 214718372 1
7050441 214711247 1
7050441 214829767 1
7050441 214579220 0.5
5151948 214716635 1
5151948 214829852 1
5151948 214845131 1
5151948 214848176 0.5
5151948 214748336 0.5
5151948 214710099 0.5
5151948 214602733 0.5
9342159 214845947 1
9342159 214705740 1
9342159 214846462 1
9342159 214834869 0.5
9342159 214710159 0.5
4474744 214839973 1
4474744 214839975 1
4474744 214839960 1
4474744 214839971 0.5
4474744 214829852 0.5
4474744 214602733 0.5
6309076 214848410 1
6309076 214846031 1
6309076 214826893 1
6309076 214848384 0.5
6309076 214829765 0.5
6309076 214849070 0.5
2618588 214829878 1
2618588 214829882 1
2618588 214829887 1
2618588 214710062 0.5
7855326 214850743 1
7855326 214850771 1
7855326 214651777 1
7855326 214850758 0.5
5467359 214839311 1
5467359 214829385 1
5467359 214844345 1
5467359 214845131 0.5
5467359 214845806 0.5
8519176 214853096 1
8519176 214853105 1
8519176 214853085 1
8519176 214853090 0.5
8519176 214853077 0.5
3304679 214716984 1
3304679 214716986 1
3304679 214820938 1
3304679 214717007 0.5
3304679 214717867 0.5
3304679 214717005 0.5
3304679 214716926 0.5
3304679 214561991 0.5
11547884 214854853 1
11547884 214854782 1
11547884 214701787 1
11547884 214855016 0.5
8641783 214850945 1
8641783 214850942 1
8641783 214853454 1
8641783 214850287 0.5
2509332 214831948 1
2509332 214829885 1
2509332 214829878 1
2509332 214831946 0.5
2990557 214540127 1
2990557 214712237 1
2990557 214826623 1
2990557 214700002 0.5
2990557 214680369 0.5
2990557 214821305 0.5
2990557 214743515 0.5
2990557 214831965 0.5
2990557 214640094 0.5
2990557 214829887 0.5
10077437 214853698 1
10077437 214853713 1
10077437 214851326 1
10077437 214853090 0.5
10077437 214853430 0.5
10077437 214853094 0.5
10077437 214846391 0.5
1406206 214551926 1
1406206 214834877 1
1406206 214835021 1
1406206 214509000 0.5
1406206 214833755 0.5
1406206 214829387 0.5
1406206 214829396 0.5
11045569 214854840 1
11045569 214854853 1
11045569 214854797 1
11045569 214853102 0.5
9028873 214678376 1
9028873 214851742 1
9028873 214853075 1
9028873 214846312 0.5
9028873 214845962 0.5
9028873 214848302 0.5
9413907 214853381 1
9413907 214853154 1
9413907 214851279 1
9413907 214844402 0.5
11181956 214854585 1
11181956 214854300 1
11181956 214854579 1
11181956 214849464 0.5
11181956 214819577 0.5
11181956 214854547 0.5
6670258 214848975 1
6670258 214848973 1
6670258 214829880 1
6670258 214848795 0.5
9215266 214853420 1
9215266 214853325 1
9215266 214850700 1
9215266 214853177 0.5
9215266 214831955 0.5
9454884 214853420 1
9454884 214853454 1
9454884 214850947 1
9454884 214850949 0.5
8396678 214716671 1
8396678 214685049 1
8396678 214851161 1
8396678 214832604 0.5
8396678 214851028 0.5
8396678 214851317 0.5
8396678 214716654 0.5
8396678 214851575 0.5
11177256 214855016 1
11177256 214853102 1
11177256 214853728 1
11177256 214853735 0.5
2006314 214821309 1
2006314 214844394 1
2006314 214844439 1
2006314 214821305 0.5
2006314 214844458 0.5
2006314 214821302 0.5
2006314 214844454 0.5
2006314 214821341 0.5
10001288 214819577 1
10001288 214854579 1
10001288 214854300 1
10001288 214854268 0.5
10001288 214854547 0.5
10001288 214853852 0.5
1023291 214820805 1
1023291 214829336 1
1023291 214821332 1
1023291 214561472 0.5
1023291 214536392 0.5
1023291 214630042 0.5
1023291 214835743 0.5
1023291 214642055 0.5
3728701 214820402 1
3728701 214820400 1
3728701 214820392 1
3728701 214574670 0.5
6235512 214848973 1
6235512 214850362 1
6235512 214711205 1
6235512 214850360 0.5
6235512 214848701 0.5
10132802 214854146 1
10132802 214854579 1
10132802 214853135 1
10132802 214851748 0.5
10132802 214850405 0.5
10132802 214854534 0.5
10132802 214853992 0.5
10132802 214853865 0.5
10132802 214854165 0.5
10132802 214850870 0.5
10132802 214854585 0.5
10132802 214849464 0.5
10132802 214819577 0.5
10132802 214854300 0.5
6223897 214849179 1
6223897 214849185 1
6223897 214849286 1
6223897 214712244 0.5
3803361 214836887 1
3803361 214829100 1
3803361 214826990 1
3803361 214829666 0.5
3803361 214829379 0.5
3803361 214829765 0.5
3803361 214820454 0.5
3803361 214821032 0.5
3803361 214717539 0.5
6382369 214839973 1
6382369 214849239 1
6382369 214849333 1
6382369 214839971 0.5
6382369 214845131 0.5
6382369 214665277 0.5
6382369 214848656 0.5
6382369 214844372 0.5
6382369 214848695 0.5
6382369 214834877 0.5
7822671 214828882 1
7822671 214853758 1
7822671 214851120 1
7822671 214748289 0.5
7822671 214640012 0.5
7822671 214853173 0.5
7822671 214853177 0.5
1625424 214829390 1
1625424 214826921 1
1625424 214826994 1
1625424 214834880 0.5
1625424 214826610 0.5
1625424 214834877 0.5
10052947 214642625 1
10052947 214845943 1
10052947 214853400 1
10052947 214849295 0.5
11176177 214846391 1
11176177 214848315 1
11176177 214774674 1
11176177 214854300 0.5
2975631 214835137 1
2975631 214829767 1
2975631 214835128 1
2975631 214827035 0.5
10257756 214850741 1
10257756 214853210 1
10257756 214851750 1
10257756 214850720 0.5
10257756 214850792 0.5
10257756 214853994 0.5
10257756 214849395 0.5
10257756 214851317 0.5
10257756 214854172 0.5
10257756 214648254 0.5
1433829 214834873 1
1433829 214826814 1
1433829 214829310 1
1433829 214821294 0.5
10548586 214854230 1
10548586 214854515 1
10548586 214854538 1
10548586 214854075 0.5
10548586 214857167 0.5
10257298 214854354 1
10257298 214854352 1
10257298 214695525 1
10257298 214687905 0.5
10257298 214850938 0.5
10257298 214572452 0.5
10257298 214853413 0.5
10257298 214718220 0.5
7740782 214849393 1
7740782 214853437 1
7740782 214677735 1
7740782 214850936 0.5
7740782 214849361 0.5
7740782 214828882 0.5
9923954 214854060 1
9923954 214854065 1
9923954 214854118 1
9923954 214853420 0.5
5293971 214844345 1
5293971 214844342 1
5293971 214844340 1
5293971 214748336 0.5
5293971 214832150 0.5
2643318 214829878 1
2643318 214831946 1
2643318 214829885 1
2643318 214829882 0.5
2643318 214831965 0.5
494968 214532070 1
494968 214743335 1
494968 214532072 1
494968 214684843 0.5
494968 214535621 0.5
10581908 214854354 1
10581908 214854536 1
10581908 214839997 1
10581908 214853113 0.5
10581908 214820394 0.5
10581908 214850739 0.5
10581908 214854716 0.5
9024403 214851135 1
9024403 214846391 1
9024403 214846389 1
9024403 214836830 0.5
8103299 214851232 1
8103299 214851290 1
8103299 214851101 1
8103299 214554982 0.5
8103299 214849031 0.5
8103299 214552522 0.5
8103299 214850700 0.5
8103299 214851313 0.5
8103299 214844347 0.5
8103299 214845885 0.5
8747774 214850947 1
8747774 214853422 1
8747774 214835561 1
8747774 214853154 0.5
8747774 214853379 0.5
8747774 214853347 0.5
9381263 214853420 1
9381263 214853422 1
9381263 214850947 1
9381263 214850949 0.5
11324817 214853102 1
11324817 214854780 1
11324817 214510445 1
11324817 214706272 0.5
11324817 214854785 0.5
11324817 214714755 0.5
11324817 214853381 0.5
11324817 214854823 0.5
11324817 214854733 0.5
11324817 214716909 0.5
11324817 214712242 0.5
11324817 214854774 0.5
11324817 214738457 0.5
8252827 214851011 1
8252827 214851236 1
8252827 214851133 1
8252827 214821032 0.5
8252827 214851581 0.5
8252827 214849365 0.5
8252827 214850621 0.5
8714062 214853165 1
8714062 214853128 1
8714062 214845962 1
8714062 214819393 0.5
8714062 214678376 0.5
8714062 214845939 0.5
8714062 214853107 0.5
8714062 214677941 0.5
8714062 214851315 0.5
6860196 214848980 1
6860196 214848973 1
6860196 214849076 1
6860196 214848605 0.5
5698983 214834880 1
5698983 214834877 1
5698983 214665277 1
5698983 214835473 0.5
5698983 214561402 0.5
5698983 214844345 0.5
5752236 214850402 1
5752236 214846447 1
5752236 214845422 1
5752236 214829280 0.5
5752236 214826977 0.5
5752236 214845986 0.5
5752236 214849001 0.5
5752236 214836330 0.5
5752236 214686860 0.5
5752236 214846061 0.5
5752236 214748336 0.5
5752236 214716984 0.5
5752236 214839932 0.5
9711023 214850743 1
9711023 214846014 1
9711023 214706428 1
9711023 214819400 0.5
9711023 214853130 0.5
9711023 214850310 0.5
9711023 214711295 0.5
5539249 214844347 1
5539249 214844342 1
5539249 214844345 1
5539249 214844340 0.5
5539249 214832150 0.5
11220408 214854823 1
11220408 214714755 1
11220408 214854785 1
11220408 214854176 0.5
11220408 214853242 0.5
11220408 214853852 0.5
11220408 214854733 0.5
11220408 214853102 0.5
5086897 214844321 1
5086897 214709595 1
5086897 214573359 1
5086897 214833802 0.5
342943 214826801 1
342943 214826625 1
342943 214837485 1
342943 214826700 0.5
8695229 214852980 1
8695229 214853077 1
8695229 214853094 1
8695229 214853096 0.5
10403264 214848384 1
10403264 214854545 1
10403264 214854547 1
10403264 214850741 0.5
10403264 214854510 0.5
4689824 214829792 1
4689824 214829790 1
4689824 214826942 1
4689824 214835120 0.5
81346 214821290 1
81346 214826801 1
81346 214826700 1
81346 214717003 0.5
11247044 214854720 1
11247044 214851080 1
11247044 214851757 1
11247044 214716746 0.5
11247044 214853081 0.5
11247044 214853083 0.5
11247044 214854716 0.5
11247044 214710013 0.5
11247044 214716671 0.5
8576453 214851579 1
8576453 214851163 1
8576453 214851592 1
8576453 214564451 0.5
8576453 214684942 0.5
8576453 214851317 0.5
8576453 214851161 0.5
8576453 214851097 0.5
8576453 214851131 0.5
4554998 214684717 1
4554998 214838107 1
4554998 214711318 1
4554998 214711408 0.5
4554998 214826945 0.5
4554998 214684734 0.5
4554998 214718398 0.5
4554998 214829880 0.5
2592204 214829878 1
2592204 214831946 1
2592204 214829887 1
2592204 214829880 0.5
2592204 214835019 0.5
2592204 214835124 0.5
5295566 214844398 1
5295566 214844396 1
5295566 214844400 1
5295566 214835473 0.5
6052429 214835167 1
6052429 214836924 1
6052429 214651777 1
6052429 214848384 0.5
6052429 214536193 0.5
6052429 214581954 0.5
6052429 214645987 0.5
6052429 214835012 0.5
6052429 214829765 0.5
6052429 214585670 0.5
6052429 214848369 0.5
6052429 214846312 0.5
6052429 214718379 0.5
6052429 214832557 0.5
6052429 214580171 0.5
6052429 214845965 0.5
6052429 214708040 0.5
6052429 214829366 0.5
3286483 214836830 1
3286483 214840419 1
3286483 214840415 1
3286483 214840417 0.5
3286483 214836875 0.5
3286483 214586668 0.5
2229717 214829878 1
2229717 214829882 1
2229717 214829887 1
2229717 214836407 0.5
642521 214826908 1
642521 214826876 1
642521 214821401 1
642521 214826627 0.5
642521 214717286 0.5
642521 214800262 0.5
642521 214826799 0.5
642521 214821300 0.5
642521 214826837 0.5
642521 214826617 0.5
642521 214826900 0.5
642521 214710309 0.5
4216282 214838109 1
4216282 214836932 1
4216282 214826990 1
4216282 214835109 0.5
4216282 214835711 0.5
4216282 214836924 0.5
4216282 214829765 0.5
4216282 214839975 0.5
4034011 214820220 1
4034011 214832012 1
4034011 214826951 1
4034011 214836924 0.5
333733 214826955 1
333733 214826627 1
333733 214714927 1
333733 214826953 0.5
333733 214826900 0.5
6532577 214826990 1
6532577 214846535 1
6532577 214848330 1
6532577 214848377 0.5
5512674 214826833 1
5512674 214828952 1
5512674 214554450 1
5512674 214516065 0.5
5512674 214845135 0.5
5512674 214835167 0.5
5512674 214712270 0.5
5512674 214560585 0.5
4431334 214845131 1
4431334 214835469 1
4431334 214635493 1
4431334 214839960 0.5
4431334 214829850 0.5
4431334 214839967 0.5
4431334 214829852 0.5
4431334 214542759 0.5
8531432 214853094 1
8531432 214853096 1
8531432 214853105 1
8531432 214853085 0.5
8531432 214851326 0.5
6406301 214848658 1
6406301 214849333 1
6406301 214744530 1
6406301 214849312 0.5
6406301 214846530 0.5
6406301 214832145 0.5
6406301 214710090 0.5
6406301 214848337 0.5
6406301 214849076 0.5
6406301 214849046 0.5
6406301 214850615 0.5
6406301 214849012 0.5
6406301 214849020 0.5
6406301 214849022 0.5
6323111 214846535 1
6323111 214848337 1
6323111 214848977 1
6323111 214848328 0.5
7472629 214850790 1
7472629 214850938 1
7472629 214850936 1
7472629 214850405 0.5
3626489 214836795 1
3626489 214829773 1
3626489 214836870 1
3626489 214829769 0.5
6627583 214849331 1
6627583 214849239 1
6627583 214849284 1
6627583 214848941 0.5
6627583 214848945 0.5
6627583 214849046 0.5
6627583 214850615 0.5
6627583 214848986 0.5
6627583 214848954 0.5
9154046 214853090 1
9154046 214851326 1
9154046 214852978 1
9154046 214853210 0.5
310784 214826889 1
310784 214585395 1
310784 214826810 1
310784 214833800 0.5
310784 214717003 0.5
8115714 214852978 1
8115714 214853094 1
8115714 214852980 1
8115714 214853248 0.5
8115714 214853186 0.5
8115714 214853225 0.5
8115714 214851317 0.5
8115714 214851099 0.5
8115714 214853077 0.5
10651146 214854495 1
10651146 214854536 1
10651146 214854577 1
10651146 214853113 0.5
10651146 214820394 0.5
9266699 214853420 1
9266699 214700002 1
9266699 214853325 1
9266699 214826987 0.5
8633944 214744260 1
8633944 214850287 1
8633944 214850310 1
8633944 214846014 0.5
8377874 214851099 1
8377874 214851137 1
8377874 214851581 1
8377874 214716110 0.5
5496339 214844396 1
5496339 214845412 1
5496339 214844398 1
5496339 214844400 0.5
8242708 214851167 1
8242708 214851290 1
8242708 214851232 1
8242708 214564380 0.5
11187736 214854737 1
11187736 214854735 1
11187736 214846112 1
11187736 214684785 0.5
9451557 214853342 1
9451557 214853420 1
9451557 214850947 1
9451557 214700002 0.5
9451557 214850949 0.5
6940194 214848847 1
6940194 214848958 1
6940194 214838094 1
6940194 214712124 0.5
8697147 214852980 1
8697147 214853077 1
8697147 214852978 1
8697147 214853454 0.5
7593516 214853173 1
7593516 214849361 1
7593516 214853758 1
7593516 214849408 0.5
9592368 214678387 1
9592368 214853111 1
9592368 214582200 1
9592368 214853096 0.5
9592368 214853169 0.5
9592368 214853130 0.5
9592368 214853077 0.5
9592368 214677830 0.5
7628337 214675895 1
7628337 214676306 1
7628337 214601233 1
7628337 214850743 0.5
7628337 214844347 0.5
7628337 214845583 0.5
8623666 214853165 1
8623666 214853128 1
8623666 214846119 1
8623666 214848302 0.5
6370874 214743515 1
6370874 214587328 1
6370874 214848982 1
6370874 214700002 0.5
6370874 214712237 0.5
10371679 214854536 1
10371679 214854354 1
10371679 214853113 1
10371679 214854577 0.5
10371679 214854579 0.5
9582858 214853321 1
9582858 214850947 1
9582858 214826987 1
9582858 214853347 0.5
9582858 214853325 0.5
9582858 214853158 0.5
6585923 214848845 1
6585923 214849093 1
6585923 214846085 1
6585923 214849097 0.5
6585923 214849100 0.5
3076459 214829878 1
3076459 214829882 1
3076459 214831948 1
3076459 214835745 0.5
3076459 214831946 0.5
3076459 214563337 0.5
10268236 214853767 1
10268236 214853698 1
10268236 214853702 1
10268236 214853713 0.5
10268236 214853707 0.5
5992016 214846014 1
5992016 214848309 1
5992016 214845425 1
5992016 214712235 0.5
5992016 214846031 0.5
9592401 214691420 1
9592401 214680371 1
9592401 214853426 1
9592401 214700000 0.5
9592401 214846258 0.5
10364502 214854579 1
10364502 214854300 1
10364502 214854585 1
10364502 214819577 0.5
10364502 214854165 0.5
10364502 214859062 0.5
10364502 214850741 0.5
9215576 214850945 1
9215576 214850949 1
9215576 214853340 1
9215576 214853422 0.5
11226714 214853128 1
11226714 214851742 1
11226714 214717888 1
11226714 214718160 0.5
11226714 214850754 0.5
5311759 214844372 1
5311759 214844400 1
5311759 214832023 1
5311759 214836330 0.5
5311759 214844396 0.5
5311759 214835469 0.5
5311759 214845583 0.5
5311759 214844340 0.5
5311759 214844345 0.5
5311759 214829852 0.5
4691549 214716635 1
4691549 214710099 1
4691549 214839870 1
4691549 214823548 0.5
5161117 214831948 1
5161117 214829887 1
5161117 214845354 1
5161117 214831946 0.5
5161117 214845380 0.5
5161117 214586694 0.5
5161117 214844407 0.5
6777677 214849020 1
6777677 214848658 1
6777677 214849022 1
6777677 214851009 0.5
6777677 214848947 0.5
1465959 214834880 1
1465959 214826610 1
1465959 214833755 1
1465959 214829387 0.5
3655612 214839982 1
3655612 214829786 1
3655612 214820452 1
3655612 214838113 0.5
3655612 214847649 0.5
3655612 214826662 0.5
3655612 214829825 0.5
3655612 214829769 0.5
3655612 214838505 0.5
3655612 214826938 0.5
3655612 214836795 0.5
3655612 214836924 0.5
7114346 214844447 1
7114346 214533020 1
7114346 214844445 1
7114346 214844441 0.5
7114346 214844458 0.5
7114346 214844452 0.5
7114346 214821309 0.5
2672238 214826666 1
2672238 214826664 1
2672238 214829042 1
2672238 214826668 0.5
2672238 214710309 0.5
2672238 214554510 0.5
6440559 214848656 1
6440559 214844398 1
6440559 214848688 1
6440559 214844400 0.5
6440559 214832145 0.5
6440559 214844370 0.5
6858344 214848613 1
6858344 214716707 1
6858344 214848980 1
6858344 214848808 0.5
6858344 214558192 0.5
6858344 214848622 0.5
6858344 214556055 0.5
4597364 214839971 1
4597364 214845806 1
4597364 214845131 1
4597364 214821410 0.5
4597364 214835747 0.5
4597364 214839973 0.5
4597364 214554982 0.5
4597364 214819721 0.5
4597364 214819691 0.5
4597364 214848178 0.5
4597364 214848176 0.5
4597364 214838098 0.5
4597364 214828985 0.5
9702334 214575193 1
9702334 214853722 1
9702334 214851099 1
9702334 214845984 0.5
9702334 214839617 0.5
9702334 214820402 0.5
9702334 214849080 0.5
5547638 214846447 1
5547638 214848997 1
5547638 214829850 1
5547638 214835428 0.5
5547638 214586668 0.5
5547638 214845965 0.5
5547638 214844398 0.5
5547638 214845457 0.5
5547638 214846007 0.5
5547638 214717412 0.5
5547638 214845887 0.5
2401913 214831946 1
2401913 214829880 1
2401913 214686082 1
2401913 214831955 0.5
6817402 214848954 1
6817402 214848945 1
6817402 214849331 1
6817402 214848658 0.5
6817402 214849020 0.5
6817402 214849022 0.5
6817402 214849046 0.5
540283 214821339 1
540283 214821315 1
540283 214586711 1
540283 214551617 0.5
540283 214551626 0.5
540283 214612721 0.5
6252156 214848337 1
6252156 214848596 1
6252156 214849239 1
6252156 214834880 0.5
6252156 214849312 0.5
6252156 214835747 0.5
6252156 214849284 0.5
6252156 214573288 0.5
6252156 214560587 0.5
6252156 214573277 0.5
6252156 214848656 0.5
6252156 214849331 0.5
6252156 214849012 0.5
6252156 214849333 0.5
6252156 214829366 0.5
6252156 214844345 0.5
6252156 214834877 0.5
2401837 214826983 1
2401837 214686082 1
2401837 214829887 1
2401837 214829720 0.5
2401837 214831955 0.5
2401837 214836515 0.5
2401837 214829715 0.5
2401837 214560187 0.5
8986241 214852978 1
8986241 214852980 1
8986241 214853105 1
8986241 214851326 0.5
8986241 214853085 0.5
8986241 214853094 0.5
1177471 214826934 1
1177471 214820810 1
1177471 214584939 1
1177471 214826801 0.5
1177471 214820805 0.5
1177471 214826927 0.5
9199241 214853145 1
9199241 214853143 1
9199241 214853420 1
9199241 214851279 0.5
9199241 214650527 0.5
7646868 214850304 1
7646868 214849318 1
7646868 214850282 1
7646868 214848605 0.5
7646868 214848982 0.5
10734779 214854536 1
10734779 214853113 1
10734779 214854352 1
10734779 214854577 0.5
10734779 214850739 0.5
10734779 214853244 0.5
10734779 214573310 0.5
3501728 214829769 1
3501728 214826938 1
3501728 214836795 1
3501728 214613741 0.5
3501728 214595150 0.5
9414307 214850949 1
9414307 214853422 1
9414307 214850945 1
9414307 214850942 0.5
8509952 214853094 1
8509952 214851326 1
8509952 214853105 1
8509952 214853090 0.5
5007014 214832156 1
5007014 214836956 1
5007014 214837286 1
5007014 214837280 0.5
5007014 214746380 0.5
5007014 214838092 0.5
1457834 214834877 1
1457834 214826610 1
1457834 214834880 1
1457834 214680722 0.5
1457834 214680718 0.5
6238151 214848845 1
6238151 214846530 1
6238151 214848980 1
6238151 214849344 0.5
6238151 214850565 0.5
6238151 214848337 0.5
6238151 214849097 0.5
6238151 214819627 0.5
6238151 214710097 0.5
6238151 214849012 0.5
6238151 214848410 0.5
9459372 214850304 1
9459372 214853420 1
9459372 214851073 1
9459372 214853865 0.5
9459372 214853428 0.5
9459372 214850405 0.5
9578159 214853340 1
9578159 214853342 1
9578159 214850945 1
9578159 214853730 0.5
9578159 214853722 0.5
9578159 214853709 0.5
7757492 214840378 1
7757492 214835126 1
7757492 214850353 1
7757492 214648256 0.5
7757492 214853657 0.5
2471609 214829878 1
2471609 214829880 1
2471609 214831948 1
2471609 214826979 0.5
2471609 214831965 0.5
6835898 214849010 1
6835898 214845962 1
6835898 214848847 1
6835898 214848596 0.5
6835898 214848941 0.5
6835898 214835167 0.5
10423996 214853244 1
10423996 214854352 1
10423996 214854354 1
10423996 214854536 0.5
10423996 214850739 0.5
4205514 214829765 1
4205514 214835167 1
4205514 214836924 1
4205514 214835012 0.5
7993023 214853657 1
7993023 214835126 1
7993023 214680371 1
7993023 214840378 0.5
3593921 214551626 1
3593921 214821339 1
3593921 214821315 1
3593921 214844441 0.5
3593921 214821309 0.5
10102467 214853077 1
10102467 214853105 1
10102467 214853096 1
10102467 214853248 0.5
10102467 214853085 0.5
3964613 214838096 1
3964613 214829799 1
3964613 214838111 1
3964613 214845129 0.5
3964613 214838225 0.5
3964613 214838098 0.5
3964613 214838105 0.5
3964613 214743335 0.5
7202504 214848656 1
7202504 214836926 1
7202504 214845457 1
7202504 214586694 0.5
7202504 214839975 0.5
7202504 214829775 0.5
7202504 214846001 0.5
7202504 214587317 0.5
7202504 214553561 0.5
7202504 214828985 0.5
7202504 214831967 0.5
7202504 214849333 0.5
8330953 214716746 1
8330953 214716654 1
8330953 214819772 1
8330953 214851163 0.5
8330953 214851579 0.5
8330953 214716714 0.5
8330953 214851028 0.5
8330953 214851317 0.5
8330953 214556057 0.5
8330953 214851131 0.5
8330953 214851165 0.5
8330953 214716671 0.5
7591629 214668806 1
7591629 214705155 1
7591629 214705205 1
7591629 214523679 0.5
5477599 214587697 1
5477599 214839973 1
5477599 214845131 1
5477599 214839971 0.5
5477599 214826565 0.5
5477599 214820400 0.5
5477599 214601233 0.5
5477599 214684372 0.5
5477599 214706102 0.5
5477599 214846007 0.5
5477599 214553561 0.5
5477599 214834877 0.5
5477599 214835109 0.5
8066774 214712278 1
8066774 214829045 1
8066774 214850852 1
8066774 214678880 0.5
8066774 214849329 0.5
8066774 214716639 0.5
8066774 214849337 0.5
9479899 214853379 1
9479899 214738457 1
9479899 214846468 1
9479899 214846432 0.5
9479899 214849740 0.5
2279598 214829880 1
2279598 214831946 1
2279598 214709252 1
2279598 214826565 0.5
2279598 214829878 0.5
10995422 214850947 1
10995422 214854583 1
10995422 214829887 1
10995422 214850304 0.5
10995422 214854785 0.5
10995422 214686879 0.5
10995422 214854830 0.5
10995422 214854857 0.5
10049248 214718220 1
10049248 214853705 1
10049248 214854174 1
10049248 214684785 0.5
10049248 214854358 0.5
7068624 214849753 1
7068624 214850304 1
7068624 214849250 1
7068624 214850310 0.5
6483076 214846460 1
6483076 214846419 1
6483076 214846367 1
6483076 214846472 0.5
10739427 214854300 1
10739427 214854579 1
10739427 214819577 1
10739427 214564382 0.5
460518 214748291 1
460518 214753507 1
460518 214748295 1
460518 214819721 0.5
460518 214712130 0.5
460518 214706102 0.5
8249343 214851071 1
8249343 214850630 1
8249343 214609325 1
8249343 214850754 0.5
8249343 214851133 0.5
11087484 214853100 1
11087484 214853083 1
11087484 214854720 1
11087484 214851757 0.5
10665707 214854354 1
10665707 214556218 1
10665707 214718252 1
10665707 214849775 0.5
10241772 214853848 1
10241772 214850792 1
10241772 214684785 1
10241772 214854176 0.5
10241772 214854352 0.5
10241772 214853186 0.5
10241772 214695525 0.5
10241772 214851750 0.5
10241772 214853767 0.5
10241772 214853730 0.5
10241772 214845583 0.5
10241772 214748336 0.5
10241772 214554675 0.5
10241772 214851317 0.5
10241772 214854358 0.5
10241772 214853113 0.5
10241772 214559960 0.5
10241772 214819599 0.5
10241772 214853435 0.5
10241772 214849395 0.5
10241772 214853726 0.5
10241772 214854527 0.5
8079086 214851163 1
8079086 214851099 1
8079086 214851131 1
8079086 214851165 0.5
7268083 214835126 1
7268083 214850310 1
7268083 214849466 1
7268083 214846112 0.5
2860789 214831959 1
2860789 214716110 1
2860789 214601233 1
2860789 214829878 0.5
4331256 214820255 1
4331256 214832717 1
4331256 214820227 1
4331256 214840740 0.5
3737339 214829765 1
3737339 214820220 1
3737339 214836924 1
3737339 214838096 0.5
3737339 214748336 0.5
3737339 214836926 0.5
3737339 214838225 0.5
3393282 214748293 1
3393282 214753513 1
3393282 214826615 1
3393282 214748338 0.5
3393282 214748300 0.5
9252616 214853360 1
9252616 214853195 1
9252616 214850947 1
9252616 214853233 0.5
9252616 214829887 0.5
7018252 214849318 1
7018252 214684108 1
7018252 214667859 1
7018252 214826835 0.5
7018252 214644339 0.5
7018252 214848757 0.5
7018252 214849342 0.5
2815758 214844394 1
2815758 214844439 1
2815758 214844458 1
2815758 214844456 0.5
2815758 214716997 0.5
382509 214826801 1
382509 214826700 1
382509 214826705 1
382509 214826702 0.5
8658708 214716714 1
8658708 214853237 1
8658708 214685049 1
8658708 214853248 0.5
8658708 214853210 0.5
8658708 214853182 0.5
8658708 214853242 0.5
8658708 214851750 0.5
11089147 214853102 1
11089147 214854840 1
11089147 214854782 1
11089147 214714755 0.5
11089147 214854733 0.5
585496 214837487 1
585496 214837485 1
585496 214838831 1
585496 214837490 0.5
585496 214609325 0.5
2684697 214835745 1
2684697 214835747 1
2684697 214835017 1
2684697 214587712 0.5
460573 214687847 1
460573 214820400 1
460573 214820396 1
460573 214553572 0.5
460573 214718117 0.5
460573 214819464 0.5
460573 214743369 0.5
460573 214800272 0.5
460573 214557009 0.5
460573 214586743 0.5
460573 214826623 0.5
460573 214585695 0.5
7698211 214849395 1
7698211 214716714 1
7698211 214716671 1
7698211 214851028 0.5
7698211 214851165 0.5
874276 214844297 1
874276 214826912 1
874276 214714794 1
874276 214820192 0.5
9412391 214853130 1
9412391 214853109 1
9412391 214853263 1
9412391 214553257 0.5
9412391 214848302 0.5
9412391 214677830 0.5
5411804 214844400 1
5411804 214844402 1
5411804 214835747 1
5411804 214835473 0.5
5411804 214835426 0.5
5411804 214844340 0.5
11308849 214819577 1
11308849 214854300 1
11308849 214854534 1
11308849 214850936 0.5
11308849 214854579 0.5
11308849 214718165 0.5
11308849 214854838 0.5
7224627 214849734 1
7224627 214849807 1
7224627 214849762 1
7224627 214849738 0.5
7224627 214849355 0.5
7224627 214832012 0.5
4277897 214602598 1
4277897 214836855 1
4277897 214836853 1
4277897 214836857 0.5
4277897 214829775 0.5
4277897 214836519 0.5
9498826 214853722 1
9498826 214853698 1
9498826 214853700 1
9498826 214853420 0.5
9498826 214853767 0.5
4529979 214847255 1
4529979 214587317 1
4529979 214839962 1
4529979 214602598 0.5
4529979 214832147 0.5
4529979 214836853 0.5
4529979 214837494 0.5
4529979 214601272 0.5
4529979 214828985 0.5
4529979 214716671 0.5
10270526 214819577 1
10270526 214854300 1
10270526 214853497 1
10270526 214854547 0.5
10270526 214821397 0.5
10270526 214854534 0.5
10966847 214853102 1
10966847 214864880 1
10966847 214853081 1
10966847 214554510 0.5
1863488 214829861 1
1863488 214829863 1
1863488 214829707 1
1863488 214821277 0.5
1863488 214832717 0.5
509762 214748295 1
509762 214753507 1
509762 214748304 1
509762 214826912 0.5
509762 214827026 0.5
8623942 214853420 1
8623942 214853422 1
8623942 214848157 1
8623942 214844402 0.5
8623942 214853147 0.5
8623942 214853428 0.5
8623942 214853330 0.5
8623942 214853094 0.5
8089706 214851131 1
8089706 214716654 1
8089706 214716746 1
8089706 214564451 0.5
8089706 214716714 0.5
8089706 214684942 0.5
8089706 214851028 0.5
8089706 214844347 0.5
8089706 214851101 0.5
782154 214826872 1
782154 214826837 1
782154 214821401 1
782154 214826912 0.5
782154 214563133 0.5
11048782 214850420 1
11048782 214854300 1
11048782 214853930 1
11048782 214687845 0.5
11048782 214819464 0.5
11048782 214848335 0.5
11048782 214854545 0.5
11048782 214854547 0.5
11048782 214854579 0.5
11048782 214854495 0.5
1589071 214834880 1
1589071 214826610 1
1589071 214829366 1
1589071 214821412 0.5
1589071 214834877 0.5
5691217 214551926 1
5691217 214849252 1
5691217 214846127 1
5691217 214819760 0.5
5691217 214839932 0.5
4527954 214839954 1
4527954 214716639 1
4527954 214829730 1
4527954 214695472 0.5
1582931 214828980 1
1582931 214821300 1
1582931 214820392 1
1582931 214717286 0.5
1582931 214819430 0.5
1582931 214829387 0.5
1582931 214839600 0.5
1582931 214821015 0.5
1582931 214556025 0.5
11307432 214851326 1
11307432 214853090 1
11307432 214853085 1
11307432 214853248 0.5
3894033 214835017 1
3894033 214826565 1
3894033 214826670 1
3894033 214577025 0.5
3894033 214838225 0.5
3894033 214602802 0.5
3894033 214668270 0.5
3894033 214557095 0.5
10800992 214854547 1
10800992 214854579 1
10800992 214854300 1
10800992 214854352 0.5
10800992 214853767 0.5
7888528 214832653 1
7888528 214665174 1
7888528 214835019 1
7888528 214829666 0.5
7888528 214829366 0.5
7888528 214850754 0.5
7888528 214848845 0.5
7888528 214821397 0.5
7888528 214684502 0.5
7888528 214849055 0.5
7888528 214851097 0.5
7888528 214851099 0.5
7888528 214850621 0.5
7888528 214557701 0.5
10874723 214864880 1
10874723 214854787 1
10874723 214854853 1
10874723 214714755 0.5
10874723 214854823 0.5
10874723 214854793 0.5
10874723 214854733 0.5
10874723 214854840 0.5
10874723 214854782 0.5
9525099 214853420 1
9525099 214850947 1
9525099 214853156 1
9525099 214853154 0.5
6102892 214819528 1
6102892 214829739 1
6102892 214820443 1
6102892 214845954 0.5
6102892 214846119 0.5
2340718 214829878 1
2340718 214829880 1
2340718 214831948 1
2340718 214534464 0.5
2340718 214667970 0.5
2340718 214819430 0.5
2340718 214835019 0.5
2340718 214839600 0.5
2340718 214829882 0.5
9944946 214853430 1
9944946 214717888 1
9944946 214853353 1
9944946 214853732 0.5
9944946 214853707 0.5
9944946 214718220 0.5
9944946 214718160 0.5
9944946 214850771 0.5
9944946 214854583 0.5
9944946 214834871 0.5
9944946 214559960 0.5
9944946 214848185 0.5
10393459 214854352 1
10393459 214853930 1
10393459 214854495 1
10393459 214854545 0.5
10393459 214854549 0.5
10393459 214854358 0.5
10393459 214684785 0.5
2019194 214829850 1
2019194 214826874 1
2019194 214829852 1
2019194 214748334 0.5
2019194 214821399 0.5
6993788 214848658 1
6993788 214839617 1
6993788 214587697 1
6993788 214834880 0.5
6993788 214845984 0.5
6993788 214839971 0.5
6993788 214711652 0.5
6993788 214849031 0.5
6993788 214848695 0.5
6993788 214826990 0.5
6993788 214838225 0.5
6993788 214553561 0.5
6993788 214848947 0.5
6993788 214849333 0.5
6993788 214849046 0.5
6993788 214836855 0.5
6993788 214717860 0.5
6993788 214668219 0.5
6993788 214849020 0.5
6045567 214845954 1
6045567 214821035 1
6045567 214820443 1
6045567 214848161 0.5
6045567 214846119 0.5
6045567 214712237 0.5
6045567 214851311 0.5
6045567 214848307 0.5
6045567 214846029 0.5
5040003 214839973 1
5040003 214839971 1
5040003 214696948 1
5040003 214819721 0.5
5040003 214602598 0.5
6778756 214846460 1
6778756 214846472 1
6778756 214846367 1
6778756 214835428 0.5
6778756 214586668 0.5
6778756 214848845 0.5
6778756 214846035 0.5
6778756 214705145 0.5
6778756 214567198 0.5
5756806 214846012 1
5756806 214835017 1
5756806 214748336 1
5756806 214743515 0.5
2412423 214829878 1
2412423 214829887 1
2412423 214829882 1
2412423 214712237 0.5
2412423 214829885 0.5
5660556 214845917 1
5660556 214844400 1
5660556 214844398 1
5660556 214839279 0.5
8441747 214851236 1
8441747 214851581 1
8441747 214851099 1
8441747 214851013 0.5
10790804 214853100 1
10790804 214854782 1
10790804 214864880 1
10790804 214854802 0.5
2270967 214829885 1
2270967 214829880 1
2270967 214829882 1
2270967 214831946 0.5
2270967 214600492 0.5
2270967 214819762 0.5
4530073 214839587 1
4530073 214829797 1
4530073 214845129 1
4530073 214574672 0.5
6438414 214848845 1
6438414 214835167 1
6438414 214849258 1
6438414 214700000 0.5
6438414 214849018 0.5
6438414 214848847 0.5
5320603 214835428 1
5320603 214835064 1
5320603 214834867 1
5320603 214835070 0.5
10461809 214567215 1
10461809 214854358 1
10461809 214567329 1
10461809 214853186 0.5
10461809 214567333 0.5
10461809 214853420 0.5
10461809 214854264 0.5
10461809 214853722 0.5
10461809 214854268 0.5
10461809 214853182 0.5
8261534 214849102 1
8261534 214849080 1
8261534 214651517 1
8261534 214651777 0.5
8261534 214848997 0.5
8261534 214573350 0.5
8261534 214850771 0.5
8261534 214850936 0.5
8261534 214851581 0.5
8261534 214851077 0.5
3712927 214836926 1
3712927 214838225 1
3712927 214748336 1
3712927 214836330 0.5
3712927 214831967 0.5
3712927 214829852 0.5
3712927 214743495 0.5
10700232 214684717 1
10700232 214826891 1
10700232 214846031 1
10700232 214837280 0.5
10700232 214826945 0.5
10700232 214838107 0.5
10700232 214850949 0.5
10700232 214829880 0.5
8824742 214853135 1
8824742 214851748 1
8824742 214853195 1
8824742 214853233 0.5
8824742 214853227 0.5
8230824 214717003 1
8230824 214853092 1
8230824 214851024 1
8230824 214819412 0.5
8230824 214567410 0.5
8230824 214567404 0.5
3607889 214551607 1
3607889 214839592 1
3607889 214533020 1
3607889 643078800 0.5
3607889 214595139 0.5
3607889 214844452 0.5
3607889 214839984 0.5
3607889 214612708 0.5
3607889 214821339 0.5
3607889 214844447 0.5
2334639 214831946 1
2334639 214829878 1
2334639 214829882 1
2334639 214831957 0.5
7366578 214846085 1
7366578 214849082 1
7366578 214849290 1
7366578 214853754 0.5
7366578 214849003 0.5
7366578 214582942 0.5
7366578 214832619 0.5
11108279 214857570 1
11108279 214857568 1
11108279 214857260 1
11108279 214857562 0.5
2458613 214826589 1
2458613 214829882 1
2458613 214829878 1
2458613 214836330 0.5
2458613 214819762 0.5
2458613 214835165 0.5
8830912 214853107 1
8830912 214853075 1
8830912 214853128 1
8830912 214853087 0.5
10128553 214853707 1
10128553 214853698 1
10128553 214853713 1
10128553 214854152 0.5
10128553 214853700 0.5
6483909 214848337 1
6483909 214848380 1
6483909 214849012 1
6483909 214676377 0.5
6483909 214553257 0.5
6483909 214836932 0.5
6483909 214835109 0.5
6483909 214848373 0.5
2000839 214826670 1
2000839 214828970 1
2000839 214716110 1
2000839 214601233 0.5
2000839 214832722 0.5
10608586 214854579 1
10608586 214854300 1
10608586 214853767 1
10608586 214580276 0.5
9865163 214853094 1
9865163 214853105 1
9865163 214851326 1
9865163 214853090 0.5
9865163 214851714 0.5
10311631 214853096 1
10311631 214853105 1
10311631 214853085 1
10311631 214853248 0.5
8456146 214774661 1
8456146 214846389 1
8456146 214850730 1
8456146 214595137 0.5
8456146 214580885 0.5
8456146 214836830 0.5
8456146 214840415 0.5
5625812 214846033 1
5625812 214553837 1
5625812 214848159 1
5625812 214846457 0.5
5625812 214558258 0.5
5625812 214712132 0.5
4229078 214848855 1
4229078 214839594 1
4229078 214680371 1
4229078 214744258 0.5
4229078 214712235 0.5
4229078 214540125 0.5
9643001 214853156 1
9643001 214844372 1
9643001 214844402 1
9643001 214853381 0.5
5517273 214835426 1
5517273 214845585 1
5517273 214829773 1
5517273 214716641 0.5
5517273 214696899 0.5
5517273 214564708 0.5
5517273 214582378 0.5
5517273 214582382 0.5
5517273 214585586 0.5
5517273 214554707 0.5
5517273 214826711 0.5
5517273 214821020 0.5
9950543 214684785 1
9950543 214854352 1
9950543 214854510 1
9950543 214567333 0.5
9950543 214854545 0.5
9950543 214854262 0.5
9950543 214853113 0.5
9950543 214684762 0.5
9950543 214567327 0.5
9950543 214854495 0.5
6121784 214848309 1
6121784 214712079 1
6121784 214846031 1
6121784 214836519 0.5
1001441 214826936 1
1001441 214826996 1
1001441 214826992 1
1001441 214834880 0.5
1458157 214834880 1
1458157 214602806 1
1458157 214711280 1
1458157 214836328 0.5
1458157 214833755 0.5
1458157 214554277 0.5
7557102 214850938 1
7557102 214846404 1
7557102 214849395 1
7557102 214832147 0.5
7557102 214850726 0.5
7557102 214850743 0.5
6317053 214577518 1
6317053 214846415 1
6317053 214846466 1
6317053 214848832 0.5
6317053 214846427 0.5
6317053 214848808 0.5
6317053 214645963 0.5
6317053 214558192 0.5
6317053 214846312 0.5
6317053 214848695 0.5
6317053 214668249 0.5
6317053 214536187 0.5
4419704 214829390 1
4419704 214831970 1
4419704 214836512 1
4419704 214847968 0.5
8105299 214685049 1
8105299 214851080 1
8105299 214851161 1
8105299 214851587 0.5
6400364 214846119 1
6400364 214845962 1
6400364 214844396 1
6400364 214845971 0.5
1095678 214838750 1
1095678 214691396 1
1095678 214840775 1
1095678 214691420 0.5
1095678 214691407 0.5
11505663 214854782 1
11505663 214850310 1
11505663 214706428 1
11505663 214850304 0.5
11505663 214850945 0.5
11505663 214831946 0.5
