6619886 214849284 1
6619886 214665277 1
6619886 214667859 1
6619886 214667857 0.5
6619886 214849331 0.5
10616838 214854527 1
10616838 214848658 1
10616838 214748336 1
10616838 214854298 0.5
10616838 214846067 0.5
10616838 214853709 0.5
10616838 214706102 0.5
8275977 214851125 1
8275977 214851290 1
8275977 214851017 1
8275977 214851131 0.5
11216906 214854176 1
11216906 214850792 1
11216906 214853852 1
11216906 214853210 0.5
11216906 214850726 0.5
5779468 214846119 1
5779468 214845962 1
5779468 214849010 1
5779468 214845965 0.5
8136489 214851099 1
8136489 214851069 1
8136489 214851581 1
8136489 214580424 0.5
8136489 214851137 0.5
8136489 214846067 0.5
8136489 214748334 0.5
8136489 214716110 0.5
3501741 214829878 1
3501741 214829887 1
3501741 214835505 1
3501741 214711408 0.5
3501741 214712120 0.5
4446226 214836879 1
4446226 214829887 1
4446226 214829878 1
4446226 214711408 0.5
4446226 214838105 0.5
4446226 214839965 0.5
4446226 214838102 0.5
9598999 214718160 1
9598999 214538820 1
9598999 214826752 1
9598999 214853454 0.5
9598999 214853424 0.5
9598999 214850771 0.5
9598999 214853428 0.5
9598999 214853422 0.5
9598999 214850942 0.5
9598999 214612895 0.5
9744408 214853420 1
9744408 214853422 1
9744408 214829878 1
9744408 214846033 0.5
9744408 214829882 0.5
9744408 214850949 0.5
9744408 214853454 0.5
9714036 214853420 1
9714036 214853422 1
9714036 214850945 1
9714036 214850947 0.5
3454314 214839617 1
3454314 214532107 1
3454314 214835475 1
3454314 214652934 0.5
3454314 214548103 0.5
3454314 214820392 0.5
3454314 214577450 0.5
3454314 214826837 0.5
3454314 214821401 0.5
6490142 214835167 1
6490142 214849010 1
6490142 214848384 1
6490142 214829765 0.5
7495711 214848165 1
7495711 214850792 1
7495711 214845958 1
7495711 214850938 0.5
1559558 214834877 1
1559558 214826610 1
1559558 214744779 1
1559558 214834880 0.5
1559558 214685857 0.5
1559558 214829366 0.5
6617777 214838094 1
6617777 214832156 1
6617777 214826822 1
6617777 214849342 0.5
8804398 214853195 1
8804398 214853227 1
8804398 214853135 1
8804398 214853233 0.5
8804398 214852978 0.5
8804398 214851131 0.5
5449774 214835428 1
5449774 214835426 1
5449774 214826949 1
5449774 214835473 0.5
5449774 214838225 0.5
2906772 214716941 1
2906772 214716937 1
2906772 214716973 1
2906772 214716947 0.5
9127987 214678376 1
9127987 214845962 1
9127987 214577495 1
9127987 214851742 0.5
8820789 214853165 1
8820789 214677830 1
8820789 214845962 1
8820789 214853075 0.5
8820789 214851742 0.5
8820789 214709702 0.5
10512439 214854264 1
10512439 214567333 1
10512439 214854262 1
10512439 214853735 0.5
9111612 214853077 1
9111612 214853094 1
9111612 214852980 1
9111612 214853248 0.5
9111612 214853096 0.5
9111612 214852978 0.5
9111612 214853085 0.5
9111612 214851326 0.5
5972032 214850870 1
5972032 214846067 1
5972032 214846389 1
5972032 214850880 0.5
5972032 214839975 0.5
7967816 214851317 1
7967816 214851097 1
7967816 214575665 1
7967816 214851073 0.5
7967816 214850792 0.5
7967816 214743339 0.5
7967816 214684498 0.5
7967816 214849395 0.5
7967816 214684502 0.5
3770444 214836932 1
3770444 214835109 1
3770444 214757390 1
3770444 214838227 0.5
3770444 214826990 0.5
5052497 214844400 1
5052497 214844372 1
5052497 214835070 1
5052497 214845579 0.5
5052497 214844396 0.5
9271379 214853263 1
9271379 214678376 1
9271379 214845962 1
9271379 214677830 0.5
10431844 214684785 1
10431844 214567327 1
10431844 214853413 1
10431844 214853992 0.5
10431844 214854510 0.5
10431844 214854159 0.5
8162319 214851131 1
8162319 214684942 1
8162319 214851028 1
8162319 214851165 0.5
2601052 214829878 1
2601052 214829885 1
2601052 214835572 1
2601052 214831946 0.5
2601052 214829887 0.5
1355869 214834880 1
1355869 214826610 1
1355869 214834877 1
1355869 214833755 0.5
11427934 214854795 1
11427934 214854800 1
11427934 214855209 1
11427934 214835000 0.5
11427934 214854793 0.5
11427934 214712675 0.5
11427934 214854853 0.5
9576552 214853156 1
9576552 214853154 1
9576552 214844372 1
9576552 214849314 0.5
9576552 214853347 0.5
9576552 214853158 0.5
9576552 214595150 0.5
9576552 214844400 0.5
9576552 214708029 0.5
8671664 214853128 1
8671664 214820443 1
8671664 214845954 1
8671664 214853107 0.5
5189309 214836506 1
5189309 214820220 1
5189309 214851032 1
5189309 214579226 0.5
5189309 214714757 0.5
5992562 214845939 1
5992562 214845135 1
5992562 214846415 1
5992562 214846127 0.5
1230321 214716980 1
1230321 214716984 1
1230321 214832657 1
1230321 214716939 0.5
1230321 214832655 0.5
2873466 214835745 1
2873466 214837918 1
2873466 214837916 1
2873466 214835017 0.5
2873466 214835747 0.5
2873466 214826565 0.5
7491708 214850938 1
7491708 214564387 1
7491708 214684942 1
7491708 214850848 0.5
7491708 214850692 0.5
7491708 214851592 0.5
7491708 214850411 0.5
7491708 214690796 0.5
7491708 214677401 0.5
7491708 214687957 0.5
7491708 214850743 0.5
7491708 214851097 0.5
7491708 214851317 0.5
5503103 214845407 1
5503103 214845405 1
5503103 214848300 1
5503103 214848298 0.5
7678491 214854632 1
7678491 214717007 1
7678491 214716928 1
7678491 214717003 0.5
4413571 214602733 1
4413571 214839975 1
4413571 214839971 1
4413571 214553561 0.5
4413571 214602598 0.5
4413571 214836855 0.5
2699396 214844394 1
2699396 214586711 1
2699396 214844439 1
2699396 214612704 0.5
2756289 214834867 1
2756289 214835019 1
2756289 214835132 1
2756289 214835137 0.5
7481482 214850936 1
7481482 214850621 1
7481482 214850720 1
7481482 214850756 0.5
5439631 214844402 1
5439631 214844400 1
5439631 214844368 1
5439631 214835428 0.5
5439631 214845590 0.5
7110806 214706147 1
7110806 214845352 1
7110806 214846029 1
7110806 214848605 0.5
7110806 214829887 0.5
3181252 214836534 1
3181252 214835505 1
3181252 214836530 1
3181252 214826623 0.5
5939354 214846460 1
5939354 214846472 1
5939354 214836830 1
5939354 214836875 0.5
5939354 214846389 0.5
8214896 214716671 1
8214896 214851131 1
8214896 214851097 1
8214896 214851028 0.5
9633956 214846258 1
9633956 214851290 1
9633956 214850711 1
9633956 214738457 0.5
9633956 214716909 0.5
9633956 214851159 0.5
1396901 214821339 1
1396901 214821305 1
1396901 214821302 1
1396901 214533020 0.5
6654123 214850360 1
6654123 214850362 1
6654123 214848605 1
6654123 214845354 0.5
6569366 214848656 1
6569366 214848607 1
6569366 214820214 1
6569366 214695167 0.5
6569366 214834873 0.5
6569366 214836527 0.5
6569366 214846085 0.5
6569366 214743367 0.5
5675189 214845962 1
5675189 214820443 1
5675189 214846119 1
5675189 214553257 0.5
1227124 214828970 1
1227124 214828991 1
1227124 214545879 1
1227124 214696897 0.5
1227124 214695167 0.5
3363002 214832126 1
3363002 214832128 1
3363002 214836851 1
3363002 214829368 0.5
3363002 214836795 0.5
3363002 214832124 0.5
3363002 214595150 0.5
3363002 214836527 0.5
6971579 214849312 1
6971579 214848849 1
6971579 214667857 1
6971579 214844409 0.5
6971579 214665277 0.5
6971579 214834877 0.5
6971579 214849239 0.5
2670784 214821322 1
2670784 214821326 1
2670784 214821324 1
2670784 214826627 0.5
2670784 214718390 0.5
2670784 214819430 0.5
2670784 214673295 0.5
10942663 214853102 1
10942663 214854840 1
10942663 214853754 1
10942663 214854787 0.5
7925961 214850936 1
7925961 214850758 1
7925961 214850771 1
7925961 214829666 0.5
7925961 214846035 0.5
7925961 214850765 0.5
7925961 214821022 0.5
7925961 214561775 0.5
2713803 214835019 1
2713803 214835017 1
2713803 214832126 1
2713803 214826874 0.5
2713803 214791635 0.5
2713803 214819526 0.5
5401293 214845583 1
5401293 214846447 1
5401293 214846001 1
5401293 214839969 0.5
5401293 214848185 0.5
5401293 214849001 0.5
5401293 214835019 0.5
5401293 214748334 0.5
5401293 214820400 0.5
5401293 214838137 0.5
5401293 214844345 0.5
8253648 214844439 1
8253648 214844394 1
8253648 214844462 1
8253648 214853758 0.5
2930897 214585676 1
2930897 214573612 1
2930897 214835132 1
2930897 214835107 0.5
2930897 214832559 0.5
920716 214826617 1
920716 214826615 1
920716 214826621 1
920716 214826612 0.5
920716 214554982 0.5
11102419 214854718 1
11102419 214853079 1
11102419 214854720 1
11102419 214710013 0.5
11102419 214854230 0.5
11002069 214853081 1
11002069 214851757 1
11002069 214854720 1
11002069 214854722 0.5
11002069 214853083 0.5
11002069 214854718 0.5
11002069 214853079 0.5
4630742 214837918 1
4630742 214845131 1
4630742 214839967 1
4630742 214839600 0.5
4630742 214839960 0.5
4630742 214836330 0.5
4630742 214837916 0.5
10465497 214854579 1
10465497 214854585 1
10465497 214854300 1
10465497 214854534 0.5
10465497 214854536 0.5
10465497 214573310 0.5
10465497 214819599 0.5
10465497 214854352 0.5
10465497 214854577 0.5
10465497 214850739 0.5
10465497 214821397 0.5
10465497 214819577 0.5
10465497 214849464 0.5
10465497 214853113 0.5
10465497 214573305 0.5
10465497 214853244 0.5
10465497 214648254 0.5
1701829 214826610 1
1701829 214833755 1
1701829 214834877 1
1701829 214834880 0.5
1630429 214584969 1
1630429 214834877 1
1630429 214826610 1
1630429 214834880 0.5
1630429 214821300 0.5
4243683 214838096 1
4243683 214838107 1
4243683 214829390 1
4243683 214831944 0.5
4243683 214826835 0.5
4243683 214832012 0.5
4243683 214589711 0.5
8749284 214852978 1
8749284 214853248 1
8749284 214852980 1
8749284 214851326 0.5
1331431 214819562 1
1331431 214834880 1
1331431 214826610 1
1331431 214667921 0.5
11303144 214857757 1
11303144 214602729 1
11303144 214857262 1
11303144 214648252 0.5
11303144 214648254 0.5
9227644 214850947 1
9227644 214853422 1
9227644 214853420 1
9227644 214853428 0.5
9227644 214850949 0.5
9227644 214853454 0.5
7195346 214684717 1
7195346 214846031 1
7195346 214849745 1
7195346 214717850 0.5
7195346 214717436 0.5
7195346 214850285 0.5
1607037 214711312 1
1607037 214711078 1
1607037 214711295 1
1607037 214711408 0.5
1607037 214819530 0.5
1607037 214820188 0.5
1607037 214684730 0.5
6692904 214848337 1
6692904 214848377 1
6692904 214826990 1
6692904 214839617 0.5
6692904 214707875 0.5
6692904 214835109 0.5
6692904 214846535 0.5
6692904 214848328 0.5
6692904 214850282 0.5
6692904 214848410 0.5
6692904 214846033 0.5
6692904 214561402 0.5
6692904 214573288 0.5
6692904 214848380 0.5
6692904 214848330 0.5
6844658 214849331 1
6844658 214667859 1
6844658 214848945 1
6844658 214848658 0.5
1526006 214834880 1
1526006 214826610 1
1526006 214834877 1
1526006 214829387 0.5
1526006 214833755 0.5
22777 214826700 1
22777 214826801 1
22777 214826608 1
22777 214829285 0.5
22777 214826702 0.5
2358314 214831946 1
2358314 214744260 1
2358314 214684715 1
2358314 214835019 0.5
9224446 214853420 1
9224446 214853422 1
9224446 214850947 1
9224446 214674658 0.5
9224446 214850700 0.5
9224446 214853154 0.5
4342024 214832747 1
4342024 214835012 1
4342024 214714697 1
4342024 214829825 0.5
4342024 214836932 0.5
4342024 214826975 0.5
4342024 214836075 0.5
4342024 214554450 0.5
4342024 214829366 0.5
4342024 214835167 0.5
4342024 214636415 0.5
10156301 214853700 1
10156301 214853730 1
10156301 214853722 1
10156301 214853698 0.5
10156301 214853707 0.5
10156301 214853430 0.5
8366352 214850304 1
8366352 214850366 1
8366352 214851101 1
8366352 214820456 0.5
8366352 214850754 0.5
8366352 214850938 0.5
8366352 214850743 0.5
4542737 214700000 1
4542737 214832012 1
4542737 214832143 1
4542737 214744258 0.5
4542737 214712235 0.5
4542737 214838098 0.5
4542737 214684702 0.5
2717971 214829880 1
2717971 214829878 1
2717971 214829887 1
2717971 214826947 0.5
2717971 214718396 0.5
2717971 214711078 0.5
2729689 214835019 1
2729689 214832792 1
2729689 214835017 1
2729689 214602600 0.5
2729689 214834867 0.5
2729689 214835747 0.5
2729689 214826565 0.5
11137304 214854720 1
11137304 214716973 1
11137304 214861455 1
11137304 214853248 0.5
11137304 214854716 0.5
11137304 214851236 0.5
11137304 214851757 0.5
7377181 214849766 1
7377181 214820345 1
7377181 214849777 1
7377181 214849331 0.5
7377181 214849284 0.5
5964062 214834880 1
5964062 214848375 1
5964062 214848613 1
5964062 214846127 0.5
8872224 214695399 1
8872224 214851238 1
8872224 214687753 1
8872224 214717003 0.5
8872224 214842735 0.5
8872224 214851285 0.5
8872224 214839611 0.5
8872224 214550621 0.5
8872224 214774687 0.5
8022064 214716939 1
8022064 214716941 1
8022064 214717003 1
8022064 214716971 0.5
8022064 214829021 0.5
6296853 214848845 1
6296853 214849012 1
6296853 214848847 1
6296853 214676962 0.5
6296853 214848596 0.5
10266589 214854296 1
10266589 214854309 1
10266589 214854080 1
10266589 214569729 0.5
10266589 214854215 0.5
7825707 214850762 1
7825707 214850936 1
7825707 214850756 1
7825707 214851011 0.5
7825707 214850758 0.5
7825707 214850310 0.5
10068549 214853090 1
10068549 214851326 1
10068549 214853094 1
10068549 214853096 0.5
10068549 214853085 0.5
6938333 214848986 1
6938333 214849318 1
6938333 214849179 1
6938333 214846367 0.5
6938333 214738460 0.5
6938333 214826711 0.5
1521971 214833755 1
1521971 214829366 1
1521971 214601233 1
1521971 214821410 0.5
1521971 214821412 0.5
11512116 214853102 1
11512116 214854782 1
11512116 214853100 1
11512116 214854840 0.5
10977589 214853454 1
10977589 214854853 1
10977589 214700000 1
10977589 214854785 0.5
10977589 214854782 0.5
11151674 214853767 1
11151674 214854538 1
11151674 214853707 1
11151674 214848658 0.5
10924347 214853102 1
10924347 214854785 1
10924347 214854733 1
10924347 214854782 0.5
387388 214832653 1
387388 214678104 1
387388 214640353 1
387388 214717007 0.5
1870148 214748293 1
1870148 214819627 1
1870148 214829887 1
1870148 214748297 0.5
1870148 214748338 0.5
11555142 214853100 1
11555142 214854782 1
11555142 214854797 1
11555142 214854840 0.5
11555142 214854819 0.5
3838279 214826938 1
3838279 214836795 1
3838279 214829773 1
3838279 214613741 0.5
3838279 214836870 0.5
9607408 214853420 1
9607408 214850947 1
9607408 214846029 1
9607408 214850304 0.5
11086903 214854853 1
11086903 214864880 1
11086903 214854729 1
11086903 214854840 0.5
11086903 214861895 0.5
6977871 214849344 1
6977871 214849312 1
6977871 214845943 1
6977871 214850400 0.5
6977871 214845133 0.5
6977871 214848757 0.5
8643983 214846475 1
8643983 214853094 1
8643983 214851326 1
8643983 214853248 0.5
8643983 214849762 0.5
8643983 214839932 0.5
8643983 214846333 0.5
8643983 214845583 0.5
5945699 214850402 1
5945699 214845587 1
5945699 214846408 1
5945699 214743497 0.5
2382184 214829878 1
2382184 214829882 1
2382184 214829887 1
2382184 214829880 0.5
2382184 214819721 0.5
2382184 214829885 0.5
2382184 214831959 0.5
10111338 214854125 1
10111338 214853713 1
10111338 214853698 1
10111338 214853730 0.5
10111338 214853700 0.5
10111338 214853702 0.5
10111338 214853767 0.5
10111338 214853707 0.5
10111338 214853722 0.5
5394182 214717003 1
5394182 214709317 1
5394182 214643036 1
5394182 214716928 0.5
5394182 214743350 0.5
5394182 214554358 0.5
2324119 214833755 1
2324119 214826610 1
2324119 214543922 1
2324119 214829664 0.5
2324119 214707875 0.5
2324119 214560613 0.5
2324119 214819719 0.5
2324119 214832552 0.5
2324119 214560587 0.5
2324119 214509525 0.5
2324119 214573277 0.5
2324119 214748319 0.5
10353008 214684762 1
10353008 214853113 1
10353008 214850743 1
10353008 214854345 0.5
10353008 214850938 0.5
10353008 214854300 0.5
10353008 214853702 0.5
10353008 214853767 0.5
10572176 214854352 1
10572176 214853244 1
10572176 214850945 1
10572176 214850739 0.5
10572176 214819599 0.5
5605754 214846012 1
5605754 214846029 1
5605754 214846033 1
5605754 214718255 0.5
5605754 214832012 0.5
5605754 214717511 0.5
2263104 214829880 1
2263104 214829887 1
2263104 214829882 1
2263104 214829885 0.5
8864558 214839311 1
8864558 214850372 1
8864558 214585633 1
8864558 214846404 0.5
10750343 214854309 1
10750343 214854300 1
10750343 214854538 1
10750343 214552449 0.5
10750343 214550565 0.5
10750343 214853094 0.5
10750343 214854515 0.5
10750343 214569716 0.5
10750343 214854547 0.5
10750343 214854335 0.5
7319947 214850938 1
7319947 214564387 1
7319947 214832792 1
7319947 214850848 0.5
7319947 214850756 0.5
7319947 214820456 0.5
7319947 214820394 0.5
7319947 214602600 0.5
7319947 214832147 0.5
7319947 214850743 0.5
7319947 214839962 0.5
1935756 214829664 1
1935756 214829390 1
1935756 214753513 1
1935756 214821032 0.5
1935756 214835754 0.5
1935756 214609325 0.5
1935756 214589711 0.5
1935756 214832722 0.5
1935756 214783352 0.5
5160581 214838094 1
5160581 214836956 1
5160581 214837286 1
5160581 214837280 0.5
5160581 214838092 0.5
10650943 214854802 1
10650943 214855151 1
10650943 214855153 1
10650943 214837873 0.5
10650943 214854731 0.5
10650943 214709685 0.5
11098862 214854855 1
11098862 214853707 1
11098862 214854819 1
11098862 214854731 0.5
7733654 214851080 1
7733654 214564387 1
7733654 214564451 1
7733654 214850848 0.5
7733654 214850850 0.5
6504857 214848656 1
6504857 214829765 1
6504857 214846530 1
6504857 214826904 0.5
6504857 214835019 0.5
8234363 214716714 1
8234363 214851080 1
8234363 214851131 1
8234363 214851592 0.5
5349789 214832150 1
5349789 214845806 1
5349789 214839971 1
5349789 214829880 0.5
5349789 214601233 0.5
5349789 214838107 0.5
5349789 214826835 0.5
5349789 214839973 0.5
504226 214827026 1
504226 214684841 1
504226 214828987 1
504226 214558192 0.5
504226 214826925 0.5
504226 214827005 0.5
496027 214821401 1
496027 214826908 1
496027 214826876 1
496027 214716902 0.5
496027 214717286 0.5
496027 214714794 0.5
496027 214826925 0.5
496027 214834865 0.5
496027 214821300 0.5
496027 214827000 0.5
496027 214827005 0.5
496027 214827007 0.5
10076591 214850291 1
10076591 214849312 1
10076591 214514265 1
10076591 214652216 0.5
10076591 214853402 0.5
10076591 214514291 0.5
10076591 214853460 0.5
10076591 214853722 0.5
361792 214826621 1
361792 214826612 1
361792 214826615 1
361792 214717286 0.5
361792 214826908 0.5
361792 214753515 0.5
361792 214826927 0.5
361792 214821300 0.5
361792 214717877 0.5
361792 214826998 0.5
361792 214821401 0.5
361792 214826619 0.5
361792 214826876 0.5
361792 214826837 0.5
8477072 214564380 1
8477072 214851290 1
8477072 214851232 1
8477072 214552522 0.5
8477072 214844342 0.5
8477072 214554982 0.5
8477072 214851101 0.5
7502259 214850936 1
7502259 214850938 1
7502259 214849395 1
7502259 214850619 0.5
2865588 214821332 1
2865588 214829392 1
2865588 214826563 1
2865588 214832555 0.5
3385787 214835167 1
3385787 214829771 1
3385787 214826938 1
3385787 214836924 0.5
3385787 214582350 0.5
3385787 214836870 0.5
10765974 214854352 1
10765974 214850735 1
10765974 214850739 1
10765974 214854536 0.5
10765974 214854577 0.5
10765974 214854354 0.5
10765974 214854547 0.5
10765974 214854585 0.5
9505218 214853420 1
9505218 214850947 1
9505218 214850945 1
9505218 214684736 0.5
9028683 214852987 1
9028683 214851737 1
9028683 214853105 1
9028683 214853085 0.5
11352524 214854264 1
11352524 214854268 1
11352524 214851131 1
11352524 214567329 0.5
11352524 214684785 0.5
8638151 214853248 1
8638151 214853105 1
8638151 214853094 1
8638151 214853096 0.5
8638151 214853085 0.5
2316758 214835019 1
2316758 214831948 1
2316758 214826833 1
2316758 214840584 0.5
2316758 214829882 0.5
2316758 214835124 0.5
2316758 214716935 0.5
10914268 214684762 1
10914268 214853083 1
10914268 214854718 1
10914268 214851757 0.5
10914268 214710013 0.5
7993822 214850743 1
7993822 214850621 1
7993822 214850720 1
7993822 214849466 0.5
5640671 214851311 1
5640671 214845986 1
5640671 214845917 1
5640671 214846447 0.5
586209 214826925 1
586209 214826619 1
586209 214827026 1
586209 214834865 0.5
586209 214718180 0.5
586209 214716710 0.5
5501691 214844330 1
5501691 214646612 1
5501691 214712051 1
5501691 214561558 0.5
5501691 214845579 0.5
5501691 214585616 0.5
5501691 214709814 0.5
5501691 214646617 0.5
5501691 214836956 0.5
11332068 214853100 1
11332068 214853102 1
11332068 214854823 1
11332068 214854731 0.5
11332068 214854782 0.5
7174629 214850366 1
7174629 214850315 1
7174629 214684715 1
7174629 214849777 0.5
183667 214821298 1
183667 214827022 1
183667 214820415 1
183667 214836761 0.5
183667 214676580 0.5
183667 214636389 0.5
4734907 214839973 1
4734907 214836855 1
4734907 214839971 1
4734907 214839600 0.5
4734907 214839960 0.5
4734907 214602598 0.5
10193394 214853992 1
10193394 214854262 1
10193394 214854510 1
10193394 214853996 0.5
10183156 214853702 1
10183156 214853767 1
10183156 214853722 1
10183156 214853730 0.5
10183156 214853700 0.5
10183156 214829878 0.5
10183156 214854118 0.5
10183156 214853420 0.5
10183156 214854060 0.5
10183156 214851122 0.5
10183156 214854579 0.5
10183156 214662742 0.5
10183156 214853765 0.5
5372408 214832154 1
5372408 214844396 1
5372408 214835109 1
5372408 214829882 0.5
5372408 214845581 0.5
2597374 214743515 1
2597374 214684702 1
2597374 214832792 1
2597374 214602600 0.5
2597374 214680369 0.5
2597374 214700002 0.5
2597374 214712237 0.5
2597374 214600989 0.5
3564031 214836932 1
3564031 214835109 1
3564031 214820220 1
3564031 214836330 0.5
3564031 214561402 0.5
3564031 214743335 0.5
6978048 214849239 1
6978048 214849284 1
6978048 214684942 1
6978048 214848832 0.5
6978048 214558192 0.5
6978048 214571188 0.5
6978048 214848613 0.5
10562304 214850945 1
10562304 214845581 1
10562304 214853454 1
10562304 214853420 0.5
10562304 214853422 0.5
10690987 214567329 1
10690987 214567215 1
10690987 214851750 1
10690987 214854268 0.5
10690987 214853855 0.5
1839894 214820394 1
1839894 214706460 1
1839894 214826664 1
1839894 214829657 0.5
1839894 214648254 0.5
5782024 214821384 1
5782024 214849072 1
5782024 214829739 1
5782024 214831937 0.5
5782024 214820261 0.5
10320403 214854352 1
10320403 214854354 1
10320403 214853735 1
10320403 214854545 0.5
10320403 214853435 0.5
2587158 214753513 1
2587158 214748300 1
2587158 214835503 1
2587158 214821322 0.5
2587158 214831940 0.5
2587158 214748293 0.5
10084887 214850949 1
10084887 214850942 1
10084887 214850945 1
10084887 214850947 0.5
10084887 214853428 0.5
10084887 214853454 0.5
10084887 214853422 0.5
2954969 214832555 1
2954969 214835122 1
2954969 214832128 1
2954969 214832115 0.5
8524313 214851290 1
8524313 214819412 1
8524313 214850304 1
8524313 214849344 0.5
8524313 214820197 0.5
8524313 214643340 0.5
8524313 214848622 0.5
8524313 214851024 0.5
8524313 214587671 0.5
8524313 214829887 0.5
8284698 214573350 1
8284698 214849155 1
8284698 214851285 1
8284698 214849153 0.5
8284698 214848997 0.5
8284698 214850630 0.5
8284698 214714665 0.5
8284698 214718252 0.5
8284698 214651517 0.5
3631643 214838227 1
3631643 214835109 1
3631643 214826990 1
3631643 214838111 0.5
3797424 214826990 1
3797424 214835109 1
3797424 214838227 1
3797424 214829762 0.5
3797424 214829771 0.5
7311451 214845943 1
7311451 214849093 1
7311451 214711247 1
7311451 214849230 0.5
1743397 214834880 1
1743397 214826610 1
1743397 214821410 1
1743397 214833755 0.5
1743397 214826589 0.5
4575783 214829792 1
4575783 214839973 1
4575783 214839962 1
4575783 214674401 0.5
4575783 214602598 0.5
4575783 214820199 0.5
4575783 214839975 0.5
4575783 214832722 0.5
4575783 214826927 0.5
4575783 214835122 0.5
4575783 214543922 0.5
4575783 214836857 0.5
4575783 214738460 0.5
8230322 214851013 1
8230322 214651517 1
8230322 214573350 1
8230322 214849153 0.5
8230322 214851236 0.5
8230322 214851133 0.5
10273328 214854268 1
10273328 214853242 1
10273328 214854264 1
10273328 214854536 0.5
10273328 214853852 0.5
6172083 214846117 1
6172083 214849010 1
6172083 214846010 1
6172083 214676377 0.5
6046261 214845962 1
6046261 214846119 1
6046261 214846010 1
6046261 214535034 0.5
6046261 214586540 0.5
6046261 214536189 0.5
6046261 214845879 0.5
210697 214753505 1
210697 214753507 1
210697 214748304 1
210697 214748291 0.5
5687867 214846001 1
5687867 214846029 1
5687867 214848185 1
5687867 214845986 0.5
5687867 214845917 0.5
1329724 214716110 1
1329724 214698420 1
1329724 214828959 1
1329724 214820400 0.5
1329724 214829850 0.5
1329724 214577355 0.5
1329724 214743495 0.5
10039872 214853722 1
10039872 214853767 1
10039872 214853730 1
10039872 214854152 0.5
10039872 214853852 0.5
10039872 214853707 0.5
10039872 214854148 0.5
9118276 214851232 1
9118276 214851163 1
9118276 214851238 1
9118276 214580424 0.5
9118276 214716746 0.5
9118276 214602806 0.5
9118276 214851322 0.5
9118276 214564380 0.5
9118276 214851290 0.5
8720966 214853105 1
8720966 214853094 1
8720966 214853085 1
8720966 214853096 0.5
8151624 214574777 1
8151624 214555914 1
8151624 214850932 1
8151624 214849055 0.5
5363333 214844370 1
5363333 214844402 1
5363333 214845590 1
5363333 214845412 0.5
5363333 214836517 0.5
5363333 214835167 0.5
9005649 214845962 1
9005649 214849010 1
9005649 214678376 1
9005649 214846312 0.5
9005649 214853165 0.5
4246101 214839382 1
4246101 214829100 1
4246101 214577057 1
4246101 214827015 0.5
2359894 214831948 1
2359894 214829880 1
2359894 214829882 1
2359894 214831965 0.5
8966636 214853242 1
8966636 214851750 1
8966636 214853132 1
8966636 214853237 0.5
8516187 214851122 1
8516187 214851581 1
8516187 214851101 1
8516187 214851290 0.5
8516187 214851159 0.5
5745251 214829797 1
5745251 214845135 1
5745251 214846065 1
5745251 214846033 0.5
5745251 214831948 0.5
5745251 214846479 0.5
6176871 214578823 1
6176871 214845585 1
6176871 214551913 1
6176871 214561496 0.5
6176871 214648402 0.5
6176871 214844195 0.5
6176871 214677941 0.5
6176871 214845127 0.5
10515053 214567215 1
10515053 214567329 1
10515053 214567327 1
10515053 214567333 0.5
4221563 214838096 1
4221563 214838098 1
4221563 214845129 1
4221563 214838107 0.5
9482877 214853422 1
9482877 214853420 1
9482877 214850947 1
9482877 214829887 0.5
4448894 214602598 1
4448894 214836855 1
4448894 214709970 1
4448894 214836352 0.5
4448894 214586743 0.5
4448894 214586694 0.5
4448894 214845131 0.5
4448894 214838225 0.5
4448894 214828982 0.5
4448894 214832023 0.5
4448894 214839960 0.5
4448894 214821401 0.5
4448894 214819772 0.5
5087873 214829730 1
5087873 214829287 1
5087873 214829850 1
5087873 214595139 0.5
5087873 214586469 0.5
5087873 214845131 0.5
5087873 214585695 0.5
7041666 214849738 1
7041666 214849757 1
7041666 214849736 1
7041666 214844400 0.5
2759694 214835745 1
2759694 214835747 1
2759694 214832792 1
2759694 214600492 0.5
2759694 214580190 0.5
1368718 214834880 1
1368718 214826610 1
1368718 214826621 1
1368718 214821410 0.5
1368718 214833755 0.5
1368718 214821412 0.5
1368718 214561485 0.5
9167504 214853077 1
9167504 214851326 1
9167504 214852980 1
9167504 214853085 0.5
9646741 214853420 1
9646741 214850949 1
9646741 214850947 1
9646741 214853454 0.5
9646741 214853422 0.5
3621527 214838137 1
3621527 214836926 1
3621527 214831967 1
3621527 214826977 0.5
3621527 214602598 0.5
3621527 214582374 0.5
3621527 214829799 0.5
3621527 214836330 0.5
3621527 214684843 0.5
3621527 214582348 0.5
3621527 214829773 0.5
3621527 214748334 0.5
3621527 214819760 0.5
3621527 214543922 0.5
3621527 214819719 0.5
3621527 214835111 0.5
3621527 214800262 0.5
3621527 214553561 0.5
3621527 214826938 0.5
3621527 214690110 0.5
6927003 214712124 1
6927003 214849018 1
6927003 214711205 1
6927003 214848847 0.5
6523549 214849185 1
6523549 214848656 1
6523549 214848605 1
6523549 214687457 0.5
6523549 214839973 0.5
6523549 214849239 0.5
6523549 214844372 0.5
6523549 214849046 0.5
6523549 214848695 0.5
9338488 214854118 1
9338488 214854060 1
9338488 214853379 1
9338488 214849322 0.5
9338488 214853420 0.5
9338488 214850942 0.5
9338488 214849318 0.5
10674972 214854819 1
10674972 214854857 1
10674972 214854300 1
10674972 214853102 0.5
2599026 214821412 1
2599026 214829366 1
2599026 214826589 1
2599026 214831965 0.5
2599026 214829878 0.5
2599026 214829887 0.5
10543067 214853735 1
10543067 214853930 1
10543067 214854532 1
10543067 214853722 0.5
10543067 214854495 0.5
9907893 214854345 1
9907893 214854510 1
9907893 214567333 1
9907893 214675888 0.5
9907893 214684785 0.5
9907893 214854262 0.5
8423888 214850285 1
8423888 214632146 1
8423888 214850291 1
8423888 214548103 0.5
11092766 214854853 1
11092766 214700000 1
11092766 214835117 1
11092766 214704180 0.5
7322294 214632146 1
7322294 214850291 1
7322294 214748289 1
7322294 214829885 0.5
8766136 214851750 1
8766136 214853242 1
8766136 214853210 1
8766136 214853237 0.5
6027221 214848305 1
6027221 214848300 1
6027221 214712270 1
6027221 214676377 0.5
6027221 214560615 0.5
10298043 214861498 1
10298043 214846391 1
10298043 214840001 1
10298043 214851135 0.5
10298043 214687685 0.5
10298043 214836830 0.5
10298043 214854583 0.5
9423548 214850771 1
9423548 214850743 1
9423548 214850765 1
9423548 214717888 0.5
9423548 214850754 0.5
9423548 214662759 0.5
9423548 214853128 0.5
9423548 214853130 0.5
9423548 214581611 0.5
9423548 214718220 0.5
9423548 214684845 0.5
9423548 214835469 0.5
9423548 214846312 0.5
9423548 214602600 0.5
9423548 214556840 0.5
9423548 214717436 0.5
346814 214716973 1
346814 214716977 1
346814 214716971 1
346814 214716937 0.5
346814 214716975 0.5
11045569 214854840 1
11045569 214854853 1
11045569 214854797 1
11045569 214853102 0.5
8071876 214853085 1
8071876 214853105 1
8071876 214853096 1
8071876 214852980 0.5
8071876 214853077 0.5
8071876 214853094 0.5
8590024 214851583 1
8590024 214851080 1
8590024 214851317 1
8590024 214851322 0.5
8590024 214851590 0.5
647628 214837485 1
647628 214837487 1
647628 214677512 1
647628 214684942 0.5
9521867 214854148 1
9521867 214853848 1
9521867 214853435 1
9521867 214859139 0.5
9521867 214851317 0.5
6230818 214848337 1
6230818 214848380 1
6230818 214848322 1
6230818 214835109 0.5
5481166 214844400 1
5481166 214844372 1
5481166 214844398 1
5481166 214844368 0.5
5481166 214558258 0.5
5481166 214844340 0.5
4641487 214845131 1
4641487 214839969 1
4641487 214836855 1
4641487 214839960 0.5
4641487 214828985 0.5
4641487 214836330 0.5
4641487 214839971 0.5
4641487 214839973 0.5
6333138 214848337 1
6333138 214848328 1
6333138 214835109 1
6333138 214846417 0.5
5669592 214849001 1
5669592 214846447 1
5669592 214748282 1
5669592 214748336 0.5
5669592 214586610 0.5
5669592 214844372 0.5
5669592 214848997 0.5
5669592 214845583 0.5
5223129 214844342 1
5223129 214835109 1
5223129 214829850 1
5223129 214836932 0.5
5223129 214845583 0.5
5223129 214698418 0.5
5223129 214844345 0.5
5223129 214838137 0.5
5223129 214844347 0.5
5223129 214829852 0.5
10654426 214853102 1
10654426 214854840 1
10654426 214854782 1
10654426 214854838 0.5
2429659 214829878 1
2429659 214829887 1
2429659 214829882 1
2429659 214831946 0.5
2429659 214831965 0.5
8349136 214850758 1
8349136 214848847 1
8349136 214848302 1
8349136 214821382 0.5
8349136 214677615 0.5
2700003 214836517 1
2700003 214829394 1
2700003 214829878 1
2700003 214829880 0.5
2700003 214753513 0.5
2700003 214829882 0.5
4795108 214839973 1
4795108 214845131 1
4795108 214716639 1
4795108 214585633 0.5
4795108 214845356 0.5
4795108 214831948 0.5
2292454 214829878 1
2292454 214829880 1
2292454 214829887 1
2292454 214829882 0.5
2292454 214831965 0.5
7475324 214716671 1
7475324 214851579 1
7475324 214851099 1
7475324 214850936 0.5
7475324 214613889 0.5
7475324 214851073 0.5
6470379 214848950 1
6470379 214848622 1
6470379 214848688 1
6470379 214846415 0.5
6470379 214836855 0.5
6470379 214829765 0.5
6470379 214846470 0.5
6470379 214846127 0.5
2939629 214832792 1
2939629 214834867 1
2939629 214827007 1
2939629 214835137 0.5
2939629 214554332 0.5
2939629 214835132 0.5
2939629 214712132 0.5
2939629 214819526 0.5
9490557 214853422 1
9490557 214850947 1
9490557 214561997 1
9490557 214826825 0.5
9490557 214849738 0.5
9490557 214711277 0.5
9490557 214826990 0.5
9490557 214821015 0.5
9490557 214820186 0.5
9490557 214850364 0.5
9490557 214556218 0.5
9490557 214829887 0.5
8151792 214851122 1
8151792 214851581 1
8151792 214851146 1
8151792 214846067 0.5
8151792 214851077 0.5
5542644 214829887 1
5542644 214832015 1
5542644 214838096 1
5542644 214684736 0.5
5542644 214846029 0.5
2597621 214821324 1
2597621 214821322 1
2597621 214826587 1
2597621 214835087 0.5
2597621 214831959 0.5
9017806 214717007 1
9017806 214854632 1
9017806 214717005 1
9017806 214717003 0.5
9017806 214716926 0.5
3815551 214829771 1
3815551 214836870 1
3815551 214595150 1
3815551 214667912 0.5
3815551 214691467 0.5
9106173 214853263 1
9106173 214846119 1
9106173 214853128 1
9106173 214564320 0.5
9106173 214819640 0.5
9106173 214536195 0.5
9106173 214582200 0.5
8585983 214851317 1
8585983 214851080 1
8585983 214716714 1
8585983 214640353 0.5
8585983 214853222 0.5
8585983 214716746 0.5
8585983 214853132 0.5
8585983 214851161 0.5
8585983 214853210 0.5
8585983 214851131 0.5
4385542 214829878 1
4385542 214838096 1
4385542 214838098 1
4385542 214848729 0.5
4385542 214839965 0.5
8499984 214851232 1
8499984 214851290 1
8499984 214851320 1
8499984 214848926 0.5
8499984 214552522 0.5
8499984 214564380 0.5
8499984 214851122 0.5
8499984 214844342 0.5
4829971 214844413 1
4829971 214602806 1
4829971 214832559 1
4829971 214848176 0.5
4829971 214587317 0.5
4829971 214819779 0.5
4829971 214581485 0.5
4829971 214839975 0.5
2698012 214844394 1
2698012 214834867 1
2698012 214831937 1
2698012 214826947 0.5
2698012 214533022 0.5
7977757 214849809 1
7977757 214684715 1
7977757 214850315 1
7977757 214850285 0.5
7977757 214850295 0.5
3755628 214748338 1
3755628 214748302 1
3755628 214753513 1
3755628 643078800 0.5
3755628 214685857 0.5
3755628 214836924 0.5
3755628 214835109 0.5
7316259 214849322 1
7316259 214849185 1
7316259 214820188 1
7316259 214829880 0.5
7316259 214686900 0.5
7316259 214849757 0.5
10599208 214840091 1
10599208 214556212 1
10599208 214854600 1
10599208 214853105 0.5
10599208 214819410 0.5
10599208 214851099 0.5
10599208 214852980 0.5
1020039 214821309 1
1020039 214840775 1
1020039 214821305 1
1020039 214821315 0.5
1020039 214716902 0.5
1020039 214551626 0.5
1020039 214691467 0.5
1020039 214821302 0.5
1020039 214826876 0.5
8475438 214849001 1
8475438 214850705 1
8475438 214849136 1
8475438 214586694 0.5
8475438 214600492 0.5
8475438 214844342 0.5
8475438 214846391 0.5
8475438 214832792 0.5
8475438 214844347 0.5
10903807 214854257 1
10903807 214854210 1
10903807 214854311 1
10903807 214552106 0.5
10903807 214687845 0.5
5499697 214844372 1
5499697 214844402 1
5499697 214844370 1
5499697 214844400 0.5
3146551 214540127 1
3146551 214832124 1
3146551 214561496 1
3146551 214540136 0.5
3146551 214512425 0.5
3146551 214602731 0.5
3146551 214643340 0.5
3146551 214835122 0.5
3146551 214602729 0.5
10013496 214853096 1
10013496 214853085 1
10013496 214853105 1
10013496 214853094 0.5
10013496 214851326 0.5
4315961 214845129 1
4315961 214826990 1
4315961 214835109 1
4315961 214829762 0.5
4315961 214838227 0.5
4315961 214836932 0.5
6224702 214844396 1
6224702 214844398 1
6224702 214844400 1
6224702 214846530 0.5
6224702 214839971 0.5
6224702 214839973 0.5
6224702 214821032 0.5
6224702 214829666 0.5
6224702 214846447 0.5
6224702 214838225 0.5
7435071 214849766 1
7435071 214849740 1
7435071 214849775 1
7435071 214849762 0.5
7435071 214849796 0.5
7435071 214718252 0.5
7435071 214561997 0.5
7435071 214844398 0.5
7435071 214849747 0.5
9645481 214567329 1
9645481 214854148 1
9645481 214853846 1
9645481 214685049 0.5
9645481 214853852 0.5
8350532 214851161 1
8350532 214851163 1
8350532 214851131 1
8350532 214851080 0.5
2396999 214829878 1
2396999 214829887 1
2396999 214829882 1
2396999 214829885 0.5
3259208 214514276 1
3259208 214686082 1
3259208 214826955 1
3259208 214514272 0.5
3259208 214657318 0.5
3259208 214826983 0.5
3259208 214831948 0.5
3259208 214711312 0.5
3259208 214831955 0.5
3259208 214829878 0.5
3259208 214684730 0.5
3259208 214829887 0.5
10980492 214853072 1
10980492 214854720 1
10980492 214853362 1
10980492 214854722 0.5
4516682 214839956 1
4516682 214839977 1
4516682 214716639 1
4516682 214829730 0.5
2206519 214821285 1
2206519 214821277 1
2206519 214821292 1
2206519 214584907 0.5
2206519 214820227 0.5
9311949 214850285 1
9311949 214850949 1
9311949 214850315 1
9311949 214850282 0.5
9311949 214684715 0.5
9311949 214849796 0.5
4858707 214845131 1
4858707 214839971 1
4858707 214839973 1
4858707 214839975 0.5
5092183 214600470 1
5092183 214600464 1
5092183 214600468 1
5092183 214600475 0.5
5092183 214839973 0.5
7494488 214850938 1
7494488 214850743 1
7494488 214850936 1
7494488 214850771 0.5
8550942 214853128 1
8550942 214851315 1
8550942 214853087 1
8550942 214844321 0.5
8550942 214853222 0.5
8550942 214829765 0.5
8550942 214582950 0.5
10523483 214854527 1
10523483 214854857 1
10523483 214854298 1
10523483 214556595 0.5
10523483 214854356 0.5
10523483 214851013 0.5
3629917 214748336 1
3629917 214595150 1
3629917 214835167 1
3629917 214820402 0.5
3629917 214836847 0.5
1330017 214712126 1
1330017 214834877 1
1330017 214826610 1
1330017 214821410 0.5
1330017 214829387 0.5
1330017 214829366 0.5
1330017 214557279 0.5
4486551 214587317 1
4486551 214839969 1
4486551 214845131 1
4486551 214839600 0.5
4486551 214828985 0.5
4486551 214602598 0.5
6060902 214836519 1
6060902 214819528 1
6060902 214846472 1
6060902 214846065 0.5
6060902 214541582 0.5
10081131 214849327 1
10081131 214853724 1
10081131 214844400 1
10081131 214853154 0.5
10081131 214853925 0.5
10081131 214853702 0.5
10081131 214828970 0.5
10081131 214717867 0.5
10081131 214694156 0.5
10081131 214574672 0.5
10081131 214853683 0.5
10081131 214853850 0.5
4086636 214839590 1
4086636 214632272 1
4086636 214832015 1
4086636 214836512 0.5
4086636 214838096 0.5
4086636 214838102 0.5
4086636 214829765 0.5
4086636 214831944 0.5
7570287 214846404 1
7570287 214716645 1
7570287 214748304 1
7570287 214717003 0.5
7570287 214748291 0.5
8012269 214851290 1
8012269 214851232 1
8012269 214851577 1
8012269 214851585 0.5
8012269 214564380 0.5
7496568 214821315 1
7496568 214612704 1
7496568 214821341 1
7496568 214844465 0.5
7496568 214533022 0.5
7496568 214821305 0.5
5491578 214844400 1
5491578 214844402 1
5491578 214845583 1
5491578 214845585 0.5
7482237 214821020 1
7482237 214561775 1
7482237 214846035 1
7482237 214835064 0.5
7482237 214716641 0.5
7482237 214582387 0.5
7482237 214609325 0.5
7482237 214850552 0.5
2323328 214829878 1
2323328 214829882 1
2323328 214829887 1
2323328 214831967 0.5
10400642 214854716 1
10400642 214854720 1
10400642 214854497 1
10400642 214830881 0.5
10400642 214854682 0.5
10400642 214854699 0.5
10400642 214851757 0.5
11146731 214854172 1
11146731 214819577 1
11146731 214854017 1
11146731 214853227 0.5
11146731 214853135 0.5
11146731 214854165 0.5
11146731 214849464 0.5
11146731 214851097 0.5
11146731 214690749 0.5
7512966 214840091 1
7512966 214553572 1
7512966 214846121 1
7512966 214849033 0.5
7512966 214563335 0.5
1913737 214821410 1
1913737 214826589 1
1913737 214829008 1
1913737 214821412 0.5
1913737 214657318 0.5
9077999 214852980 1
9077999 214853077 1
9077999 214851326 1
9077999 214853090 0.5
9077999 214853085 0.5
3072857 214826711 1
3072857 214829368 1
3072857 214716641 1
3072857 214836328 0.5
3072857 214826953 0.5
3072857 214575084 0.5
10697333 214853113 1
10697333 214854354 1
10697333 214854352 1
10697333 214854536 0.5
10697333 214573590 0.5
5664162 214821367 1
5664162 214684715 1
5664162 214829790 1
5664162 214554384 0.5
5664162 214845410 0.5
5664162 214848300 0.5
4360344 214774667 1
4360344 214836877 1
4360344 214556728 1
4360344 214838122 0.5
5309332 214844370 1
5309332 214844355 1
5309332 214554450 1
5309332 214835012 0.5
5309332 214582172 0.5
879181 214821305 1
879181 214821315 1
879181 214827013 1
879181 214821302 0.5
879181 214551607 0.5
1930138 214831946 1
1930138 214826977 1
1930138 214831965 1
1930138 214820392 0.5
1930138 214601233 0.5
1930138 214829878 0.5
1192863 214834877 1
1192863 214834880 1
1192863 214826610 1
1192863 214833755 0.5
1192863 214829387 0.5
1192863 214829366 0.5
3971227 214835109 1
3971227 214835167 1
3971227 214707877 1
3971227 214829765 0.5
3971227 214707830 0.5
3971227 214560615 0.5
88878 214716928 1
88878 214717003 1
88878 214613870 1
88878 214642560 0.5
88878 214829197 0.5
9259947 214573350 1
9259947 214853726 1
9259947 214559960 1
9259947 214850872 0.5
5546924 214845806 1
5546924 214839973 1
5546924 214845457 1
5546924 214601233 0.5
7173038 214853177 1
7173038 214853175 1
7173038 214853758 1
7173038 214828882 0.5
7173038 214853173 0.5
730031 214826715 1
730031 214718396 1
730031 214686902 1
730031 214826627 0.5
730031 214826955 0.5
730031 214718255 0.5
730031 214711408 0.5
730031 214718390 0.5
730031 214718398 0.5
9788336 214718220 1
9788336 214717888 1
9788336 214711537 1
9788336 214788673 0.5
9788336 214850743 0.5
9788336 214853700 0.5
9788336 214711524 0.5
9788336 214718169 0.5
3253031 214835019 1
3253031 214746375 1
3253031 214601233 1
3253031 214643930 0.5
3253031 214643925 0.5
9299443 214852980 1
9299443 214854017 1
9299443 214853865 1
9299443 214820345 0.5
9299443 214846067 0.5
9299443 214829878 0.5
9299443 214557223 0.5
1104822 214819430 1
1104822 214826589 1
1104822 214834880 1
1104822 214560587 0.5
1104822 214826615 0.5
889783 214556840 1
889783 214613743 1
889783 214827009 1
889783 214687685 0.5
889783 214827015 0.5
889783 214826612 0.5
889783 214717877 0.5
889783 214826615 0.5
889783 214826617 0.5
889783 214826619 0.5
889783 214826621 0.5
8666042 214851101 1
8666042 214850621 1
8666042 214832023 1
8666042 214829280 0.5
8666042 214515830 0.5
8666042 214743495 0.5
8666042 214718385 0.5
8666042 214829366 0.5
8666042 214586743 0.5
6335422 214846530 1
6335422 214848622 1
6335422 214848682 1
6335422 214846412 0.5
6335422 214848630 0.5
6335422 214848950 0.5
6335422 214846415 0.5
9743296 214851161 1
9743296 214851234 1
9743296 214662763 1
9743296 214851073 0.5
9743296 214716671 0.5
9743296 214851575 0.5
3613636 214839808 1
3613636 214820233 1
3613636 214829711 1
3613636 214820231 0.5
6611909 214848185 1
6611909 214699044 1
6611909 214820345 1
6611909 214543922 0.5
2294727 214829887 1
2294727 214829880 1
2294727 214829878 1
2294727 214831946 0.5
2294727 214829882 0.5
2294727 214829885 0.5
9625079 214853715 1
9625079 214853992 1
9625079 214854017 1
9625079 214854146 0.5
9625079 214579875 0.5
9625079 214851748 0.5
9625079 214850405 0.5
7986126 214839947 1
7986126 214850291 1
7986126 214826990 1
7986126 214850555 0.5
7986126 214552522 0.5
7986126 214609325 0.5
7986126 214845583 0.5
7986126 214561457 0.5
7986126 214846035 0.5
7986126 214850771 0.5
7986126 214710101 0.5
7986126 214561775 0.5
7986126 214850287 0.5
10294224 214684762 1
10294224 214854264 1
10294224 214854268 1
10294224 214854354 0.5
10294224 214567327 0.5
10294224 214567215 0.5
10289656 214853102 1
10289656 214854782 1
10289656 214854733 1
10289656 214854840 0.5
10289656 214851585 0.5
10289656 214854345 0.5
5393366 214844370 1
5393366 214846065 1
5393366 214826565 1
5393366 214832128 0.5
5393366 214844372 0.5
5393366 214844355 0.5
5393366 214844396 0.5
5006299 214602733 1
5006299 214839971 1
5006299 214839973 1
5006299 214839600 0.5
5006299 214836330 0.5
6925277 214848641 1
6925277 214849344 1
6925277 214849331 1
6925277 214851009 0.5
6925277 214848986 0.5
3893072 214836924 1
3893072 214836932 1
3893072 214835109 1
3893072 214835167 0.5
3808226 214836924 1
3808226 214836932 1
3808226 214835167 1
3808226 214829765 0.5
8504294 214851077 1
8504294 214848658 1
8504294 214851013 1
8504294 214711952 0.5
8504294 214851581 0.5
3580903 214716984 1
3580903 214832657 1
3580903 214716986 1
3580903 214717867 0.5
1885166 214831948 1
1885166 214829878 1
1885166 214831965 1
1885166 214667912 0.5
1885166 214819468 0.5
10646513 214567327 1
10646513 214853732 1
10646513 214854174 1
10646513 214854262 0.5
10646513 214567333 0.5
10646513 214854510 0.5
10220531 214853730 1
10220531 214853713 1
10220531 214665277 1
10220531 214853707 0.5
10220531 214853711 0.5
1115127 214706462 1
1115127 214743352 1
1115127 214819378 1
1115127 214684843 0.5
1115127 214743335 0.5
1115127 214532107 0.5
1115127 214819762 0.5
1115127 214819760 0.5
1115127 214557009 0.5
1115127 214717522 0.5
1115127 214557913 0.5
1115127 214553565 0.5
9218209 214853342 1
9218209 214853420 1
9218209 214853379 1
9218209 214853347 0.5
1655801 214833755 1
1655801 214834877 1
1655801 214829366 1
1655801 214826610 0.5
1655801 214829387 0.5
10955741 214853113 1
10955741 214854352 1
10955741 214854517 1
10955741 214854536 0.5
10955741 214652216 0.5
10955741 214819410 0.5
10955741 214854354 0.5
10597376 214853698 1
10597376 214853767 1
10597376 214853700 1
10597376 214853722 0.5
3834922 214819410 1
3834922 214838105 1
3834922 214725549 1
3834922 214839600 0.5
3834922 214836932 0.5
5585924 214846033 1
5585924 214846012 1
5585924 214845581 1
5585924 214839965 0.5
5585924 214846031 0.5
4830214 214847255 1
4830214 214837494 1
4830214 214839973 1
4830214 214847261 0.5
815276 214826876 1
815276 214826872 1
815276 214829321 1
815276 214828987 0.5
8475663 214851163 1
8475663 214851165 1
8475663 214851097 1
8475663 214851122 0.5
8475663 214851131 0.5
4246713 214594678 1
4246713 214826990 1
4246713 214838098 1
4246713 214838227 0.5
4246713 214835109 0.5
7943194 214851165 1
7943194 214851097 1
7943194 214716746 1
7943194 214851073 0.5
3386397 214832124 1
3386397 214832115 1
3386397 214836776 1
3386397 214642560 0.5
3386397 214821407 0.5
3386397 214709645 0.5
3386397 214557223 0.5
3984643 214829771 1
3984643 214826938 1
3984643 214836870 1
3984643 214829769 0.5
3984643 214836795 0.5
3984643 214595150 0.5
9584134 214853420 1
9584134 214850947 1
9584134 214853422 1
9584134 214850945 0.5
9584134 214850949 0.5
9584134 214848185 0.5
9376806 214853342 1
9376806 214853340 1
9376806 214711307 1
9376806 214848157 0.5
9376806 214851581 0.5
9376806 214853263 0.5
4858921 214845131 1
4858921 214839971 1
4858921 214587317 1
4858921 214839600 0.5
4858921 214839960 0.5
4858921 214839932 0.5
4903978 214829878 1
4903978 214831948 1
4903978 214838102 1
4903978 214550072 0.5
2503724 214829887 1
2503724 214831957 1
2503724 214829882 1
2503724 214829880 0.5
2503724 214820938 0.5
2503724 214556212 0.5
2503724 214829878 0.5
9575111 214852987 1
9575111 214853162 1
9575111 214853364 1
9575111 214853252 0.5
9575111 214846312 0.5
9575111 214851750 0.5
9575111 214853128 0.5
9575111 214853263 0.5
9575111 214848849 0.5
9575111 214853210 0.5
4358323 214585633 1
4358323 214651777 1
4358323 214835167 1
4358323 214829282 0.5
4358323 214718379 0.5
4358323 214835012 0.5
4358323 214580171 0.5
4358323 214832557 0.5
4358323 214558258 0.5
4358323 214836947 0.5
4358323 214587384 0.5
5538869 214844402 1
5538869 214835473 1
5538869 214844400 1
5538869 214845577 0.5
5538869 214845354 0.5
5538869 214835428 0.5
5538869 214845581 0.5
5538869 214844398 0.5
11162679 214854855 1
11162679 214857257 1
11162679 214853362 1
11162679 214553544 0.5
11162679 214854731 0.5
5229624 214512611 1
5229624 214700000 1
5229624 214839594 1
5229624 214586477 0.5
7834683 214850936 1
7834683 214850938 1
7834683 214564387 1
7834683 214687957 0.5
7834683 214850870 0.5
5440576 214844355 1
5440576 214844396 1
5440576 214844398 1
5440576 214844368 0.5
5440576 214602600 0.5
5440576 214844400 0.5
5440576 214791688 0.5
5440576 214844370 0.5
5440576 214844372 0.5
5440576 214836853 0.5
10923073 214854823 1
10923073 214738457 1
10923073 214820184 1
10923073 214684730 0.5
10923073 214716909 0.5
8724644 214678387 1
8724644 214678376 1
8724644 214852985 1
8724644 214851131 0.5
5148964 214839962 1
5148964 214829280 1
5148964 214836853 1
5148964 214835745 0.5
5148964 214586694 0.5
9307444 214850949 1
9307444 214854163 1
9307444 214853683 1
9307444 214853651 0.5
7154763 214850692 1
7154763 214850405 1
7154763 214850936 1
7154763 214851011 0.5
7154763 214850743 0.5
879694 214826705 1
879694 214837483 1
879694 214837485 1
879694 214837487 0.5
539729 214828987 1
539729 214827000 1
539729 214821305 1
539729 214586711 0.5
7443541 214850936 1
7443541 214850743 1
7443541 214850771 1
7443541 214850304 0.5
7443541 214819380 0.5
7443541 214850621 0.5
7443541 214850870 0.5
2292823 214829878 1
2292823 214829887 1
2292823 214831948 1
2292823 214829885 0.5
1162332 214834871 1
1162332 214821332 1
1162332 214829392 1
1162332 214677607 0.5
519267 214716926 1
519267 214821290 1
519267 214821277 1
519267 214716928 0.5
8114567 214851161 1
8114567 214716671 1
8114567 214851080 1
8114567 214716714 0.5
8114567 214851317 0.5
2178151 214743495 1
2178151 214753515 1
2178151 214716110 1
2178151 214569474 0.5
2178151 214717412 0.5
2178151 214537541 0.5
2178151 214835111 0.5
2178151 214819760 0.5
2178151 214718385 0.5
2178151 214826711 0.5
1338472 214834880 1
1338472 214826610 1
1338472 214746427 1
1338472 214821410 0.5
1338472 214834877 0.5
1338472 214601233 0.5
1338472 214612730 0.5
1338472 214833755 0.5
1338472 214827005 0.5
4293741 214612687 1
4293741 214839339 1
4293741 214845127 1
4293741 214831944 0.5
4293741 214838096 0.5
4293741 214630042 0.5
4293741 214839590 0.5
5745783 214835019 1
5745783 214845491 1
5745783 214849001 1
5745783 214848997 0.5
5745783 214846007 0.5
9170044 214853077 1
9170044 214840483 1
9170044 214853135 1
9170044 214564320 0.5
9170044 214581761 0.5
9170044 214851748 0.5
9170044 214838503 0.5
9170044 214853227 0.5
9170044 214850392 0.5
9170044 214811739 0.5
9170044 214853182 0.5
4246378 214836924 1
4246378 214836932 1
4246378 214820261 1
4246378 214743335 0.5
538133 214837490 1
538133 214837485 1
538133 214837442 1
538133 214837483 0.5
8422538 214851232 1
8422538 214851290 1
8422538 214851101 1
8422538 214564380 0.5
7320716 214849766 1
7320716 214849408 1
7320716 214849768 1
7320716 214844400 0.5
7320716 214849736 0.5
7320716 214850282 0.5
7320716 214844398 0.5
7601293 214850743 1
7601293 214561775 1
7601293 214821020 1
7601293 214821022 0.5
9755793 214853420 1
9755793 214850947 1
9755793 214851101 1
9755793 214850304 0.5
9755793 214800262 0.5
9755793 214753515 0.5
9755793 214716110 0.5
9755793 214820400 0.5
9755793 214748334 0.5
4871318 214839965 1
4871318 214832147 1
4871318 214839962 1
4871318 214839600 0.5
4871318 214845131 0.5
4871318 214839975 0.5
6173847 214537967 1
6173847 214848746 1
6173847 214844355 1
6173847 214512425 0.5
6173847 214848315 0.5
6173847 214839956 0.5
6416239 214849076 1
6416239 214848605 1
6416239 214839969 1
6416239 214848622 0.5
6416239 214848982 0.5
4957346 214587060 1
4957346 214819502 1
4957346 214547814 1
4957346 214541591 0.5
6363334 214848969 1
6363334 214848615 1
6363334 214836506 1
6363334 214844398 0.5
9214514 214853210 1
9214514 214853132 1
9214514 214851750 1
9214514 214853242 0.5
9214514 214853237 0.5
9214514 214853222 0.5
10554541 214851167 1
10554541 214853848 1
10554541 214853182 1
10554541 214853413 0.5
10554541 214706152 0.5
10554541 214853225 0.5
10554541 214853994 0.5
10554541 214854545 0.5
10554541 214854354 0.5
10554541 214854549 0.5
10554541 214853242 0.5
10554541 214853852 0.5
10554541 214695525 0.5
7955631 214849796 1
7955631 214850310 1
7955631 214509401 1
7955631 214849745 0.5
7955631 214849466 0.5
7955631 214684715 0.5
7955631 214849389 0.5
1983669 214826709 1
1983669 214826711 1
1983669 214667912 1
1983669 214829666 0.5
1983669 214834997 0.5
9033588 214848967 1
9033588 214853454 1
9033588 214850942 1
9033588 214853420 0.5
9033588 214838102 0.5
1887421 214834880 1
1887421 214712126 1
1887421 214821412 1
1887421 214826610 0.5
1887421 214744427 0.5
1887421 214834877 0.5
5534911 214774665 1
5534911 214829728 1
5534911 214829730 1
5534911 214595139 0.5
5534911 214716639 0.5
9895107 214845879 1
9895107 214832302 1
9895107 214854159 1
9895107 214853160 0.5
9895107 214718220 0.5
9895107 214645708 0.5
2946569 214829878 1
2946569 214835132 1
2946569 214829887 1
2946569 214831948 0.5
2946569 214540125 0.5
10793942 214859246 1
10793942 214854770 1
10793942 214838094 1
10793942 214686864 0.5
10793942 214844355 0.5
10793942 214854767 0.5
2213064 214829878 1
2213064 214686082 1
2213064 214748336 1
2213064 214829664 0.5
2213064 214821392 0.5
2213064 214821322 0.5
2213064 214711408 0.5
2213064 214835124 0.5
2213064 214826587 0.5
4375753 214836887 1
4375753 214831944 1
4375753 214839956 1
4375753 214554000 0.5
4375753 214839977 0.5
4375753 214558331 0.5
4375753 214821309 0.5
8580298 214851080 1
8580298 214685049 1
8580298 214851161 1
8580298 214851587 0.5
5516491 214712544 1
5516491 214844355 1
5516491 214839973 1
5516491 214601233 0.5
5516491 214835426 0.5
5516491 214846007 0.5
5516491 214835428 0.5
5516491 214835473 0.5
8045774 214853177 1
8045774 214850743 1
8045774 214850938 1
8045774 214853758 0.5
8045774 214853175 0.5
6358223 214848971 1
6358223 214848975 1
6358223 214832604 1
6358223 214848832 0.5
6358223 214716710 0.5
6358223 214716671 0.5
9313488 214853420 1
9313488 214853428 1
9313488 214850947 1
9313488 214846033 0.5
9313488 214853422 0.5
11014691 214854718 1
11014691 214853083 1
11014691 214854838 1
11014691 214851757 0.5
8545494 214845879 1
8545494 214853130 1
8545494 214845939 1
8545494 214853128 0.5
8545494 214853169 0.5
8545494 214853107 0.5
10865719 214853100 1
10865719 214854840 1
10865719 214854720 1
10865719 214853083 0.5
9925853 214851324 1
9925853 214854296 1
9925853 214709634 1
9925853 214852987 0.5
7488734 214850304 1
7488734 214850282 1
7488734 214849809 1
7488734 214850310 0.5
2998822 214829885 1
2998822 214831950 1
2998822 214829366 1
2998822 214826589 0.5
10282222 214853702 1
10282222 214853698 1
10282222 214853722 1
10282222 214854298 0.5
10282222 214853730 0.5
3520723 214835747 1
3520723 214835019 1
3520723 214835745 1
3520723 214587712 0.5
3520723 214835017 0.5
3520723 214600492 0.5
3520723 214657318 0.5
7846901 214849194 1
7846901 214849136 1
7846901 214849102 1
7846901 214586743 0.5
10007802 214853767 1
10007802 214853730 1
10007802 214853698 1
10007802 214580424 0.5
10007802 214853722 0.5
4294527 214826942 1
4294527 214540127 1
4294527 214838096 1
4294527 214540136 0.5
4294527 214826945 0.5
7743018 214850405 1
7743018 214850762 1
7743018 214851242 1
7743018 214850936 0.5
7743018 214565726 0.5
8101119 214851236 1
8101119 214851013 1
8101119 214851133 1
8101119 214851097 0.5
8101119 214851099 0.5
8101119 214850790 0.5
3194112 214832128 1
3194112 214706180 1
3194112 214832126 1
3194112 214835002 0.5
3194112 214835107 0.5
6643584 214848375 1
6643584 214848377 1
6643584 214848337 1
6643584 214848656 0.5
9404288 214853420 1
9404288 214850942 1
9404288 214853132 1
9404288 214852980 0.5
9404288 214850947 0.5
9404288 214848980 0.5
9450593 214853420 1
9450593 214853426 1
9450593 214582942 1
9450593 214853422 0.5
3357961 214835462 1
3357961 214580291 1
3357961 214837438 1
3357961 214554585 0.5
3357961 214702905 0.5
3108109 214832124 1
3108109 214561457 1
3108109 214832115 1
3108109 214821407 0.5
10747153 214854352 1
10747153 214850739 1
10747153 214854585 1
10747153 214567333 0.5
10747153 214854065 0.5
10747153 214854510 0.5
10747153 214684785 0.5
10747153 214850741 0.5
10747153 214854262 0.5
611603 214558192 1
611603 214826912 1
611603 214828987 1
611603 214834865 0.5
611603 214837485 0.5
611603 214826925 0.5
611603 214685150 0.5
611603 214684845 0.5
8932628 214853077 1
8932628 214852980 1
8932628 214852978 1
8932628 214853090 0.5
8932628 214851326 0.5
8932628 214853094 0.5
9016599 214852978 1
9016599 214851737 1
9016599 214851742 1
9016599 214853128 0.5
7617816 214850938 1
7617816 214748295 1
7617816 214850677 1
7617816 214850739 0.5
7617816 214748291 0.5
7617816 214609325 0.5
7617816 214851279 0.5
3396892 214716110 1
3396892 214829852 1
3396892 214829850 1
3396892 214712130 0.5
3396892 214819721 0.5
3396892 214753515 0.5
3396892 214601233 0.5
3396892 214586743 0.5
3396892 214828985 0.5
3396892 214553565 0.5
1418526 214826619 1
1418526 214826876 1
1418526 214819760 1
1418526 214839600 0.5
1418526 214820345 0.5
1418526 214819762 0.5
1418526 214800268 0.5
6111792 214846470 1
6111792 214846460 1
6111792 214846367 1
6111792 214846464 0.5
6111792 214846472 0.5
6111792 214848656 0.5
6111792 214826906 0.5
6111792 214832023 0.5
7093099 214849239 1
7093099 214849331 1
7093099 214849312 1
7093099 214665277 0.5
4144429 214838109 1
4144429 214835130 1
4144429 214839356 1
4144429 214845129 0.5
4144429 214552395 0.5
4144429 214844486 0.5
1420591 214834880 1
1420591 214826610 1
1420591 214834877 1
1420591 214829387 0.5
1420591 214829366 0.5
11337609 214854335 1
11337609 214853154 1
11337609 214854600 1
11337609 214848688 0.5
11337609 214844396 0.5
7505189 214853173 1
7505189 214853758 1
7505189 214851120 1
7505189 214828882 0.5
6843712 214851009 1
6843712 214848849 1
6843712 214848658 1
6843712 214848945 0.5
6843712 214667859 0.5
6843712 214849331 0.5
6843712 214849230 0.5
6559922 214846067 1
6559922 214846479 1
6559922 214846427 1
6559922 214711408 0.5
6559922 214845577 0.5
6559922 214846127 0.5
4613457 214837494 1
4613457 214847261 1
4613457 214829887 1
4613457 214847255 0.5
5475897 214844400 1
5475897 214844372 1
5475897 214844370 1
5475897 214601233 0.5
5475897 214835426 0.5
5475897 214844398 0.5
5475897 214835473 0.5
8076636 214850621 1
8076636 214849365 1
8076636 214850741 1
8076636 214850720 0.5
8076636 214837494 0.5
8076636 214821032 0.5
8076636 214569707 0.5
8076636 214677512 0.5
8076636 214684502 0.5
8076636 214564382 0.5
3800762 214838227 1
3800762 214836932 1
3800762 214826990 1
3800762 214829850 0.5
3800762 214836926 0.5
9178468 214853214 1
9178468 214523606 1
9178468 214714927 1
9178468 214849282 0.5
2901349 214831940 1
2901349 214829882 1
2901349 214829878 1
2901349 214826565 0.5
6853992 214718398 1
6853992 214849239 1
6853992 214849292 1
6853992 214829880 0.5
6853992 214838107 0.5
6853992 214850285 0.5
2413929 214820261 1
2413929 214718387 1
2413929 214563335 1
2413929 214685857 0.5
2413929 214743495 0.5
2413929 214819721 0.5
2413929 214836330 0.5
2413929 214560140 0.5
2413929 214748334 0.5
2413929 214585586 0.5
2413929 214829366 0.5
2413929 214826874 0.5
2413929 214717562 0.5
2415847 214831950 1
2415847 214829885 1
2415847 214826700 1
2415847 214826801 0.5
2461036 214829878 1
2461036 214829882 1
2461036 214831946 1
2461036 214686082 0.5
10879549 214853102 1
10879549 214854840 1
10879549 214854782 1
10879549 214565621 0.5
6426437 214848605 1
6426437 214849070 1
6426437 214684717 1
6426437 214848977 0.5
6785597 214849747 1
6785597 214849247 1
6785597 214849136 1
6785597 214567417 0.5
6785597 214567419 0.5
7843189 214850936 1
7843189 214850621 1
7843189 214846404 1
7843189 214850762 0.5
7843189 214609325 0.5
7843189 214561775 0.5
7843189 214845585 0.5
7843189 214846035 0.5
7843189 214850771 0.5
7843189 214821020 0.5
10120568 214853360 1
10120568 214839913 1
10120568 214834871 1
10120568 214663258 0.5
10341753 214854300 1
10341753 214854585 1
10341753 214854579 1
10341753 214567329 0.5
10341753 214854547 0.5
10341753 214567333 0.5
10341753 214854545 0.5
972154 214829392 1
972154 214826610 1
972154 214829366 1
972154 214587028 0.5
7673211 214848746 1
7673211 214850366 1
7673211 214684715 1
7673211 214554950 0.5
7673211 214826891 0.5
7673211 214832143 0.5
7673211 214829878 0.5
7673211 214850743 0.5
7673211 214829880 0.5
7673211 214849466 0.5
7673211 214514235 0.5
8019324 214851290 1
8019324 214851101 1
8019324 214564380 1
8019324 214851232 0.5
5459328 214845583 1
5459328 214844372 1
5459328 214844398 1
5459328 214845585 0.5
2217347 214829882 1
2217347 214831948 1
2217347 214601233 1
2217347 214835124 0.5
9325957 214853420 1
9325957 214853342 1
9325957 214853340 1
9325957 214831955 0.5
3910862 214836932 1
3910862 214838227 1
3910862 214826990 1
3910862 214826938 0.5
3910862 214836795 0.5
3910862 214829773 0.5
8091027 214700002 1
8091027 214846033 1
8091027 214831948 1
8091027 214850304 0.5
8091027 214684736 0.5
8091027 214846029 0.5
8091027 214832015 0.5
8091027 214850743 0.5
8091027 214846012 0.5
8091027 214829887 0.5
320921 214748300 1
320921 214753507 1
320921 214753505 1
320921 214714794 0.5
320921 214716980 0.5
320921 214716986 0.5
3802522 214836932 1
3802522 214835109 1
3802522 214835469 1
3802522 214642314 0.5
3802522 214832747 0.5
3802522 214842733 0.5
3802522 214746382 0.5
3802522 214556025 0.5
3802522 214826617 0.5
3802522 214829786 0.5
3802522 214826621 0.5
3802522 214826623 0.5
4646127 214845131 1
4646127 214829287 1
4646127 214835512 1
4646127 214836330 0.5
4646127 214574670 0.5
4646127 214680720 0.5
4646127 214680722 0.5
4646127 214839960 0.5
4646127 214717562 0.5
1191324 214819760 1
1191324 214819762 1
1191324 214821395 1
1191324 214826615 0.5
1191324 214684843 0.5
1191324 214717877 0.5
1191324 214826927 0.5
3612063 214836932 1
3612063 214829786 1
3612063 214829788 1
3612063 214550820 0.5
9532834 214850947 1
9532834 214711307 1
9532834 214853422 1
9532834 214829882 0.5
9532834 214853428 0.5
9532834 214853722 0.5
9532834 214850295 0.5
8605177 214853094 1
8605177 214851326 1
8605177 214853248 1
8605177 214853096 0.5
10927511 214854789 1
10927511 214854800 1
10927511 214853102 1
10927511 214835004 0.5
5539249 214844347 1
5539249 214844342 1
5539249 214844345 1
5539249 214844340 0.5
5539249 214832150 0.5
3612082 214838227 1
3612082 214835109 1
3612082 214820452 1
3612082 214821410 0.5
5139892 214845354 1
5139892 214832154 1
5139892 214845581 1
5139892 214837280 0.5
5139892 214826818 0.5
5139892 214829882 0.5
6426941 214848596 1
6426941 214848384 1
6426941 214848845 1
6426941 214835167 0.5
10933686 214864880 1
10933686 214853362 1
10933686 214854767 1
10933686 214838102 0.5
10933686 214854823 0.5
3696056 214836795 1
3696056 214826938 1
3696056 214829773 1
3696056 214595150 0.5
3696056 214836870 0.5
10909114 214855209 1
10909114 214848515 1
10909114 214686879 1
10909114 214686864 0.5
10909114 214830881 0.5
10123509 214853767 1
10123509 214853700 1
10123509 214853722 1
10123509 214853360 0.5
6261499 214848982 1
6261499 214848971 1
6261499 214700000 1
6261499 214744258 0.5
6261499 214712235 0.5
11265271 214853420 1
11265271 214853454 1
11265271 214829878 1
11265271 214848605 0.5
5295566 214844398 1
5295566 214844396 1
5295566 214844400 1
5295566 214835473 0.5
1697357 214834877 1
1697357 214834880 1
1697357 214712126 1
1697357 214685784 0.5
1697357 214826705 0.5
6583761 214848941 1
6583761 214848952 1
6583761 214849292 1
6583761 214848945 0.5
6583761 214849022 0.5
4447699 214602598 1
4447699 214836855 1
4447699 214829775 1
4447699 214829280 0.5
4447699 214826977 0.5
4447699 214586694 0.5
4447699 214839969 0.5
4447699 214577387 0.5
4447699 214602733 0.5
4447699 214587317 0.5
4447699 214838137 0.5
4447699 214821401 0.5
4447699 214827005 0.5
9225686 214850947 1
9225686 214853420 1
9225686 214853360 1
9225686 214850949 0.5
6248697 214848808 1
6248697 214848607 1
6248697 214848956 1
6248697 214710097 0.5
6248697 214848613 0.5
5866977 214849252 1
5866977 214846067 1
5866977 214839587 1
5866977 214838225 0.5
5866977 214846127 0.5
5515391 214844347 1
5515391 214844400 1
5515391 214844396 1
5515391 214844345 0.5
5515391 214834877 0.5
10180067 214854352 1
10180067 214853113 1
10180067 214854172 1
10180067 214850848 0.5
10180067 214837442 0.5
10180067 214564387 0.5
10180067 214851748 0.5
10180067 214850405 0.5
10180067 214853992 0.5
10180067 214853994 0.5
10180067 214662742 0.5
10180067 214854125 0.5
10180067 214564475 0.5
10180067 214854547 0.5
10180067 214783350 0.5
10180067 214850743 0.5
10180067 214851097 0.5
10180067 214853435 0.5
10180067 214854300 0.5
10180067 214820394 0.5
9551332 214829878 1
9551332 214850949 1
9551332 214846033 1
9551332 214829880 0.5
9551332 214838107 0.5
9551332 214826835 0.5
9551332 214853420 0.5
9551332 214846031 0.5
9532901 214853420 1
9532901 214850942 1
9532901 214850947 1
9532901 214853454 0.5
8591658 214853085 1
8591658 214853094 1
8591658 214853248 1
8591658 214853096 0.5
8591658 214853090 0.5
8591658 214850730 0.5
8426987 214684942 1
8426987 214716671 1
8426987 214851163 1
8426987 214851579 0.5
10613611 214854579 1
10613611 214855151 1
10613611 214854300 1
10613611 214573305 0.5
10613611 214573310 0.5
10613611 214850741 0.5
10613611 214854230 0.5
6161897 214545930 1
6161897 214545932 1
6161897 214580304 1
6161897 214846385 0.5
1739868 214821332 1
1739868 214821407 1
1739868 214821350 1
1739868 214587028 0.5
1739868 214829396 0.5
1739868 214834877 0.5
1739868 214557223 0.5
3346478 214832128 1
3346478 214632146 1
3346478 214832126 1
3346478 214838137 0.5
3346478 214835122 0.5
3346478 214835107 0.5
3346478 214832555 0.5
3346478 214833755 0.5
11161071 214854785 1
11161071 214854853 1
11161071 214854840 1
11161071 214714755 0.5
10366889 214854857 1
10366889 214854838 1
10366889 214854836 1
10366889 214848658 0.5
10366889 214854819 0.5
10366889 214854855 0.5
7752343 214844439 1
7752343 214717003 1
7752343 214716928 1
7752343 214532107 0.5
8146427 214848302 1
8146427 214600492 1
8146427 214832792 1
8146427 214602600 0.5
8146427 214819586 0.5
8146427 214853263 0.5
3128831 214835165 1
3128831 214829885 1
3128831 214540125 1
3128831 214829880 0.5
3128831 214829878 0.5
347654 214748293 1
347654 214748338 1
347654 214753513 1
347654 214594678 0.5
5076489 214845581 1
5076489 214845577 1
5076489 214845354 1
5076489 214829280 0.5
5076489 214648256 0.5
5076489 214586694 0.5
5076489 214845579 0.5
5076489 214587317 0.5
5076489 214829885 0.5
2446858 214826872 1
2446858 214820392 1
2446858 214826837 1
2446858 214558080 0.5
2446858 214819762 0.5
2446858 214826876 0.5
2446858 214820402 0.5
2446858 214828982 0.5
6614541 214585676 1
6614541 214848330 1
6614541 214849275 1
6614541 214848328 0.5
6614541 214848613 0.5
6614541 214826990 0.5
5072399 214826987 1
5072399 214845352 1
5072399 214831942 1
5072399 214829878 0.5
4991426 214845356 1
4991426 214829885 1
4991426 214829882 1
4991426 214829880 0.5
4991426 214845579 0.5
3236207 214706102 1
3236207 214834873 1
3236207 214573612 1
3236207 214831937 0.5
3236207 214836517 0.5
3236207 214844456 0.5
3236207 214551626 0.5
3236207 214687852 0.5
3236207 214844462 0.5
3236207 214836534 0.5
7730709 214850936 1
7730709 214850743 1
7730709 214850771 1
7730709 214853145 0.5
6866979 214835167 1
6866979 214845590 1
6866979 214846475 1
6866979 214848384 0.5
6866979 214846464 0.5
6866979 214829765 0.5
6866979 214848596 0.5
6866979 214835064 0.5
6866979 214826906 0.5
2540804 214831950 1
2540804 214829885 1
2540804 214829878 1
2540804 214829887 0.5
2540804 214831946 0.5
2540804 214835747 0.5
2540804 214826565 0.5
2540804 214831959 0.5
1127121 214829032 1
1127121 214829325 1
1127121 214829334 1
1127121 214829327 0.5
6540827 214848656 1
6540827 214848630 1
6540827 214845585 1
6540827 214602740 0.5
9031197 214853105 1
9031197 214853248 1
9031197 214853094 1
9031197 214853096 0.5
9031197 214853085 0.5
7464541 214849031 1
7464541 214587317 1
7464541 214850940 1
7464541 214850619 0.5
7464541 214850411 0.5
7464541 214849395 0.5
7464541 214849247 0.5
7464541 214586743 0.5
2334244 214820377 1
2334244 214821277 1
2334244 214820263 1
2334244 214832728 0.5
3563048 214716928 1
3563048 214643925 1
3563048 214716926 1
3563048 214645708 0.5
3563048 214743350 0.5
8275548 214851080 1
8275548 214851290 1
8275548 214851575 1
8275548 214662763 0.5
8275548 214662759 0.5
9211444 214850945 1
9211444 214853420 1
9211444 214853156 1
9211444 214687753 0.5
9211444 214849322 0.5
9211444 214829878 0.5
9014878 214852980 1
9014878 214853077 1
9014878 214853094 1
9014878 214852978 0.5
10008118 214854585 1
10008118 214854579 1
10008118 214854300 1
10008118 214606785 0.5
10008118 214853353 0.5
10008118 214981102 0.5
10008118 214853430 0.5
10008118 214573305 0.5
10008118 214850936 0.5
10008118 214819577 0.5
8793657 214853162 1
8793657 214852987 1
8793657 214851742 1
8793657 214853115 0.5
8793657 214709702 0.5
8793657 214845939 0.5
7185978 214514291 1
7185978 214850291 1
7185978 214835407 1
7185978 214569722 0.5
7185978 214844458 0.5
7185978 214632146 0.5
7185978 214652934 0.5
7185978 214829885 0.5
935484 214826617 1
935484 214606792 1
935484 214826615 1
935484 214642314 0.5
935484 214581485 0.5
2326081 214829880 1
2326081 214829882 1
2326081 214831946 1
2326081 214829885 0.5
2326081 214829878 0.5
10393459 214854352 1
10393459 214853930 1
10393459 214854495 1
10393459 214854545 0.5
10393459 214854549 0.5
10393459 214854358 0.5
10393459 214684785 0.5
10706502 214854733 1
10706502 214853102 1
10706502 214714755 1
10706502 214864880 0.5
10706502 214854146 0.5
10706502 214854579 0.5
10706502 214854165 0.5
9755441 214846031 1
9755441 214829880 1
9755441 214850304 1
9755441 214846033 0.5
9755441 214838107 0.5
9755441 214850949 0.5
9755441 214829878 0.5
2710427 214516723 1
2710427 214702929 1
2710427 214705155 1
2710427 214835087 0.5
2710427 214835124 0.5
2710427 214829327 0.5
7804493 214846404 1
7804493 214850936 1
7804493 214716645 1
7804493 214642100 0.5
7804493 214850743 0.5
3962464 214836924 1
3962464 214835167 1
3962464 214829765 1
3962464 214595150 0.5
4019131 214838225 1
4019131 214835469 1
4019131 214835109 1
4019131 214748336 0.5
4019131 214838137 0.5
4019131 214836330 0.5
4019131 214836932 0.5
4019131 214829852 0.5
3668911 214586668 1
3668911 214717397 1
3668911 214835462 1
3668911 214537541 0.5
3668911 214821399 0.5
8111724 214851585 1
8111724 214554982 1
8111724 214851159 1
8111724 214851232 0.5
8111724 214851101 0.5
8111724 214826990 0.5
1549933 214834877 1
1549933 214821407 1
1549933 214821350 1
1549933 214829366 0.5
9588334 214853422 1
9588334 214846344 1
9588334 214853420 1
9588334 214846258 0.5
9588334 214850949 0.5
9022398 214853132 1
9022398 214853184 1
9022398 214853233 1
9022398 214853210 0.5
9022398 214853227 0.5
9022398 214851077 0.5
9022398 214853182 0.5
9022398 214853237 0.5
507516 214827013 1
507516 214827011 1
507516 214677401 1
507516 214684841 0.5
507516 214826747 0.5
507516 214828987 0.5
507516 214744779 0.5
1554709 214826610 1
1554709 214834877 1
1554709 214834880 1
1554709 214821397 0.5
1554709 214648254 0.5
1554709 214826711 0.5
11265668 214854729 1
11265668 214854857 1
11265668 214857549 1
11265668 214854860 0.5
10589829 214849325 1
10589829 214853767 1
10589829 214854300 1
10589829 214557701 0.5
10589829 214554950 0.5
10589829 214854060 0.5
10589829 214850621 0.5
10589829 214850872 0.5
10589829 214849464 0.5
10589829 214850557 0.5
10589829 214554270 0.5
8318598 214852987 1
8318598 214853128 1
8318598 214851328 1
8318598 214849010 0.5
6647431 214821309 1
6647431 214844394 1
6647431 214844439 1
6647431 214821305 0.5
6647431 214844458 0.5
6647431 214821341 0.5
10819209 214853102 1
10819209 214854785 1
10819209 214864880 1
10819209 214853100 0.5
10819209 214854853 0.5
3966602 214821367 1
3966602 214838370 1
3966602 214716973 1
3966602 214716671 0.5
3966602 214836075 0.5
3966602 214716956 0.5
3966602 214838375 0.5
1029772 214821410 1
1029772 214834880 1
1029772 214707875 1
1029772 214821412 0.5
1029772 214743493 0.5
1029772 214717798 0.5
1029772 214826589 0.5
1029772 214826610 0.5
1029772 214833755 0.5
1029772 214834877 0.5
7280269 214849250 1
7280269 214849194 1
7280269 214829775 1
7280269 214835137 0.5
7280269 214850282 0.5
7280269 214819378 0.5
7280269 214586694 0.5
10460099 214853113 1
10460099 214854536 1
10460099 214854300 1
10460099 214556212 0.5
10460099 214821397 0.5
10460099 214854510 0.5
4134549 214826610 1
4134549 214835167 1
4134549 214819374 1
4134549 214685857 0.5
4134549 214707830 0.5
4134549 214556025 0.5
2156182 214829822 1
2156182 214834880 1
2156182 214831965 1
2156182 214685857 0.5
2156182 214835750 0.5
2156182 214743495 0.5
2156182 214836330 0.5
2156182 214829387 0.5
2156182 214746380 0.5
2156182 214601229 0.5
2156182 214716752 0.5
2156182 214583670 0.5
2156182 214558807 0.5
2156182 214668185 0.5
2156182 214714779 0.5
2156182 214829852 0.5
2156182 214826623 0.5
2963737 214832126 1
2963737 214832124 1
2963737 214832115 1
2963737 214835122 0.5
2963737 214820197 0.5
2963737 214835462 0.5
2963737 214821407 0.5
8810136 214851013 1
8810136 214851581 1
8810136 214850739 1
8810136 214834922 0.5
8810136 214853227 0.5
8810136 214850938 0.5
8810136 214846067 0.5
3624606 214838109 1
3624606 214835167 1
3624606 214829765 1
3624606 214836870 0.5
11042416 214853707 1
11042416 214853698 1
11042416 214853702 1
11042416 214829280 0.5
11042416 214854332 0.5
10704547 214567329 1
10704547 214567215 1
10704547 214854358 1
10704547 214569707 0.5
10704547 214854545 0.5
10704547 214854549 0.5
10704547 214684502 0.5
10704547 214854264 0.5
10704547 214684762 0.5
6571974 214846530 1
6571974 214848656 1
6571974 214844400 1
6571974 214848950 0.5
6465193 214848975 1
6465193 214587328 1
6465193 214835713 1
6465193 214684702 0.5
8959659 214853094 1
8959659 214853096 1
8959659 214853105 1
8959659 214853085 0.5
8959659 214716110 0.5
4409007 214838096 1
4409007 214838105 1
4409007 214839965 1
4409007 214711408 0.5
7786163 214853173 1
7786163 214853758 1
7786163 214851120 1
7786163 214828882 0.5
8918714 214853128 1
8918714 214848926 1
8918714 214851742 1
8918714 214678376 0.5
8918714 214820443 0.5
8918714 214586443 0.5
8918714 214853165 0.5
5828287 214848307 1
5828287 214846029 1
5828287 214845984 1
5828287 214848298 0.5
5828287 214846007 0.5
10892992 214854215 1
10892992 214854313 1
10892992 214854257 1
10892992 214695480 0.5
10892992 214695476 0.5
10892992 214555237 0.5
10892992 214854221 0.5
10892992 214854311 0.5
3593921 214551626 1
3593921 214821339 1
3593921 214821315 1
3593921 214844441 0.5
3593921 214821309 0.5
9400002 214853420 1
9400002 214853422 1
9400002 214850947 1
9400002 214850949 0.5
9400002 214853454 0.5
4982467 214845457 1
4982467 214845380 1
4982467 214844413 1
4982467 214839600 0.5
4982467 214845435 0.5
4982467 214845806 0.5
5289668 214835473 1
5289668 214844398 1
5289668 214837286 1
5289668 214844368 0.5
5289668 214845577 0.5
4778614 214826945 1
4778614 214838107 1
4778614 214838102 1
4778614 214838105 0.5
6526663 214848808 1
6526663 214848371 1
6526663 214848375 1
6526663 214848656 0.5
6526663 214848380 0.5
9324234 214853420 1
9324234 214853426 1
9324234 214853154 1
9324234 214850949 0.5
9939639 214853852 1
9939639 214853994 1
9939639 214853846 1
9939639 214853722 0.5
9939639 214854148 0.5
6960847 214849046 1
6960847 214848849 1
6960847 214849022 1
6960847 214851009 0.5
6960847 214848658 0.5
6960847 214848947 0.5
2729682 214829846 1
2729682 214829711 1
2729682 214829705 1
2729682 214829364 0.5
8296739 214716714 1
8296739 214716746 1
8296739 214716671 1
8296739 214850692 0.5
8296739 214851080 0.5
8296739 214684942 0.5
8296739 214851099 0.5
8296739 214564380 0.5
8296739 214820394 0.5
8296739 214850870 0.5
8296739 214851131 0.5
8296739 214850760 0.5
8296739 214848851 0.5
8296739 214851028 0.5
8296739 214851163 0.5
8296739 214851165 0.5
8296739 214851167 0.5
8296739 214850619 0.5
8296739 214716654 0.5
8296739 214851581 0.5
8296739 214851575 0.5
8296739 214685049 0.5
8296739 214851322 0.5
8296739 214851579 0.5
8296739 214827005 0.5
8482518 214851013 1
8482518 214718252 1
8482518 214820233 1
8482518 214843494 0.5
9576157 214853420 1
9576157 214853379 1
9576157 214850945 1
9576157 214850949 0.5
8840926 214850370 1
8840926 214850372 1
8840926 214850619 1
8840926 214555492 0.5
5250783 214844342 1
5250783 214844345 1
5250783 214844396 1
5250783 214844402 0.5
2924256 214835017 1
2924256 214835019 1
2924256 214587712 1
2924256 214835747 0.5
3958497 214642100 1
3958497 214573350 1
3958497 214834880 1
3958497 214685857 0.5
3958497 214826619 0.5
3958497 214836932 0.5
3958497 214707879 0.5
3958497 214819562 0.5
3958497 214832747 0.5
3958497 214561485 0.5
3958497 214832559 0.5
3958497 214676019 0.5
3958497 214835124 0.5
3958497 214821017 0.5
3958497 214561402 0.5
3958497 214707995 0.5
3958497 214642314 0.5
3958497 214821022 0.5
3958497 214826621 0.5
5639909 214846119 1
5639909 214845962 1
5639909 214846010 1
5639909 214849010 0.5
5639909 214845971 0.5
5639909 214832019 0.5
5639909 214846117 0.5
5639909 214846014 0.5
10858214 214712242 1
10858214 214853072 1
10858214 214854780 1
10858214 214853754 0.5
10252014 214854352 1
10252014 214819599 1
10252014 214850739 1
10252014 214820394 0.5
947951 214826904 1
947951 214819777 1
947951 214826606 1
947951 214800272 0.5
947951 214575665 0.5
947951 214718210 0.5
947951 214819770 0.5
947951 214586694 0.5
5191408 214836855 1
5191408 214832147 1
5191408 214829852 1
5191408 214829280 0.5
5191408 214839971 0.5
5191408 214602598 0.5
5191408 214839600 0.5
5191408 214601272 0.5
5191408 214587317 0.5
5191408 214839960 0.5
5191408 214829850 0.5
5191408 214839965 0.5
5623537 214829739 1
5623537 214846031 1
5623537 214846029 1
5623537 214848300 0.5
6192083 214846312 1
6192083 214845962 1
6192083 214849010 1
6192083 214845965 0.5
5944263 214849010 1
5944263 214845879 1
5944263 214846119 1
5944263 214821382 0.5
4720377 214839960 1
4720377 214845131 1
4720377 214602733 1
4720377 214839600 0.5
4720377 214839971 0.5
2762709 214829878 1
2762709 214829882 1
2762709 214829885 1
2762709 214831946 0.5
7479042 214849738 1
7479042 214849757 1
7479042 214849389 1
7479042 214849762 0.5
9434413 214551917 1
9434413 214556477 1
9434413 214551868 1
9434413 214850396 0.5
7358213 214829045 1
7358213 214678880 1
7358213 214849337 1
7358213 214839977 0.5
9281287 214853730 1
9281287 214853702 1
9281287 214853698 1
9281287 214853700 0.5
9281287 214853765 0.5
9281287 214853767 0.5
9281287 214854152 0.5
9281287 214853707 0.5
9281287 214853713 0.5
9281287 214853430 0.5
861166 214711078 1
861166 214684730 1
861166 214684736 1
861166 214711408 0.5
861166 214702905 0.5
10348303 214853735 1
10348303 214853728 1
10348303 214853705 1
10348303 214556218 0.5
10348303 214853726 0.5
145177 214821292 1
145177 214821277 1
145177 214821285 1
145177 214535621 0.5
5224218 214844396 1
5224218 214844345 1
5224218 214711348 1
5224218 214680720 0.5
5224218 214844400 0.5
5224218 214836956 0.5
5224218 214819468 0.5
5224218 214844398 0.5
5224218 214748336 0.5
5224218 214835473 0.5
5224218 214710101 0.5
5224218 214832150 0.5
5224218 214680718 0.5
5224218 214585616 0.5
5224218 214845806 0.5
5224218 214834877 0.5
6559516 214848967 1
6559516 214848973 1
6559516 214848692 1
6559516 214836506 0.5
8064798 214712237 1
8064798 214826987 1
8064798 214840378 1
8064798 214853122 0.5
8064798 214712235 0.5
8064798 214835126 0.5
9537311 214853135 1
9537311 214853195 1
9537311 214850405 1
9537311 214837442 0.5
9537311 214851748 0.5
9537311 214853227 0.5
9537311 214698446 0.5
9537311 214850557 0.5
9537311 214849365 0.5
9537311 214853210 0.5
9537311 214850621 0.5
5351201 214844345 1
5351201 214844347 1
5351201 214844368 1
5351201 214844340 0.5
5351201 214832150 0.5
5351201 214844342 0.5
7842779 214850938 1
7842779 214850936 1
7842779 214850743 1
7842779 214850771 0.5
6512421 214845885 1
6512421 214849252 1
6512421 214846067 1
6512421 214838225 0.5
6512421 214839587 0.5
6512421 214836926 0.5
6512421 214839975 0.5
497453 214826955 1
497453 214826829 1
497453 214826715 1
497453 214686902 0.5
497453 214826606 0.5
1402671 214834877 1
1402671 214826610 1
1402671 214834880 1
1402671 214829387 0.5
1402671 214833755 0.5
8300183 214846391 1
8300183 214848986 1
8300183 214845590 1
8300183 214819777 0.5
8300183 214846475 0.5
8300183 214849740 0.5
8300183 214851315 0.5
8300183 214718165 0.5
8300183 214850936 0.5
8300183 214850938 0.5
8300183 214717085 0.5
8300183 214836830 0.5
8267574 214851585 1
8267574 214851133 1
8267574 214851290 1
8267574 214848330 0.5
8267574 214851077 0.5
10383159 214718220 1
10383159 214848315 1
10383159 214850771 1
10383159 214717888 0.5
10383159 214850765 0.5
5334324 214826987 1
5334324 214845581 1
5334324 214832154 1
5334324 214748289 0.5
5334324 214829765 0.5
5334324 214845352 0.5
5334324 214845577 0.5
5334324 214845579 0.5
5334324 214743352 0.5
4572987 214587317 1
4572987 214829280 1
4572987 214845579 1
4572987 214828985 0.5
4572987 214836857 0.5
4572987 214829887 0.5
4572987 214836855 0.5
6534863 214846530 1
6534863 214848658 1
6534863 214849252 1
6534863 214845457 0.5
6534863 214831967 0.5
6534863 214558997 0.5
6534863 214848695 0.5
7498512 214850936 1
7498512 214850720 1
7498512 214564382 1
7498512 214850771 0.5
7498512 214850621 0.5
7498512 214850743 0.5
9417781 214850945 1
9417781 214850947 1
9417781 214853420 1
9417781 214852980 0.5
9417781 214853077 0.5
8722241 214853105 1
8722241 214853096 1
8722241 214851326 1
8722241 214853090 0.5
8722241 214853085 0.5
2351073 214829878 1
2351073 214831950 1
2351073 214829885 1
2351073 214829385 0.5
2351073 214717742 0.5
2351073 214744528 0.5
2351073 214557009 0.5
2351073 214832722 0.5
2351073 214829880 0.5
2351073 214821401 0.5
2351073 214829882 0.5
2351073 214612730 0.5
7601992 214850756 1
7601992 214850938 1
7601992 214677615 1
7601992 214651777 0.5
7601992 214561475 0.5
7601992 214850758 0.5
7601992 214850743 0.5
7601992 214850936 0.5
7601992 214821022 0.5
2092876 214829878 1
2092876 214831946 1
2092876 214820345 1
2092876 214831965 0.5
2092876 214712137 0.5
2092876 214687565 0.5
2092876 214829885 0.5
2092876 214744535 0.5
2092876 214690845 0.5
8514561 214716671 1
8514561 214851131 1
8514561 214851163 1
8514561 214851592 0.5
8514561 214851579 0.5
8514561 214851165 0.5
5478236 214844342 1
5478236 214829722 1
5478236 214835428 1
5478236 214561496 0.5
10823519 214835117 1
10823519 214582942 1
10823519 214854782 1
10823519 214854733 0.5
342943 214826801 1
342943 214826625 1
342943 214837485 1
342943 214826700 0.5
6778726 214848954 1
6778726 214849020 1
6778726 214849022 1
6778726 214848945 0.5
6778726 214849046 0.5
2418536 214829885 1
2418536 214829878 1
2418536 214829887 1
2418536 214829880 0.5
2418536 214826977 0.5
2418536 214831967 0.5
4974442 214839311 1
4974442 214845435 1
4974442 214845380 1
4974442 214819760 0.5
4974442 214845806 0.5
9525099 214853420 1
9525099 214850947 1
9525099 214853156 1
9525099 214853154 0.5
5400433 214835070 1
5400433 214835426 1
5400433 214835473 1
5400433 214838225 0.5
5400433 214603140 0.5
5400433 214835462 0.5
2219894 214829878 1
2219894 214829882 1
2219894 214829887 1
2219894 214532771 0.5
2219894 214831965 0.5
6711169 214849239 1
6711169 214667859 1
6711169 214849100 1
6711169 214829387 0.5
6711169 214849333 0.5
6711169 214665277 0.5
10133371 214854510 1
10133371 214854262 1
10133371 214854358 1
10133371 214853726 0.5
10133371 214567327 0.5
7869077 214845585 1
7869077 214609325 1
7869077 214556651 1
7869077 214716641 0.5
7869077 214717412 0.5
7869077 214537541 0.5
7869077 214835462 0.5
7869077 214558258 0.5
7869077 214835064 0.5
7869077 214548868 0.5
7869077 214821020 0.5
7885803 214850936 1
7885803 214850756 1
7885803 214753505 1
7885803 214850621 0.5
2205676 214834869 1
2205676 214821317 1
2205676 214826812 1
2205676 214834880 0.5
2205676 214829366 0.5
2205676 214828959 0.5
4915082 214845577 1
4915082 214821285 1
4915082 214845352 1
4915082 214684372 0.5
4915082 214845356 0.5
4915082 214821277 0.5
4915082 214844407 0.5
10336139 214854300 1
10336139 214850741 1
10336139 214819577 1
10336139 214556216 0.5
10336139 214556212 0.5
10336544 214854583 1
10336544 214687845 1
10336544 214687475 1
10336544 214846391 0.5
9475984 214680371 1
9475984 214850942 1
9475984 214850945 1
9475984 214717627 0.5
1779604 214833755 1
1779604 214834880 1
1779604 214834877 1
1779604 214826610 0.5
1779604 214829387 0.5
10495893 214854495 1
10495893 214694156 1
10495893 214853925 1
10495893 214573305 0.5
10495893 214854298 0.5
10495893 214854534 0.5
10495893 214853735 0.5
8748951 214853105 1
8748951 214853094 1
8748951 214853246 1
8748951 214853096 0.5
8748951 214853077 0.5
8748951 214853085 0.5
10420122 214854495 1
10420122 214854358 1
10420122 214853930 1
10420122 214854545 0.5
10420122 214853996 0.5
10420122 214854510 0.5
10420122 214684785 0.5
10420122 214854549 0.5
10420122 214854262 0.5
10420122 214854174 0.5
2640879 214831946 1
2640879 214711438 1
2640879 214831955 1
2640879 214686082 0.5
2640879 214717507 0.5
2640879 214826983 0.5
2640879 214826829 0.5
2640879 214832527 0.5
2640879 214557009 0.5
2640879 214821300 0.5
2640879 214829878 0.5
7764294 214850743 1
7764294 214850936 1
7764294 214850700 1
7764294 214849250 0.5
1539451 214547814 1
1539451 214828976 1
1539451 214821317 1
1539451 214554384 0.5
1539451 214828970 0.5
8505258 214530457 1
8505258 214836517 1
8505258 214849809 1
8505258 214711307 0.5
8505258 214829790 0.5
8505258 214848975 0.5
9945004 214853700 1
9945004 214854540 1
9945004 214717867 1
9945004 214716982 0.5
7534511 214717003 1
7534511 214717007 1
7534511 214716926 1
7534511 214561496 0.5
7534511 214853122 0.5
7534511 214854630 0.5
9158587 214849080 1
9158587 214853094 1
9158587 214573350 1
9158587 214851131 0.5
9158587 214851236 0.5
9158587 214851165 0.5
9464821 214854146 1
9464821 214853996 1
9464821 214853865 1
9464821 214853992 0.5
9464821 214854017 0.5
9464821 214839962 0.5
9464821 214579875 0.5
1857474 214829850 1
1857474 214829379 1
1857474 214829852 1
1857474 214667912 0.5
1857474 214674427 0.5
1857474 214821399 0.5
2799556 214835017 1
2799556 214587712 1
2799556 214609325 1
2799556 214602600 0.5
2799556 214835747 0.5
134957 214826816 1
134957 214821277 1
134957 214837485 1
134957 214837490 0.5
134957 214837442 0.5
2894079 214835747 1
2894079 214835019 1
2894079 214835017 1
2894079 214834867 0.5
6471623 214848692 1
6471623 214849076 1
6471623 214848605 1
6471623 214849070 0.5
3231688 214829381 1
3231688 214842482 1
3231688 214842553 1
3231688 214636586 0.5
3231688 214836067 0.5
4747221 214831970 1
4747221 214839356 1
4747221 214632272 1
4747221 214839587 0.5
4747221 214839973 0.5
4747221 214839975 0.5
4747221 214820938 0.5
4747221 214600492 0.5
4747221 214819760 0.5
4747221 214836881 0.5
4747221 214820402 0.5
4747221 214839960 0.5
4747221 214839965 0.5
5951412 214846117 1
5951412 214821384 1
5951412 214820377 1
5951412 214819640 0.5
5951412 214846010 0.5
5951412 214845971 0.5
5951412 214821382 0.5
6991839 214831955 1
6991839 214632146 1
6991839 214850291 1
6991839 214820345 0.5
6991839 214845581 0.5
9764838 214853077 1
9764838 214851165 1
9764838 214716671 1
9764838 214850936 0.5
9764838 214684845 0.5
11059176 214853730 1
11059176 214849247 1
11059176 214853702 1
11059176 214744775 0.5
11059176 214753515 0.5
11059176 214853709 0.5
11059176 214854517 0.5
11059176 214849046 0.5
11059176 214853722 0.5
11059176 214831967 0.5
8021994 214819380 1
8021994 214851080 1
8021994 214851161 1
8021994 214692849 0.5
1458157 214834880 1
1458157 214602806 1
1458157 214711280 1
1458157 214836328 0.5
1458157 214833755 0.5
1458157 214554277 0.5
337903 214839995 1
337903 214839313 1
337903 214839997 1
337903 214602354 0.5
337903 214602358 0.5
337903 214572182 0.5
8675312 214853242 1
8675312 214851748 1
8675312 214851750 1
8675312 214852978 0.5
8675312 214853085 0.5
8675312 214853182 0.5
8675312 214853135 0.5
2545652 214844394 1
2545652 214844439 1
2545652 214821309 1
2545652 214821305 0.5
2545652 214551626 0.5
3478077 214586668 1
3478077 214839617 1
3478077 214829012 1
3478077 214837882 0.5
3478077 214821395 0.5
3478077 214836885 0.5
3243689 214836875 1
3243689 214836830 1
3243689 214836870 1
3243689 214839600 0.5
3243689 214696897 0.5
4088 214827035 1
4088 214826810 1
4088 214717860 1
4088 214826702 0.5
7198713 214832619 1
7198713 214846085 1
7198713 214832012 1
7198713 214829666 0.5
7198713 214831946 0.5
7198713 214665277 0.5
7198713 214667859 0.5
7198713 214849365 0.5
7198713 214850872 0.5
7198713 214839962 0.5
7198713 214850621 0.5
3926012 214684715 1
3926012 214711312 1
3926012 214829051 1
3926012 214836881 0.5
3926012 214839892 0.5
3926012 214586469 0.5
10698751 214854510 1
10698751 214854262 1
10698751 214684785 1
10698751 214853865 0.5
10698751 214567327 0.5
10698751 214854172 0.5
10698751 214567333 0.5
10698751 214853413 0.5
