2674689 214829878 1
2674689 214831946 1
2674689 214686082 1
2674689 214831955 0.5
2674689 214826891 0.5
6580226 214849284 1
6580226 214849239 1
6580226 214849333 1
6580226 214667859 0.5
10160811 214854358 1
10160811 214567215 1
10160811 214854264 1
10160811 214718160 0.5
10160811 214850743 0.5
10160811 214718169 0.5
10160811 214850938 0.5
10160811 214853726 0.5
10160811 214853855 0.5
8577028 214853184 1
8577028 214851748 1
8577028 214845583 1
8577028 214853195 0.5
8577028 214853188 0.5
8577028 214853190 0.5
8577028 214851592 0.5
8577028 214853227 0.5
8577028 214853135 0.5
8577028 214579875 0.5
4034567 214839973 1
4034567 214845131 1
4034567 214826951 1
4034567 214848176 0.5
4034567 214839960 0.5
4034567 214839971 0.5
5289993 214844396 1
5289993 214748336 1
5289993 214844398 1
5289993 214835473 0.5
7540747 214850936 1
7540747 214850743 1
7540747 214716645 1
7540747 214829666 0.5
9437197 214831948 1
9437197 214850315 1
9437197 214850942 1
9437197 214850282 0.5
9437197 214684730 0.5
9437197 214846012 0.5
9437197 214850949 0.5
9437197 214838102 0.5
10833942 214854787 1
10833942 214853100 1
10833942 214854840 1
10833942 214578011 0.5
10833942 214850291 0.5
8799174 214844447 1
8799174 214533020 1
8799174 214844445 1
8799174 214844452 0.5
9633822 214850295 1
9633822 214850282 1
9633822 214829887 1
9633822 214711307 0.5
9633822 214850947 0.5
9633822 214853420 0.5
3073029 214835745 1
3073029 214835747 1
3073029 214844394 1
3073029 214821305 0.5
3073029 214835017 0.5
5535776 214844396 1
5535776 214835473 1
5535776 214835426 1
5535776 214748336 0.5
1853473 214828970 1
1853473 214826610 1
1853473 214834880 1
1853473 214828963 0.5
1853473 214829385 0.5
1853473 214744779 0.5
1853473 214829657 0.5
1853473 214829660 0.5
1853473 214834877 0.5
8407074 214851028 1
8407074 214716714 1
8407074 214851581 1
8407074 214851163 0.5
8407074 214851131 0.5
4216867 214821377 1
4216867 214821315 1
4216867 214832147 1
4216867 214839943 0.5
1528497 214828987 1
1528497 214834880 1
1528497 214829390 1
1528497 214826912 0.5
7143772 214844439 1
7143772 214844456 1
7143772 214844394 1
7143772 214821305 0.5
7143772 214844458 0.5
7143772 214844441 0.5
9388076 214853317 1
9388076 214853420 1
9388076 214853422 1
9388076 214850945 0.5
9388076 214680371 0.5
1306766 214826610 1
1306766 214834880 1
1306766 214819762 1
1306766 214839600 0.5
1306766 214684843 0.5
1306766 214743495 0.5
1306766 214821032 0.5
1306766 214829385 0.5
1306766 214744779 0.5
1306766 214819760 0.5
1306766 214832722 0.5
1306766 214819719 0.5
7211057 214850743 1
7211057 214850938 1
7211057 214829362 1
7211057 214850848 0.5
7211057 214509401 0.5
7211057 214850771 0.5
7211057 214850756 0.5
7211057 214849807 0.5
86269 214826625 1
86269 214826606 1
86269 214826627 1
86269 214664919 0.5
86269 214826799 0.5
9261109 214853420 1
9261109 214850942 1
9261109 214849033 1
9261109 214850947 0.5
9435194 214835167 1
9435194 214848596 1
9435194 214853310 1
9435194 214849230 0.5
3661883 214844439 1
3661883 214821339 1
3661883 214844394 1
3661883 214844456 0.5
3661883 214844441 0.5
3661883 214533020 0.5
3661883 214612708 0.5
3661883 214844462 0.5
9121852 214853085 1
9121852 214853248 1
9121852 214853077 1
9121852 214852980 0.5
5972032 214850870 1
5972032 214846067 1
5972032 214846389 1
5972032 214850880 0.5
5972032 214839975 0.5
11243586 214853113 1
11243586 214854536 1
11243586 214718220 1
11243586 214853724 0.5
11243586 214850756 0.5
11243586 214850754 0.5
11243586 214853732 0.5
9999792 214853994 1
9999792 214853852 1
9999792 214853846 1
9999792 214854176 0.5
9999792 214853996 0.5
7721031 214850771 1
7721031 214850743 1
7721031 214850765 1
7721031 214651777 0.5
7721031 214677615 0.5
9796509 214853698 1
9796509 214853767 1
9796509 214853713 1
9796509 214853702 0.5
8886346 214845879 1
8886346 214852987 1
8886346 214853094 1
8886346 214853248 0.5
8886346 214819393 0.5
8886346 214581761 0.5
8886346 214853128 0.5
8886346 214853130 0.5
8886346 214678387 0.5
8886346 214851326 0.5
8646734 214853096 1
8646734 214853085 1
8646734 214853105 1
8646734 214852978 0.5
8646734 214853094 0.5
7960656 214853122 1
7960656 214837286 1
7960656 214849318 1
7960656 214840082 0.5
3899476 214839395 1
3899476 214826990 1
3899476 214835109 1
3899476 214829769 0.5
3899476 214836795 0.5
9787477 214853767 1
9787477 214853730 1
9787477 214853698 1
9787477 214854152 0.5
9787477 214853353 0.5
9787477 214853702 0.5
9787477 214853713 0.5
9050198 214853330 1
9050198 214853152 1
9050198 214853360 1
9050198 214705734 0.5
8898649 214853094 1
8898649 214853263 1
8898649 214853265 1
8898649 214853248 0.5
8898649 214853096 0.5
8898649 214851755 0.5
8898649 214853105 0.5
8898649 214853085 0.5
8898649 214851326 0.5
9166938 214853128 1
9166938 214853165 1
9166938 214851742 1
9166938 214853087 0.5
9373029 214850945 1
9373029 214853428 1
9373029 214850949 1
9373029 214853460 0.5
9373029 214853422 0.5
8939571 214853132 1
8939571 214853237 1
8939571 214853242 1
8939571 214853225 0.5
8939571 214853210 0.5
8939571 214851750 0.5
8204987 214550548 1
8204987 214585406 1
8204987 214532107 1
8204987 214835064 0.5
8204987 214565535 0.5
10733672 214744775 1
10733672 214853156 1
10733672 214791688 1
10733672 214849760 0.5
10733672 214853707 0.5
10733672 214716110 0.5
10733672 214854855 0.5
11501678 214853100 1
11501678 214854785 1
11501678 214853102 1
11501678 214854840 0.5
11501678 214861464 0.5
11501678 214854808 0.5
11501678 214854842 0.5
4948669 214651777 1
4948669 214838092 1
4948669 214748289 1
4948669 214575103 0.5
4724851 214635493 1
4724851 214716635 1
4724851 214714805 1
4724851 214839956 0.5
10203254 214853248 1
10203254 214853402 1
10203254 214844402 1
10203254 214853683 0.5
9970273 214850405 1
9970273 214853994 1
9970273 214854549 1
9970273 214850790 0.5
9970273 214851234 0.5
9970273 214851748 0.5
9970273 214851750 0.5
9970273 214853190 0.5
9970273 214853992 0.5
9970273 214684845 0.5
9970273 214854545 0.5
9970273 214854547 0.5
9970273 214853113 0.5
9970273 214853435 0.5
9970273 214854172 0.5
9970273 214677821 0.5
9382017 214509401 1
9382017 214851759 1
9382017 214853162 1
9382017 214551780 0.5
9382017 214612901 0.5
9382017 214851069 0.5
9382017 214836851 0.5
9382017 214575763 0.5
9382017 214702905 0.5
9382017 214852987 0.5
9382017 214585597 0.5
5090594 214832156 1
5090594 214837286 1
5090594 214837288 1
5090594 214837280 0.5
5090594 214838092 0.5
4208662 214836924 1
4208662 214835167 1
4208662 214829765 1
4208662 214829762 0.5
4208662 214680371 0.5
2625671 214829878 1
2625671 214829885 1
2625671 214829882 1
2625671 214829887 0.5
5933091 214846417 1
5933091 214850876 1
5933091 214844396 1
5933091 214844400 0.5
5933091 214846530 0.5
5933091 214826874 0.5
5933091 214844398 0.5
3256457 214612704 1
3256457 214844439 1
3256457 214844394 1
3256457 214821305 0.5
7361559 214849807 1
7361559 214850291 1
7361559 214850310 1
7361559 214850304 0.5
10281101 214854300 1
10281101 214854585 1
10281101 214854579 1
10281101 214854352 0.5
11383901 214853102 1
11383901 214853100 1
11383901 214854782 1
11383901 214854787 0.5
833682 214821307 1
833682 214826908 1
833682 214826837 1
833682 214834865 0.5
833682 214826876 0.5
9944771 214854262 1
9944771 214854264 1
9944771 214854358 1
9944771 214684762 0.5
4471524 214829280 1
4471524 214836855 1
4471524 214839960 1
4471524 214836857 0.5
4471524 214839967 0.5
8326651 214684942 1
8326651 214716671 1
8326651 214716746 1
8326651 214851579 0.5
8326651 214851592 0.5
8326651 214716714 0.5
8326651 214716654 0.5
8326651 214851165 0.5
8326651 214848851 0.5
8326651 214851028 0.5
8326651 214851131 0.5
8326651 214851581 0.5
320661 214826891 1
320661 214826829 1
320661 214826893 1
320661 214821377 0.5
320661 214821037 0.5
320661 214691390 0.5
9817032 214738457 1
9817032 214848641 1
9817032 214851236 1
9817032 214853722 0.5
9817032 214848954 0.5
9817032 214846333 0.5
11108519 214853102 1
11108519 214854731 1
11108519 214686879 1
11108519 214848658 0.5
9967304 214849010 1
9967304 214535051 1
9967304 214836515 1
9967304 214829730 0.5
9967304 214853366 0.5
812887 214821315 1
812887 214828987 1
812887 214829321 1
812887 214826912 0.5
812887 214827009 0.5
812887 214680718 0.5
812887 214574670 0.5
812887 214551607 0.5
9838773 214854510 1
9838773 214684785 1
9838773 214854262 1
9838773 214854075 0.5
9838773 214567333 0.5
9838773 214854358 0.5
9838773 214567327 0.5
2261174 214708374 1
2261174 214831948 1
2261174 214829878 1
2261174 214836560 0.5
9250999 214829312 1
9250999 214846391 1
9250999 214851135 1
9250999 214555237 0.5
9250999 214846389 0.5
5083327 214748291 1
5083327 214837286 1
5083327 214850679 1
5083327 214748304 0.5
5083327 214850677 0.5
9255108 214853420 1
9255108 214853422 1
9255108 214850942 1
9255108 214763542 0.5
10186951 214853852 1
10186951 214854148 1
10186951 214853413 1
10186951 214854176 0.5
10186951 214853848 0.5
10186951 214853994 0.5
10651851 214854545 1
10651851 214564387 1
10651851 214854536 1
10651851 214850848 0.5
10651851 214553537 0.5
10651851 214848808 0.5
10651851 214853865 0.5
10651851 214716714 0.5
10651851 214561520 0.5
10651851 214854354 0.5
10651851 214854358 0.5
10651851 214677401 0.5
10651851 214685049 0.5
10651851 214684762 0.5
6920397 214848980 1
6920397 214848973 1
6920397 214832015 1
6920397 214850953 0.5
6920397 214845354 0.5
6920397 214848692 0.5
6920397 214821326 0.5
4950222 214845380 1
4950222 214844413 1
4950222 214845435 1
4950222 214845806 0.5
10203853 214850940 1
10203853 214744779 1
10203853 214850739 1
10203853 214850720 0.5
10203853 214718177 0.5
10203853 214580424 0.5
10203853 214850411 0.5
10203853 214705997 0.5
10203853 214573590 0.5
10203853 214849464 0.5
10203853 214853113 0.5
10203853 214850621 0.5
6284664 214849070 1
6284664 214829317 1
6284664 214848615 1
6284664 214849076 0.5
6284664 214848622 0.5
5671122 214846033 1
5671122 214845491 1
5671122 214644577 1
5671122 214845416 0.5
5671122 214549346 0.5
5671122 214553578 0.5
8833236 214853090 1
8833236 214853085 1
8833236 214849020 1
8833236 214851326 0.5
8124629 214851022 1
8124629 214848630 1
8124629 214851077 1
8124629 214853182 0.5
8124629 214677615 0.5
10598618 214854358 1
10598618 214854549 1
10598618 214854495 1
10598618 214854545 0.5
10598618 214853855 0.5
10598618 214854268 0.5
10598618 214853726 0.5
10598618 214684785 0.5
2170674 214820396 1
2170674 214826563 1
2170674 214820400 1
2170674 214834880 0.5
2170674 214820392 0.5
2170674 214716667 0.5
2170674 214829657 0.5
2170674 214829321 0.5
5404893 214835428 1
5404893 214844370 1
5404893 214844396 1
5404893 214845587 0.5
5404893 214845887 0.5
10457312 214684785 1
10457312 214684762 1
10457312 214854262 1
10457312 214850936 0.5
10457312 214853865 0.5
2277601 214829880 1
2277601 214831946 1
2277601 214829885 1
2277601 214829882 0.5
2277601 214829878 0.5
151778 214834865 1
151778 214827000 1
151778 214826925 1
151778 214827005 0.5
151778 214827007 0.5
9938567 214853700 1
9938567 214853767 1
9938567 214853730 1
9938567 214853713 0.5
9938567 214853722 0.5
6115569 214846425 1
6115569 214846410 1
6115569 214849016 1
6115569 214572264 0.5
6115569 214846380 0.5
2328826 214551626 1
2328826 214829878 1
2328826 214829887 1
2328826 214831965 0.5
9683197 214853865 1
9683197 214853195 1
9683197 214851161 1
9683197 214853227 0.5
9683197 214848613 0.5
9683197 214850726 0.5
9683197 214850760 0.5
9683197 214743339 0.5
9683197 214684845 0.5
9683197 214981102 0.5
9683197 214580240 0.5
9683197 214853242 0.5
9683197 214851165 0.5
5826818 214835064 1
5826818 214846475 1
5826818 214829775 1
5826818 214849001 0.5
5826818 214835019 0.5
5826818 214845131 0.5
5826818 214846061 0.5
5826818 214675890 0.5
874756 214820402 1
874756 214819376 1
874756 214744775 1
874756 214821300 0.5
874756 214826837 0.5
7676166 214632146 1
7676166 214850291 1
7676166 214850711 1
7676166 214846112 0.5
7676166 214668667 0.5
7676166 214850364 0.5
648549 214826837 1
648549 214821401 1
648549 214826908 1
648549 214714794 0.5
648549 214826876 0.5
9767178 214853460 1
9767178 214853340 1
9767178 214850942 1
9767178 214853428 0.5
9767178 214853420 0.5
921868 214821302 1
921868 214821339 1
921868 214821305 1
921868 214821309 0.5
921868 214844357 0.5
921868 214821341 0.5
10152206 214853454 1
10152206 214850945 1
10152206 214845581 1
10152206 214831948 0.5
10152206 214853422 0.5
10152206 214853428 0.5
10152206 214850295 0.5
10152206 214848692 0.5
10152206 214850942 0.5
6922512 214850402 1
6922512 214838137 1
6922512 214839969 1
6922512 214849331 0.5
6922512 214849046 0.5
6922512 214849239 0.5
10189073 214717888 1
10189073 214718169 1
10189073 214850743 1
10189073 214853730 0.5
10189073 214718220 0.5
10189073 214850936 0.5
10189073 214850938 0.5
10189073 214853722 0.5
10189073 214573310 0.5
9640214 214712235 1
9640214 214846119 1
9640214 214845962 1
9640214 214744258 0.5
9640214 214712237 0.5
10555671 214848849 1
10555671 214854358 1
10555671 214849468 1
10555671 214572448 0.5
10555671 214695553 0.5
10555671 214837873 0.5
10555671 214854731 0.5
10555671 214859246 0.5
10555671 214854352 0.5
10555671 214684785 0.5
10555671 214705747 0.5
10555671 214854549 0.5
10555671 214849464 0.5
10555671 214820345 0.5
10555671 214686547 0.5
10555671 214854545 0.5
10555671 214705757 0.5
6273318 214848682 1
6273318 214849239 1
6273318 214826610 1
6273318 214834880 0.5
6273318 214834877 0.5
6273318 214849046 0.5
6273318 214665277 0.5
9003304 214853195 1
9003304 214853420 1
9003304 214850947 1
9003304 214853381 0.5
9003304 214705734 0.5
9003304 214853227 0.5
9003304 214853233 0.5
9003304 214853465 0.5
9003304 214853210 0.5
574514 214837490 1
574514 214837485 1
574514 214837442 1
574514 214698446 0.5
574514 214837487 0.5
5114159 214840091 1
5114159 214844332 1
5114159 214836536 1
5114159 214819468 0.5
8890673 214716714 1
8890673 214684942 1
8890673 214851163 1
8890673 214716671 0.5
8890673 214851131 0.5
8890673 214851579 0.5
8890673 214851165 0.5
8890673 214851575 0.5
2390324 214829878 1
2390324 214831946 1
2390324 214831967 1
2390324 214819760 0.5
2390324 214819762 0.5
2390324 214831959 0.5
2390324 214835111 0.5
4086589 214839962 1
4086589 214845131 1
4086589 214573612 1
4086589 214832145 0.5
2578747 214826979 1
2578747 214829878 1
2578747 214829887 1
2578747 214829882 0.5
2578747 214831965 0.5
4156128 214829792 1
4156128 214714757 1
4156128 214832147 1
4156128 214839592 0.5
4156128 214835120 0.5
4156128 214712237 0.5
11139394 214644577 1
11139394 214712242 1
11139394 214854682 1
11139394 214854853 0.5
10910019 214853090 1
10910019 214852978 1
10910019 214851326 1
10910019 214854780 0.5
10910019 214853094 0.5
7889221 214848997 1
7889221 214848695 1
7889221 214845806 1
7889221 214838225 0.5
7889221 214557095 0.5
1962311 214826612 1
1962311 214829711 1
1962311 214821290 1
1962311 214554785 0.5
1962311 214821410 0.5
1962311 214821412 0.5
1962311 214834877 0.5
1962311 214821015 0.5
1962311 214833755 0.5
1962311 214826589 0.5
1862711 214826711 1
1862711 214829379 1
1862711 214820210 1
1862711 214667912 0.5
1862711 214702877 0.5
2478416 214748297 1
2478416 214748338 1
2478416 214829887 1
2478416 214835017 0.5
2478416 214819762 0.5
2478416 214834867 0.5
2478416 214609325 0.5
2478416 214710062 0.5
4245841 214826942 1
4245841 214829797 1
4245841 214579226 1
4245841 214838105 0.5
7780701 214849153 1
7780701 214849155 1
7780701 214849033 1
7780701 214850310 0.5
7780701 214849031 0.5
7780701 214844396 0.5
7780701 214850282 0.5
7780701 214849740 0.5
7780701 214849809 0.5
7780701 214850364 0.5
10795371 214853102 1
10795371 214854840 1
10795371 214854785 1
10795371 214854536 0.5
10795371 214864880 0.5
10795371 214854819 0.5
10795371 214849468 0.5
6248818 214849076 1
6248818 214850402 1
6248818 214846530 1
6248818 214848337 0.5
6248818 214844402 0.5
6248818 214839932 0.5
6248818 214849046 0.5
2568568 214826977 1
2568568 214831959 1
2568568 214748336 1
2568568 214587317 0.5
2568568 214680718 0.5
8475002 214845585 1
8475002 214848986 1
8475002 214848335 1
8475002 214851009 0.5
8475002 214850786 0.5
8475002 214714760 0.5
8475002 214826953 0.5
8475002 214835426 0.5
8475002 214561775 0.5
9392191 214853420 1
9392191 214850945 1
9392191 214514287 1
9392191 214850947 0.5
9154941 214851131 1
9154941 214684942 1
9154941 214851163 1
9154941 214716746 0.5
9154941 214716671 0.5
5689726 214846033 1
5689726 214846447 1
5689726 214848997 1
5689726 214846007 0.5
2165122 214709822 1
2165122 214829850 1
2165122 214834880 1
2165122 214716924 0.5
7321987 214849082 1
7321987 214836517 1
7321987 214844398 1
7321987 214849250 0.5
326537 214748295 1
326537 214826810 1
326537 214827009 1
326537 214833800 0.5
326537 214829310 0.5
7350338 214850282 1
7350338 214850291 1
7350338 214850315 1
7350338 214850304 0.5
7350338 214850295 0.5
4800911 214832147 1
4800911 214839962 1
4800911 214839973 1
4800911 214839960 0.5
4800911 214845806 0.5
4800911 214839967 0.5
8477072 214564380 1
8477072 214851290 1
8477072 214851232 1
8477072 214552522 0.5
8477072 214844342 0.5
8477072 214554982 0.5
8477072 214851101 0.5
10105233 214853713 1
10105233 214718169 1
10105233 214854118 1
10105233 214854152 0.5
10105233 214853702 0.5
9390483 214846468 1
9390483 214853379 1
9390483 214844355 1
9390483 214850713 0.5
9390483 214854017 0.5
9390483 214846421 0.5
9390483 214853413 0.5
9390483 214853865 0.5
397038 214826702 1
397038 214826627 1
397038 214826955 1
397038 214826835 0.5
397038 214826606 0.5
2236823 214829878 1
2236823 214829882 1
2236823 214831946 1
2236823 214829885 0.5
332184 214826627 1
332184 214664919 1
332184 214826625 1
332184 214826623 0.5
3958497 214642100 1
3958497 214573350 1
3958497 214834880 1
3958497 214685857 0.5
3958497 214826619 0.5
3958497 214836932 0.5
3958497 214707879 0.5
3958497 214819562 0.5
3958497 214832747 0.5
3958497 214561485 0.5
3958497 214832559 0.5
3958497 214676019 0.5
3958497 214835124 0.5
3958497 214821017 0.5
3958497 214561402 0.5
3958497 214707995 0.5
3958497 214642314 0.5
3958497 214821022 0.5
3958497 214826621 0.5
7408029 214850285 1
7408029 214845980 1
7408029 214850315 1
7408029 214850304 0.5
7408029 214850282 0.5
7408029 214838831 0.5
10158497 214835019 1
10158497 214577450 1
10158497 214853700 1
10158497 214853698 0.5
10158497 214853767 0.5
10158497 214819464 0.5
10158497 214854540 0.5
10158497 214853420 0.5
10158497 214710062 0.5
10158497 214853430 0.5
10158497 214820345 0.5
10158497 214853722 0.5
10158497 214849020 0.5
10078632 214853852 1
10078632 214853994 1
10078632 214853848 1
10078632 214853435 0.5
10040391 214853698 1
10040391 214853767 1
10040391 214853730 1
10040391 214853707 0.5
9765296 214853722 1
9765296 214853767 1
9765296 214853698 1
9765296 214853353 0.5
9765296 214853707 0.5
9765296 214853700 0.5
9765296 214853702 0.5
7387208 214748295 1
7387208 214753505 1
7387208 214850679 1
7387208 214748304 0.5
7387208 214748291 0.5
1015724 214826619 1
1015724 214826621 1
1015724 214748336 1
1015724 214601233 0.5
1015724 214826615 0.5
6242743 214848622 1
6242743 214844439 1
6242743 214848380 1
6242743 214848337 0.5
6242743 214846466 0.5
7698876 214748289 1
7698876 214850932 1
7698876 214563182 1
7698876 214850730 0.5
7698876 214840415 0.5
7698876 214846389 0.5
7698876 214836830 0.5
7698876 214850767 0.5
9558461 214852987 1
9558461 214581611 1
9558461 214853169 1
9558461 214850949 0.5
9558461 214677830 0.5
9558461 214846125 0.5
9558461 214849010 0.5
9558461 214678387 0.5
9558461 214846117 0.5
7571531 214850934 1
7571531 214850936 1
7571531 214844372 1
7571531 214848808 0.5
7571531 214706441 0.5
7571531 214700987 0.5
10813892 214854770 1
10813892 214686864 1
10813892 214686879 1
10813892 214850420 0.5
10813892 214854838 0.5
10813892 214850735 0.5
6894023 214849292 1
6894023 214849318 1
6894023 214848658 1
6894023 214849179 0.5
3903944 214836924 1
3903944 214582382 1
3903944 214573350 1
3903944 214838225 0.5
3903944 214832780 0.5
3652041 214835109 1
3652041 214835167 1
3652041 214829765 1
3652041 214838227 0.5
10149707 214854510 1
10149707 214850790 1
10149707 214854172 1
10149707 214509401 0.5
10149707 214854118 0.5
4990094 214845354 1
4990094 214845581 1
4990094 214541582 1
4990094 214829885 0.5
4172244 214832012 1
4172244 214829797 1
4172244 214557095 1
4172244 214838098 0.5
4172244 214839932 0.5
4172244 214602802 0.5
4172244 214826623 0.5
7709141 214853122 1
7709141 214717003 1
7709141 214651554 1
7709141 214854632 0.5
7709141 214717007 0.5
10120929 214853767 1
10120929 214850711 1
10120929 214850947 1
10120929 214853700 0.5
10120929 214716909 0.5
10120929 214850942 0.5
3136933 214835132 1
3136933 214836553 1
3136933 214831940 1
3136933 214587028 0.5
4733408 214839341 1
4733408 214774678 1
4733408 214845127 1
4733408 214574777 0.5
5923297 214846415 1
5923297 214846425 1
5923297 214848313 1
5923297 214837280 0.5
5923297 214839971 0.5
5923297 214839973 0.5
5923297 214554662 0.5
5923297 214826833 0.5
5923297 214846421 0.5
5923297 214846007 0.5
5923297 214676957 0.5
5923297 214848997 0.5
2990566 214834867 1
2990566 214832792 1
2990566 214836885 1
2990566 214826947 0.5
10459628 214853096 1
10459628 214853105 1
10459628 214853085 1
10459628 214853248 0.5
10459628 214853090 0.5
10459628 214853094 0.5
10459628 214569474 0.5
10459628 214701309 0.5
10459628 214538484 0.5
10459628 214852980 0.5
10459628 214585597 0.5
10459628 214851326 0.5
8012269 214851290 1
8012269 214851232 1
8012269 214851577 1
8012269 214851585 0.5
8012269 214564380 0.5
2685422 214836527 1
2685422 214835469 1
2685422 214826951 1
2685422 214563337 0.5
2685422 214836330 0.5
2685422 214672944 0.5
2685422 214836851 0.5
2685422 214844021 0.5
2685422 214839607 0.5
2685422 214557279 0.5
2685422 214576607 0.5
11151857 214854707 1
11151857 214854804 1
11151857 214714715 1
11151857 214578011 0.5
8722207 214829006 1
8722207 214838122 1
8722207 214851238 1
8722207 214587028 0.5
8722207 214820227 0.5
8722207 214819412 0.5
5220856 214838094 1
5220856 214829887 1
5220856 214684736 1
5220856 214832156 0.5
25081 214820392 1
25081 214820396 1
25081 214820400 1
25081 214716641 0.5
25081 214826906 0.5
25081 214826908 0.5
25081 214826837 0.5
25081 214744775 0.5
6562298 214846477 1
6562298 214848622 1
6562298 214848656 1
6562298 214848950 0.5
6488573 214848973 1
6488573 214848980 1
6488573 214829878 1
6488573 214595150 0.5
6488573 214846033 0.5
6488573 214848851 0.5
6488573 214838105 0.5
6488573 214684730 0.5
6488573 214845980 0.5
7969278 214563182 1
7969278 214849389 1
7969278 214850621 1
7969278 214847968 0.5
7969278 214850936 0.5
6267391 214848971 1
6267391 214846535 1
6267391 214849018 1
6267391 214835109 0.5
6267391 214667857 0.5
6267391 214848328 0.5
6267391 214848330 0.5
6267391 214848337 0.5
6267391 214838227 0.5
6267391 214711348 0.5
6267391 214707830 0.5
6267391 214848377 0.5
6267391 214848410 0.5
6267391 214848380 0.5
8509952 214853094 1
8509952 214851326 1
8509952 214853105 1
8509952 214853090 0.5
1212929 214828991 1
1212929 214829336 1
1212929 214829045 1
1212929 214712278 0.5
1212929 214546102 0.5
3027462 214829390 1
3027462 214835019 1
3027462 214835017 1
3027462 214602600 0.5
3662343 214836795 1
3662343 214829769 1
3662343 214829012 1
3662343 214829773 0.5
5040649 214845579 1
5040649 214845356 1
5040649 214845581 1
5040649 214845577 0.5
5040649 214831946 0.5
5040649 214829882 0.5
1773314 214829850 1
1773314 214821399 1
1773314 214829852 1
1773314 214667912 0.5
1773314 214748336 0.5
1773314 214829366 0.5
1773314 214826711 0.5
6400526 214848950 1
6400526 214848622 1
6400526 214846412 1
6400526 214838225 0.5
6400526 214839967 0.5
6400526 214573357 0.5
6400526 214651517 0.5
11446799 214854637 1
11446799 214510445 1
11446799 214826904 1
11446799 214819777 0.5
11446799 214650566 0.5
11446799 214560615 0.5
11446799 214826953 0.5
11446799 214582346 0.5
11446799 214602731 0.5
11446799 214643340 0.5
11446799 214561775 0.5
11446799 214582348 0.5
11446799 214845585 0.5
11446799 214854770 0.5
11446799 214857185 0.5
11446799 214857268 0.5
11446799 214602793 0.5
11446799 214705145 0.5
11446799 214846367 0.5
11446799 214846110 0.5
11446799 214835167 0.5
5440016 214844396 1
5440016 214844400 1
5440016 214845131 1
5440016 214844345 0.5
5541636 214835426 1
5541636 214844370 1
5541636 214844355 1
5541636 214613741 0.5
5541636 214819526 0.5
9116192 214853105 1
9116192 214853094 1
9116192 214853096 1
9116192 214852978 0.5
9116192 214853085 0.5
5448226 214835064 1
5448226 214835428 1
5448226 214835426 1
5448226 214835070 0.5
7927899 214850790 1
7927899 214850700 1
7927899 214850760 1
7927899 214837442 0.5
7927899 214850405 0.5
7927899 214850870 0.5
7927899 214850936 0.5
7927899 214839962 0.5
7927899 214850876 0.5
7927899 214850621 0.5
2710054 214835747 1
2710054 214835745 1
2710054 214835019 1
2710054 214587712 0.5
2710054 214835017 0.5
2710054 214600492 0.5
8868394 214852980 1
8868394 214744215 1
8868394 214744235 1
8868394 214853096 0.5
8868394 214853233 0.5
8868394 214853227 0.5
8868394 214853094 0.5
8868394 214853105 0.5
6040112 214850870 1
6040112 214850880 1
6040112 214846466 1
6040112 214850876 0.5
6535733 214848808 1
6535733 214848375 1
6535733 214848371 1
6535733 214848832 0.5
6535733 214848613 0.5
7376308 214848337 1
7376308 214838227 1
7376308 214849734 1
7376308 214848328 0.5
7376308 214848330 0.5
7376308 214849740 0.5
10054208 214854264 1
10054208 214684762 1
10054208 214854545 1
10054208 214853702 0.5
10054208 214854534 0.5
10054208 214854536 0.5
10054208 214832156 0.5
10054208 214853996 0.5
10054208 214854352 0.5
10054208 214854354 0.5
10054208 214854547 0.5
10054208 214854549 0.5
10054208 214854358 0.5
10054208 214849464 0.5
10054208 214854075 0.5
10054208 214853244 0.5
10193473 214854264 1
10193473 214854268 1
10193473 214567333 1
10193473 214853848 0.5
10193473 214684785 0.5
10193473 214854354 0.5
8622658 214853105 1
8622658 214851326 1
8622658 214853248 1
8622658 214853085 0.5
1657411 214829085 1
1657411 214820263 1
1657411 214829664 1
1657411 214821407 0.5
1657411 214820231 0.5
6649953 214850295 1
6649953 214849809 1
6649953 214850304 1
6649953 214838107 0.5
6649953 214711307 0.5
6649953 214584092 0.5
6649953 214684717 0.5
10826508 214854838 1
10826508 214853113 1
10826508 214857268 1
10826508 214854536 0.5
10826508 214835473 0.5
10826508 214848658 0.5
10826508 214717562 0.5
10826508 214850940 0.5
10826508 214849247 0.5
10695244 214861498 1
10695244 214839997 1
10695244 214840001 1
10695244 214839995 0.5
10695244 214556212 0.5
4782672 214821305 1
4782672 214821309 1
4782672 214844441 1
4782672 214821313 0.5
4782672 214821341 0.5
10758742 214854579 1
10758742 214854300 1
10758742 214854585 1
10758742 214712242 0.5
10758742 214709685 0.5
10758742 214854838 0.5
4440664 214839973 1
4440664 214839960 1
4440664 214845131 1
4440664 214839969 0.5
4440664 214829850 0.5
4440664 214839971 0.5
4440664 214602733 0.5
7724948 214851577 1
7724948 214835167 1
7724948 214829765 1
7724948 214829850 0.5
7724948 214849018 0.5
7724948 214851581 0.5
10078811 214567333 1
10078811 214853846 1
10078811 214854264 1
10078811 214848808 0.5
10078811 214684785 0.5
10078811 214854148 0.5
10078811 214854358 0.5
10078811 214854262 0.5
2277983 214829880 1
2277983 214829882 1
2277983 214831948 1
2277983 214712120 0.5
2277983 214640094 0.5
2277983 214829878 0.5
10220128 214853730 1
10220128 214853722 1
10220128 214853700 1
10220128 214854152 0.5
10220128 214853707 0.5
10220128 214853767 0.5
1150003 214587317 1
1150003 214829327 1
1150003 214829334 1
1150003 214829079 0.5
1150003 214828980 0.5
1150003 214691285 0.5
1150003 214586743 0.5
3177066 214832124 1
3177066 214557223 1
3177066 214832115 1
3177066 214835745 0.5
3177066 214835122 0.5
3177066 214743497 0.5
7351058 214819412 1
7351058 214850366 1
7351058 214684715 1
7351058 214820377 0.5
10656366 214854819 1
10656366 214855016 1
10656366 214854782 1
10656366 214853100 0.5
10656366 214854815 0.5
11231857 214854720 1
11231857 214717802 1
11231857 214839399 1
11231857 214840091 0.5
11231857 214533819 0.5
8520312 214851167 1
8520312 214716671 1
8520312 214716746 1
8520312 214837442 0.5
1675897 214821410 1
1675897 214821412 1
1675897 214834880 1
1675897 214834877 0.5
4465276 214582942 1
4465276 214838128 1
4465276 214669730 1
4465276 214687753 0.5
4465276 214714805 0.5
506496 214827011 1
506496 214827013 1
506496 214552134 1
506496 214701343 0.5
7875008 214595139 1
7875008 214850771 1
7875008 214572182 1
7875008 214850743 0.5
2335366 214642153 1
2335366 214831948 1
2335366 214829878 1
2335366 214829051 0.5
4655737 214839965 1
4655737 214831970 1
4655737 214832147 1
4655737 214839937 0.5
4655737 214711307 0.5
4291208 214677615 1
4291208 214820392 1
4291208 214602733 1
4291208 214821017 0.5
4291208 214839969 0.5
5513526 214844400 1
5513526 214844372 1
5513526 214844398 1
5513526 214844370 0.5
4033986 214839587 1
4033986 214839975 1
4033986 214845131 1
4033986 214839969 0.5
4033986 214819719 0.5
4033986 214744775 0.5
4033986 214829775 0.5
4033986 214832145 0.5
4033986 214848178 0.5
4033986 214829852 0.5
4033986 214831967 0.5
9101969 214853094 1
9101969 214852978 1
9101969 214853077 1
9101969 214711952 0.5
9101969 214853090 0.5
9101969 214851077 0.5
3170962 214834873 1
3170962 214836532 1
3170962 214848707 1
3170962 214831937 0.5
3170962 214836527 0.5
3170962 214835462 0.5
3170962 214826951 0.5
2970259 214829880 1
2970259 214832792 1
2970259 214834867 1
2970259 214577025 0.5
2970259 214829878 0.5
8524437 214684942 1
8524437 214851131 1
8524437 214716714 1
8524437 214851579 0.5
8524437 214716746 0.5
8524437 214851097 0.5
8524437 214851163 0.5
8524437 214851165 0.5
8524437 214716671 0.5
1720984 214834877 1
1720984 214834880 1
1720984 214712124 1
1720984 214718210 0.5
1720984 214819779 0.5
1720984 214821412 0.5
1720984 214840421 0.5
1720984 214833755 0.5
1720984 214560585 0.5
1720984 214577387 0.5
1720984 214821410 0.5
1720984 214667921 0.5
1720984 214826610 0.5
1720984 214717877 0.5
1720984 214821302 0.5
1720984 214531513 0.5
1720984 214821305 0.5
1720984 214829387 0.5
1720984 214744427 0.5
1720984 214712126 0.5
1720984 214554277 0.5
4348572 214829878 1
4348572 214831948 1
4348572 214829882 1
4348572 214838107 0.5
4348572 214832015 0.5
10150558 214839962 1
10150558 214853992 1
10150558 214853188 1
10150558 214837442 0.5
10150558 214853413 0.5
10150558 214853865 0.5
10150558 214854165 0.5
10150558 214849464 0.5
10150558 214854172 0.5
1319403 214834877 1
1319403 214826610 1
1319403 214833755 1
1319403 214834880 0.5
4770464 214839960 1
4770464 214829730 1
4770464 214748336 1
4770464 214684734 0.5
10166946 214853702 1
10166946 214853698 1
10166946 214853722 1
10166946 214853700 0.5
6554281 214839973 1
6554281 214848375 1
6554281 214848371 1
6554281 214846007 0.5
10357874 214853428 1
10357874 214829885 1
10357874 214850291 1
10357874 214853460 0.5
3418798 214835124 1
3418798 214834880 1
3418798 214834877 1
3418798 214829280 0.5
3418798 214706102 0.5
3418798 214829321 0.5
3418798 214826927 0.5
3418798 214748336 0.5
3418798 214587317 0.5
3418798 214819382 0.5
3418798 214831959 0.5
3418798 214826998 0.5
3418798 214819721 0.5
3418798 214829852 0.5
3418798 214717562 0.5
654964 214644662 1
654964 214832555 1
654964 214725532 1
654964 214981102 0.5
8643253 214853105 1
8643253 214852980 1
8643253 214853077 1
8643253 214852978 0.5
8643253 214853094 0.5
8163381 214851122 1
8163381 214851236 1
8163381 214851581 1
8163381 214851133 0.5
355006 214829285 1
355006 214826801 1
355006 214826625 1
355006 214691426 0.5
355006 214709634 0.5
355006 214691390 0.5
355006 214664919 0.5
11418303 214853165 1
11418303 214851292 1
11418303 214848384 1
11418303 214849344 0.5
11418303 214859139 0.5
11418303 214853317 0.5
11418303 214859240 0.5
11418303 214859242 0.5
11418303 214650508 0.5
11418303 214835117 0.5
11418303 214857776 0.5
11418303 214704180 0.5
11418303 214851577 0.5
11418303 214856700 0.5
11418303 214857695 0.5
4551361 214838092 1
4551361 214826833 1
4551361 214844325 1
4551361 214829280 0.5
4551361 214839969 0.5
4551361 214839973 0.5
4551361 214602598 0.5
4551361 214845131 0.5
4551361 214835469 0.5
4551361 214838094 0.5
4551361 214602733 0.5
4551361 214836525 0.5
4551361 214836853 0.5
4551361 214587317 0.5
2511554 214829887 1
2511554 214829882 1
2511554 214829878 1
2511554 214831957 0.5
2511554 214831965 0.5
8293061 214553702 1
8293061 214850771 1
8293061 214849155 1
8293061 214829850 0.5
6349511 214848337 1
6349511 214849012 1
6349511 214848377 1
6349511 214848950 0.5
117448 214839311 1
117448 214819740 1
117448 214819472 1
117448 214819387 0.5
117448 214717007 0.5
1952628 214748336 1
1952628 214743495 1
1952628 214829852 1
1952628 214820392 0.5
1952628 214819721 0.5
1942224 214831965 1
1942224 214667912 1
1942224 214826711 1
1942224 214716641 0.5
1942224 214832780 0.5
1942224 214835087 0.5
1942224 214835124 0.5
1942224 214829878 0.5
1942224 214829368 0.5
1942224 214674427 0.5
9000398 214853094 1
9000398 214853248 1
9000398 214853105 1
9000398 214853096 0.5
9000398 214853085 0.5
10437336 214853113 1
10437336 214853244 1
10437336 214854536 1
10437336 214854354 0.5
1938137 214821332 1
1938137 214717522 1
1938137 214705370 1
1938137 214826610 0.5
1938137 214828987 0.5
496352 214826998 1
496352 214826816 1
496352 214826608 1
496352 214553730 0.5
496352 214753515 0.5
496352 214837483 0.5
496352 214744530 0.5
496352 214821300 0.5
496352 214717562 0.5
496352 214826876 0.5
5726942 214845489 1
5726942 214826833 1
5726942 214800264 1
5726942 214836517 0.5
10444867 214853113 1
10444867 214854354 1
10444867 214854352 1
10444867 214854536 0.5
11242212 214854853 1
11242212 214864880 1
11242212 214854823 1
11242212 214854795 0.5
11242212 214854733 0.5
4690661 214587317 1
4690661 214710152 1
4690661 214836855 1
4690661 214553700 0.5
789222 214829321 1
789222 214819376 1
789222 214820400 1
789222 214819721 0.5
789222 214826876 0.5
43752 214716982 1
43752 214717003 1
43752 214716926 1
43752 214716928 0.5
43752 214717007 0.5
43752 214717005 0.5
43752 214832655 0.5
1418562 214834877 1
1418562 214833755 1
1418562 214826610 1
1418562 214834880 0.5
9622256 214854017 1
9622256 214853767 1
9622256 214853420 1
9622256 214835745 0.5
9622256 214850402 0.5
9622256 214744779 0.5
9622256 214853700 0.5
9622256 214705734 0.5
9622256 214837286 0.5
9622256 214743495 0.5
9622256 214845131 0.5
9622256 214600492 0.5
9622256 214849363 0.5
9622256 214851748 0.5
264946 214821305 1
264946 214821339 1
264946 214685784 1
264946 214820842 0.5
264946 214527028 0.5
264946 214821302 0.5
264946 214586711 0.5
264946 214821307 0.5
264946 214821341 0.5
5683191 214829775 1
5683191 214849001 1
5683191 214826949 1
5683191 214821401 0.5
5683191 214717286 0.5
10967849 214854840 1
10967849 214854785 1
10967849 214854853 1
10967849 214853081 0.5
9493241 214850949 1
9493241 214716746 1
9493241 214850942 1
9493241 214831955 0.5
9493241 214853340 0.5
2610554 214826565 1
2610554 214826947 1
2610554 214835747 1
2610554 214587712 0.5
2610554 214581536 0.5
2610554 214827035 0.5
2610554 214835128 0.5
2610554 214835017 0.5
10629887 214854579 1
10629887 214854547 1
10629887 214854300 1
10629887 214854075 0.5
10353408 214854547 1
10353408 214819577 1
10353408 214854300 1
10353408 214849464 0.5
10353408 214854585 0.5
10353408 214850741 0.5
7248642 214853177 1
7248642 214853758 1
7248642 214853175 1
7248642 214844420 0.5
7248642 214853861 0.5
1567492 214821410 1
1567492 214834877 1
1567492 214829366 1
1567492 214833755 0.5
1567492 214829387 0.5
1567492 214821412 0.5
1567492 214826589 0.5
10072837 214718169 1
10072837 214853767 1
10072837 214853700 1
10072837 214853730 0.5
1712906 214744530 1
1712906 214834991 1
1712906 214829362 1
1712906 214717331 0.5
1712906 214743493 0.5
9782027 214854300 1
9782027 214854534 1
9782027 214854579 1
9782027 214849464 0.5
5446412 214846447 1
5446412 214846001 1
5446412 214848185 1
5446412 214839969 0.5
3693326 214821277 1
3693326 214821292 1
3693326 214834989 1
3693326 214576520 0.5
3693326 214580291 0.5
3693326 214844932 0.5
11218548 214853100 1
11218548 214853102 1
11218548 214854785 1
11218548 214854853 0.5
11218548 214854767 0.5
11218548 214864880 0.5
11218548 214854770 0.5
11218548 214850420 0.5
11218548 214684734 0.5
5135122 214845356 1
5135122 214845579 1
5135122 214839384 1
5135122 214845352 0.5
5135122 214836956 0.5
5135122 214832156 0.5
5135122 214845581 0.5
5135122 214848326 0.5
475923 214837485 1
475923 214837442 1
475923 214821277 1
475923 214838831 0.5
475923 214837490 0.5
475923 214837483 0.5
475923 214698446 0.5
475923 214837487 0.5
8594198 214848605 1
8594198 214695399 1
8594198 214846012 1
8594198 214850282 0.5
8594198 214831948 0.5
8594198 214829878 0.5
8594198 214848615 0.5
1329944 214829321 1
1329944 214832780 1
1329944 214834877 1
1329944 214839600 0.5
1329944 214800272 0.5
2704161 214835017 1
2704161 214826818 1
2704161 214826947 1
2704161 214587697 0.5
2704161 214835019 0.5
2704161 214835747 0.5
10214709 214853413 1
10214709 214853435 1
10214709 214853994 1
10214709 214853996 0.5
8725286 214850730 1
8725286 214509401 1
8725286 214851287 1
8725286 214509403 0.5
388128 214821300 1
388128 214828987 1
388128 214826908 1
388128 214826912 0.5
388128 214642560 0.5
388128 214556055 0.5
388128 214753515 0.5
388128 214552142 0.5
388128 214571188 0.5
388128 214557015 0.5
388128 214584092 0.5
11096881 214849468 1
11096881 214850792 1
11096881 214705757 1
11096881 214553537 0.5
11096881 214829737 0.5
11096881 214837873 0.5
11096881 214854802 0.5
11096881 214554675 0.5
11096881 214709685 0.5
11096881 214853848 0.5
11096881 214853435 0.5
11096881 214849395 0.5
11266868 214854767 1
11266868 214857562 1
11266868 214857570 1
11266868 214854770 0.5
11266868 214686879 0.5
2665658 214829878 1
2665658 214831946 1
2665658 214831952 1
2665658 214829887 0.5
6044472 214844347 1
6044472 214821022 1
6044472 214845583 1
6044472 214676962 0.5
6044472 214850788 0.5
6044472 214836328 0.5
6044472 214832747 0.5
6044472 214845585 0.5
6044472 214829366 0.5
1712953 214834880 1
1712953 214826610 1
1712953 214834877 1
1712953 214829366 0.5
9755452 214595139 1
9755452 214695797 1
9755452 214853246 1
9755452 214563195 0.5
9755452 214854508 0.5
5210941 214826983 1
5210941 214845577 1
5210941 214845354 1
5210941 214845352 0.5
5210941 214845356 0.5
5210941 214846134 0.5
5268286 214832150 1
5268286 214838225 1
5268286 214826833 1
5268286 214829765 0.5
8049474 214851122 1
8049474 214853248 1
8049474 214851099 1
8049474 214851137 0.5
8049474 214852978 0.5
8049474 214845885 0.5
8049474 214748334 0.5
8049474 214851581 0.5
3534821 214829882 1
3534821 214831946 1
3534821 214829878 1
3534821 214673295 0.5
3687238 214835167 1
3687238 214829765 1
3687238 214836851 1
3687238 214835745 0.5
3687238 214838225 0.5
3687238 214832124 0.5
3687238 214836133 0.5
3687238 214717007 0.5
4487308 214836512 1
4487308 214554131 1
4487308 214831970 1
4487308 214718216 0.5
2382667 214829878 1
2382667 214829882 1
2382667 214829887 1
2382667 214820402 0.5
3595086 214820402 1
3595086 214829799 1
3595086 214820400 1
3595086 214800272 0.5
3595086 214836534 0.5
10431713 214854577 1
10431713 214854352 1
10431713 214854536 1
10431713 214853113 0.5
10431713 214854354 0.5
10431713 214850739 0.5
10431713 214853855 0.5
3734328 214829825 1
3734328 214836924 1
3734328 214826975 1
3734328 214708044 0.5
3734328 214714697 0.5
3734328 214836932 0.5
2577236 214829878 1
2577236 214831948 1
2577236 214826979 1
2577236 214712130 0.5
2577236 214826998 0.5
2577236 214829321 0.5
2577236 214831965 0.5
2577236 214553555 0.5
2577236 214829366 0.5
2577236 214717847 0.5
2577236 214668185 0.5
2577236 214834877 0.5
10666837 214853113 1
10666837 214853244 1
10666837 214854536 1
10666837 214854354 0.5
10666837 214853726 0.5
10666837 214684762 0.5
10666837 214854358 0.5
7732054 214851579 1
7732054 214851073 1
7732054 214849001 1
7732054 214848832 0.5
7732054 214586694 0.5
7732054 214819430 0.5
7732054 214850700 0.5
7732054 214717522 0.5
7732054 214717286 0.5
7732054 214716671 0.5
7732054 214845887 0.5
3988281 214836924 1
3988281 214835167 1
3988281 214829765 1
3988281 214558258 0.5
9742929 214849010 1
9742929 214846117 1
9742929 214853130 1
9742929 214536193 0.5
9735007 214551917 1
9735007 214850398 1
9735007 214696505 1
9735007 214850400 0.5
9735007 214850370 0.5
9735007 214850372 0.5
9735007 214551909 0.5
9735007 214839943 0.5
9735007 214551883 0.5
9735007 214551930 0.5
9735007 214551900 0.5
7127906 214848609 1
7127906 214838094 1
7127906 214853769 1
7127906 214564320 0.5
7127906 214558258 0.5
7127906 214849230 0.5
6703971 214849295 1
6703971 214845133 1
6703971 214845127 1
6703971 214849301 0.5
3949412 214836881 1
3949412 214839592 1
3949412 214821315 1
3949412 214710152 0.5
3949412 214839913 0.5
3949412 214709970 0.5
3949412 214553700 0.5
7250792 214849762 1
7250792 214849738 1
7250792 214849740 1
7250792 214849742 0.5
7228267 214718372 1
7228267 214845943 1
7228267 214832619 1
7228267 214849003 0.5
3687276 214838227 1
3687276 214835109 1
3687276 214826990 1
3687276 214829762 0.5
3687276 214820220 0.5
3347314 214829771 1
3347314 214613741 1
3347314 214836795 1
3347314 214595150 0.5
3347314 214582348 0.5
3347314 214582382 0.5
3347314 214582350 0.5
6658932 214848941 1
6658932 214849331 1
6658932 214667857 1
6658932 214848945 0.5
6658932 214848954 0.5
6658932 214849046 0.5
7159002 214850405 1
7159002 214850870 1
7159002 214850621 1
7159002 214849736 0.5
7159002 214839962 0.5
9632637 214853420 1
9632637 214850947 1
9632637 214853330 1
9632637 214821410 0.5
9632637 214573350 0.5
9632637 214850949 0.5
9632637 214705734 0.5
9632637 214829799 0.5
9632637 214853454 0.5
9632637 214853456 0.5
9632637 214851101 0.5
2360029 214829882 1
2360029 214831946 1
2360029 214829878 1
2360029 214743515 0.5
2360029 214712237 0.5
1633997 214547814 1
1633997 214834877 1
1633997 214820392 1
1633997 214826936 0.5
1633997 214835002 0.5
1633997 214826996 0.5
3770839 214835109 1
3770839 214829765 1
3770839 214826990 1
3770839 214837882 0.5
8966636 214853242 1
8966636 214851750 1
8966636 214853132 1
8966636 214853237 0.5
1875254 214829861 1
1875254 214829865 1
1875254 214829846 1
1875254 214832717 0.5
2745837 214836519 1
2745837 214829394 1
2745837 214836517 1
2745837 214835124 0.5
2745837 214565510 0.5
4552962 214839973 1
4552962 214829287 1
4552962 214829887 1
4552962 214826951 0.5
10583992 214853113 1
10583992 214854354 1
10583992 214854352 1
10583992 214854536 0.5
10583992 214854345 0.5
10583992 214820394 0.5
10583992 214851564 0.5
10583992 214819599 0.5
10583992 214820456 0.5
10583992 214854358 0.5
10583992 214556216 0.5
10583992 214854555 0.5
10583992 214854300 0.5
2259866 214829878 1
2259866 214831948 1
2259866 214826983 1
2259866 214829880 0.5
9681821 214850947 1
9681821 214853420 1
9681821 214850949 1
9681821 214850700 0.5
1119136 214821309 1
1119136 214821302 1
1119136 214821339 1
1119136 214821305 0.5
1119136 214551617 0.5
1119136 214821315 0.5
1119136 214821341 0.5
1119136 214586711 0.5
6411171 214848701 1
6411171 214848958 1
6411171 214819772 1
6411171 214848613 0.5
6411171 214848615 0.5
6411171 214563212 0.5
6411171 214849333 0.5
6411171 214849082 0.5
6411171 214701307 0.5
6411171 214832604 0.5
3563048 214716928 1
3563048 214643925 1
3563048 214716926 1
3563048 214645708 0.5
3563048 214743350 0.5
2882477 214551825 1
2882477 214551894 1
2882477 214573170 1
2882477 214838816 0.5
2882477 214700002 0.5
2882477 214680369 0.5
2882477 214706452 0.5
2882477 214509401 0.5
2882477 214541370 0.5
7207857 214684715 1
7207857 214850366 1
7207857 214744258 1
7207857 214850310 0.5
9760531 214853698 1
9760531 214853767 1
9760531 214853730 1
9760531 214854146 0.5
9079738 214853085 1
9079738 214851326 1
9079738 214853090 1
9079738 214851137 0.5
11375547 214853100 1
11375547 214854782 1
11375547 214844439 1
11375547 214854785 0.5
11375547 214836932 0.5
11375547 214853102 0.5
7672772 214850739 1
7672772 214850792 1
7672772 214850726 1
7672772 214849363 0.5
6872006 214849100 1
6872006 214849132 1
6872006 214849093 1
6872006 214849097 0.5
7557881 214712544 1
7557881 214836947 1
7557881 214846410 1
7557881 214712552 0.5
7557881 214850754 0.5
7557881 214677615 0.5
11342797 214864880 1
11342797 214857257 1
11342797 214857568 1
11342797 214850936 0.5
11342797 214857260 0.5
11342797 214743495 0.5
4803539 214835122 1
4803539 214557223 1
4803539 214832124 1
4803539 214821407 0.5
3152852 214829321 1
3152852 214706102 1
3152852 214820392 1
3152852 214743495 0.5
3152852 214819721 0.5
3152852 214744779 0.5
3152852 214687852 0.5
3152852 214835475 0.5
3152852 214826998 0.5
3152852 214837882 0.5
2460494 214829887 1
2460494 214831957 1
2460494 214835019 1
2460494 214829394 0.5
2460494 214829878 0.5
7636817 214850366 1
7636817 214849809 1
7636817 214684717 1
7636817 214684715 0.5
5006299 214602733 1
5006299 214839971 1
5006299 214839973 1
5006299 214839600 0.5
5006299 214836330 0.5
9245661 214850291 1
9245661 214668667 1
9245661 214853402 1
9245661 214851714 0.5
7367646 214835426 1
7367646 214845585 1
7367646 214850786 1
7367646 214848986 0.5
7367646 214718387 0.5
7367646 214846110 0.5
7367646 214835462 0.5
7367646 214579775 0.5
10865642 214853100 1
10865642 214854840 1
10865642 214854782 1
10865642 214854682 0.5
10865642 214680371 0.5
10018983 214853700 1
10018983 214853722 1
10018983 214853767 1
10018983 214853707 0.5
10018983 214853702 0.5
2400724 214832780 1
2400724 214748334 1
2400724 214835087 1
2400724 214819760 0.5
2400724 214829852 0.5
2400724 214831959 0.5
5989357 214846427 1
5989357 214846466 1
5989357 214846367 1
5989357 214849252 0.5
5989357 214846415 0.5
4188669 214602733 1
4188669 214839932 1
4188669 214820392 1
4188669 214839969 0.5
4188669 214839971 0.5
4188669 214839973 0.5
4188669 214845131 0.5
4188669 214839975 0.5
5669876 214843322 1
5669876 214845984 1
5669876 214828989 1
5669876 214839617 0.5
7847422 214850743 1
7847422 214850741 1
7847422 214850756 1
7847422 214850938 0.5
7847422 214850621 0.5
2378746 214712132 1
2378746 214748295 1
2378746 214753505 1
2378746 214753513 0.5
2003967 214829878 1
2003967 214831948 1
2003967 214829882 1
2003967 214829885 0.5
5458944 214844400 1
5458944 214844402 1
5458944 214844370 1
5458944 214844396 0.5
9155591 214851742 1
9155591 214853128 1
9155591 214848847 1
9155591 214651777 0.5
9155591 214535030 0.5
9155591 214821382 0.5
9155591 214846312 0.5
9155591 214718379 0.5
9155591 214848302 0.5
9155591 214561775 0.5
9155591 214850771 0.5
9155591 214712694 0.5
9155591 214851315 0.5
2717971 214829880 1
2717971 214829878 1
2717971 214829887 1
2717971 214826947 0.5
2717971 214718396 0.5
2717971 214711078 0.5
5229399 214711307 1
5229399 214716926 1
5229399 214711438 1
5229399 214848305 0.5
5229399 214826893 0.5
5229399 214829790 0.5
11496962 214853724 1
11496962 214526083 1
11496962 214832460 1
11496962 214575240 0.5
11496962 214717524 0.5
11496962 214846370 0.5
11496962 214853732 0.5
6026254 214846417 1
6026254 214846466 1
6026254 214846425 1
6026254 214846415 0.5
9645071 214853130 1
9645071 214846119 1
9645071 214678376 1
9645071 214853169 0.5
9645071 214678387 0.5
9645071 214853165 0.5
4806667 214601233 1
4806667 214838137 1
4806667 214838227 1
4806667 214553561 0.5
4806667 214707875 0.5
9968658 214852978 1
9968658 214854549 1
9968658 214854268 1
9968658 214853242 0.5
9968658 214662692 0.5
9968658 214851326 0.5
9968658 214684502 0.5
1678356 214744775 1
1678356 214819430 1
1678356 214538582 1
1678356 214574672 0.5
1678356 214554707 0.5
1678356 214800268 0.5
10642781 214567333 1
10642781 214854358 1
10642781 214854174 1
10642781 214854549 0.5
10642781 214854545 0.5
10642781 214567327 0.5
10642781 214850741 0.5
10642781 214684785 0.5
10617879 214854262 1
10617879 214854510 1
10617879 214854737 1
10617879 214854165 0.5
10617879 214854358 0.5
1534468 214834880 1
1534468 214826610 1
1534468 214829366 1
1534468 214829085 0.5
7943194 214851165 1
7943194 214851097 1
7943194 214716746 1
7943194 214851073 0.5
9125039 214852978 1
9125039 214852987 1
9125039 214853077 1
9125039 214853096 0.5
9125039 214851748 0.5
9125039 214850405 0.5
9125039 214851101 0.5
6855708 214848658 1
6855708 214849327 1
6855708 214849082 1
6855708 214848849 0.5
6855708 214848947 0.5
9514962 214853321 1
9514962 214850942 1
9514962 214853420 1
9514962 214853342 0.5
1768484 214834877 1
1768484 214829387 1
1768484 214834880 1
1768484 214826610 0.5
1768484 214829366 0.5
7527461 214850743 1
7527461 214651777 1
7527461 214677615 1
7527461 214850552 0.5
7527461 214850771 0.5
6009351 214850880 1
6009351 214850870 1
6009351 214850876 1
6009351 214837483 0.5
7472174 214711247 1
7472174 214665277 1
7472174 214829385 1
7472174 214850411 0.5
5805108 214845131 1
5805108 214849001 1
5805108 214821401 1
5805108 214839600 0.5
5805108 214845435 0.5
8432696 214851099 1
8432696 214851028 1
8432696 214851317 1
8432696 214851097 0.5
6988859 214849070 1
6988859 214849076 1
6988859 214848605 1
6988859 214848307 0.5
6988859 214820231 0.5
6988859 214839596 0.5
6988859 214850285 0.5
6988859 214848615 0.5
277002 214838831 1
277002 214837485 1
277002 214698446 1
277002 214826955 0.5
277002 214826700 0.5
277002 214537541 0.5
277002 214559726 0.5
277002 214826934 0.5
8957813 214853077 1
8957813 214852980 1
8957813 214852978 1
8957813 214853085 0.5
4457536 214839962 1
4457536 214839971 1
4457536 214839587 1
4457536 214848176 0.5
4457536 214743497 0.5
4457536 214839600 0.5
3239776 214835747 1
3239776 214835017 1
3239776 214826565 1
3239776 214829387 0.5
3239776 214833755 0.5
4308036 214836887 1
4308036 214829797 1
4308036 214821339 1
4308036 214839592 0.5
4308036 214820392 0.5
1346629 214833755 1
1346629 214826610 1
1346629 214834877 1
1346629 214834873 0.5
7043937 214849734 1
7043937 214849736 1
7043937 214850295 1
7043937 214850282 0.5
7043937 214849747 0.5
7043937 214849738 0.5
10751048 214854300 1
10751048 214854352 1
10751048 214853113 1
10751048 214854536 0.5
10751048 214854579 0.5
10751048 214853244 0.5
4570188 214716710 1
4570188 214716707 1
4570188 214537490 1
4570188 214534693 0.5
4570188 214820255 0.5
9139042 214551632 1
9139042 214844439 1
9139042 214844394 1
9139042 214821305 0.5
9139042 214716746 0.5
9139042 214533022 0.5
5794143 214846007 1
5794143 214846367 1
5794143 214820456 1
5794143 214696899 0.5
5794143 214829385 0.5
5794143 214595150 0.5
5794143 214838225 0.5
5794143 214585586 0.5
5794143 214718387 0.5
5794143 214848695 0.5
5794143 214835064 0.5
5794143 214819770 0.5
5794143 214717085 0.5
8045662 214839617 1
8045662 214850402 1
8045662 214845583 1
8045662 214848322 0.5
11541691 214851326 1
11541691 214853094 1
11541691 214854515 1
11541691 214854152 0.5
5768292 214848315 1
5768292 214845980 1
5768292 214846425 1
5768292 214845958 0.5
7402599 214850855 1
7402599 214850417 1
7402599 214849363 1
7402599 214850792 0.5
7402599 214846033 0.5
7402599 214829878 0.5
10277992 214854585 1
10277992 214854579 1
10277992 214854300 1
10277992 214850872 0.5
10277992 214819577 0.5
10277992 214850741 0.5
10277992 214854534 0.5
8143979 214716714 1
8143979 214851575 1
8143979 214851161 1
8143979 214851587 0.5
1678448 214834880 1
1678448 214826610 1
1678448 214834877 1
1678448 214833755 0.5
2543606 214829852 1
2543606 214753515 1
2543606 214829850 1
2543606 214556840 0.5
10900598 214846067 1
10900598 214854836 1
10900598 214853702 1
10900598 214854264 0.5
10900598 214853767 0.5
3859576 214586668 1
3859576 214831967 1
3859576 214839932 1
3859576 214667912 0.5
3859576 214829379 0.5
5465209 214844370 1
5465209 214845585 1
5465209 214844402 1
5465209 214844398 0.5
2223228 214748338 1
2223228 214829878 1
2223228 214831946 1
2223228 214829880 0.5
2223228 214831955 0.5
5956957 214846425 1
5956957 214846406 1
5956957 214846380 1
5956957 214848992 0.5
2804863 214554662 1
2804863 214831948 1
2804863 214835132 1
2804863 214546978 0.5
2804863 214829390 0.5
10722433 214700000 1
10722433 214850945 1
10722433 214845356 1
10722433 214854785 0.5
10722433 214744258 0.5
10722433 214853317 0.5
10722433 214819400 0.5
10722433 214680371 0.5
10722433 214541370 0.5
10722433 214854821 0.5
4570987 214839973 1
4570987 214845131 1
4570987 214839962 1
4570987 214848178 0.5
4570987 214839975 0.5
6415493 214848600 1
6415493 214848656 1
6415493 214845984 1
6415493 214602598 0.5
3933324 214835167 1
3933324 214835109 1
3933324 214836887 1
3933324 214839587 0.5
3933324 214829797 0.5
3933324 214829799 0.5
3933324 214826990 0.5
3933324 214838227 0.5
3933324 214838107 0.5
3933324 214839932 0.5
1975438 214642153 1
1975438 214821350 1
1975438 214835021 1
1975438 214835561 0.5
5643282 214846033 1
5643282 214846029 1
5643282 214846012 1
5643282 214831948 0.5
6173847 214537967 1
6173847 214848746 1
6173847 214844355 1
6173847 214512425 0.5
6173847 214848315 0.5
6173847 214839956 0.5
6016196 214846464 1
6016196 214846425 1
6016196 214846475 1
6016196 214826906 0.5
6016196 214846119 0.5
9428767 214853428 1
9428767 214712237 1
9428767 214853460 1
9428767 214850700 0.5
9428767 214700002 0.5
9428767 214853420 0.5
3014512 214837916 1
3014512 214837918 1
3014512 214836830 1
3014512 214554585 0.5
3014512 214573612 0.5
3085474 214584907 1
3085474 214835747 1
3085474 214716945 1
3085474 214716937 0.5
3085474 214716939 0.5
3085474 214819468 0.5
10585286 214853090 1
10585286 214819410 1
10585286 214853094 1
10585286 214852980 0.5
10585286 214854335 0.5
11431081 214854842 1
11431081 214858680 1
11431081 214840091 1
11431081 214684715 0.5
11431081 214839399 0.5
492743 214826702 1
492743 214826955 1
492743 214826627 1
492743 214835561 0.5
9755823 214839952 1
9755823 214853250 1
9755823 214853259 1
9755823 214853252 0.5
9755823 214853214 0.5
6390966 214848847 1
6390966 214850357 1
6390966 214848337 1
6390966 214848656 0.5
5570761 214836330 1
5570761 214848185 1
5570761 214848997 1
5570761 214748336 0.5
5570761 214832145 0.5
6012088 214848298 1
6012088 214848305 1
6012088 214712235 1
6012088 214700000 0.5
6012088 214846033 0.5
6012088 214846014 0.5
11301748 214857562 1
11301748 214857570 1
11301748 214857568 1
11301748 214850315 0.5
5534911 214774665 1
5534911 214829728 1
5534911 214829730 1
5534911 214595139 0.5
5534911 214716639 0.5
8430784 214853186 1
8430784 214850760 1
8430784 214853242 1
8430784 214564387 0.5
8430784 214850692 0.5
8430784 214554675 0.5
8430784 214850936 0.5
8430784 214573305 0.5
8430784 214850938 0.5
8224852 214600492 1
8224852 214851159 1
8224852 214851075 1
8224852 214851585 0.5
8224852 214851236 0.5
8224852 214835745 0.5
8224852 214573277 0.5
8224852 214601233 0.5
8224852 214849018 0.5
8224852 214851581 0.5
8752324 214853233 1
8752324 214853195 1
8752324 214853135 1
8752324 214851073 0.5
8752324 214851748 0.5
8940741 214852987 1
8940741 214848926 1
8940741 214853263 1
8940741 214846119 0.5
8940741 214853087 0.5
6528198 214845131 1
6528198 214848380 1
6528198 214848808 1
6528198 214848832 0.5
6528198 214839973 0.5
6528198 214848682 0.5
6528198 214848851 0.5
6528198 214848950 0.5
6528198 214848695 0.5
6528198 214848613 0.5
10662021 214567327 1
10662021 214684762 1
10662021 214854536 1
10662021 214854354 0.5
10662021 214854262 0.5
10662021 214567333 0.5
10662021 214854510 0.5
2481354 214835019 1
2481354 214746365 1
2481354 214826565 1
2481354 214551626 0.5
2481354 214826947 0.5
2481354 214609325 0.5
2481354 214844439 0.5
2421282 214829878 1
2421282 214829887 1
2421282 214829882 1
2421282 214686082 0.5
2421282 214831955 0.5
2421282 214831957 0.5
2421282 214831950 0.5
2421282 214829885 0.5
10689743 214567215 1
10689743 214854358 1
10689743 214567329 1
10689743 214684785 0.5
10689743 214684762 0.5
10689743 214854268 0.5
10689743 214853726 0.5
7573368 214843449 1
7573368 214691246 1
7573368 214842568 1
7573368 214691407 0.5
907811 214711297 1
907811 214827011 1
907811 214701812 1
907811 214821388 0.5
907811 214589698 0.5
907811 214544820 0.5
907811 214699065 0.5
907811 214538951 0.5
9655508 214853428 1
9655508 214853342 1
9655508 214853420 1
9655508 214853355 0.5
8882382 214853077 1
8882382 214852980 1
8882382 214853135 1
8882382 214684942 0.5
11435223 214850702 1
11435223 214854347 1
11435223 214854489 1
11435223 214850420 0.5
224472 214826801 1
224472 214832655 1
224472 214709634 1
224472 214716984 0.5
224472 214716982 0.5
5795036 214832147 1
5795036 214850876 1
5795036 214717003 1
5795036 214832128 0.5
5795036 214716928 0.5
5795036 214826563 0.5
5795036 214717742 0.5
5795036 214554675 0.5
5795036 214832126 0.5
5455069 214844342 1
5455069 214844345 1
5455069 214835109 1
5455069 214556025 0.5
5455069 214844372 0.5
4247027 214839587 1
4247027 214839639 1
4247027 214553700 1
4247027 214710152 0.5
4247027 214839592 0.5
4247027 214831970 0.5
4247027 214820402 0.5
4247027 214829797 0.5
6495456 214829392 1
6495456 214848375 1
6495456 214850880 1
6495456 214837483 0.5
6495456 214839975 0.5
10599649 214854358 1
10599649 214684762 1
10599649 214854547 1
10599649 214853184 0.5
10599649 214854148 0.5
10599649 214853767 0.5
10599649 214853707 0.5
10599649 214854352 0.5
10599649 214684785 0.5
10599649 214854354 0.5
10599649 214853722 0.5
10599649 214853726 0.5
8453353 214850422 1
8453353 214836830 1
8453353 214849155 1
8453353 214700437 0.5
7928261 214850855 1
7928261 214848165 1
7928261 214850726 1
7928261 214832147 0.5
7928261 214850792 0.5
7928261 214849457 0.5
7928261 214849363 0.5
7928261 214849460 0.5
7928261 214684725 0.5
7928261 214850938 0.5
5230802 214844398 1
5230802 214844372 1
5230802 214845583 1
5230802 214844396 0.5
8223984 214716671 1
8223984 214716714 1
8223984 214716746 1
8223984 214851080 0.5
8223984 214851131 0.5
4491817 214845131 1
4491817 214587317 1
4491817 214844413 1
4491817 214829666 0.5
4491817 214602598 0.5
4491817 214839975 0.5
4491817 214667912 0.5
4491817 214836330 0.5
4491817 214819719 0.5
4491817 214836857 0.5
4491817 214819760 0.5
4491817 214819762 0.5
4491817 214828985 0.5
4491817 214839960 0.5
4491817 214821401 0.5
4491817 214687899 0.5
4491817 214554332 0.5
4491817 214831967 0.5
8463608 214851080 1
8463608 214851234 1
8463608 214821377 1
8463608 214851024 0.5
8463608 214716746 0.5
8463608 214551632 0.5
8463608 214553810 0.5
8463608 214819412 0.5
8463608 214685049 0.5
8463608 214851161 0.5
8463608 214827005 0.5
6309076 214848410 1
6309076 214846031 1
6309076 214826893 1
6309076 214848384 0.5
6309076 214829765 0.5
6309076 214849070 0.5
2581717 214829878 1
2581717 214829882 1
2581717 214831948 1
2581717 214829880 0.5
8877313 214852978 1
8877313 214853105 1
8877313 214853248 1
8877313 214853090 0.5
8877313 214851326 0.5
7154948 214850285 1
7154948 214850291 1
7154948 214850295 1
7154948 214850315 0.5
2001793 214826889 1
2001793 214836517 1
2001793 214835124 1
2001793 214831952 0.5
2001793 214829878 0.5
2001793 214800270 0.5
7920172 214651777 1
7920172 214677615 1
7920172 214821020 1
7920172 214561775 0.5
9338124 214853420 1
9338124 214850947 1
9338124 214853330 1
9338124 214853428 0.5
9338124 214853422 0.5
9338124 214705734 0.5
4529709 214587317 1
4529709 214829775 1
4529709 214836857 1
4529709 214831944 0.5
4529709 214839600 0.5
4529709 214829797 0.5
4529709 214586694 0.5
4529709 214828985 0.5
1479953 214826589 1
1479953 214834877 1
1479953 214834880 1
1479953 214833755 0.5
6616338 214849132 1
6616338 214849312 1
6616338 214667857 1
6616338 214844409 0.5
6616338 214510460 0.5
2286467 214831948 1
2286467 214748304 1
2286467 214748293 1
2286467 214556840 0.5
2286467 214753513 0.5
2286467 214748291 0.5
5545238 214844347 1
5545238 214845583 1
5545238 214845585 1
5545238 214835012 0.5
5545238 214844398 0.5
331034 214821292 1
331034 214821290 1
331034 214821277 1
331034 214826702 0.5
10332719 214854300 1
10332719 214849464 1
10332719 214854579 1
10332719 214854547 0.5
6288668 214844398 1
6288668 214710097 1
6288668 214848375 1
6288668 214848832 0.5
6288668 214684942 0.5
6288668 214848613 0.5
6288668 214577518 0.5
11147233 214853100 1
11147233 214853102 1
11147233 214854785 1
11147233 214855016 0.5
11147233 214854860 0.5
308516 214840483 1
308516 214748338 1
308516 214753507 1
308516 214748265 0.5
308516 214811739 0.5
5364614 214844368 1
5364614 214844370 1
5364614 214835167 1
5364614 214829825 0.5
5364614 214558258 0.5
5364614 214711348 0.5
5364614 214829765 0.5
4746536 214828991 1
4746536 214838105 1
4746536 214820188 1
4746536 214845577 0.5
4746536 214684730 0.5
6569259 214848375 1
6569259 214848371 1
6569259 214848982 1
6569259 214709645 0.5
5977309 214829317 1
5977309 214819528 1
5977309 214844250 1
5977309 214687805 0.5
5977309 214509013 0.5
7108488 214848746 1
7108488 214827017 1
7108488 214845133 1
7108488 214738464 0.5
7108488 214848324 0.5
7108488 214844454 0.5
7108488 214643910 0.5
7108488 214643912 0.5
7108488 214643036 0.5
7108488 214684108 0.5
7108488 214819772 0.5
7108488 214676957 0.5
7108488 214533022 0.5
7748227 214850415 1
7748227 214850720 1
7748227 214850936 1
7748227 214850705 0.5
7748227 214821022 0.5
7748227 214850743 0.5
2649397 214831946 1
2649397 214829878 1
2649397 214711438 1
2649397 214673295 0.5
7727969 214850852 1
7727969 214850422 1
7727969 214850754 1
7727969 214836827 0.5
7727969 214849055 0.5
10321207 214854264 1
10321207 214854268 1
10321207 214854174 1
10321207 214853855 0.5
10321207 214854358 0.5
10321207 214567215 0.5
7798072 214850936 1
7798072 214850938 1
7798072 214850621 1
7798072 214851097 0.5
7798072 214851011 0.5
7798072 214849389 0.5
10263866 214854527 1
10263866 214854517 1
10263866 214820396 1
10263866 214854731 0.5
10263866 214839973 0.5
10263866 214853702 0.5
10263866 214835019 0.5
10263866 214848658 0.5
10263866 214846067 0.5
10263866 214706102 0.5
10263866 214854495 0.5
7340597 214849363 1
7340597 214850743 1
7340597 214850938 1
7340597 214821022 0.5
7340597 214850726 0.5
9065792 214853135 1
9065792 214850790 1
9065792 214853195 1
9065792 214853227 0.5
9065792 214851748 0.5
9065792 214850405 0.5
9065792 214851755 0.5
9065792 214556057 0.5
9065792 214851097 0.5
8732896 214716654 1
8732896 214716746 1
8732896 214685049 1
8732896 214851080 0.5
8732896 214851161 0.5
8732896 214851234 0.5
8732896 214716671 0.5
10702146 214684715 1
10702146 214850304 1
10702146 214848975 1
10702146 214684710 0.5
10702146 214849809 0.5
10702146 214854345 0.5
10702146 214846033 0.5
10702146 214508347 0.5
10702146 214584092 0.5
10702146 214850366 0.5
4521868 214839971 1
4521868 214839973 1
4521868 214845131 1
4521868 214839600 0.5
4521868 214839960 0.5
542946 214837485 1
542946 214826876 1
542946 214837487 1
542946 214837442 0.5
542946 214837490 0.5
542946 214698446 0.5
9192783 214853085 1
9192783 214852978 1
9192783 214853094 1
9192783 214853248 0.5
9192783 214853225 0.5
8530231 214820345 1
8530231 214800262 1
8530231 214851137 1
8530231 214819760 0.5
8530231 214563337 0.5
8530231 214851099 0.5
8530231 214555500 0.5
8530231 214718385 0.5
1326423 214834880 1
1326423 214828963 1
1326423 214828970 1
1326423 214829387 0.5
1326423 214829366 0.5
11183449 214854600 1
11183449 214854842 1
11183449 214854767 1
11183449 214849052 0.5
11183449 214853156 0.5
11183449 214854733 0.5
6178703 214819528 1
6178703 214846010 1
6178703 214820443 1
6178703 214586443 0.5
5932381 214846127 1
5932381 214846412 1
5932381 214835473 1
5932381 214716110 0.5
2422113 214831946 1
2422113 214829885 1
2422113 214829878 1
2422113 214829880 0.5
10431844 214684785 1
10431844 214567327 1
10431844 214853413 1
10431844 214853992 0.5
10431844 214854510 0.5
10431844 214854159 0.5
527717 214821302 1
527717 214821305 1
527717 214821339 1
527717 214821307 0.5
4638054 214538870 1
4638054 214651777 1
4638054 214831970 1
4638054 214836512 0.5
4638054 214632272 0.5
4638054 214587384 0.5
9648159 214853212 1
9648159 214853422 1
9648159 214845502 1
9648159 214845504 0.5
9648159 214845506 0.5
9648159 214530729 0.5
9648159 214853420 0.5
9648159 214836506 0.5
9648159 214850942 0.5
7718249 214716984 1
7718249 214832655 1
7718249 214716973 1
7718249 214716937 0.5
7718249 214716982 0.5
7718249 214855183 0.5
10415469 214854510 1
10415469 214684785 1
10415469 214854262 1
10415469 214567333 0.5
10415469 214854358 0.5
10415469 214567327 0.5
10716853 214854300 1
10716853 214819577 1
10716853 214854358 1
10716853 214684785 0.5
10716853 214850739 0.5
10716853 214854579 0.5
10716853 214850741 0.5
10716853 214567215 0.5
9923954 214854060 1
9923954 214854065 1
9923954 214854118 1
9923954 214853420 0.5
5246323 214832557 1
5246323 214838094 1
5246323 214845583 1
5246323 214835012 0.5
8740213 214852978 1
8740213 214852980 1
8740213 214850936 1
8740213 214853184 0.5
8740213 214853248 0.5
8740213 214853090 0.5
8740213 214851748 0.5
8740213 214853222 0.5
8740213 214853190 0.5
8740213 214853094 0.5
8740213 214853261 0.5
8740213 214853105 0.5
8740213 214676306 0.5
8740213 214850771 0.5
8740213 214853182 0.5
8740213 214850870 0.5
8740213 214853085 0.5
8740213 214851326 0.5
10012023 214853707 1
10012023 214853730 1
10012023 214853767 1
10012023 214854065 0.5
10012023 214853698 0.5
1895801 214829878 1
1895801 214829882 1
1895801 214829887 1
1895801 214832552 0.5
2058327 214667912 1
2058327 214716641 1
2058327 214829368 1
2058327 214829379 0.5
2058327 214835087 0.5
2058327 214835124 0.5
2058327 214821399 0.5
2058327 214826874 0.5
2058327 214674427 0.5
8443259 214716671 1
8443259 214852982 1
8443259 214851155 1
8443259 214851131 0.5
8443259 214716746 0.5
8443259 214851163 0.5
8443259 214716714 0.5
8443259 214851285 0.5
8680828 214820844 1
8680828 214853214 1
8680828 214853212 1
8680828 214853250 0.5
8680828 214853252 0.5
8039806 214851236 1
8039806 214846391 1
8039806 214851135 1
8039806 214836830 0.5
8875394 214850945 1
8875394 214850310 1
8875394 214846014 1
8875394 214684710 0.5
8875394 214848298 0.5
8875394 214826891 0.5
8875394 214514287 0.5
8875394 214706428 0.5
8875394 214850366 0.5
3100907 214555914 1
3100907 214583190 1
3100907 214691216 1
3100907 214690809 0.5
10677637 214854536 1
10677637 214853244 1
10677637 214854352 1
10677637 214853702 0.5
10677637 214853994 0.5
10677637 214852978 0.5
10677637 214854354 0.5
10677637 214852980 0.5
10677637 214854549 0.5
10677637 214837494 0.5
10677637 214853113 0.5
10677637 214851326 0.5
8234374 214853096 1
8234374 214853105 1
8234374 214853085 1
8234374 214852980 0.5
8234374 214853094 0.5
9080199 214851326 1
9080199 214853105 1
9080199 214853094 1
9080199 214853096 0.5
9080199 214853090 0.5
9080199 214852978 0.5
9080199 214853085 0.5
7255433 214829775 1
7255433 214849194 1
7255433 214849136 1
7255433 214849250 0.5
7255433 214586694 0.5
7255433 214602598 0.5
7255433 214819464 0.5
7255433 214587317 0.5
7255433 214586743 0.5
7255433 214850364 0.5
7642507 214851292 1
7642507 214849764 1
7642507 214846072 1
7642507 214849745 0.5
6907117 214848952 1
6907117 214848945 1
6907117 214848941 1
6907117 214848954 0.5
2151824 214829880 1
2151824 214831946 1
2151824 214829882 1
2151824 214835124 0.5
2151824 214831967 0.5
2151824 214553855 0.5
2151824 214832780 0.5
2151824 214835087 0.5
10310552 214854536 1
10310552 214854352 1
10310552 214854585 1
10310552 214854300 0.5
8826259 214853096 1
8826259 214853094 1
8826259 214853105 1
8826259 214853090 0.5
8826259 214853085 0.5
10579183 214854300 1
10579183 214854358 1
10579183 214684762 1
10579183 214854352 0.5
10579183 214684785 0.5
10579183 214854547 0.5
10579183 214853726 0.5
10579183 214851326 0.5
1930138 214831946 1
1930138 214826977 1
1930138 214831965 1
1930138 214820392 0.5
1930138 214601233 0.5
1930138 214829878 0.5
3638688 214838227 1
3638688 214835109 1
3638688 214826990 1
3638688 214836924 0.5
3638688 214836932 0.5
3112354 214835017 1
3112354 214837918 1
3112354 214835019 1
3112354 214835745 0.5
3112354 214553621 0.5
3112354 214668270 0.5
3112354 214835505 0.5
5823907 214845954 1
5823907 214849010 1
5823907 214829739 1
5823907 214819586 0.5
5823907 214846117 0.5
5823907 214821382 0.5
5823907 214680360 0.5
5823907 214845965 0.5
5823907 214832019 0.5
5823907 214676377 0.5
9612709 214853420 1
9612709 214850947 1
9612709 214848185 1
9612709 214850700 0.5
9612709 214850949 0.5
5698983 214834880 1
5698983 214834877 1
5698983 214665277 1
5698983 214835473 0.5
5698983 214561402 0.5
5698983 214844345 0.5
4769197 214839971 1
4769197 214845131 1
4769197 214831959 1
4769197 214829850 0.5
4769197 214837494 0.5
4769197 214845806 0.5
7034973 214839947 1
7034973 214710101 1
7034973 214510757 1
7034973 214537496 0.5
4144559 214836512 1
4144559 214831970 1
4144559 214838096 1
4144559 214845129 0.5
9649586 214853420 1
9649586 214853342 1
9649586 214853379 1
9649586 214848688 0.5
9649586 214850949 0.5
8494518 214849247 1
8494518 214851581 1
8494518 214748336 1
8494518 214717562 0.5
8494518 214846067 0.5
2485687 214829882 1
2485687 214829878 1
2485687 214831946 1
2485687 214829887 0.5
7892408 214850700 1
7892408 214850739 1
7892408 214849284 1
7892408 214849250 0.5
7892408 214851013 0.5
7892408 214849736 0.5
7892408 214849738 0.5
7892408 214829852 0.5
7892408 214851101 0.5
4184737 214746382 1
4184737 214838137 1
4184737 214820392 1
4184737 214838111 0.5
9295294 214853767 1
9295294 214853707 1
9295294 214854125 1
9295294 214853698 0.5
9295294 214854060 0.5
9295294 214717867 0.5
9295294 214853420 0.5
9295294 214853261 0.5
9295294 214853422 0.5
9295294 214854065 0.5
9295294 214853428 0.5
9295294 214821371 0.5
2284466 214829882 1
2284466 214829878 1
2284466 214831948 1
2284466 214831946 0.5
10403264 214848384 1
10403264 214854545 1
10403264 214854547 1
10403264 214850741 0.5
10403264 214854510 0.5
10919361 214857830 1
10919361 214712237 1
10919361 214712235 1
10919361 214700000 0.5
10919361 214700002 0.5
10919361 214701787 0.5
10929602 214853102 1
10929602 214854819 1
10929602 214854356 1
10929602 214859139 0.5
2606539 214829878 1
2606539 214831946 1
2606539 214600509 1
2606539 214826983 0.5
2495053 214826711 1
2495053 214712132 1
2495053 214829368 1
2495053 214709666 0.5
2495053 214539050 0.5
2495053 214554450 0.5
2495053 214819378 0.5
2495053 214705655 0.5
2495053 214826872 0.5
8259028 214851131 1
8259028 214851163 1
8259028 214851165 1
8259028 214748336 0.5
8259028 214853190 0.5
7099862 214848658 1
7099862 214849046 1
7099862 214846067 1
7099862 214848688 0.5
7099862 214819691 0.5
7099862 214748336 0.5
7099862 214844396 0.5
7099862 214800272 0.5
7099862 214706102 0.5
7099862 214849020 0.5
7099862 214846333 0.5
7099862 214849022 0.5
7992791 214845506 1
7992791 214601040 1
7992791 214601042 1
7992791 214853657 0.5
7992791 214695407 0.5
4497756 214820261 1
4497756 214612762 1
4497756 214718216 1
4497756 214840235 0.5
4497756 214538820 0.5
11273401 214853100 1
11273401 214853102 1
11273401 214854782 1
11273401 214854840 0.5
11273401 214858680 0.5
11273401 214854789 0.5
8232886 214551607 1
8232886 214844452 1
8232886 214612738 1
8232886 214612708 0.5
8232886 214844458 0.5
8232886 214612751 0.5
8232886 214533020 0.5
8232886 214533022 0.5
8232886 214844447 0.5
2651612 214831948 1
2651612 214829882 1
2651612 214829878 1
2651612 214821407 0.5
306654 214744535 1
306654 214725532 1
306654 214800268 1
306654 214819376 0.5
306654 214748336 0.5
306654 214684843 0.5
3782113 214826990 1
3782113 214838227 1
3782113 214835109 1
3782113 214836932 0.5
3788027 214839592 1
3788027 214821315 1
3788027 214612738 1
3788027 214612751 0.5
3788027 214551607 0.5
8035812 214851099 1
8035812 214849057 1
8035812 214844372 1
8035812 214851137 0.5
8035812 214849762 0.5
8035812 214851013 0.5
8035812 214844402 0.5
8035812 214846067 0.5
8035812 214851581 0.5
2641381 214826983 1
2641381 214826615 1
2641381 214826623 1
2641381 214600509 0.5
2641381 214828982 0.5
2641381 214831965 0.5
5548242 214826833 1
5548242 214831948 1
5548242 214540127 1
5548242 214829878 0.5
3574012 214602605 1
3574012 214684730 1
3574012 214706428 1
3574012 214711408 0.5
3574012 214718396 0.5
3574012 214711295 0.5
1471058 214826610 1
1471058 214826702 1
1471058 214834880 1
1471058 214834877 0.5
10864111 214712242 1
10864111 214854707 1
10864111 214853072 1
10864111 214854716 0.5
10864111 214853102 0.5
2450497 214835019 1
2450497 214835745 1
2450497 214835017 1
2450497 214587712 0.5
2450497 214829090 0.5
2450497 214600492 0.5
6024787 214667912 1
6024787 214835428 1
6024787 214835426 1
6024787 214819777 0.5
6024787 214718387 0.5
6024787 214537541 0.5
6024787 214595150 0.5
6024787 214826711 0.5
9881513 214854268 1
9881513 214854264 1
9881513 214684785 1
9881513 214854549 0.5
52729 214827007 1
52729 214827005 1
52729 214826925 1
52729 214827000 0.5
52729 214834865 0.5
1985362 214835694 1
1985362 214711280 1
1985362 214826610 1
1985362 214834880 0.5
1985362 214835111 0.5
1985362 214836330 0.5
1985362 214748334 0.5
1985362 214819760 0.5
1985362 214835739 0.5
1836542 214829861 1
1836542 214829865 1
1836542 214829707 1
1836542 214829846 0.5
5561857 214844345 1
5561857 214844342 1
5561857 214844396 1
5561857 214826610 0.5
5561857 214844372 0.5
10264071 214567329 1
10264071 214567215 1
10264071 214854358 1
10264071 214853992 0.5
10264071 214853852 0.5
10264071 214853994 0.5
10264071 214853848 0.5
10264071 214854264 0.5
10264071 214854268 0.5
10264071 214853855 0.5
8518913 214851161 1
8518913 214716671 1
8518913 214851080 1
8518913 214851234 0.5
8518913 214716746 0.5
8518913 214716654 0.5
8518913 214851317 0.5
8518913 214851575 0.5
8518913 214685049 0.5
8518913 214851163 0.5
7048717 214849807 1
7048717 214846530 1
7048717 214846067 1
7048717 214839587 0.5
7048717 214546102 0.5
7048717 214829799 0.5
8934927 214853096 1
8934927 214853085 1
8934927 214853094 1
8934927 214852978 0.5
10636816 214854600 1
10636816 214854532 1
10636816 214854527 1
10636816 214748336 0.5
7304726 214848967 1
7304726 214850287 1
7304726 214831948 1
7304726 214850282 0.5
7304726 214838102 0.5
7304726 214832015 0.5
7419426 214850285 1
7419426 214850282 1
7419426 214850304 1
7419426 214845577 0.5
7419426 214850315 0.5
7419426 214850287 0.5
7419426 214846033 0.5
7419426 214826835 0.5
7419426 214718398 0.5
7419426 214838107 0.5
7419426 214684734 0.5
10546723 214854118 1
10546723 214854075 1
10546723 214819599 1
10546723 214850945 0.5
10546723 214850949 0.5
10546723 214743367 0.5
10546723 214854345 0.5
10546723 214844396 0.5
10546723 214844400 0.5
10546723 214850942 0.5
8375844 214851236 1
8375844 214851581 1
8375844 214851167 1
8375844 214716984 0.5
8375844 214851133 0.5
3597863 214538951 1
3597863 214612901 1
3597863 214589606 1
3597863 214632272 0.5
3597863 214826722 0.5
3597863 214701812 0.5
3597863 214831970 0.5
3597863 214645181 0.5
10692144 214854300 1
10692144 214854579 1
10692144 214711556 1
10692144 214819577 0.5
8431539 214851131 1
8431539 214716746 1
8431539 214851163 1
8431539 214716714 0.5
1250879 214684841 1
1250879 214571188 1
1250879 214558192 1
1250879 214684845 0.5
1250879 214563133 0.5
10991168 214854840 1
10991168 214853100 1
10991168 214854782 1
10991168 214854857 0.5
10991168 214853722 0.5
749121 214827020 1
749121 214821309 1
749121 214821315 1
749121 214821272 0.5
749121 214774685 0.5
4945846 214710152 1
4945846 214748310 1
4945846 214829882 1
4945846 214845577 0.5
6420039 214836519 1
6420039 214848371 1
6420039 214848375 1
6420039 214829392 0.5
6420039 214848851 0.5
5989303 214846010 1
5989303 214846117 1
5989303 214845879 1
5989303 214838505 0.5
5989303 214845962 0.5
5989303 214845971 0.5
4365902 214838109 1
4365902 214831970 1
4365902 214836512 1
4365902 214509152 0.5
2711121 214829880 1
2711121 214831950 1
2711121 214829885 1
2711121 214829878 0.5
6268506 214848607 1
6268506 214846535 1
6268506 214826990 1
6268506 214848328 0.5
6268506 214848950 0.5
10550877 214684785 1
10550877 214853711 1
10550877 214854118 1
10550877 214854262 0.5
10550877 214567333 0.5
10550877 214854510 0.5
10550877 214567327 0.5
1617507 214834877 1
1617507 214834880 1
1617507 214821410 1
1617507 214833755 0.5
1617507 214829387 0.5
1617507 214829053 0.5
6477412 214846421 1
6477412 214846457 1
6477412 214846460 1
6477412 214846464 0.5
6477412 214846472 0.5
6477412 214846470 0.5
6477412 214846367 0.5
5021287 214845577 1
5021287 214845356 1
5021287 214831946 1
5021287 214831955 0.5
4738664 214577057 1
4738664 214819410 1
4738664 214829850 1
4738664 214847968 0.5
4738664 214828985 0.5
4738664 214836926 0.5
4738664 214839975 0.5
2800508 214612704 1
2800508 214821315 1
2800508 214551626 1
2800508 214832730 0.5
6626926 214849331 1
6626926 214849333 1
6626926 214848746 1
6626926 214849344 0.5
6626926 214848324 0.5
6626926 214684108 0.5
6626926 214849230 0.5
6626926 214846127 0.5
6626926 214748336 0.5
6626926 214829852 0.5
8841491 214853094 1
8841491 214851326 1
8841491 214853105 1
8841491 214853248 0.5
8841491 214853090 0.5
8841491 214853085 0.5
7374452 214850938 1
7374452 214850743 1
7374452 214850762 1
7374452 214850756 0.5
9092726 214712237 1
9092726 214849076 1
9092726 214845352 1
9092726 214684736 0.5
5618281 214834871 1
5618281 214837922 1
5618281 214712270 1
5618281 214844370 0.5
5618281 214538484 0.5
5236347 214844372 1
5236347 214845583 1
5236347 214844396 1
5236347 214845585 0.5
5236347 214832150 0.5
2748031 214602568 1
2748031 214831940 1
2748031 214835017 1
2748031 214829878 0.5
4890806 214832156 1
4890806 214845579 1
4890806 214839311 1
4890806 214585633 0.5
4890806 214641967 0.5
1201798 214821395 1
1201798 214820803 1
1201798 214820805 1
1201798 214820810 0.5
1201798 214820807 0.5
10276496 214854358 1
10276496 214567329 1
10276496 214567215 1
10276496 214853846 0.5
10276496 214854264 0.5
10276496 214684762 0.5
10276496 214854268 0.5
10276496 214853210 0.5
10276496 214853726 0.5
587409 214826612 1
587409 214826932 1
587409 214826615 1
587409 214826619 0.5
587409 214826927 0.5
8684483 214851150 1
8684483 214829045 1
8684483 214851294 1
8684483 214602806 0.5
7646868 214850304 1
7646868 214849318 1
7646868 214850282 1
7646868 214848605 0.5
7646868 214848982 0.5
8300183 214846391 1
8300183 214848986 1
8300183 214845590 1
8300183 214819777 0.5
8300183 214846475 0.5
8300183 214849740 0.5
8300183 214851315 0.5
8300183 214718165 0.5
8300183 214850936 0.5
8300183 214850938 0.5
8300183 214717085 0.5
8300183 214836830 0.5
5914268 214846464 1
5914268 214846479 1
5914268 214846425 1
5914268 214850822 0.5
4316442 214612706 1
4316442 214821305 1
4316442 214821309 1
4316442 214821341 0.5
4316442 214533022 0.5
11392678 214853379 1
11392678 214853154 1
11392678 214848969 1
11392678 214844355 0.5
8751729 214836536 1
8751729 214852982 1
8751729 214852985 1
8751729 214851748 0.5
1537704 214829390 1
1537704 214821328 1
1537704 214705740 1
1537704 214695399 0.5
5948359 214846479 1
5948359 214846468 1
5948359 214846425 1
5948359 214845577 0.5
5948359 214838107 0.5
5948359 214686911 0.5
5948359 214849070 0.5
5948359 214846033 0.5
9895603 214854268 1
9895603 214854264 1
9895603 214853735 1
9895603 214567329 0.5
9895603 214567215 0.5
9895603 214684785 0.5
9895603 214684762 0.5
9895603 214853726 0.5
9895603 214854335 0.5
5964062 214834880 1
5964062 214848375 1
5964062 214848613 1
5964062 214846127 0.5
6184632 214738457 1
6184632 214846460 1
6184632 214826623 1
6184632 214716909 0.5
6184632 214687565 0.5
6184632 214716752 0.5
6184632 214828982 0.5
6184632 214738455 0.5
6184632 214556345 0.5
6978164 214832604 1
6978164 214848375 1
6978164 214716707 1
6978164 214839617 0.5
6978164 214848371 0.5
6978164 214848692 0.5
6978164 214846085 0.5
7012026 214849022 1
7012026 214849020 1
7012026 214848941 1
7012026 214851009 0.5
7012026 214848849 0.5
7012026 214848945 0.5
7012026 214848658 0.5
7012026 214848947 0.5
7012026 214849046 0.5
7012026 214848952 0.5
7012026 214848954 0.5
5719739 214836519 1
5719739 214743335 1
5719739 214845521 1
5719739 214838225 0.5
5719739 214531314 0.5
5719739 214835002 0.5
5719739 214844413 0.5
9939843 214853698 1
9939843 214853700 1
9939843 214853767 1
9939843 214853707 0.5
2344641 214609325 1
2344641 214829887 1
2344641 214834867 1
2344641 214821326 0.5
5652162 214849010 1
5652162 214845962 1
5652162 214846119 1
5652162 214564320 0.5
5652162 214680360 0.5
5652162 214820443 0.5
5652162 214582200 0.5
10990539 214853100 1
10990539 214854787 1
10990539 214864880 1
10990539 214855016 0.5
11552456 214848795 1
11552456 214854795 1
11552456 214854853 1
11552456 214829880 0.5
11552456 214854840 0.5
11552456 214829878 0.5
11552456 214850287 0.5
5043913 214832156 1
5043913 214838094 1
5043913 214826833 1
5043913 214837280 0.5
5043913 214646612 0.5
5043913 214714586 0.5
5043913 214838092 0.5
9639629 214850949 1
9639629 214850942 1
9639629 214850945 1
9639629 214821371 0.5
9639629 214714717 0.5
9639629 214712278 0.5
9291508 214853420 1
9291508 214853342 1
9291508 214853422 1
9291508 214850949 0.5
1652439 214828972 1
1652439 214714721 1
1652439 214828965 1
1652439 214829366 0.5
1652439 214826627 0.5
1652439 214828974 0.5
1652439 214826955 0.5
1652439 214711087 0.5
9070759 214853165 1
9070759 214677830 1
9070759 214678387 1
9070759 214853169 0.5
9070759 214853130 0.5
9262817 214853698 1
9262817 214853707 1
9262817 214853722 1
9262817 214853730 0.5
10088164 214853113 1
10088164 214854536 1
10088164 214854354 1
10088164 214854352 0.5
10088164 214849462 0.5
9410854 214851097 1
9410854 214851748 1
9410854 214853135 1
9410854 214743339 0.5
9410854 214854172 0.5
9410854 214849247 0.5
2251388 214842555 1
2251388 214821407 1
2251388 214642805 1
2251388 214561472 0.5
2251388 214829666 0.5
2251388 214554662 0.5
2251388 214821350 0.5
2251388 214821032 0.5
2251388 214743497 0.5
2251388 214717742 0.5
6123242 214846067 1
6123242 214846127 1
6123242 214845885 1
6123242 214844353 0.5
6123242 214839587 0.5
6123242 214559940 0.5
6123242 214574672 0.5
6123242 214838225 0.5
6123242 214846421 0.5
6123242 214838137 0.5
6123242 214839932 0.5
6123242 214836926 0.5
10120563 214853994 1
10120563 214853992 1
10120563 214853865 1
10120563 214854536 0.5
10120563 214853852 0.5
10120563 214854148 0.5
10120563 214854165 0.5
10163949 214853700 1
10163949 214853698 1
10163949 214853767 1
10163949 214854163 0.5
9307889 214853428 1
9307889 214850949 1
9307889 214850947 1
9307889 214846344 0.5
9307889 214853426 0.5
9307889 214850700 0.5
9307889 214850942 0.5
2842354 214821290 1
2842354 214829846 1
2842354 214821277 1
2842354 214829707 0.5
2842354 214821292 0.5
1750777 214834880 1
1750777 214826610 1
1750777 214821410 1
1750777 214834877 0.5
4435706 214839356 1
4435706 214829287 1
4435706 214829792 1
4435706 214839397 0.5
4435706 214839973 0.5
4863746 214829390 1
4863746 214829364 1
4863746 214635493 1
4863746 214612762 0.5
4863746 214716635 0.5
4863746 214587028 0.5
4863746 214829310 0.5
5492484 214848305 1
5492484 214846029 1
5492484 214846031 1
5492484 214839973 0.5
5492484 214835473 0.5
5492484 214601233 0.5
5492484 214848309 0.5
5492484 214839958 0.5
5492484 214846007 0.5
5492484 214826949 0.5
7665414 214551626 1
7665414 214844462 1
7665414 214844439 1
7665414 214612704 0.5
7665414 214844456 0.5
7665414 214844441 0.5
6588167 214846033 1
6588167 214831955 1
6588167 214711438 1
6588167 214848980 0.5
9182984 214853096 1
9182984 214853105 1
9182984 214853085 1
9182984 214853094 0.5
2434827 214829878 1
2434827 214831948 1
2434827 214829882 1
2434827 214738466 0.5
2434827 214829852 0.5
2434827 214559317 0.5
2434827 214717847 0.5
2656014 214829878 1
2656014 214829882 1
2656014 214829887 1
2656014 214829392 0.5
2656014 214601233 0.5
2656014 214832780 0.5
2656014 214835111 0.5
4413201 214832143 1
4413201 214829790 1
4413201 214829672 1
4413201 214606747 0.5
10086019 214850282 1
10086019 214850295 1
10086019 214850315 1
10086019 214829880 0.5
10086019 214853321 0.5
10086019 214838107 0.5
10086019 214826987 0.5
10086019 214849796 0.5
9639706 214853424 1
9639706 214853428 1
9639706 214853454 1
9639706 214850945 0.5
9639706 214850947 0.5
9639706 214850949 0.5
9639706 214848185 0.5
3949871 214835167 1
3949871 214829765 1
3949871 214829825 1
3949871 214826975 0.5
2322206 214831950 1
2322206 214829885 1
2322206 214829887 1
2322206 214829882 0.5
1273631 214748295 1
1273631 214748300 1
1273631 214753507 1
1273631 214748304 0.5
10612512 214852980 1
10612512 214852978 1
10612512 214853077 1
10612512 214853094 0.5
4556146 214839971 1
4556146 214845131 1
4556146 214839973 1
4556146 214601233 0.5
4556146 214845806 0.5
11004244 214853102 1
11004244 214853100 1
11004244 214864880 1
11004244 214860208 0.5
11004244 214854782 0.5
4984796 214819524 1
4984796 214839954 1
4984796 214716639 1
4984796 214829760 0.5
4984796 214651785 0.5
4968234 214838092 1
4968234 214844330 1
4968234 214844332 1
4968234 214840082 0.5
10942252 214858680 1
10942252 214835004 1
10942252 214853102 1
10942252 214846033 0.5
10942252 214850282 0.5
10942252 214853100 0.5
10942252 214857551 0.5
8031197 214853094 1
8031197 214851167 1
8031197 214853096 1
8031197 214851236 0.5
8031197 214851133 0.5
7626546 214850621 1
7626546 214850402 1
7626546 214563182 1
7626546 214845583 0.5
6807351 214849250 1
6807351 214849194 1
6807351 214846112 1
6807351 214819378 0.5
6807351 214849247 0.5
714552 214748300 1
714552 214753513 1
714552 214748302 1
714552 214753507 0.5
9959232 214854268 1
9959232 214854358 1
9959232 214854264 1
9959232 214854345 0.5
9959232 214684785 0.5
9959232 214849363 0.5
9959232 214556055 0.5
9959232 214853113 0.5
9959232 214854555 0.5
10856263 214853102 1
10856263 214854785 1
10856263 214508347 1
10856263 214514321 0.5
6477702 214839973 1
6477702 214835747 1
6477702 214835019 1
6477702 214835017 0.5
6477702 214846007 0.5
5901282 214846012 1
5901282 214850876 1
5901282 214850880 1
5901282 214819760 0.5
5901282 214586786 0.5
5901282 214846127 0.5
4620941 214829282 1
4620941 214651777 1
4620941 214821020 1
4620941 214821024 0.5
4620941 214821390 0.5
7943139 214712237 1
7943139 214849809 1
7943139 214684715 1
7943139 214850762 0.5
7943139 214700002 0.5
7943139 214849363 0.5
7943139 214850405 0.5
7602006 214850743 1
7602006 214850771 1
7602006 214850700 1
7602006 214748336 0.5
7602006 214677615 0.5
4872029 214831970 1
4872029 214835015 1
4872029 214836512 1
4872029 214832145 0.5
4872029 214839587 0.5
10641246 214652216 1
10641246 214854065 1
10641246 214853711 1
10641246 214580424 0.5
10641246 214819410 0.5
10641246 214854555 0.5
10641246 214851125 0.5
10608479 214848596 1
10608479 214848380 1
10608479 214835109 1
10608479 214844347 0.5
10608479 214829366 0.5
3875506 214826990 1
3875506 214838137 1
3875506 214835109 1
3875506 214838225 0.5
3875506 214836870 0.5
7630691 214850938 1
7630691 214850743 1
7630691 214850940 1
7630691 214850848 0.5
7630691 214850754 0.5
7630691 214564387 0.5
7630691 214850758 0.5
7630691 214850762 0.5
7630691 214850411 0.5
7630691 214561485 0.5
7630691 214744779 0.5
7630691 214850555 0.5
7630691 214850552 0.5
7630691 214850619 0.5
7630691 214821022 0.5
10557241 214854517 1
10557241 214854527 1
10557241 214854332 1
10557241 214851009 0.5
10557241 214846067 0.5
10557241 214851581 0.5
3625479 214836924 1
3625479 214829765 1
3625479 214835167 1
3625479 214836932 0.5
11220967 214854789 1
11220967 214854840 1
11220967 214853102 1
11220967 214684730 0.5
11163502 214850711 1
11163502 214849250 1
11163502 214849247 1
11163502 214714755 0.5
11163502 214743495 0.5
11163502 214853767 0.5
11163502 214748336 0.5
11163502 214848658 0.5
11163502 214854517 0.5
11163502 214717562 0.5
11163502 214851581 0.5
1445746 214839600 1
1445746 214820392 1
1445746 214834873 1
1445746 214819430 0.5
1445746 214601233 0.5
1445746 214828980 0.5
1445746 214826837 0.5
1445746 214821300 0.5
1445746 214612730 0.5
1445746 214725532 0.5
5014488 214515825 1
5014488 214838092 1
5014488 214684372 1
5014488 214613915 0.5
5014488 214602830 0.5
460661 214711295 1
460661 214826715 1
460661 214711087 1
460661 214703771 0.5
460661 214717511 0.5
9408374 214850942 1
9408374 214853342 1
9408374 214850947 1
9408374 214853237 0.5
10434196 214854313 1
10434196 214854080 1
10434196 214854223 1
10434196 214569729 0.5
10434196 214854221 0.5
10434196 214854343 0.5
9705349 214849734 1
9705349 214844402 1
9705349 214850705 1
9705349 214696897 0.5
9705349 214849762 0.5
9705349 214561485 0.5
9705349 214844398 0.5
9705349 214850743 0.5
9705349 214561402 0.5
10069896 214853698 1
10069896 214853700 1
10069896 214853722 1
10069896 214854163 0.5
6958678 214849314 1
6958678 214849284 1
6958678 214849331 1
6958678 214848954 0.5
6958678 214849333 0.5
5514221 214844396 1
5514221 214844372 1
5514221 214845412 1
5514221 214844398 0.5
9136016 214853090 1
9136016 214853248 1
9136016 214853094 1
9136016 214851326 0.5
5278019 214844370 1
5278019 214844345 1
5278019 214844355 1
5278019 214847936 0.5
5278019 214844409 0.5
5278019 214718162 0.5
5278019 214711348 0.5
4581268 214845131 1
4581268 214839969 1
4581268 214839975 1
4581268 214839973 0.5
7058851 214846085 1
7058851 214849003 1
7058851 214849344 1
7058851 214848986 0.5
3146393 214701307 1
3146393 214820396 1
3146393 214820392 1
3146393 214819376 0.5
3146393 214819721 0.5
3146393 214838137 0.5
10231704 214685795 1
10231704 214854210 1
10231704 214820760 1
10231704 214854551 0.5
5220249 214832156 1
5220249 214838094 1
5220249 214837286 1
5220249 214837280 0.5
5220249 214826818 0.5
5220249 214838092 0.5
5220249 214832154 0.5
8431514 214708063 1
8431514 214850707 1
8431514 214844454 1
8431514 214563182 0.5
10157039 214853195 1
10157039 214854146 1
10157039 214853233 1
10157039 214853435 0.5
10157039 214853222 0.5
10157039 214853132 0.5
10157039 214853227 0.5
10157039 214854060 0.5
10157039 214854577 0.5
10157039 214854165 0.5
10157039 214854358 0.5
10157039 214853848 0.5
10157039 214851579 0.5
10157039 214716671 0.5
3899292 214835109 1
3899292 214835167 1
3899292 214836924 1
3899292 214838227 0.5
3899292 214707877 0.5
8747791 214853242 1
8747791 214716654 1
8747791 214853225 1
8747791 214853186 0.5
8747791 214851080 0.5
8747791 214716746 0.5
8747791 214851234 0.5
8747791 214853237 0.5
8747791 214851161 0.5
8747791 214853210 0.5
8747791 214853182 0.5
2752144 214826985 1
2752144 214829880 1
2752144 214829882 1
2752144 214831946 0.5
2752144 214829887 0.5
5758919 214846033 1
5758919 214541582 1
5758919 214845984 1
5758919 214718396 0.5
5758919 214846479 0.5
2899754 214711312 1
2899754 214829885 1
2899754 214831952 1
2899754 214702905 0.5
2899754 214686082 0.5
2899754 214831955 0.5
2899754 214701309 0.5
2899754 214800270 0.5
4001704 214835109 1
4001704 214835167 1
4001704 214829765 1
4001704 214838227 0.5
1434492 214829366 1
1434492 214829387 1
1434492 214821412 1
1434492 214832780 0.5
7445536 214748336 1
7445536 214845457 1
7445536 214836330 1
7445536 214846530 0.5
7445536 214848997 0.5
7445536 214831967 0.5
7445536 214848656 0.5
7445536 214848658 0.5
7445536 214839960 0.5
7445536 214820345 0.5
7445536 214716667 0.5
7445536 214844413 0.5
7445536 214836926 0.5
7445536 214839973 0.5
7683394 214849136 1
7683394 214829878 1
7683394 214850315 1
7683394 214849153 0.5
7683394 214850282 0.5
7683394 214849076 0.5
7683394 214849194 0.5
7683394 214832015 0.5
10616754 214853090 1
10616754 214851326 1
10616754 214853085 1
10616754 214853248 0.5
10616754 214854534 0.5
10616754 214854335 0.5
2437043 214829885 1
2437043 214829880 1
2437043 214831950 1
2437043 214840599 0.5
2535348 214829880 1
2535348 214829882 1
2535348 214829887 1
2535348 214829878 0.5
3950517 214826938 1
3950517 214838227 1
3950517 214829786 1
3950517 214838137 0.5
3950517 214837914 0.5
3950517 214836339 0.5
1007542 214821302 1
1007542 214842577 1
1007542 214821309 1
1007542 214584907 0.5
1007542 214584939 0.5
7327049 214853173 1
7327049 214851120 1
7327049 214849734 1
7327049 214849762 0.5
7327049 214839962 0.5
3864507 214835167 1
3864507 214829765 1
3864507 214836924 1
3864507 214836932 0.5
5192822 214844100 1
5192822 214725551 1
5192822 214535653 1
5192822 214651785 0.5
8775614 214853160 1
8775614 214849010 1
8775614 214853105 1
8775614 214853096 0.5
8775614 214853115 0.5
5670847 214845962 1
5670847 214821382 1
5670847 214846119 1
5670847 214846312 0.5
5670847 214668249 0.5
5670847 214819427 0.5
5670847 214829765 0.5
10065971 214680371 1
10065971 214850945 1
10065971 214853420 1
10065971 214700000 0.5
10065971 214846112 0.5
10065971 214744258 0.5
10065971 214826987 0.5
10065971 214850949 0.5
10065971 214712235 0.5
10520518 214826822 1
10520518 214840082 1
10520518 214849003 1
10520518 214851714 0.5
10520518 214584819 0.5
10457031 214853726 1
10457031 214853767 1
10457031 214854262 1
10457031 214854358 0.5
10457031 214684785 0.5
10457031 214567333 0.5
10457031 214854510 0.5
10457031 214849245 0.5
5011403 214835537 1
5011403 214613649 1
5011403 214585633 1
5011403 214826825 0.5
5011403 214687914 0.5
5011403 214839311 0.5
5011403 214844336 0.5
5011403 214826833 0.5
5011403 214836530 0.5
7688141 214677615 1
7688141 214675895 1
7688141 214850295 1
7688141 214850552 0.5
7688141 214850555 0.5
7820621 214848945 1
7820621 214849046 1
7820621 214850422 1
7820621 214748259 0.5
7820621 214716579 0.5
10959864 214854313 1
10959864 214854257 1
10959864 214854221 1
10959864 214854343 0.5
1673171 214820392 1
1673171 214587317 1
1673171 214718173 1
1673171 214820396 0.5
4747221 214831970 1
4747221 214839356 1
4747221 214632272 1
4747221 214839587 0.5
4747221 214839973 0.5
4747221 214839975 0.5
4747221 214820938 0.5
4747221 214600492 0.5
4747221 214819760 0.5
4747221 214836881 0.5
4747221 214820402 0.5
4747221 214839960 0.5
4747221 214839965 0.5
11255769 214704182 1
11255769 214854797 1
11255769 214686879 1
11255769 214854731 0.5
520154 214684717 1
520154 214826835 1
520154 214826955 1
520154 214717275 0.5
10901468 214854782 1
10901468 214853102 1
10901468 214864880 1
10901468 214850304 0.5
10814458 214686864 1
10814458 214686879 1
10814458 214853113 1
10814458 214574672 0.5
10814458 214680722 0.5
10814458 214743495 0.5
10814458 214717562 0.5
10814458 214853767 0.5
10343077 214854298 1
10343077 214854600 1
10343077 214851099 1
10343077 214748336 0.5
10343077 214854332 0.5
10343077 214854716 0.5
10343077 214854581 0.5
10343077 214854495 0.5
5976032 214848328 1
5976032 214848977 1
5976032 214836881 1
5976032 214848596 0.5
5976032 214835109 0.5
5976032 214846535 0.5
2888699 214829880 1
2888699 214829882 1
2888699 214831948 1
2888699 214821371 0.5
2888699 214829878 0.5
6070244 214846312 1
6070244 214820443 1
6070244 214846318 1
6070244 214676377 0.5
6070244 214645871 0.5
7970789 214716935 1
7970789 214855185 1
7970789 214716932 1
7970789 214711205 0.5
7970789 214533022 0.5
7892967 214630042 1
7892967 214850694 1
7892967 214540597 1
7892967 214850767 0.5
10747153 214854352 1
10747153 214850739 1
10747153 214854585 1
10747153 214567333 0.5
10747153 214854065 0.5
10747153 214854510 0.5
10747153 214684785 0.5
10747153 214850741 0.5
10747153 214854262 0.5
9344338 214700992 1
9344338 214853711 1
9344338 214854152 1
9344338 214853152 0.5
9344338 214574777 0.5
9344338 214700990 0.5
9344338 214851159 0.5
6428656 214848656 1
6428656 214846530 1
6428656 214848950 1
6428656 214844402 0.5
6428656 214839973 0.5
6428656 214844398 0.5
6428656 214839975 0.5
9240568 214853420 1
9240568 214821373 1
9240568 214850942 1
9240568 214850949 0.5
10346836 214848658 1
10346836 214854857 1
10346836 214714755 1
10346836 214844355 0.5
10346836 214854733 0.5
10346836 214854855 0.5
6018264 214848165 1
6018264 214845982 1
6018264 214845958 1
6018264 214846127 0.5
4794366 214845131 1
4794366 214826818 1
4794366 214743367 1
4794366 214717860 0.5
4794366 214709638 0.5
5339513 214826833 1
5339513 214840091 1
5339513 214837280 1
5339513 214612753 0.5
5339513 214844370 0.5
5339513 214821339 0.5
5339513 214533020 0.5
5339513 214844447 0.5
