9662466 214829822 1
9662466 214700992 1
9662466 214774678 1
9662466 214510074 0.5
7347883 214850304 1
7347883 214849194 1
7347883 214849250 1
7347883 214849247 0.5
4230761 214514287 1
4230761 214717273 1
4230761 214829887 1
4230761 214684736 0.5
4230761 214514250 0.5
4230761 214532906 0.5
4230761 214831946 0.5
4230761 214532942 0.5
2312201 214829878 1
2312201 214831948 1
2312201 214829887 1
2312201 214831946 0.5
2312201 214840526 0.5
2312201 214831957 0.5
2312201 214829880 0.5
2312201 214829882 0.5
2312201 214829885 0.5
8558602 214851163 1
8558602 214716714 1
8558602 214851131 1
8558602 214716746 0.5
8558602 214716671 0.5
96269 214716984 1
96269 214512425 1
96269 214744018 1
96269 214826769 0.5
96269 214832653 0.5
9521166 214832619 1
9521166 214844342 1
9521166 214820396 1
9521166 214846014 0.5
2492433 214829878 1
2492433 214829882 1
2492433 214831946 1
2492433 214829880 0.5
2492433 214831948 0.5
2492433 214831965 0.5
11213827 214855153 1
11213827 214850758 1
11213827 214853767 1
11213827 214851011 0.5
11213827 214851748 0.5
11213827 214850405 0.5
11213827 214850790 0.5
11213827 214648252 0.5
11213827 214836947 0.5
11213827 214819577 0.5
11213827 214854172 0.5
11213827 214648254 0.5
11213827 214557701 0.5
9607854 214853454 1
9607854 214853422 1
9607854 214850315 1
9607854 214846012 0.5
9607854 214850942 0.5
9607854 214838102 0.5
6201689 214850880 1
6201689 214850876 1
6201689 214850870 1
6201689 214850872 0.5
6201689 214846121 0.5
6201689 214698446 0.5
6201689 214563335 0.5
5812248 214846121 1
5812248 214835017 1
5812248 214835747 1
5812248 214748336 0.5
5812248 214835745 0.5
5812248 214848997 0.5
5812248 214846007 0.5
5744673 214676377 1
5744673 214821382 1
5744673 214846119 1
5744673 214832019 0.5
10766371 214853113 1
10766371 214854579 1
10766371 214684762 1
10766371 214851075 0.5
10766371 214748336 0.5
10766371 214684785 0.5
10766371 214850741 0.5
10766371 214854358 0.5
10766371 214819577 0.5
10766371 214854298 0.5
10766371 214854174 0.5
10766371 214854527 0.5
3938343 214836924 1
3938343 214819755 1
3938343 214820392 1
3938343 214845129 0.5
3938343 214836932 0.5
3938343 214819430 0.5
2510889 214753513 1
2510889 214753505 1
2510889 214748297 1
2510889 214748300 0.5
4108331 214838098 1
4108331 214845129 1
4108331 214828991 1
4108331 214835130 0.5
5193774 214845577 1
5193774 214845579 1
5193774 214845352 1
5193774 214554954 0.5
5193774 214835167 0.5
5193774 214836956 0.5
5193774 214829878 0.5
5193774 214839311 0.5
9126759 214851290 1
9126759 214851232 1
9126759 214849057 1
9126759 214552522 0.5
9126759 214564380 0.5
9126759 214567410 0.5
9126759 214826990 0.5
9126759 214851101 0.5
4487231 214839397 1
4487231 214826833 1
4487231 214839971 1
4487231 214839641 0.5
4487231 214836887 0.5
4487231 214725549 0.5
4487231 214697079 0.5
7215456 214849736 1
7215456 214849762 1
7215456 214849466 1
7215456 214849745 0.5
7215456 214849250 0.5
7215456 214849738 0.5
1564742 214834880 1
1564742 214829387 1
1564742 214833755 1
1564742 214826610 0.5
5251143 214835426 1
5251143 214835428 1
5251143 214835070 1
5251143 214835064 0.5
1910857 214829878 1
1910857 214829882 1
1910857 214829887 1
1910857 214831965 0.5
5367479 214844396 1
5367479 214844439 1
5367479 214844345 1
5367479 214845984 0.5
5367479 214743369 0.5
5367479 214834877 0.5
6796106 214839311 1
6796106 214748310 1
6796106 214844398 1
6796106 214844400 0.5
6796106 214848971 0.5
5337442 214826610 1
5337442 214835019 1
5337442 214836924 1
5337442 214845986 0.5
5337442 214819468 0.5
5337442 214717850 0.5
9297998 214836517 1
9297998 214561494 1
9297998 214849057 1
9297998 214560622 0.5
2332752 214533022 1
2332752 214612704 1
2332752 214844439 1
2332752 214551607 0.5
7467089 214716645 1
7467089 214850936 1
7467089 214850938 1
7467089 214839962 0.5
7467089 214850756 0.5
6321942 214848165 1
6321942 214848615 1
6321942 214848656 1
6321942 214848795 0.5
6321942 214832145 0.5
6321942 214845131 0.5
6321942 214848950 0.5
6321942 214838225 0.5
3899476 214839395 1
3899476 214826990 1
3899476 214835109 1
3899476 214829769 0.5
3899476 214836795 0.5
8489049 214748336 1
8489049 214851581 1
8489049 214851159 1
8489049 214848656 0.5
8489049 214717562 0.5
8489049 214716110 0.5
9597018 214853342 1
9597018 214711307 1
9597018 214828970 1
9597018 214701787 0.5
9597018 214826987 0.5
9597018 214828963 0.5
9597018 214712237 0.5
9597018 214857830 0.5
9076411 214846061 1
9076411 214748336 1
9076411 214848658 1
9076411 214839587 0.5
9076411 214851581 0.5
9076411 214849247 0.5
9076411 214743495 0.5
2095208 214829861 1
2095208 214829863 1
2095208 214826664 1
2095208 214826668 0.5
2095208 214554510 0.5
8009834 214851165 1
8009834 214716746 1
8009834 214851131 1
8009834 214851579 0.5
8009834 214832567 0.5
3248237 214836851 1
3248237 214829750 1
3248237 214836534 1
3248237 214700990 0.5
3248237 214836827 0.5
3248237 214836877 0.5
3248237 214829030 0.5
3248237 214836847 0.5
11513966 214640012 1
11513966 214854782 1
11513966 214853728 1
11513966 214829730 0.5
11513966 214854174 0.5
11513966 214853735 0.5
7032943 214850310 1
7032943 214836879 1
7032943 214587317 1
7032943 214850936 0.5
7032943 214850409 0.5
10628713 214853132 1
10628713 214853846 1
10628713 214854549 1
10628713 214854545 0.5
8208504 214716671 1
8208504 214851165 1
8208504 214716746 1
8208504 214851592 0.5
8208504 214851579 0.5
8208504 214851028 0.5
1618041 214821305 1
1618041 214821309 1
1618041 214821302 1
1618041 214684160 0.5
1618041 214612708 0.5
706684 214839313 1
706684 214839999 1
706684 214839997 1
706684 214826837 0.5
5818494 214844400 1
5818494 214844372 1
5818494 214844398 1
5818494 214839600 0.5
5515391 214844347 1
5515391 214844400 1
5515391 214844396 1
5515391 214844345 0.5
5515391 214834877 0.5
2461824 214831946 1
2461824 214829887 1
2461824 214829878 1
2461824 214829880 0.5
2758788 214834867 1
2758788 214602600 1
2758788 643078800 1
2758788 214832792 0.5
10788997 214854800 1
10788997 214851757 1
10788997 214854722 1
10788997 214854720 0.5
10788997 214540035 0.5
10788997 214854733 0.5
10788997 214712244 0.5
10788997 214853079 0.5
10788997 214853081 0.5
10788997 214853083 0.5
10788997 214854716 0.5
3223689 214820263 1
3223689 214821277 1
3223689 214587437 1
3223689 214536412 0.5
6439053 214849076 1
6439053 214846029 1
6439053 214748336 1
6439053 214717286 0.5
6439053 214743495 0.5
6439053 214819721 0.5
6439053 214846033 0.5
6439053 214848658 0.5
6439053 214846067 0.5
6439053 214717562 0.5
6439053 214848605 0.5
9963663 214853702 1
9963663 214854118 1
9963663 214853711 1
9963663 214837288 0.5
2777237 214826833 1
2777237 214837916 1
2777237 214845969 1
2777237 214648256 0.5
2777237 214835745 0.5
2777237 214826565 0.5
2777237 214600492 0.5
2777237 214829880 0.5
2777237 214835132 0.5
2777237 214837918 0.5
3000472 214826565 1
3000472 214835745 1
3000472 214834867 1
3000472 214587712 0.5
3000472 214835019 0.5
3000472 214600492 0.5
10285212 214854787 1
10285212 214853342 1
10285212 214853460 1
10285212 214854793 0.5
10285212 214853428 0.5
10285212 214854782 0.5
10285212 214853422 0.5
10285212 214711295 0.5
8978597 214849155 1
8978597 214849153 1
8978597 214849080 1
8978597 214748334 0.5
8978597 214644662 0.5
7098541 214850291 1
7098541 214850282 1
7098541 214850295 1
7098541 214846033 0.5
7098541 214819410 0.5
7098541 214668219 0.5
7098541 214829885 0.5
8515759 214851080 1
8515759 214851161 1
8515759 214851099 1
8515759 214851133 0.5
8515759 214851236 0.5
8515759 214851317 0.5
8515759 214832567 0.5
3947237 214829769 1
3947237 214826938 1
3947237 214836926 1
3947237 214587712 0.5
3947237 214557095 0.5
3947237 214835017 0.5
3947237 214839600 0.5
3947237 214835124 0.5
3947237 214553621 0.5
3947237 214832023 0.5
3947237 214838137 0.5
3947237 214837882 0.5
3947237 214829852 0.5
3947237 214829850 0.5
6637751 214849284 1
6637751 214849745 1
6637751 214849157 1
6637751 214696897 0.5
6637751 214835235 0.5
6637751 214849239 0.5
6637751 214849080 0.5
6637751 214665277 0.5
6637751 214849247 0.5
7504056 214849764 1
7504056 214829882 1
7504056 214850295 1
7504056 214848300 0.5
291001 214826955 1
291001 214821277 1
291001 214826627 1
291001 214676019 0.5
291001 214819781 0.5
291001 214826702 0.5
291001 214821279 0.5
10718927 214854300 1
10718927 214854358 1
10718927 214854579 1
10718927 214854785 0.5
8028351 214851290 1
8028351 214851232 1
8028351 214708037 1
8028351 214552522 0.5
8028351 214564380 0.5
8028351 214829765 0.5
8028351 214835167 0.5
9840833 214718220 1
9840833 214717888 1
9840833 214675888 1
9840833 214511117 0.5
9840833 214677615 0.5
9840833 214850771 0.5
9840833 214561494 0.5
9840833 214850743 0.5
9840833 214718169 0.5
9840833 214853711 0.5
3236034 214832124 1
3236034 214832126 1
3236034 214832115 1
3236034 214832128 0.5
3236034 214835122 0.5
3236034 214832555 0.5
3236034 214557223 0.5
10305731 214567329 1
10305731 214840001 1
10305731 214839999 1
10305731 214839997 0.5
10305731 214861498 0.5
10305731 214854262 0.5
10305731 214854510 0.5
10305731 214567327 0.5
4546756 214829790 1
4546756 214838098 1
4546756 214826942 1
4546756 214838105 0.5
4546756 214838102 0.5
10817737 214853248 1
10817737 214853102 1
10817737 214854782 1
10817737 214854497 0.5
10817737 214714755 0.5
10817737 214853094 0.5
10817737 214854356 0.5
10817737 214854838 0.5
10817737 214853085 0.5
8161487 214851581 1
8161487 214849153 1
8161487 214848658 1
8161487 214850402 0.5
8161487 214829765 0.5
8161487 214743495 0.5
8161487 214609325 0.5
8161487 214748336 0.5
8161487 214846067 0.5
5548242 214826833 1
5548242 214831948 1
5548242 214540127 1
5548242 214829878 0.5
11108563 214855151 1
11108563 214855153 1
11108563 214716746 1
11108563 214848808 0.5
11108563 214685049 0.5
11108563 214709685 0.5
5259483 214559726 1
5259483 214829799 1
5259483 214716114 1
5259483 214800272 0.5
5259483 214652889 0.5
5259483 214820402 0.5
5259483 214846447 0.5
5349596 214845583 1
5349596 214844372 1
5349596 214844398 1
5349596 214838137 0.5
2511069 214717511 1
2511069 214829880 1
2511069 214831946 1
2511069 214819400 0.5
2511069 214844364 0.5
2511069 214718390 0.5
2511069 214829878 0.5
2511069 214673295 0.5
4307168 214677615 1
4307168 214651777 1
4307168 214674487 1
4307168 214650632 0.5
4307168 214829387 0.5
4307168 214826610 0.5
4307168 214553844 0.5
4307168 214556025 0.5
4307168 214833755 0.5
7530721 214853175 1
7530721 214853177 1
7530721 214713954 1
7530721 214853657 0.5
7530721 214853758 0.5
617178 214833800 1
617178 214820261 1
617178 214820233 1
617178 214684513 0.5
617178 214820227 0.5
617178 214535621 0.5
617178 214820231 0.5
617178 214833802 0.5
617178 214584939 0.5
617178 214821302 0.5
617178 214821305 0.5
617178 214821339 0.5
617178 214821307 0.5
617178 214844357 0.5
2564332 214829880 1
2564332 214829882 1
2564332 214829887 1
2564332 214831946 0.5
2564332 214829878 0.5
8612083 214581611 1
8612083 214853169 1
8612083 214678387 1
8612083 214553257 0.5
8612083 214819393 0.5
1825012 214832672 1
1825012 214840798 1
1825012 214842594 1
1825012 214645005 0.5
4209022 214839639 1
4209022 214839641 1
4209022 214836887 1
4209022 214829797 0.5
4616439 214602733 1
4616439 214839973 1
4616439 214845131 1
4616439 214820392 0.5
4616439 214601233 0.5
4616439 214821401 0.5
86269 214826625 1
86269 214826606 1
86269 214826627 1
86269 214664919 0.5
86269 214826799 0.5
5863681 214846457 1
5863681 214846367 1
5863681 214540597 1
5863681 214826904 0.5
5863681 214826906 0.5
5863681 214846110 0.5
5863681 214717087 0.5
3494148 214834867 1
3494148 214832792 1
3494148 214836885 1
3494148 214836825 0.5
3494148 214582170 0.5
3494148 214579839 0.5
9515269 214853109 1
9515269 214853111 1
9515269 214853075 1
9515269 214849010 0.5
2548292 214829878 1
2548292 214829887 1
2548292 214829880 1
2548292 214835137 0.5
2548292 214716110 0.5
11309101 214849132 1
11309101 214854722 1
11309101 214712242 1
11309101 214849100 0.5
4420312 214845131 1
4420312 214602733 1
4420312 214848176 1
4420312 214829280 0.5
4420312 214839971 0.5
4420312 214602598 0.5
4420312 214839600 0.5
4420312 214836857 0.5
4420312 214821401 0.5
8579459 214853096 1
8579459 214853105 1
8579459 214853085 1
8579459 214853094 0.5
5826846 214845917 1
5826846 214846007 1
5826846 214849001 1
5826846 214845986 0.5
5826846 214845887 0.5
7409951 214844400 1
7409951 214849740 1
7409951 214844396 1
7409951 214849736 0.5
7409951 214849466 0.5
7409951 214849102 0.5
1378594 214834877 1
1378594 214821412 1
1378594 214554384 1
1378594 214826705 0.5
1378594 214828970 0.5
1378594 214645005 0.5
1378594 214826610 0.5
1378594 214826895 0.5
3969268 214835109 1
3969268 214826990 1
3969268 214838227 1
3969268 214831974 0.5
4147496 214748336 1
4147496 214839932 1
4147496 214820400 1
4147496 214839587 0.5
4147496 214829799 0.5
4147496 214839600 0.5
4147496 214838225 0.5
4147496 214820402 0.5
4147496 214838111 0.5
4147496 214826623 0.5
4253404 214826713 1
4253404 214839973 1
4253404 214845129 1
4253404 214829102 0.5
8591658 214853085 1
8591658 214853094 1
8591658 214853248 1
8591658 214853096 0.5
8591658 214853090 0.5
8591658 214850730 0.5
10322219 214854547 1
10322219 214854300 1
10322219 214854579 1
10322219 214573305 0.5
10322219 214853094 0.5
11176046 214854785 1
11176046 214854853 1
11176046 214854795 1
11176046 214855209 0.5
618804 214826872 1
618804 214826908 1
618804 214826998 1
618804 214748336 0.5
618804 214829321 0.5
618804 214821300 0.5
618804 214821401 0.5
6201654 214846464 1
6201654 214846468 1
6201654 214846479 1
6201654 214846427 0.5
6201654 214846415 0.5
5198139 214716635 1
5198139 214844413 1
5198139 214698418 1
5198139 214586469 0.5
5198139 214743335 0.5
5198139 214836330 0.5
5198139 214684843 0.5
5198139 214602735 0.5
5198139 214819760 0.5
5198139 214838225 0.5
5198139 214819762 0.5
5198139 214602740 0.5
5198139 214821397 0.5
5198139 214698420 0.5
10367293 214854300 1
10367293 214854547 1
10367293 214854579 1
10367293 214819577 0.5
10367293 214850741 0.5
3637566 214612704 1
3637566 214844439 1
3637566 214844458 1
3637566 214844452 0.5
239937 214821277 1
239937 214821292 1
239937 214821290 1
239937 214829285 0.5
696374 214826705 1
696374 214821290 1
696374 214820235 1
696374 214829285 0.5
6265158 214846067 1
6265158 214846410 1
6265158 214845885 1
6265158 214848658 0.5
6265158 214706102 0.5
6265158 214738455 0.5
9312806 214853460 1
9312806 214712235 1
9312806 214850291 1
9312806 214853340 0.5
9312806 214744258 0.5
9312806 214680371 0.5
9312806 214853428 0.5
9312806 214701787 0.5
8513076 214851163 1
8513076 214716714 1
8513076 214684942 1
8513076 214851592 0.5
8513076 214851579 0.5
8513076 214851028 0.5
8513076 214851165 0.5
8513076 214716671 0.5
6193493 214845971 1
6193493 214845962 1
6193493 214845939 1
6193493 214582200 0.5
6193493 214811739 0.5
6193493 214709702 0.5
3838294 214836330 1
3838294 214717436 1
3838294 214832780 1
3838294 214835747 0.5
3838294 214563337 0.5
3838294 214835017 0.5
3838294 214838126 0.5
3838294 214845129 0.5
3838294 214821407 0.5
3838294 214832124 0.5
3838294 214557279 0.5
1319256 214829666 1
1319256 214826561 1
1319256 214829664 1
1319256 214821032 0.5
1319256 214753515 0.5
1319256 214826610 0.5
1319256 214826994 0.5
1319256 214819577 0.5
1319256 214829850 0.5
1319256 214829852 0.5
9838941 214849757 1
9838941 214853700 1
9838941 214853707 1
9838941 214574672 0.5
9838941 214853730 0.5
9838941 214853702 0.5
9838941 214853698 0.5
9838941 214848688 0.5
9838941 214853430 0.5
5709542 214829887 1
5709542 214829878 1
5709542 214839596 1
5709542 214829880 0.5
5709542 214820938 0.5
5709542 214848307 0.5
5978464 214684108 1
5978464 214846029 1
5978464 214820261 1
5978464 214846033 0.5
5978464 214848746 0.5
5978464 214684730 0.5
3912034 214835109 1
3912034 214838227 1
3912034 214835167 1
3912034 214829765 0.5
4012392 214836932 1
4012392 214826990 1
4012392 214835109 1
4012392 214838227 0.5
72043 214748336 1
72043 214587697 1
72043 214587712 1
72043 214819721 0.5
72043 214712130 0.5
72043 214743495 0.5
3365462 214837916 1
3365462 214821410 1
3365462 214602600 1
3365462 214832792 0.5
3365462 214826619 0.5
3365462 214821412 0.5
10606966 214854536 1
10606966 214853113 1
10606966 214819599 1
10606966 214820394 0.5
2625911 214829878 1
2625911 214829882 1
2625911 214829887 1
2625911 214829880 0.5
2625911 214829090 0.5
2625911 214819468 0.5
9242114 214853420 1
9242114 214853428 1
9242114 214850942 1
9242114 214850949 0.5
9242114 214853422 0.5
9242114 214853381 0.5
1491326 214834877 1
1491326 214834880 1
1491326 214602804 1
1491326 214586432 0.5
1491326 214603138 0.5
1491326 214602731 0.5
1491326 214819781 0.5
1491326 214800262 0.5
1491326 214819719 0.5
1491326 214820199 0.5
1491326 214832557 0.5
1491326 214832559 0.5
1491326 214650609 0.5
1491326 214826610 0.5
1491326 214676019 0.5
1491326 214829366 0.5
1491326 214833755 0.5
1491326 214826908 0.5
1491326 214557279 0.5
9376127 214744260 1
9376127 214836827 1
9376127 214853420 1
9376127 214853152 0.5
9376127 214853330 0.5
6500746 214829392 1
6500746 214846012 1
6500746 214831948 1
6500746 214829880 0.5
6500746 214846033 0.5
6500746 214834995 0.5
6500746 214838102 0.5
3891597 214838227 1
3891597 214836926 1
3891597 214838137 1
3891597 214836795 0.5
3891597 214595150 0.5
3891597 214836870 0.5
3891597 214832023 0.5
3119502 214835747 1
3119502 214829364 1
3119502 214835017 1
3119502 214587712 0.5
3119502 214748336 0.5
3119502 214819762 0.5
3119502 214835019 0.5
3119502 214835124 0.5
11123093 214850310 1
11123093 214846014 1
11123093 214838098 1
11123093 214850945 0.5
11123093 214857155 0.5
9724313 214853340 1
9724313 214853342 1
9724313 214853420 1
9724313 214857204 0.5
9724313 214853428 0.5
9724313 214853422 0.5
9846511 214853730 1
9846511 214853702 1
9846511 214853767 1
9846511 214853690 0.5
9846511 214717867 0.5
6920604 214848596 1
6920604 214561775 1
6920604 214821020 1
6920604 214849331 0.5
6920604 214535051 0.5
6920604 214650566 0.5
6920604 214835167 0.5
2847134 214826833 1
2847134 214717511 1
2847134 214829878 1
2847134 214829880 0.5
2847134 214831946 0.5
2847134 214826955 0.5
2847134 214718396 0.5
2847134 214829882 0.5
2943393 214748297 1
2943393 214834867 1
2943393 214829364 1
2943393 214826833 0.5
2943393 214748300 0.5
2943393 214609325 0.5
4059556 214602605 1
4059556 214838098 1
4059556 214839594 1
4059556 214838102 0.5
10203559 214853855 1
10203559 214567215 1
10203559 214854268 1
10203559 214854174 0.5
4491688 214839971 1
4491688 214602733 1
4491688 214848176 1
4491688 214839600 0.5
4491688 214839960 0.5
4491688 214839975 0.5
8464809 214716671 1
8464809 214851080 1
8464809 214851575 1
8464809 214716714 0.5
780718 214821339 1
780718 214821315 1
780718 214821305 1
780718 214551617 0.5
1205031 214829321 1
1205031 214820805 1
1205031 214833755 1
1205031 214717085 0.5
1205031 214709666 0.5
1205031 214820810 0.5
1205031 214690110 0.5
1205031 214716909 0.5
2635118 214829887 1
2635118 214829878 1
2635118 214829882 1
2635118 214826955 0.5
2635118 214684734 0.5
2635118 214711318 0.5
2635118 214711087 0.5
4141812 214826942 1
4141812 214839594 1
4141812 214835130 1
4141812 214686082 0.5
4141812 214832143 0.5
4141812 214514295 0.5
4141812 214826983 0.5
35259 214680369 1
35259 214826615 1
35259 214826617 1
35259 214676962 0.5
35259 214561991 0.5
35259 214819468 0.5
35259 214716973 0.5
35259 214819374 0.5
35259 214835120 0.5
35259 214717877 0.5
35259 214821015 0.5
35259 214826621 0.5
35259 214821022 0.5
10355133 214853454 1
10355133 214850368 1
10355133 214850287 1
10355133 214853424 0.5
10355133 214861455 0.5
10355133 214854853 0.5
10355133 214848967 0.5
2213713 214831948 1
2213713 214684513 1
2213713 214829880 1
2213713 214612704 0.5
2213713 214716984 0.5
2213713 214819762 0.5
5425599 214613741 1
5425599 214829773 1
5425599 214582378 1
5425599 214582380 0.5
2585027 214829878 1
2585027 214829882 1
2585027 214831948 1
2585027 214835111 0.5
10686917 214854495 1
10686917 214718220 1
10686917 214850754 1
10686917 214854545 0.5
10686917 214650508 0.5
8574047 214667857 1
8574047 214848377 1
8574047 214838227 1
8574047 214709702 0.5
8574047 214848328 0.5
8574047 214848337 0.5
8574047 214844340 0.5
8574047 214844342 0.5
8574047 214844345 0.5
8574047 214844347 0.5
8574047 214851101 0.5
2351073 214829878 1
2351073 214831950 1
2351073 214829885 1
2351073 214829385 0.5
2351073 214717742 0.5
2351073 214744528 0.5
2351073 214557009 0.5
2351073 214832722 0.5
2351073 214829880 0.5
2351073 214821401 0.5
2351073 214829882 0.5
2351073 214612730 0.5
10064332 214853690 1
10064332 214853683 1
10064332 214853850 1
10064332 214572182 0.5
11393488 214853347 1
11393488 214853379 1
11393488 214846065 1
11393488 214849745 0.5
11393488 214857547 0.5
6865363 214849286 1
6865363 214849322 1
6865363 214850304 1
6865363 214849185 0.5
6865363 214849757 0.5
6865363 214849361 0.5
7991766 214848337 1
7991766 214844347 1
7991766 214554982 1
7991766 214838111 0.5
7991766 214848159 0.5
6189528 214846417 1
6189528 214846466 1
6189528 214707995 1
6189528 214561402 0.5
7672286 214850938 1
7672286 214850743 1
7672286 214716982 1
7672286 214716992 0.5
7672286 214850771 0.5
7672286 214854572 0.5
7672286 214716943 0.5
5030367 214838092 1
5030367 214837280 1
5030367 214837286 1
5030367 214542759 0.5
5968352 214716935 1
5968352 214846447 1
5968352 214556212 1
5968352 214725549 0.5
3430882 214540597 1
3430882 214836825 1
3430882 214748289 1
3430882 214820400 0.5
3430882 214829750 0.5
3514854 214836851 1
3514854 214836534 1
3514854 214832124 1
3514854 214587898 0.5
7670249 214850321 1
7670249 214834991 1
7670249 214850366 1
7670249 214849796 0.5
7375338 214849194 1
7375338 214849250 1
7375338 214849247 1
7375338 214848658 0.5
7375338 214743495 0.5
7375338 214839967 0.5
7375338 214717562 0.5
7375338 214849031 0.5
864679 214717286 1
864679 214821401 1
864679 214716902 1
864679 214826908 0.5
864679 214821300 0.5
864679 214826998 0.5
7662066 214850936 1
7662066 214850621 1
7662066 214648252 1
7662066 214573305 0.5
7662066 214851011 0.5
7662066 214557701 0.5
7662066 214716645 0.5
4801012 214839971 1
4801012 214845131 1
4801012 214839960 1
4801012 214839975 0.5
1656574 214834877 1
1656574 214829387 1
1656574 214826589 1
1656574 214829366 0.5
4004352 214564708 1
4004352 214836795 1
4004352 214826938 1
4004352 214829769 0.5
4856322 214829797 1
4856322 214829321 1
4856322 214839587 1
4856322 214820400 0.5
4856322 214838096 0.5
4856322 214839932 0.5
4856322 214838102 0.5
4856322 214832145 0.5
348676 214820396 1
348676 214819760 1
348676 214820392 1
348676 214820400 0.5
348676 214819762 0.5
348676 214684843 0.5
348676 214725532 0.5
348676 214744775 0.5
1153542 214829042 1
1153542 214832786 1
1153542 214612762 1
1153542 214819779 0.5
1153542 214832557 0.5
1153542 214829038 0.5
1153542 214829745 0.5
1153542 214774682 0.5
1153542 214829021 0.5
8794662 214851742 1
8794662 214851577 1
8794662 214853385 1
8794662 214851290 0.5
8794662 214851159 0.5
8794662 214849031 0.5
371212 214832559 1
371212 214718169 1
371212 214821022 1
371212 214821024 0.5
371212 214819552 0.5
371212 214718160 0.5
371212 214718220 0.5
371212 214821020 0.5
4467216 214848178 1
4467216 214635493 1
4467216 214630042 1
4467216 214829280 0.5
4467216 214836857 0.5
4467216 214839954 0.5
4467216 214836855 0.5
2611729 214844357 1
2611729 214821339 1
2611729 214821309 1
2611729 214821305 0.5
2611729 214844458 0.5
2920981 214835019 1
2920981 214835017 1
2920981 214820255 1
2920981 214509401 0.5
2920981 214601042 0.5
2920981 214826874 0.5
1030678 214820810 1
1030678 214820805 1
1030678 214820807 1
1030678 214574672 0.5
1030678 214586694 0.5
1030678 214748336 0.5
1030678 214826904 0.5
1030678 214582170 0.5
1030678 214579837 0.5
8808984 214852987 1
8808984 214849010 1
8808984 214848926 1
8808984 214581761 0.5
8808984 214557313 0.5
8808984 214508942 0.5
8808984 214840483 0.5
8808984 214846117 0.5
8808984 214553257 0.5
8808984 214853162 0.5
8808984 214559660 0.5
8808984 214819640 0.5
8808984 214840757 0.5
8808984 214840760 0.5
8808984 214819393 0.5
8808984 214709702 0.5
8808984 214845135 0.5
8808984 214582200 0.5
8808984 214842382 0.5
8808984 214668249 0.5
8808984 214811739 0.5
8808984 214564320 0.5
8808984 214838503 0.5
8808984 214581611 0.5
8808984 214811758 0.5
8808984 214852985 0.5
8808984 214842365 0.5
8284698 214573350 1
8284698 214849155 1
8284698 214851285 1
8284698 214849153 0.5
8284698 214848997 0.5
8284698 214850630 0.5
8284698 214714665 0.5
8284698 214718252 0.5
8284698 214651517 0.5
9591324 214853321 1
9591324 214853325 1
9591324 214711307 1
9591324 214700002 0.5
9591324 214743515 0.5
9591324 214712237 0.5
9591324 214835117 0.5
7369251 214829765 1
7369251 214849344 1
7369251 214835167 1
7369251 214834867 0.5
7369251 214848596 0.5
7578121 214853173 1
7578121 214851120 1
7578121 214853758 1
7578121 214551626 0.5
8552997 214851163 1
8552997 214851135 1
8552997 214829045 1
8552997 214851592 0.5
8552997 214846475 0.5
8552997 214851287 0.5
8552997 214846391 0.5
8552997 214851165 0.5
8552997 214716671 0.5
9384486 214826812 1
9384486 214850945 1
9384486 214850310 1
9384486 214673295 0.5
9384486 214819400 0.5
9384486 214831946 0.5
9384486 214514287 0.5
9384486 214587028 0.5
9384486 214832143 0.5
9384486 214853340 0.5
3482157 214820396 1
3482157 214820400 1
3482157 214744775 1
3482157 214839617 0.5
3482157 214820402 0.5
3482157 214826711 0.5
3482157 214586668 0.5
3482157 214820807 0.5
6375983 214848609 1
6375983 214848847 1
6375983 214835109 1
6375983 214848596 0.5
6375983 214848926 0.5
10963504 214853855 1
10963504 214851579 1
10963504 214854352 1
10963504 214848808 0.5
10963504 214854857 0.5
10963504 214820402 0.5
10963504 214853722 0.5
10963504 214854354 0.5
7332991 214684715 1
7332991 214850366 1
7332991 214850282 1
7332991 214850304 0.5
3983923 214826990 1
3983923 214711280 1
3983923 214835109 1
3983923 214838227 0.5
3983923 214829773 0.5
3983923 214836870 0.5
9390644 214853420 1
9390644 214853422 1
9390644 214850947 1
9390644 214853147 0.5
9390644 214850949 0.5
11064277 214714755 1
11064277 214854802 1
11064277 214855153 1
11064277 214854733 0.5
11064277 214709685 0.5
5347896 214844370 1
5347896 214844402 1
5347896 214844345 1
5347896 214586432 0.5
5347896 214844355 0.5
5347896 214829765 0.5
5347896 214845583 0.5
5347896 214845585 0.5
5347896 214543922 0.5
1326516 214829752 1
1326516 214834880 1
1326516 214584969 1
1326516 214821320 0.5
1326516 214833755 0.5
1326516 214710971 0.5
7921759 214850743 1
7921759 214850936 1
7921759 214850771 1
7921759 214716928 0.5
7921759 214716984 0.5
7921759 214850762 0.5
9390652 214581611 1
9390652 214852980 1
9390652 214849010 1
9390652 214853105 0.5
9264988 214853852 1
9264988 214854148 1
9264988 214853848 1
9264988 214554675 0.5
9264988 214850405 0.5
9264988 214853992 0.5
9264988 214853996 0.5
9264988 214849363 0.5
9264988 214849462 0.5
4941743 214834877 1
4941743 214835109 1
4941743 214826990 1
4941743 214826610 0.5
10277442 214567329 1
10277442 214854358 1
10277442 214567215 1
10277442 214853855 0.5
247842 214716986 1
247842 214832655 1
247842 214716941 1
247842 214716930 0.5
247842 214832653 0.5
247842 214716935 0.5
9080199 214851326 1
9080199 214853105 1
9080199 214853094 1
9080199 214853096 0.5
9080199 214853090 0.5
9080199 214852978 0.5
9080199 214853085 0.5
1462856 214587266 1
1462856 214834880 1
1462856 214829390 1
1462856 214711280 0.5
1462856 214826610 0.5
1462856 214834877 0.5
10404426 214854737 1
10404426 214854735 1
10404426 214854795 1
10404426 214854853 0.5
10404426 214848967 0.5
5491127 214717867 1
5491127 214844400 1
5491127 214612672 1
5491127 214839311 0.5
8571472 214850938 1
8571472 214850936 1
8571472 214853177 1
8571472 214853175 0.5
1358417 214743495 1
1358417 214834877 1
1358417 214834880 1
1358417 214586432 0.5
1358417 214839600 0.5
1358417 214826610 0.5
1358417 214821397 0.5
7886776 214850938 1
7886776 214850936 1
7886776 214850402 1
7886776 214849344 0.5
7886776 214829280 0.5
7886776 214850756 0.5
7886776 214537541 0.5
7886776 214557095 0.5
7886776 214677512 0.5
7886776 214612730 0.5
7886776 214835019 0.5
7886776 214832780 0.5
7886776 214846479 0.5
7886776 214839600 0.5
7886776 214838225 0.5
7886776 214847255 0.5
7886776 214835002 0.5
7886776 214716667 0.5
7886776 214821020 0.5
7886776 214850621 0.5
7886776 214836926 0.5
7886776 214848997 0.5
6261333 214848808 1
6261333 214849333 1
6261333 214711348 1
6261333 214846530 0.5
6261333 214848695 0.5
6261333 214839975 0.5
5149271 214602598 1
5149271 214587317 1
5149271 214748336 1
5149271 214829280 0.5
5149271 214839973 0.5
5149271 214836330 0.5
5149271 214829775 0.5
5149271 214840918 0.5
5149271 214847255 0.5
5149271 214561402 0.5
5149271 214829852 0.5
5149271 214829850 0.5
3945048 214835109 1
3945048 214826990 1
3945048 214838227 1
3945048 214829762 0.5
815712 214820805 1
815712 214820803 1
815712 214832786 1
815712 214835743 0.5
10068752 214850730 1
10068752 214829032 1
10068752 214849295 1
10068752 214550649 0.5
10068752 214550548 0.5
10068752 214700990 0.5
1299899 214827017 1
1299899 214821309 1
1299899 214691467 1
1299899 214691456 0.5
1299899 214821307 0.5
1299899 214843447 0.5
11557477 214864880 1
11557477 214853102 1
11557477 214854733 1
11557477 214714755 0.5
7035627 214849775 1
7035627 214849753 1
7035627 214849747 1
7035627 214718252 0.5
4493932 214838107 1
4493932 214836512 1
4493932 214820758 1
4493932 214826713 0.5
4493932 214725549 0.5
4493932 214838102 0.5
7135853 214849337 1
7135853 214849295 1
7135853 214678880 1
7135853 214839977 0.5
8518254 214851581 1
8518254 214851236 1
8518254 214846067 1
8518254 214836932 0.5
8518254 214851077 0.5
8518254 214851159 0.5
8518254 214832747 0.5
8518254 214716110 0.5
8518254 214711952 0.5
8518254 214851122 0.5
8518254 214829366 0.5
8518254 214850743 0.5
8518254 214844347 0.5
8518254 214829852 0.5
8518254 214846333 0.5
6484592 214848375 1
6484592 214848808 1
6484592 214832604 1
6484592 214848832 0.5
6484592 214848613 0.5
10967666 214853102 1
10967666 214854785 1
10967666 214854787 1
10967666 214854705 0.5
10967666 214853100 0.5
1460851 214828995 1
1460851 214612762 1
1460851 214829100 1
1460851 214829745 0.5
3943028 214829765 1
3943028 214836924 1
3943028 214835167 1
3943028 214829825 0.5
3943028 214583610 0.5
10459768 214854808 1
10459768 214854733 1
10459768 214853105 1
10459768 214714755 0.5
10459768 214852980 0.5
10459768 214854118 0.5
10459768 214861455 0.5
4014713 214826990 1
4014713 214835109 1
4014713 214834877 1
4014713 214834880 0.5
4014713 214838227 0.5
7508603 214851146 1
7508603 214851583 1
7508603 214843494 1
7508603 214851590 0.5
7508603 214691563 0.5
7508603 214849327 0.5
7508603 214846385 0.5
7508603 214695476 0.5
7508603 214668759 0.5
10609276 214854300 1
10609276 214819577 1
10609276 214850741 1
10609276 214853865 0.5
10609276 214854547 0.5
10609276 214854579 0.5
10609276 214853413 0.5
10609276 214854585 0.5
8757431 214851326 1
8757431 214853090 1
8757431 214853096 1
8757431 214853085 0.5
6750729 214848845 1
6750729 214848596 1
6750729 214848384 1
6750729 214849012 0.5
3627651 214839937 1
3627651 214538820 1
3627651 214829786 1
3627651 214829771 0.5
3627651 214582348 0.5
3627651 214582350 0.5
8764182 214853077 1
8764182 214852978 1
8764182 214853105 1
8764182 214851326 0.5
8764182 214853085 0.5
8764182 214853094 0.5
5685898 214711307 1
5685898 214845581 1
5685898 214556212 1
5685898 214829882 0.5
9478797 214820844 1
9478797 214700992 1
9478797 214851332 1
9478797 214853396 0.5
9478797 214700990 0.5
2722664 214826818 1
2722664 214837918 1
2722664 214826565 1
2722664 214587712 0.5
2722664 214831937 0.5
2722664 214835745 0.5
2722664 214835017 0.5
2722664 214835019 0.5
2722664 214834867 0.5
7927899 214850790 1
7927899 214850700 1
7927899 214850760 1
7927899 214837442 0.5
7927899 214850405 0.5
7927899 214850870 0.5
7927899 214850936 0.5
7927899 214839962 0.5
7927899 214850876 0.5
7927899 214850621 0.5
10121878 214854300 1
10121878 214854579 1
10121878 214854547 1
10121878 214854534 0.5
10121878 214854545 0.5
10121878 214828882 0.5
10121878 214851125 0.5
10121878 214847255 0.5
10121878 214854495 0.5
7406233 214678880 1
7406233 214849337 1
7406233 214850396 1
7406233 214849329 0.5
7406233 214850398 0.5
6167362 214848626 1
6167362 214848656 1
6167362 214848613 1
6167362 214848688 0.5
6167362 214846530 0.5
6167362 214848851 0.5
6167362 214561402 0.5
6167362 214839973 0.5
10496671 214853848 1
10496671 214853702 1
10496671 214854159 1
10496671 214850936 0.5
10496671 214854146 0.5
10496671 214853852 0.5
10496671 214850938 0.5
8518304 214853186 1
8518304 214853242 1
8518304 214853225 1
8518304 214853210 0.5
8518304 214853190 0.5
10771106 214853165 1
10771106 214851742 1
10771106 214853128 1
10771106 214853075 0.5
9607844 214844347 1
9607844 214853109 1
9607844 214853111 1
9607844 214581611 0.5
9607844 214846117 0.5
1352359 214834877 1
1352359 214826589 1
1352359 214829366 1
1352359 214748336 0.5
1352359 214828982 0.5
10095731 214853865 1
10095731 214853992 1
10095731 214839962 1
10095731 214557223 0.5
2296501 214829878 1
2296501 214829887 1
2296501 214829882 1
2296501 214829885 0.5
10674872 214854579 1
10674872 214854300 1
10674872 214567327 1
10674872 214853728 0.5
10674872 214819577 0.5
10674872 214684762 0.5
10674872 214567333 0.5
10674872 214854358 0.5
6986527 214848849 1
6986527 214848658 1
6986527 214665277 1
6986527 214849022 0.5
9849534 214846258 1
9849534 214854268 1
9849534 214854264 1
9849534 214675888 0.5
9849534 214718160 0.5
9849534 214850938 0.5
9849534 214850771 0.5
7652031 214850936 1
7652031 214835019 1
7652031 214835017 1
7652031 214850720 0.5
11127488 214853321 1
11127488 214854785 1
11127488 214850304 1
11127488 214854352 0.5
11127488 214700002 0.5
11127488 214849738 0.5
6941379 214711348 1
6941379 214848596 1
6941379 214829765 1
6941379 214849012 0.5
6941379 214848845 0.5
6941379 214835167 0.5
7867076 214850743 1
7867076 214850938 1
7867076 214849363 1
7867076 214716982 0.5
9091786 214853085 1
9091786 214853096 1
9091786 214851069 1
9091786 214852987 0.5
490193 214717003 1
490193 214826606 1
490193 214717511 1
490193 214826715 0.5
490193 214716990 0.5
490193 214717005 0.5
490193 214554358 0.5
490193 214717007 0.5
3832534 214836932 1
3832534 214836924 1
3832534 214835167 1
3832534 214835109 0.5
4611876 214602802 1
4611876 214839962 1
4611876 214839965 1
4611876 214839960 0.5
4611876 214601272 0.5
4611876 214826818 0.5
4611876 214832147 0.5
4238042 214832145 1
4238042 214819760 1
4238042 214718207 1
4238042 214819762 0.5
4238042 214839587 0.5
4238042 214836932 0.5
4238042 214561402 0.5
4238042 214839639 0.5
11166429 214853102 1
11166429 214854787 1
11166429 214864880 1
11166429 214854840 0.5
11166429 214696897 0.5
4942561 214844345 1
4942561 214838137 1
4942561 214844400 1
4942561 214835473 0.5
4942561 214819562 0.5
4942561 214835021 0.5
6030459 214848992 1
6030459 214850880 1
6030459 214846397 1
6030459 214837483 0.5
6030459 214845980 0.5
6030459 214850870 0.5
4795108 214839973 1
4795108 214845131 1
4795108 214716639 1
4795108 214585633 0.5
4795108 214845356 0.5
4795108 214831948 0.5
7772902 214717003 1
7772902 214716984 1
7772902 214832657 1
7772902 214716928 0.5
7772902 214832655 0.5
7576297 214850936 1
7576297 214850771 1
7576297 214850743 1
7576297 214839962 0.5
7576297 214850692 0.5
7576297 214850405 0.5
7576297 214850870 0.5
2626343 214831946 1
2626343 214829051 1
2626343 214829878 1
2626343 214829880 0.5
10770657 214684785 1
10770657 214854345 1
10770657 214851133 1
10770657 214854146 0.5
10770657 214572452 0.5
10770657 214567333 0.5
10770657 214850760 0.5
10770657 214580287 0.5
10770657 214854538 0.5
10770657 214845986 0.5
10770657 214567215 0.5
10770657 214854264 0.5
10770657 214854165 0.5
10770657 214849464 0.5
10770657 214716667 0.5
10770657 214854268 0.5
10770657 214695525 0.5
264946 214821305 1
264946 214821339 1
264946 214685784 1
264946 214820842 0.5
264946 214527028 0.5
264946 214821302 0.5
264946 214586711 0.5
264946 214821307 0.5
264946 214821341 0.5
3359476 214829012 1
3359476 214837438 1
3359476 214580291 1
3359476 214829079 0.5
6683381 214849018 1
6683381 214848609 1
6683381 214848384 1
6683381 214829765 0.5
1856248 214835754 1
1856248 214684230 1
1856248 214716937 1
1856248 214829280 0.5
1856248 214716977 0.5
1856248 214829381 0.5
1856248 214829657 0.5
1856248 214716973 0.5
2634489 214829878 1
2634489 214829882 1
2634489 214829887 1
2634489 214831948 0.5
5155578 214844340 1
5155578 214844345 1
5155578 214844342 1
5155578 214829850 0.5
10267387 214853113 1
10267387 214853244 1
10267387 214854352 1
10267387 214820394 0.5
10267387 214854264 0.5
10267387 214684762 0.5
10267387 214854268 0.5
10267387 214853726 0.5
10267387 214854335 0.5
10475306 214853420 1
10475306 214850947 1
10475306 214853700 1
10475306 214853698 0.5
10475306 214853707 0.5
10475306 214853767 0.5
9138948 214850304 1
9138948 214850315 1
9138948 214850310 1
9138948 214850945 0.5
9138948 214850947 0.5
4589804 214847261 1
4589804 214847255 1
4589804 214832154 1
4589804 214837494 0.5
11166474 214853102 1
11166474 214854332 1
11166474 214686879 1
11166474 214686864 0.5
11166474 214854770 0.5
11166474 214854767 0.5
10341132 214861498 1
10341132 214839999 1
10341132 214840001 1
10341132 214854720 0.5
9209982 214853420 1
9209982 214853422 1
9209982 214850945 1
9209982 214846112 0.5
9209982 214850947 0.5
9209982 214850310 0.5
1727247 214821317 1
1727247 214800262 1
1727247 214832780 1
1727247 214821410 0.5
2855698 214821305 1
2855698 214821302 1
2855698 214844357 1
2855698 214844439 0.5
6492974 214835167 1
6492974 214848926 1
6492974 214848845 1
6492974 214848596 0.5
1329944 214829321 1
1329944 214832780 1
1329944 214834877 1
1329944 214839600 0.5
1329944 214800272 0.5
10785562 214853102 1
10785562 214854819 1
10785562 214854857 1
10785562 214848658 0.5
2007836 214667912 1
2007836 214829379 1
2007836 214826711 1
2007836 214716641 0.5
2007836 214554585 0.5
2007836 214826906 0.5
2007836 214819535 0.5
767159 214826932 1
767159 214826927 1
767159 214820810 1
767159 214829053 0.5
767159 214819382 0.5
7752478 214716671 1
7752478 214851592 1
7752478 214851163 1
7752478 214851097 0.5
8401703 214851167 1
8401703 214851028 1
8401703 214850315 1
8401703 214831948 0.5
8401703 214819412 0.5
10370183 214854536 1
10370183 214853244 1
10370183 214854300 1
10370183 214854354 0.5
6327086 214774687 1
6327086 214835109 1
6327086 214847649 1
6327086 214536187 0.5
6327086 214650566 0.5
6327086 214835167 0.5
6001457 214846472 1
6001457 214848322 1
6001457 214846475 1
6001457 214849016 0.5
6001457 214848317 0.5
6001457 214846254 0.5
6973303 214848410 1
6973303 214826990 1
6973303 214829765 1
6973303 214848384 0.5
6128437 214711438 1
6128437 214718255 1
6128437 214831955 1
6128437 214848305 0.5
6128437 214717507 0.5
6128437 214848980 0.5
6128437 214848309 0.5
3861302 214838227 1
3861302 214835109 1
3861302 214826990 1
3861302 214748334 0.5
3861302 214831974 0.5
3861302 214835111 0.5
8076088 214850619 1
8076088 214846112 1
8076088 214851290 1
8076088 214851232 0.5
8076088 214835750 0.5
10494467 214854159 1
10494467 214853338 1
10494467 214850947 1
10494467 214850949 0.5
7916682 214850694 1
7916682 214838124 1
7916682 214849048 1
7916682 214848808 0.5
7916682 214716714 0.5
7916682 214851163 0.5
7916682 214716746 0.5
7916682 214851165 0.5
1416883 214826610 1
1416883 214834877 1
1416883 214821300 1
1416883 214667970 0.5
1416883 214833755 0.5
1416883 214583670 0.5
1416883 214820392 0.5
1416883 214829321 0.5
1416883 214829387 0.5
1416883 214694156 0.5
1416883 214826927 0.5
1416883 214601233 0.5
1416883 214819382 0.5
1416883 214714732 0.5
1416883 214746427 0.5
1416883 214829053 0.5
508741 214829310 1
508741 214827009 1
508741 214821290 1
508741 214821401 0.5
508741 214821277 0.5
7807814 214844439 1
7807814 214844394 1
7807814 214716932 1
7807814 214716984 0.5
7807814 214717867 0.5
7807814 214716926 0.5
7807814 214716935 0.5
3029836 214835475 1
3029836 214835019 1
3029836 214601233 1
3029836 214835747 0.5
3029836 214718372 0.5
3029836 214746375 0.5
3029836 214835017 0.5
3029836 214746380 0.5
3029836 214829777 0.5
3029836 214829085 0.5
3029836 214700990 0.5
5172433 214845131 1
5172433 214826951 1
5172433 214839969 1
5172433 214829287 0.5
5172433 214602733 0.5
5172433 214557774 0.5
5172433 214839600 0.5
5172433 214829878 0.5
5172433 214847255 0.5
5172433 214836857 0.5
5172433 214829850 0.5
4251139 214836879 1
4251139 214831942 1
4251139 214838096 1
4251139 214832012 0.5
3175254 214836249 1
3175254 214836339 1
3175254 214835786 1
3175254 214837914 0.5
11126759 214864880 1
11126759 214857204 1
11126759 214857551 1
11126759 214835004 0.5
3154781 214826565 1
3154781 214835745 1
3154781 214835747 1
3154781 214835017 0.5
3154781 214835019 0.5
3154781 214600492 0.5
6531936 214849132 1
6531936 214849100 1
6531936 214712242 1
6531936 214712244 0.5
4901729 214838109 1
4901729 214573123 1
4901729 214538597 1
4901729 214725508 0.5
2311011 214831957 1
2311011 214829878 1
2311011 214831946 1
2311011 214829882 0.5
6081381 214848980 1
6081381 214848298 1
6081381 214848971 1
6081381 214846477 0.5
6081381 214565557 0.5
8686439 214853090 1
8686439 214851326 1
8686439 214853096 1
8686439 214853105 0.5
8686439 214835126 0.5
11154287 214857830 1
11154287 214854782 1
11154287 214859139 1
11154287 214680371 0.5
11154287 214835117 0.5
4511892 214716639 1
4511892 214839954 1
4511892 214820377 1
4511892 214695480 0.5
4511892 214836851 0.5
9014878 214852980 1
9014878 214853077 1
9014878 214853094 1
9014878 214852978 0.5
9945992 214849809 1
9945992 214848980 1
9945992 214853340 1
9945992 214848298 0.5
9945992 214678455 0.5
8287114 214851581 1
8287114 214851101 1
8287114 214850700 1
8287114 214851137 0.5
8287114 214850630 0.5
8287114 214846067 0.5
8287114 214851290 0.5
8287114 214851099 0.5
8287114 214851133 0.5
6588567 214743515 1
6588567 214684702 1
6588567 214849076 1
6588567 214700002 0.5
6588567 214848692 0.5
6588567 214578645 0.5
6588567 214848605 0.5
9390991 214850947 1
9390991 214853422 1
9390991 214853420 1
9390991 214850949 0.5
7998352 214848300 1
7998352 214820402 1
7998352 214846530 1
7998352 214800272 0.5
6945682 214848849 1
6945682 214849020 1
6945682 214848658 1
6945682 214643681 0.5
6945682 214849284 0.5
6945682 214848945 0.5
6945682 214848947 0.5
6945682 214849046 0.5
6945682 214849239 0.5
6945682 214848954 0.5
6945682 214848986 0.5
6945682 214849022 0.5
8625047 214849080 1
8625047 214573350 1
8625047 214849153 1
8625047 214843494 0.5
10310552 214854536 1
10310552 214854352 1
10310552 214854585 1
10310552 214854300 0.5
7574426 214846404 1
7574426 214850315 1
7574426 214850287 1
7574426 214850368 0.5
7574426 214849745 0.5
7574426 214850405 0.5
7574426 214850621 0.5
2046789 214748300 1
2046789 214829887 1
2046789 214819762 1
2046789 214557217 0.5
2046789 214836330 0.5
2046789 214743335 0.5
6595486 214854472 1
6595486 214691396 1
6595486 214691366 1
6595486 214849344 0.5
6208421 214849239 1
6208421 214826990 1
6208421 214667857 1
6208421 214848832 0.5
6208421 214848808 0.5
6208421 214846530 0.5
6208421 214827005 0.5
6208421 214577518 0.5
5587881 214846119 1
5587881 214846117 1
5587881 214845962 1
5587881 214849072 0.5
5587881 214845954 0.5
5587881 214845971 0.5
5587881 214832019 0.5
5587881 214845135 0.5
6447458 214848605 1
6447458 214848384 1
6447458 214848330 1
6447458 214848328 0.5
6447458 214848609 0.5
6447458 214850953 0.5
6447458 214848950 0.5
6447458 214846535 0.5
5546924 214845806 1
5546924 214839973 1
5546924 214845457 1
5546924 214601233 0.5
7011246 214848692 1
7011246 214848977 1
7011246 214848967 1
7011246 214849076 0.5
11349149 214854838 1
11349149 214853102 1
11349149 214864880 1
11349149 214854840 0.5
11349149 214854787 0.5
408499 214826608 1
408499 214821285 1
408499 214826702 1
408499 214821290 0.5
408499 214705119 0.5
2247604 214829878 1
2247604 214829882 1
2247604 214831946 1
2247604 214829885 0.5
4500408 214587712 1
4500408 214838102 1
4500408 214674658 1
4500408 214831944 0.5
10920889 214853460 1
10920889 214854787 1
10920889 214855153 1
10920889 214854860 0.5
4111294 214832147 1
4111294 214714663 1
4111294 214839943 1
4111294 214838102 0.5
4111294 214710062 0.5
4111294 214832015 0.5
9491394 214853263 1
9491394 214678376 1
9491394 214848926 1
9491394 214557313 0.5
9491394 214581761 0.5
9491394 214853128 0.5
9491394 214842382 0.5
9491394 214840483 0.5
9491394 214553257 0.5
9491394 214840235 0.5
9491394 214559660 0.5
9491394 214853165 0.5
9491394 214851759 0.5
9491394 214840757 0.5
9491394 214840760 0.5
9491394 214677830 0.5
9491394 214582200 0.5
9491394 214811739 0.5
9491394 214836947 0.5
9491394 214820443 0.5
9491394 214564320 0.5
9491394 214819640 0.5
9491394 214838503 0.5
9491394 214581611 0.5
9491394 214601197 0.5
9491394 214811758 0.5
9491394 214640893 0.5
9491394 214853115 0.5
9491394 214842365 0.5
10460099 214853113 1
10460099 214854536 1
10460099 214854300 1
10460099 214556212 0.5
10460099 214821397 0.5
10460099 214854510 0.5
10834887 214853100 1
10834887 214854782 1
10834887 214853362 1
10834887 214854840 0.5
10834887 214855016 0.5
5874199 214846415 1
5874199 214846425 1
5874199 214846389 1
5874199 214826904 0.5
5874199 214839587 0.5
5874199 214846412 0.5
5874199 214846127 0.5
5874199 214846479 0.5
10034122 214853698 1
10034122 214853700 1
10034122 214853767 1
10034122 214853730 0.5
10034122 214853702 0.5
10034122 214854152 0.5
10034122 214853707 0.5
10034122 214853430 0.5
10034122 214853722 0.5
127217 214826955 1
127217 214748295 1
127217 214826801 1
127217 214711408 0.5
11383758 214853347 1
11383758 214702905 1
11383758 214849742 1
11383758 214851009 0.5
11383758 214554707 0.5
11383758 214701309 0.5
11383758 214718158 0.5
11383758 214848335 0.5
7558097 214850315 1
7558097 214851587 1
7558097 214848613 1
7558097 214577450 0.5
7558097 214839962 0.5
7558097 214837494 0.5
11150299 214854853 1
11150299 214864880 1
11150299 214854840 1
11150299 214854733 0.5
10728417 214853105 1
10728417 214851326 1
10728417 214852980 1
10728417 214852978 0.5
10728417 214853094 0.5
95998 214842577 1
95998 214842435 1
95998 214843905 1
95998 214691396 0.5
95998 214829285 0.5
6937039 214826610 1
6937039 214667859 1
6937039 214849331 1
6937039 214849318 0.5
6937039 214845943 0.5
6937039 214849192 0.5
6937039 214849003 0.5
6937039 214665277 0.5
6937039 214849239 0.5
6937039 214695193 0.5
6937039 214834877 0.5
4686823 214831948 1
4686823 214826942 1
4686823 214842735 1
4686823 214836881 0.5
4686823 214845354 0.5
4686823 214838109 0.5
4686823 214832015 0.5
1561577 214829396 1
1561577 214826994 1
1561577 214826561 1
1561577 214826921 0.5
1561577 214695399 0.5
7633898 214850351 1
7633898 214849807 1
7633898 214835745 1
7633898 214848986 0.5
7633898 214835019 0.5
7633898 214718387 0.5
7633898 214744775 0.5
9358317 214850949 1
9358317 214853422 1
9358317 214850942 1
9358317 214850945 0.5
9358317 214853338 0.5
9358317 214850947 0.5
9358317 214853420 0.5
8233971 214853128 1
8233971 214853075 1
8233971 214853107 1
8233971 214849010 0.5
8233971 214853109 0.5
8233971 214851742 0.5
8233971 214853087 0.5
2599924 214538572 1
2599924 214702905 1
2599924 214538484 1
2599924 214836328 0.5
2599924 214701309 0.5
5663733 214846014 1
5663733 214673295 1
5663733 214838098 1
5663733 214819400 0.5
5663733 214831946 0.5
5663733 214832012 0.5
5663733 214717511 0.5
10804214 214854354 1
10804214 214853992 1
10804214 214709685 1
10804214 214557217 0.5
10804214 214853855 0.5
10804214 214854510 0.5
10804214 214849455 0.5
10324983 214854536 1
10324983 214853113 1
10324983 214854352 1
10324983 214820394 0.5
2645216 214829882 1
2645216 214829878 1
2645216 214829885 1
2645216 214829880 0.5
2645216 214835137 0.5
2444282 214829880 1
2444282 214831948 1
2444282 214831946 1
2444282 214574672 0.5
2444282 214696897 0.5
2444282 214574670 0.5
2444282 214512262 0.5
5634061 214850870 1
5634061 214850872 1
5634061 214820197 1
5634061 214748321 0.5
5634061 214844370 0.5
5634061 214844396 0.5
5634061 214821397 0.5
5634061 214844398 0.5
4499626 214836530 1
4499626 214821285 1
4499626 214829360 1
4499626 214711284 0.5
5113672 214845577 1
5113672 214845581 1
5113672 214845352 1
5113672 214684372 0.5
1898697 214829865 1
1898697 214829846 1
1898697 214832717 1
1898697 214832720 0.5
8251637 214716671 1
8251637 214684942 1
8251637 214851163 1
8251637 214848808 0.5
8251637 214851131 0.5
8251637 214851028 0.5
8251637 214848613 0.5
3189766 214800272 1
3189766 214748302 1
3189766 214587712 1
3189766 214558080 0.5
8520713 214851581 1
8520713 214851099 1
8520713 214753515 1
8520713 214851236 0.5
8520713 214851077 0.5
8520713 214716110 0.5
2817034 214826833 1
2817034 214828995 1
2817034 214842450 1
2817034 643078800 0.5
2817034 214835747 0.5
9157644 214851326 1
9157644 214853090 1
9157644 214853085 1
9157644 214853096 0.5
9157644 214844347 0.5
9157644 214848997 0.5
8836109 214835473 1
8836109 214665277 1
8836109 214849284 1
8836109 214851290 0.5
8836109 214707875 0.5
2215233 214821277 1
2215233 214821285 1
2215233 214832717 1
2215233 214820377 0.5
2215233 214717284 0.5
2215233 214553702 0.5
2215233 214829711 0.5
9856017 214687475 1
9856017 214854583 1
9856017 214684762 1
9856017 214694156 0.5
2886147 214551761 1
2886147 214538820 1
2886147 214531937 1
2886147 214551748 0.5
2313237 214829882 1
2313237 214829878 1
2313237 214831946 1
2313237 214831965 0.5
3873814 214838137 1
3873814 214573350 1
3873814 214829765 1
3873814 214839600 0.5
3873814 214829769 0.5
3873814 214745317 0.5
3873814 214836870 0.5
5493936 214844372 1
5493936 214844400 1
5493936 214844370 1
5493936 214829799 0.5
5493936 214558258 0.5
5493936 214826990 0.5
5493936 214846447 0.5
5493936 214820402 0.5
5493936 214844340 0.5
5493936 214844345 0.5
6407003 214848613 1
6407003 214848808 1
6407003 214848851 1
6407003 214848832 0.5
6407003 214558192 0.5
6407003 214571188 0.5
6407003 214684942 0.5
11174952 214854815 1
11174952 214854857 1
11174952 214854819 1
11174952 214853855 0.5
6618154 214849331 1
6618154 214849275 1
6618154 214849284 1
6618154 214849312 0.5
6618154 214667857 0.5
6618154 214826610 0.5
6618154 214849123 0.5
10630187 214851326 1
10630187 214853248 1
10630187 214853094 1
10630187 214854585 0.5
10630187 214853077 0.5
10630187 214698446 0.5
1799213 214829878 1
1799213 214826563 1
1799213 214832555 1
1799213 214829660 0.5
4523061 214587317 1
4523061 214716752 1
4523061 214829885 1
4523061 214587712 0.5
4523061 214835747 0.5
4523061 214602598 0.5
4523061 214687847 0.5
4523061 214711657 0.5
4523061 214832145 0.5
4523061 214601233 0.5
4523061 214829882 0.5
4523061 214612730 0.5
10552379 214854268 1
10552379 214854264 1
10552379 214853846 1
10552379 214854555 0.5
10552379 214854148 0.5
10552379 214837288 0.5
10552379 214567215 0.5
10552379 214684785 0.5
10552379 214853726 0.5
10552379 214854358 0.5
10552379 214850938 0.5
10552379 214854491 0.5
10552379 214853852 0.5
10552379 214854174 0.5
10552379 214853855 0.5
4600893 214829790 1
4600893 214826942 1
4600893 214632146 1
4600893 214541582 0.5
4600893 214532942 0.5
11072577 214851326 1
11072577 214853090 1
11072577 214852978 1
11072577 214853094 0.5
7154757 214850938 1
7154757 214850855 1
7154757 214849363 1
7154757 214846112 0.5
7154757 214850743 0.5
3427579 214842459 1
3427579 214836530 1
3427579 214829280 1
3427579 214601233 0.5
3427579 214844439 0.5
10465474 214854300 1
10465474 214854527 1
10465474 214686864 1
10465474 214848658 0.5
10465474 214686879 0.5
8176716 214716671 1
8176716 214828970 1
8176716 214580424 1
8176716 214717817 0.5
8176716 214573820 0.5
209997 214819376 1
209997 214826837 1
209997 214821300 1
209997 214744775 0.5
209997 214509135 0.5
6034511 214846460 1
6034511 214846067 1
6034511 214846425 1
6034511 214846472 0.5
6034511 214821032 0.5
6034511 214846419 0.5
6034511 214846421 0.5
6034511 214832023 0.5
6034511 214717850 0.5
1380987 214821399 1
1380987 214706216 1
1380987 214701212 1
1380987 214569716 0.5
7672917 214850936 1
7672917 214850771 1
7672917 214850743 1
7672917 214753505 0.5
7672917 214743339 0.5
7672917 214850756 0.5
7672917 214821032 0.5
7672917 214569707 0.5
7672917 214677615 0.5
7672917 214642100 0.5
7672917 214684502 0.5
7672917 214573305 0.5
8033367 214851581 1
8033367 214851322 1
8033367 214848658 1
8033367 214851242 0.5
1228854 214711297 1
1228854 214837483 1
1228854 214820392 1
1228854 214837442 0.5
1228854 214837485 0.5
1228854 214837487 0.5
9010271 214836536 1
9010271 214853758 1
9010271 214851232 1
9010271 214851290 0.5
9010271 214853177 0.5
9010271 214644690 0.5
9010271 214847460 0.5
9010271 214853173 0.5
2583648 214829882 1
2583648 214829887 1
2583648 214829878 1
2583648 214831948 0.5
3904016 214836932 1
3904016 214826990 1
3904016 214836947 1
3904016 214835109 0.5
5686371 214844372 1
5686371 214844398 1
5686371 214844396 1
5686371 214845984 0.5
5323876 214844396 1
5323876 214585644 1
5323876 214845583 1
5323876 214561496 0.5
5323876 214535985 0.5
5323876 214819762 0.5
9454884 214853420 1
9454884 214853454 1
9454884 214850947 1
9454884 214850949 0.5
1956229 214829852 1
1956229 214829850 1
1956229 214826623 1
1956229 214667970 0.5
1956229 214687565 0.5
1956229 214717247 0.5
6966119 214850615 1
6966119 214849228 1
6966119 214849762 1
6966119 214848954 0.5
9477229 214850945 1
9477229 214853420 1
9477229 214853422 1
9477229 214850947 0.5
4336753 214839962 1
4336753 214831944 1
4336753 214714757 1
4336753 214838096 0.5
4336753 214845129 0.5
4336753 214581690 0.5
4336753 214839965 0.5
5583989 214717397 1
5583989 214687845 1
5583989 214844355 1
5583989 214846067 0.5
5583989 214839587 0.5
5583989 214537541 0.5
5583989 214706102 0.5
10632041 214854549 1
10632041 214567333 1
10632041 214567327 1
10632041 214854545 0.5
5565972 214845587 1
5565972 214844345 1
5565972 214835109 1
5565972 214844347 0.5
5565972 214844340 0.5
1443007 214829396 1
1443007 214826610 1
1443007 214834880 1
1443007 214833755 0.5
9726508 214853422 1
9726508 214853420 1
9726508 214850947 1
9726508 214853722 0.5
9726508 214850949 0.5
4660363 214551607 1
4660363 214829880 1
4660363 214826715 1
4660363 214612738 0.5
4660363 214533022 0.5
4660363 214829887 0.5
9192589 214853096 1
9192589 214853105 1
9192589 214853162 1
9192589 214853085 0.5
3151086 214826938 1
3151086 214829771 1
3151086 214836795 1
3151086 214613741 0.5
3151086 214595150 0.5
9371414 214850942 1
9371414 214850949 1
9371414 214849250 1
9371414 214854017 0.5
9371414 214850700 0.5
9371414 214826623 0.5
8973459 214716714 1
8973459 214684942 1
8973459 214851163 1
8973459 214716671 0.5
8973459 214851131 0.5
8973459 214851579 0.5
2774171 214835747 1
2774171 214835745 1
2774171 214587697 1
2774171 214835017 0.5
8215709 214851290 1
8215709 214564380 1
8215709 214851232 1
8215709 214556025 0.5
8215709 214851585 0.5
4695203 214839915 1
4695203 214845129 1
4695203 214838098 1
4695203 214843449 0.5
4695203 214821401 0.5
4695203 214829775 0.5
1733796 214829366 1
1733796 214834880 1
1733796 214829657 1
1733796 214829385 0.5
1733796 214835002 0.5
1733796 214744779 0.5
1733796 214829660 0.5
1733796 214748319 0.5
2815141 214837918 1
2815141 214834867 1
2815141 214826565 1
2815141 214837916 0.5
3105958 214829880 1
3105958 214829882 1
3105958 214829887 1
3105958 214821326 0.5
6241447 214829765 1
6241447 214844400 1
6241447 214839975 1
6241447 214839752 0.5
6241447 214844372 0.5
6241447 214850957 0.5
6241447 214826990 0.5
6241447 214848622 0.5
5839388 214849010 1
5839388 214829739 1
5839388 214845135 1
5839388 214680360 0.5
2626733 214829880 1
2626733 214831946 1
2626733 214829882 1
2626733 214829878 0.5
2626733 214831957 0.5
2626733 214831950 0.5
2626733 214829887 0.5
9338031 214853422 1
9338031 214853420 1
9338031 214850942 1
9338031 214846033 0.5
9338031 214831948 0.5
9338031 214829878 0.5
7083184 214849740 1
7083184 214849757 1
7083184 214849762 1
7083184 214850282 0.5
7083184 214844396 0.5
2606257 214829882 1
2606257 214829878 1
2606257 214829880 1
2606257 214831946 0.5
7755977 214844456 1
7755977 214717288 1
7755977 214551626 1
7755977 214533022 0.5
7935161 214845131 1
7935161 214846333 1
7935161 214846344 1
7935161 214839600 0.5
7935161 214849001 0.5
7935161 214849466 0.5
7935161 214717286 0.5
7935161 214557009 0.5
10230971 214567333 1
10230971 214567215 1
10230971 214854354 1
10230971 214854358 0.5
10230971 214684785 0.5
10230971 214854536 0.5
10230971 214853930 0.5
10230971 214854545 0.5
10230971 214854547 0.5
10230971 214854549 0.5
10230971 214837494 0.5
10230971 214684762 0.5
10230971 214853855 0.5
10230971 214854268 0.5
10230971 214853726 0.5
10230971 214854495 0.5
7359679 214850282 1
7359679 214850295 1
7359679 214850304 1
7359679 214846033 0.5
7359679 214845980 0.5
7359679 214846012 0.5
7359679 214849076 0.5
4988097 214844439 1
4988097 214844394 1
4988097 214821309 1
4988097 214844458 0.5
2190532 214826979 1
2190532 214826874 1
2190532 214791635 1
2190532 214834880 0.5
2190532 214826610 0.5
2190532 214811758 0.5
10591777 214854352 1
10591777 214854577 1
10591777 214559960 1
10591777 214854345 0.5
10591777 214839172 0.5
4078792 214836512 1
4078792 214553700 1
4078792 214748310 1
4078792 214839973 0.5
4078792 214710152 0.5
4078792 214820402 0.5
4078792 214832015 0.5
4078792 214820400 0.5
4078792 214836881 0.5
4078792 214602802 0.5
4078792 214838102 0.5
4078792 214839932 0.5
9741513 214853347 1
9741513 214850949 1
9741513 214850947 1
9741513 214853154 0.5
9741513 214853156 0.5
9741513 214853158 0.5
9856696 214853700 1
9856696 214853767 1
9856696 214853702 1
9856696 214848688 0.5
9856696 214853707 0.5
664782 214826615 1
664782 214839600 1
664782 214819430 1
664782 214821401 0.5
664782 214826619 0.5
10115961 214854352 1
10115961 214716645 1
10115961 214854298 1
10115961 214846530 0.5
10115961 214839587 0.5
10115961 214800262 0.5
10115961 214687847 0.5
10115961 214555500 0.5
10115961 214577450 0.5
10115961 214744779 0.5
10115961 214854540 0.5
10115961 214853709 0.5
10115961 214826670 0.5
10115961 214849455 0.5
10115961 214710097 0.5
10115961 214748334 0.5
10115961 214706102 0.5
10115961 214820345 0.5
10115961 214853722 0.5
10115961 214850940 0.5
10115961 214820394 0.5
10115961 214573310 0.5
8713432 214725508 1
8713432 214667859 1
8713432 214853128 1
8713432 214851585 0.5
8713432 214853130 0.5
11496668 214854855 1
11496668 214857568 1
11496668 214857570 1
11496668 214714755 0.5
11496668 214857260 0.5
11496668 214850735 0.5
11496668 214848658 0.5
11496668 214854819 0.5
11496668 214854842 0.5
11496668 214854815 0.5
5434589 214844402 1
5434589 214844372 1
5434589 214832150 1
5434589 214819468 0.5
5434589 214836868 0.5
5434589 214836932 0.5
5434589 214844345 0.5
6814944 214641967 1
6814944 214576890 1
6814944 214848335 1
6814944 214847968 0.5
6814944 214848641 0.5
6814944 214560615 0.5
6814944 214697096 0.5
6814944 214849389 0.5
6814944 214849297 0.5
6814944 214558258 0.5
6814944 214820210 0.5
10431713 214854577 1
10431713 214854352 1
10431713 214854536 1
10431713 214853113 0.5
10431713 214854354 0.5
10431713 214850739 0.5
10431713 214853855 0.5
7650531 214850938 1
7650531 214849363 1
7650531 214845958 1
7650531 214850936 0.5
7584998 214850938 1
7584998 214850771 1
7584998 214850743 1
7584998 214849052 0.5
4091111 214838102 1
4091111 214838096 1
4091111 214829887 1
4091111 214847968 0.5
4091111 214831944 0.5
4091111 214553700 0.5
4091111 214838105 0.5
9450728 214853420 1
9450728 214850945 1
9450728 214711307 1
9450728 214846033 0.5
9450728 214831946 0.5
9450728 214850949 0.5
8453353 214850422 1
8453353 214836830 1
8453353 214849155 1
8453353 214700437 0.5
10320632 214716984 1
10320632 214716986 1
10320632 214855183 1
10320632 214716982 0.5
6290671 214848656 1
6290671 214848337 1
6290671 214848380 1
6290671 214834880 0.5
6290671 214676962 0.5
6290671 214840421 0.5
5119219 214839956 1
5119219 214829730 1
5119219 214716639 1
5119219 214839977 0.5
7892213 214850758 1
7892213 214850771 1
7892213 214651777 1
7892213 214676375 0.5
9330841 214853420 1
9330841 214850942 1
9330841 214853422 1
9330841 214850947 0.5
9330841 214850949 0.5
10231036 214684785 1
10231036 214567327 1
10231036 214567333 1
10231036 214854262 0.5
10231036 214854510 0.5
10231036 214854358 0.5
10231036 214854549 0.5
8589866 214851077 1
8589866 214853184 1
8589866 214846333 1
8589866 214557009 0.5
1406206 214551926 1
1406206 214834877 1
1406206 214835021 1
1406206 214509000 0.5
1406206 214833755 0.5
1406206 214829387 0.5
1406206 214829396 0.5
7601409 214851587 1
7601409 214851234 1
7601409 214716746 1
7601409 214851080 0.5
7601409 214851073 0.5
7601409 214848851 0.5
7601409 214716654 0.5
7601409 214851161 0.5
8158469 214850700 1
8158469 214848602 1
8158469 214573350 1
8158469 214820345 0.5
8158469 214851099 0.5
1578247 214833755 1
1578247 214834877 1
1578247 214821410 1
1578247 214829387 0.5
263433 214716973 1
263433 214716928 1
263433 214716984 1
263433 214840417 0.5
263433 214832559 0.5
2645961 214831946 1
2645961 214712235 1
2645961 214829878 1
2645961 214581489 0.5
2645961 214819770 0.5
2645961 214602605 0.5
10267916 214854352 1
10267916 214854354 1
10267916 214854536 1
10267916 214853113 0.5
10267916 214853244 0.5
10169307 214854172 1
10169307 214853992 1
10169307 214854118 1
10169307 214854146 0.5
10169307 214557223 0.5
10169307 214850760 0.5
10169307 214853707 0.5
10169307 214853996 0.5
10169307 214854152 0.5
10169307 214854547 0.5
10169307 214854165 0.5
10169307 214684785 0.5
8013071 214849734 1
8013071 214846415 1
8013071 214846479 1
8013071 214846412 0.5
8013071 214556942 0.5
8013071 214844398 0.5
8013071 214820807 0.5
7593232 214685049 1
7593232 214851587 1
7593232 214851097 1
7593232 214850771 0.5
7593232 214567419 0.5
1533144 214834871 1
1533144 214834869 1
1533144 214828965 1
1533144 214710152 0.5
977557 214748336 1
977557 214819721 1
977557 214705370 1
977557 214837485 0.5
977557 214684046 0.5
9383189 214853420 1
9383189 214850700 1
9383189 214853379 1
9383189 214850945 0.5
9383189 214853722 0.5
9383189 214850947 0.5
9383189 214853428 0.5
9383189 214853702 0.5
11024601 214854780 1
11024601 214854804 1
11024601 214854699 1
11024601 214854682 0.5
11024601 214712242 0.5
10366232 214854300 1
10366232 214854579 1
10366232 214849464 1
10366232 214853244 0.5
6287236 214848980 1
6287236 214848982 1
6287236 214848622 1
6287236 214848832 0.5
6287236 214848658 0.5
6287236 214514267 0.5
6287236 214848950 0.5
3603741 214826990 1
3603741 214573357 1
3603741 214651517 1
3603741 214821410 0.5
3603741 214835109 0.5
3603741 214717286 0.5
3603741 214557009 0.5
3603741 214746382 0.5
3603741 214677615 0.5
3603741 214839600 0.5
3603741 214601233 0.5
3603741 214838137 0.5
3603741 214821017 0.5
3603741 214828985 0.5
3603741 214827007 0.5
9635102 214853865 1
9635102 214853715 1
9635102 214854159 1
9635102 214837442 0.5
9635102 214832619 0.5
9635102 214854165 0.5
9635102 214854118 0.5
7775524 214850850 1
7775524 214819766 1
7775524 214716932 1
7775524 214716930 0.5
7775524 214716935 0.5
916783 214840483 1
916783 214748300 1
916783 214753507 1
916783 214753505 0.5
916783 214837485 0.5
916783 214613705 0.5
7942149 214850771 1
7942149 214850758 1
7942149 214561775 1
7942149 214850555 0.5
7942149 214850743 0.5
10547764 214684785 1
10547764 214567329 1
10547764 214567333 1
10547764 214684762 0.5
10547764 214854358 0.5
5485884 214835428 1
5485884 214835426 1
5485884 214835064 1
5485884 214826949 0.5
5295429 214844332 1
5295429 214845583 1
5295429 214827002 1
5295429 214586469 0.5
5295429 214819721 0.5
5295429 214836330 0.5
5295429 214753515 0.5
5295429 214557009 0.5
5295429 214836050 0.5
5295429 214836084 0.5
5295429 214844342 0.5
5295429 214836568 0.5
5295429 214844340 0.5
5295429 214836575 0.5
7832903 214850295 1
7832903 214850282 1
7832903 214850304 1
7832903 214846033 0.5
7832903 214838107 0.5
7832903 214829878 0.5
10116427 214853722 1
10116427 214854298 1
10116427 214853435 1
10116427 214854176 0.5
10116427 214853698 0.5
10116427 214853702 0.5
10116427 214850743 0.5
7589199 214835019 1
7589199 214844398 1
7589199 214677615 1
7589199 214850552 0.5
7589199 214587697 0.5
4320593 214839969 1
4320593 214845131 1
4320593 214587317 1
4320593 214602598 0.5
4320593 214839975 0.5
1670483 214834877 1
1670483 214834880 1
1670483 214826610 1
1670483 214833755 0.5
204119 214551630 1
204119 214533026 1
204119 214716986 1
204119 214612706 0.5
7366188 214850936 1
7366188 214676306 1
7366188 214675895 1
7366188 214821024 0.5
7366188 214851011 0.5
7366188 214850756 0.5
7366188 214850765 0.5
4910427 214832156 1
4910427 214837288 1
4910427 214836956 1
4910427 214826833 0.5
4910427 214746380 0.5
4910427 214839311 0.5
8942943 214853090 1
8942943 214853094 1
8942943 214851326 1
8942943 214853248 0.5
8942943 214853085 0.5
849249 214826891 1
849249 214826829 1
849249 214821298 1
849249 214709634 0.5
515302 214826700 1
515302 214826927 1
515302 214583947 1
515302 214820235 0.5
515302 214819382 0.5
515302 214826702 0.5
515302 214556861 0.5
9248104 214849010 1
9248104 214845962 1
9248104 214853165 1
9248104 214853128 0.5
9248104 214853096 0.5
9248104 214851748 0.5
9248104 214851742 0.5
2272619 214829887 1
2272619 214829878 1
2272619 214829882 1
2272619 214829885 0.5
4476272 214838105 1
4476272 214829887 1
4476272 214838098 1
4476272 214838107 0.5
2667889 214829878 1
2667889 214831946 1
2667889 214829887 1
2667889 214705155 0.5
1086834 214826803 1
1086834 214826705 1
1086834 214821285 1
1086834 214826810 0.5
1086834 214587695 0.5
3487092 214836851 1
3487092 214829012 1
3487092 214836830 1
3487092 214819762 0.5
3487092 214687685 0.5
3487092 214836534 0.5
3487092 214836885 0.5
10882422 214853100 1
10882422 214864880 1
10882422 214855016 1
10882422 214854860 0.5
2653561 214844394 1
2653561 214844447 1
2653561 214844445 1
2653561 214820261 0.5
2653561 214551624 0.5
2653561 214844458 0.5
2653561 214844439 0.5
2653561 214844441 0.5
2653561 214844443 0.5
2653561 214533022 0.5
5297537 214835012 1
5297537 214835426 1
5297537 214836924 1
5297537 214844347 0.5
5297537 214836932 0.5
5297537 214829765 0.5
5297537 214835167 0.5
5767167 214846031 1
5767167 214820443 1
5767167 214846012 1
5767167 214845984 0.5
9435867 214853420 1
9435867 214850947 1
9435867 214850942 1
9435867 214839913 0.5
5929758 214846415 1
5929758 214839587 1
5929758 214831955 1
5929758 214848695 0.5
5929758 214829280 0.5
5929758 214586743 0.5
5929758 214839973 0.5
5929758 214743335 0.5
5929758 214563337 0.5
5929758 214836330 0.5
5929758 214684843 0.5
5929758 214717522 0.5
5929758 214835017 0.5
5929758 214844413 0.5
5929758 214819760 0.5
5929758 214819762 0.5
5929758 214846067 0.5
5929758 214556212 0.5
5929758 214845806 0.5
5929758 214846007 0.5
5929758 214717850 0.5
5929758 214829850 0.5
5929758 214846014 0.5
5929758 214711657 0.5
9014673 214851238 1
9014673 214851131 1
9014673 214851163 1
9014673 214851581 0.5
9014673 214716671 0.5
5969298 214845962 1
5969298 214846119 1
5969298 214849010 1
5969298 214676377 0.5
5969298 214846318 0.5
2480416 214829878 1
2480416 214748338 1
2480416 214748300 1
2480416 214753513 0.5
2480416 214819468 0.5
2480416 214840798 0.5
2645399 214829878 1
2645399 214829887 1
2645399 214835165 1
2645399 214744528 0.5
2645399 214714757 0.5
9008281 214844462 1
9008281 214844394 1
9008281 214648470 1
9008281 214557043 0.5
577604 214839313 1
577604 214826998 1
577604 214821339 1
577604 214827026 0.5
577604 214717562 0.5
577604 214826615 0.5
8574364 214851161 1
8574364 214851080 1
8574364 214851587 1
8574364 214851317 0.5
5315074 214835473 1
5315074 214835428 1
5315074 214835426 1
5315074 214601233 0.5
3540117 214684702 1
3540117 214743515 1
3540117 214684715 1
3540117 214835120 0.5
3540117 214680369 0.5
3540117 214700002 0.5
3540117 214717507 0.5
3540117 214712237 0.5
1273252 214840775 1
1273252 214535051 1
1273252 214717427 1
1273252 214842568 0.5
1273252 214840779 0.5
10790311 214714755 1
10790311 214854581 1
10790311 214854583 1
10790311 214854840 0.5
10790311 214839313 0.5
10790311 214854782 0.5
10790311 214854230 0.5
10790311 214854495 0.5
6391209 214848682 1
6391209 214848701 1
6391209 214848596 1
6391209 214848656 0.5
6391209 214835167 0.5
3923381 214821277 1
3923381 214821285 1
3923381 214820938 1
3923381 214826713 0.5
3923381 214829102 0.5
9971126 214567333 1
9971126 214854510 1
9971126 214687475 1
9971126 214854262 0.5
6394303 214846031 1
6394303 214839973 1
6394303 214844398 1
6394303 214846530 0.5
6394303 214844396 0.5
6394303 214848947 0.5
6394303 214849046 0.5
6394303 214849239 0.5
6394303 214561402 0.5
10137019 214854268 1
10137019 214854264 1
10137019 214567333 1
10137019 214845958 0.5
8624382 214853259 1
8624382 214853212 1
8624382 214851759 1
8624382 214853096 0.5
5951004 214846014 1
5951004 214836519 1
5951004 214836506 1
5951004 214846029 0.5
10966261 214853100 1
10966261 214854853 1
10966261 214853700 1
10966261 214854840 0.5
9256719 214853422 1
9256719 214853424 1
9256719 214853454 1
9256719 214853420 0.5
4115908 214838109 1
4115908 214839592 1
4115908 214839937 1
4115908 214826737 0.5
4115908 214645595 0.5
5324232 214844402 1
5324232 214844396 1
5324232 214844368 1
5324232 214640012 0.5
5324232 214845412 0.5
2718284 214708374 1
2718284 214537059 1
2718284 214716988 1
2718284 214748327 0.5
1029581 214826610 1
1029581 214834880 1
1029581 214821412 1
1029581 214821320 0.5
1029581 214718210 0.5
1029581 214829387 0.5
8046034 214849018 1
8046034 214564380 1
8046034 214851101 1
8046034 214851290 0.5
8046034 214844347 0.5
8046034 214844342 0.5
7259603 214564382 1
7259603 214850720 1
7259603 214850936 1
7259603 214850848 0.5
5420502 214844370 1
5420502 214844372 1
5420502 214602733 1
5420502 214838225 0.5
5420502 214844396 0.5
5420502 214835070 0.5
501208 214826908 1
501208 214826625 1
501208 214826998 1
501208 214826872 0.5
501208 214821300 0.5
501208 214717562 0.5
501208 214826876 0.5
501208 214664919 0.5
9999837 214853702 1
9999837 214853730 1
9999837 214853698 1
9999837 214854298 0.5
9999837 214854527 0.5
9999837 214854540 0.5
9999837 214706102 0.5
9999837 214853767 0.5
10651106 214853454 1
10651106 214567327 1
10651106 214853732 1
10651106 214640353 0.5
10651106 214567333 0.5
10651106 214853735 0.5
10651106 214848300 0.5
10651106 214684785 0.5
10651106 214854262 0.5
10651106 214848185 0.5
10651106 214853887 0.5
4464102 214609325 1
4464102 214834867 1
4464102 214829799 1
4464102 214600492 0.5
4464102 214602598 0.5
4158954 214836924 1
4158954 214835167 1
4158954 214829765 1
4158954 214748312 0.5
4158954 214585554 0.5
4158954 214676019 0.5
4158954 214836932 0.5
4158954 214835109 0.5
9384792 214853702 1
9384792 214853700 1
9384792 214853730 1
9384792 214853698 0.5
9384792 214853707 0.5
9384792 214850942 0.5
9384792 214853454 0.5
9384792 214853767 0.5
6405374 214840584 1
6405374 214848622 1
6405374 214848950 1
6405374 214819777 0.5
6405374 214717410 0.5
6405374 214846470 0.5
6405374 214718182 0.5
6405374 214561775 0.5
6405374 214846065 0.5
1179127 214828980 1
1179127 214829008 1
1179127 214829100 1
1179127 214821388 0.5
7639598 214850758 1
7639598 214850765 1
7639598 214850552 1
7639598 214850754 0.5
8379906 214852978 1
8379906 214853094 1
8379906 214852980 1
8379906 214819772 0.5
8379906 214853077 0.5
6576043 214848849 1
6576043 214684108 1
6576043 214850396 1
6576043 214848945 0.5
6576043 214850615 0.5
4916741 214837280 1
4916741 214838092 1
4916741 214836956 1
4916741 214832156 0.5
4916741 214684372 0.5
8635913 214853090 1
8635913 214853248 1
8635913 214851326 1
8635913 214853077 0.5
6614541 214585676 1
6614541 214848330 1
6614541 214849275 1
6614541 214848328 0.5
6614541 214848613 0.5
6614541 214826990 0.5
6139407 214717307 1
6139407 214820377 1
6139407 214532107 1
6139407 214587560 0.5
6139407 214613915 0.5
6139407 214835940 0.5
10637559 214853081 1
10637559 214854716 1
10637559 214851757 1
10637559 214710013 0.5
10637559 214853079 0.5
5896428 214846412 1
5896428 214846427 1
5896428 214848322 1
5896428 214846423 0.5
8936979 214853096 1
8936979 214853085 1
8936979 214853105 1
8936979 214852980 0.5
9136288 214853242 1
9136288 214853222 1
9136288 214853132 1
9136288 214853186 0.5
9136288 214851131 0.5
9136288 214853225 0.5
9136288 214851579 0.5
9136288 214853237 0.5
9136288 214851163 0.5
9136288 214853182 0.5
9136288 214716671 0.5
6540827 214848656 1
6540827 214848630 1
6540827 214845585 1
6540827 214602740 0.5
8943132 214846254 1
8943132 214716577 1
8943132 214850758 1
8943132 214686857 0.5
8943132 214717097 0.5
8943132 214648537 0.5
8943132 214674647 0.5
727301 214837487 1
727301 214837490 1
727301 214837442 1
727301 214837483 0.5
5789216 214695695 1
5789216 214711307 1
5789216 214712237 1
5789216 214832154 0.5
5789216 214700002 0.5
5789216 214575763 0.5
5789216 214826893 0.5
5789216 214743515 0.5
8828449 214851750 1
8828449 214853210 1
8828449 214853242 1
8828449 214853237 0.5
4345379 214829070 1
4345379 214632146 1
4345379 214829885 1
4345379 214829790 0.5
6383107 214848337 1
6383107 214848380 1
6383107 214848330 1
6383107 214848328 0.5
6383107 214821410 0.5
6383107 214846535 0.5
7050253 214849738 1
7050253 214849757 1
7050253 214846333 1
7050253 214849736 0.5
7505842 214716928 1
7505842 214716937 1
7505842 214846033 1
7505842 214829878 0.5
7505842 214716982 0.5
7505842 214846031 0.5
2002481 214832717 1
2002481 214829707 1
2002481 214829711 1
2002481 214832773 0.5
8830517 214695399 1
8830517 214845583 1
8830517 214845585 1
8830517 214851581 0.5
8830517 214846333 0.5
9014839 214851150 1
9014839 214851294 1
9014839 214845954 1
9014839 214700992 0.5
9014839 214829765 0.5
5475897 214844400 1
5475897 214844372 1
5475897 214844370 1
5475897 214601233 0.5
5475897 214835426 0.5
5475897 214844398 0.5
5475897 214835473 0.5
5416507 214844355 1
5416507 214844396 1
5416507 214844402 1
5416507 214835426 0.5
6583868 214848845 1
6583868 214835167 1
6583868 214848384 1
6583868 214711205 0.5
8719942 214853109 1
8719942 214678387 1
8719942 214853111 1
8719942 214853169 0.5
8719942 214581611 0.5
8719942 214811758 0.5
8719942 214677830 0.5
6420039 214836519 1
6420039 214848371 1
6420039 214848375 1
6420039 214829392 0.5
6420039 214848851 0.5
8697417 214851326 1
8697417 214853090 1
8697417 214853248 1
8697417 214853094 0.5
8514687 214851317 1
8514687 214851028 1
8514687 214851581 1
8514687 214851080 0.5
8514687 214716746 0.5
8514687 214691390 0.5
8514687 214851167 0.5
8148556 214850630 1
8148556 214851290 1
8148556 214851133 1
8148556 214851099 0.5
8148556 214748334 0.5
5451053 214829887 1
5451053 214831955 1
5451053 214819627 1
5451053 214629354 0.5
7331412 214845943 1
7331412 214710090 1
7331412 214531322 1
7331412 214849245 0.5
7331412 214565535 0.5
6825558 214848641 1
6825558 214848335 1
6825558 214819612 1
6825558 214835002 0.5
6825558 214821397 0.5
6168152 214848298 1
6168152 214848300 1
6168152 214848305 1
6168152 214846033 0.5
6168152 214846014 0.5
9047642 214852980 1
9047642 214853077 1
9047642 214850720 1
9047642 214819577 0.5
9047642 214564382 0.5
9047642 214853094 0.5
6770267 214838107 1
6770267 214846127 1
6770267 214836043 1
6770267 214532107 0.5
6770267 214585676 0.5
6770267 214850285 0.5
6770267 214846031 0.5
6770267 214848658 0.5
6770267 214850677 0.5
6770267 214849046 0.5
6770267 214845943 0.5
6770267 214829880 0.5
6770267 214849022 0.5
5252702 214845965 1
5252702 214832019 1
5252702 214846119 1
5252702 214581761 0.5
5252702 214845954 0.5
5252702 214821382 0.5
5252702 214846312 0.5
5252702 214553257 0.5
5252702 214845962 0.5
5252702 214845135 0.5
5252702 214849010 0.5
3886693 214587697 1
3886693 214826565 1
3886693 214829657 1
3886693 214819760 0.5
3886693 214838225 0.5
3886693 214819762 0.5
3886693 214835002 0.5
4296294 214839639 1
4296294 214829102 1
4296294 214845131 1
4296294 214838105 0.5
2940521 214831946 1
2940521 214831950 1
2940521 214829885 1
2940521 214829880 0.5
10104426 214853728 1
10104426 214854174 1
10104426 214853735 1
10104426 214835120 0.5
10104426 214716977 0.5
10104426 214835117 0.5
10104426 214854495 0.5
4032107 214826942 1
4032107 214839596 1
4032107 214632146 1
4032107 214831944 0.5
4032107 214831942 0.5
6248044 214846530 1
6248044 214844398 1
6248044 214846372 1
6248044 214845806 0.5
10438258 214854536 1
10438258 214854352 1
10438258 214854579 1
10438258 214853113 0.5
10438258 214854354 0.5
10438258 214854300 0.5
10438258 214819577 0.5
636534 214821302 1
636534 214821309 1
636534 214821305 1
636534 214821341 0.5
2860663 214835019 1
2860663 214835017 1
2860663 214834867 1
2860663 214601218 0.5
3397567 214832124 1
3397567 214832115 1
3397567 214836847 1
3397567 214836823 0.5
3030656 214686082 1
3030656 214826983 1
3030656 214834867 1
3030656 214826829 0.5
4559138 214829730 1
4559138 214839973 1
4559138 214839962 1
4559138 214839960 0.5
4559138 214587712 0.5
6983308 214714794 1
6983308 214848371 1
6983308 214848375 1
6983308 214848832 0.5
6983308 214848851 0.5
6983308 214848613 0.5
7740737 214850282 1
7740737 214850304 1
7740737 214845986 1
7740737 214850285 0.5
7740737 214849031 0.5
9855939 214853707 1
9855939 214853379 1
9855939 214853698 1
9855939 214853248 0.5
9855939 214850945 0.5
9855939 214829797 0.5
9855939 214853096 0.5
9855939 214853130 0.5
9855939 214849389 0.5
9855939 214848695 0.5
6471753 214848977 1
6471753 214848795 1
6471753 214848967 1
6471753 214849070 0.5
1902234 214832717 1
1902234 214829705 1
1902234 214828995 1
1902234 214821285 0.5
1902234 214826711 0.5
3082294 214846271 1
3082294 214834867 1
3082294 214835019 1
3082294 214832792 0.5
3082294 214602600 0.5
5619359 214845962 1
5619359 214845954 1
5619359 214846119 1
5619359 214849072 0.5
5619359 214846318 0.5
7184036 214849284 1
7184036 214665277 1
7184036 214587317 1
7184036 214828985 0.5
7184036 214850758 0.5
7184036 214850743 0.5
2471592 214536189 1
2471592 643078800 1
2471592 214554982 1
2471592 214676962 0.5
2471592 214553257 0.5
2471592 214811758 0.5
2471592 214536185 0.5
2471592 214718169 0.5
2471592 214536187 0.5
2471592 214549277 0.5
8527531 214853252 1
8527531 214537490 1
8527531 214774685 1
8527531 214836827 0.5
8527531 214601027 0.5
8527531 214534693 0.5
11161202 214854547 1
11161202 214854352 1
11161202 214854540 1
11161202 214555500 0.5
11161202 214861895 0.5
1040397 214748291 1
1040397 214821307 1
1040397 214840483 1
1040397 214753507 0.5
1040397 214821302 0.5
10392603 214854358 1
10392603 214567333 1
10392603 214853732 1
10392603 214854300 0.5
10392603 214854510 0.5
10392603 214567327 0.5
4623263 214587712 1
4623263 214835017 1
4623263 214836830 1
4623263 214554431 0.5
4623263 214839973 0.5
4623263 214831959 0.5
9078457 214853192 1
9078457 214853242 1
9078457 214853132 1
9078457 214853225 0.5
9078457 214852978 0.5
9078457 214853227 0.5
9078457 214853237 0.5
9078457 214853135 0.5
7214778 214849736 1
7214778 214849738 1
7214778 214849762 1
7214778 214849757 0.5
4615867 214835015 1
4615867 214684702 1
4615867 214821020 1
4615867 214718216 0.5
4615867 214691576 0.5
4615867 214832557 0.5
4615867 214827015 0.5
3503809 214835137 1
3503809 214836827 1
3503809 214821315 1
3503809 214551607 0.5
2289611 214844454 1
2289611 214821309 1
2289611 214551607 1
2289611 214612706 0.5
2289611 214820263 0.5
2289611 214844462 0.5
2289611 214553936 0.5
2289611 214557043 0.5
2289611 214716982 0.5
2289611 214844439 0.5
2289611 214844441 0.5
11338784 214850310 1
11338784 214864880 1
11338784 214853102 1
11338784 214850945 0.5
11338784 214831946 0.5
11338784 214684730 0.5
11338784 214717511 0.5
7273178 214850938 1
7273178 214850739 1
7273178 214850792 1
7273178 214850848 0.5
7273178 214849363 0.5
7273178 214850411 0.5
7273178 214850855 0.5
11144904 214714755 1
11144904 214854722 1
11144904 214854787 1
11144904 214826987 0.5
11144904 214853325 0.5
9928994 214850872 1
9928994 214534693 1
9928994 214850741 1
9928994 214850949 0.5
9928994 214853420 0.5
9928994 214853865 0.5
9928994 214854060 0.5
9928994 214853330 0.5
9928994 214853722 0.5
964302 214833755 1
964302 214826589 1
964302 214827002 1
964302 214558080 0.5
964302 214800272 0.5
964302 214820402 0.5
964302 214826876 0.5
6296853 214848845 1
6296853 214849012 1
6296853 214848847 1
6296853 214676962 0.5
6296853 214848596 0.5
1375973 214826610 1
1375973 214832722 1
1375973 214609325 1
1375973 214561472 0.5
1375973 214577450 0.5
5826261 214845954 1
5826261 214829765 1
5826261 214849010 1
5826261 214712272 0.5
5826261 214611410 0.5
5826261 214611405 0.5
4113359 214831944 1
4113359 214831942 1
4113359 214838109 1
4113359 214538591 0.5
6941896 214849312 1
6941896 214849331 1
6941896 214667859 1
6941896 214849344 0.5
6941896 214849012 0.5
8664797 214852980 1
8664797 214853085 1
8664797 214853077 1
8664797 214853105 0.5
8664797 214852978 0.5
8664797 214853094 0.5
9284757 214850942 1
9284757 214853422 1
9284757 214850949 1
9284757 214853152 0.5
9284757 214848185 0.5
9284757 214853330 0.5
9284757 214853420 0.5
5766881 214676377 1
5766881 214846033 1
5766881 214845986 1
5766881 214844370 0.5
5766881 214645005 0.5
10278628 214853100 1
10278628 214854840 1
10278628 214864880 1
10278628 214850949 0.5
10278628 214853094 0.5
10278628 214845579 0.5
10278628 214650508 0.5
10278628 214853102 0.5
10278628 214846031 0.5
10278628 214678841 0.5
10278628 214838107 0.5
10278628 214846012 0.5
10278628 214854853 0.5
5140197 214844332 1
5140197 214844325 1
5140197 214829887 1
5140197 214844330 0.5
9025254 214853165 1
9025254 214853128 1
9025254 214849010 1
9025254 214848926 0.5
9025254 214851742 0.5
9025254 214845879 0.5
6289127 214600492 1
6289127 214835017 1
6289127 214834867 1
6289127 214835745 0.5
6289127 214835747 0.5
6289127 214609325 0.5
4528296 214575206 1
4528296 214839977 1
4528296 214839956 1
4528296 214651785 0.5
5200851 214650594 1
5200851 214738457 1
5200851 214835012 1
5200851 214718160 0.5
5200851 214836924 0.5
5200851 214561477 0.5
5200851 214716909 0.5
8353751 214844394 1
8353751 214844441 1
8353751 214844458 1
8353751 214844439 0.5
9998074 214853454 1
9998074 214853702 1
9998074 214853156 1
9998074 214853420 0.5
8515324 214851236 1
8515324 214851013 1
8515324 214851099 1
8515324 214851133 0.5
5908222 214819640 1
5908222 214848337 1
5908222 214848373 1
5908222 214819393 0.5
5908222 214845954 0.5
5908222 214846117 0.5
5908222 214709702 0.5
5908222 214848328 0.5
5908222 214557322 0.5
5908222 214581611 0.5
5908222 214676962 0.5
5908222 214846318 0.5
5908222 214845971 0.5
5908222 214845986 0.5
5908222 214553587 0.5
5908222 214642100 0.5
5908222 214676377 0.5
5908222 214848377 0.5
5908222 214849275 0.5
5908222 214556025 0.5
10825477 214853102 1
10825477 214854782 1
10825477 214855016 1
10825477 214853100 0.5
7665414 214551626 1
7665414 214844462 1
7665414 214844439 1
7665414 214612704 0.5
7665414 214844456 0.5
7665414 214844441 0.5
8115817 214684942 1
8115817 214851131 1
8115817 214851163 1
8115817 214851165 0.5
358152 214709690 1
358152 214820201 1
358152 214709634 1
358152 214840798 0.5
8230678 214853248 1
8230678 214853096 1
8230678 214853085 1
8230678 214853094 0.5
1253144 214832780 1
1253144 214821350 1
1253144 214821332 1
1253144 214826563 0.5
1503433 214753513 1
1503433 214748297 1
1503433 214748302 1
1503433 214748293 0.5
2649883 214829878 1
2649883 214835165 1
2649883 214821397 1
2649883 214829707 0.5
2649883 214579462 0.5
2649883 214820392 0.5
2649883 214583531 0.5
2649883 214583533 0.5
2649883 214579464 0.5
2649883 214829852 0.5
6993692 214849286 1
6993692 214849318 1
6993692 214718372 1
6993692 214849179 0.5
2696736 214835017 1
2696736 214677615 1
2696736 214832557 1
2696736 214587712 0.5
2696736 214835745 0.5
2696736 214826947 0.5
2696736 214657318 0.5
2696736 214743335 0.5
2696736 214563337 0.5
2696736 214580171 0.5
2696736 214600492 0.5
2696736 214668270 0.5
2696736 214832559 0.5
2696736 214835747 0.5
2696736 214717888 0.5
2696736 214831959 0.5
2696736 214829850 0.5
2696736 214642153 0.5
2696736 214836830 0.5
2696736 214554431 0.5
9467679 214853422 1
9467679 214853420 1
9467679 214853379 1
9467679 214850942 0.5
4273608 214839965 1
4273608 214839960 1
4273608 214832145 1
4273608 214839973 0.5
102183 214826835 1
102183 214820237 1
102183 214664919 1
102183 214826897 0.5
102183 214826955 0.5
102183 214557206 0.5
11240412 214684942 1
11240412 214854787 1
11240412 214716671 1
11240412 214848851 0.5
6734472 214849012 1
6734472 214826990 1
6734472 214848410 1
6734472 214848384 0.5
6734472 214836932 0.5
6734472 214829765 0.5
6734472 214718220 0.5
6734472 214848656 0.5
6734472 214585554 0.5
6734472 214676019 0.5
6734472 214848596 0.5
2285363 214829885 1
2285363 214831950 1
2285363 214835165 1
2285363 214829882 0.5
2438973 214829882 1
2438973 214831948 1
2438973 214581489 1
2438973 214835128 0.5
2438973 214686082 0.5
2438973 214831946 0.5
2438973 214829878 0.5
2438973 214826983 0.5
8161086 214582200 1
8161086 214845971 1
8161086 214846117 1
8161086 214819393 0.5
8161086 214819586 0.5
8161086 214709702 0.5
8161086 214553257 0.5
8161086 214581611 0.5
8161086 214819640 0.5
8161086 214536187 0.5
7192386 214849734 1
7192386 214849762 1
7192386 214849753 1
7192386 214849736 0.5
7192386 214844398 0.5
8681283 214849010 1
8681283 214846119 1
8681283 214853130 1
8681283 214819393 0.5
7119481 214850315 1
7119481 214850295 1
7119481 214850285 1
7119481 214820377 0.5
7119481 214850282 0.5
7119481 214850291 0.5
7119481 214849796 0.5
7119481 214849807 0.5
9699144 214850942 1
9699144 214853460 1
9699144 214853428 1
9699144 214853420 0.5
8200791 214851028 1
8200791 214851317 1
8200791 214714794 1
8200791 214851234 0.5
8970107 214820396 1
8970107 214743495 1
8970107 214848682 1
8970107 214853248 0.5
8970107 214851236 0.5
8970107 214586694 0.5
8970107 214829850 0.5
8970107 214853085 0.5
8970107 214748336 0.5
8970107 214718385 0.5
8970107 214586743 0.5
8970107 214717562 0.5
8970107 214577450 0.5
8970107 214846333 0.5
8970107 214851326 0.5
8970107 214838111 0.5
10106169 214853130 1
10106169 214826987 1
10106169 214677830 1
10106169 214850947 0.5
10106169 214853111 0.5
9979464 214853435 1
9979464 214850792 1
9979464 214853994 1
9979464 214850619 0.5
9979464 214849395 0.5
9979464 214854148 0.5
9979464 214851317 0.5
2819706 214832124 1
2819706 214832128 1
2819706 214832115 1
2819706 214834873 0.5
2819706 214835122 0.5
2819706 214573123 0.5
2819706 214835107 0.5
2819706 214829390 0.5
6766428 214849046 1
6766428 214849022 1
6766428 214849020 1
6766428 214851009 0.5
6766428 214848658 0.5
6766428 214848947 0.5
6766428 214848941 0.5
4648797 214832143 1
4648797 214829797 1
4648797 214821339 1
4648797 214839592 0.5
3981627 214835124 1
3981627 214826610 1
3981627 214834880 1
3981627 214674401 0.5
3981627 214838225 0.5
3981627 214819719 0.5
3981627 214829387 0.5
3981627 214601233 0.5
3981627 214836050 0.5
3981627 214831959 0.5
3981627 214833755 0.5
3981627 214834877 0.5
8009572 214851131 1
8009572 214851028 1
8009572 214684942 1
8009572 214716746 0.5
8009572 214716671 0.5
1193829 214826610 1
1193829 214834877 1
1193829 214829387 1
1193829 214833755 0.5
1193829 214826589 0.5
9129834 214852978 1
9129834 214853077 1
9129834 214852980 1
9129834 214853096 0.5
5949518 214835747 1
5949518 214846127 1
5949518 214835087 1
5949518 214848997 0.5
5949518 214846007 0.5
2432877 214829878 1
2432877 214829882 1
2432877 214831946 1
2432877 214829885 0.5
2432877 214829887 0.5
8281966 214851028 1
8281966 214851080 1
8281966 214851587 1
8281966 214851234 0.5
8281966 214716746 0.5
8281966 214851317 0.5
2692976 214835017 1
2692976 214835019 1
2692976 214609325 1
2692976 214829392 0.5
2692976 214835747 0.5
5472116 214845418 1
5472116 214846033 1
5472116 214846029 1
5472116 214748321 0.5
5472116 214712079 0.5
5472116 214711348 0.5
5472116 214846014 0.5
5472116 214845585 0.5
9408374 214850942 1
9408374 214853342 1
9408374 214850947 1
9408374 214853237 0.5
8245247 214853096 1
8245247 214853105 1
8245247 214853085 1
8245247 214853248 0.5
8245247 214853094 0.5
9385853 214853698 1
9385853 214853707 1
9385853 214853702 1
9385853 214819464 0.5
9385853 214853713 0.5
6152063 214835473 1
6152063 214826949 1
6152063 214844400 1
6152063 214819378 0.5
6360943 214848997 1
6360943 214835469 1
6360943 214800262 1
6360943 214563337 0.5
6360943 214836330 0.5
6360943 214748334 0.5
6360943 214838225 0.5
4499334 214839973 1
4499334 214848178 1
4499334 214848176 1
4499334 214820392 0.5
4499334 214556345 0.5
5569857 214838105 1
5569857 214838107 1
5569857 214838102 1
5569857 214829880 0.5
5569857 214826835 0.5
5569857 214831948 0.5
5569857 214846031 0.5
6387692 214848656 1
6387692 214844345 1
6387692 214826998 1
6387692 214848337 0.5
6387692 214676962 0.5
6387692 214587317 0.5
6387692 214602598 0.5
6387692 214834877 0.5
5556167 214844400 1
5556167 214845587 1
5556167 214850402 1
5556167 214837280 0.5
5556167 214844402 0.5
5556167 214845806 0.5
9030733 214853096 1
9030733 214853085 1
9030733 214853105 1
9030733 214853248 0.5
7198627 214700000 1
7198627 214850310 1
7198627 214850366 1
7198627 214744258 0.5
1656264 214829664 1
1656264 214819577 1
1656264 214829666 1
1656264 214559960 0.5
1656264 214832722 0.5
1656264 214648252 0.5
1656264 214821397 0.5
2899754 214711312 1
2899754 214829885 1
2899754 214831952 1
2899754 214702905 0.5
2899754 214686082 0.5
2899754 214831955 0.5
2899754 214701309 0.5
2899754 214800270 0.5
2275241 214829887 1
2275241 214826979 1
2275241 214579288 1
2275241 214826977 0.5
2275241 214835111 0.5
2275241 214835019 0.5
2275241 214831959 0.5
2275241 214831965 0.5
2275241 214831967 0.5
9682859 214853325 1
9682859 214853321 1
9682859 214853865 1
9682859 214853330 0.5
2025388 214826610 1
2025388 214833755 1
2025388 214834877 1
2025388 214829385 0.5
2334639 214831946 1
2334639 214829878 1
2334639 214829882 1
2334639 214831957 0.5
5205939 214844349 1
5205939 214829765 1
5205939 214848746 1
5205939 214684108 0.5
5205939 214826818 0.5
5205939 214845131 0.5
5205939 214848324 0.5
5205939 214709638 0.5
3190709 214844394 1
3190709 214821339 1
3190709 214716986 1
3190709 214612708 0.5
3190709 214717003 0.5
3190709 214612751 0.5
3190709 214716982 0.5
3190709 214716984 0.5
3190709 214821305 0.5
2164662 214829865 1
2164662 214829861 1
2164662 214829707 1
2164662 214829857 0.5
2379704 214587317 1
2379704 214834880 1
2379704 214834877 1
2379704 214819562 0.5
2379704 214826619 0.5
2379704 214826998 0.5
11242484 214854502 1
11242484 214854838 1
11242484 214854770 1
11242484 214854497 0.5
11242484 214854823 0.5
11242484 214854731 0.5
11242484 214854860 0.5
11242484 214854894 0.5
11242484 214686864 0.5
11242484 214710013 0.5
3133371 214829880 1
3133371 214829882 1
3133371 214831948 1
3133371 214537037 0.5
10291132 214567329 1
10291132 214567215 1
10291132 214854358 1
10291132 214854268 0.5
147786 214581690 1
147786 214829285 1
147786 214821279 1
147786 214820237 0.5
147786 214687685 0.5
6307829 214832747 1
6307829 214848656 1
6307829 214849252 1
6307829 214835124 0.5
6307829 214844347 0.5
6307829 214585644 0.5
6307829 214829366 0.5
6307829 214846127 0.5
7210944 214829792 1
7210944 214849809 1
7210944 214684715 1
7210944 214743515 0.5
10392224 214854581 1
10392224 214854532 1
10392224 214854527 1
10392224 214854298 0.5
8591299 214842735 1
8591299 214848305 1
8591299 214848298 1
8591299 214820345 0.5
8591299 214848300 0.5
4507388 214839587 1
4507388 214832145 1
4507388 214587712 1
4507388 214819760 0.5
10457031 214853726 1
10457031 214853767 1
10457031 214854262 1
10457031 214854358 0.5
10457031 214684785 0.5
10457031 214567333 0.5
10457031 214854510 0.5
10457031 214849245 0.5
10119112 214854264 1
10119112 214854268 1
10119112 214854148 1
10119112 214854176 0.5
10119112 214853132 0.5
10119112 214832604 0.5
10119112 214853852 0.5
5943243 214846417 1
5943243 214846427 1
5943243 214846367 1
5943243 214846464 0.5
5943243 214848322 0.5
5943243 214846468 0.5
5943243 214846472 0.5
5943243 214848682 0.5
5943243 214846475 0.5
5943243 214846479 0.5
5943243 214848630 0.5
5943243 214848695 0.5
5943243 214826906 0.5
5943243 214846110 0.5
196558 214820255 1
196558 214716973 1
196558 214716990 1
196558 214716965 0.5
10868687 214853381 1
10868687 214853156 1
10868687 214854819 1
10868687 214864880 0.5
8087506 214851013 1
8087506 214851099 1
8087506 214851122 1
8087506 214851133 0.5
8087506 214850630 0.5
4505479 214602733 1
4505479 214839975 1
4505479 214845131 1
4505479 214848176 0.5
4505479 214839600 0.5
1746181 214832722 1
1746181 214819742 1
1746181 214834880 1
1746181 214543922 0.5
1746181 214835002 0.5
10870752 214839913 1
10870752 214578011 1
10870752 214582942 1
10870752 214687753 0.5
10870752 214510445 0.5
10071077 214718160 1
10071077 214717888 1
10071077 214850758 1
10071077 214850771 0.5
9710246 214853420 1
9710246 214853428 1
9710246 214850947 1
9710246 214853422 0.5
4693991 214844441 1
4693991 214845131 1
4693991 214827015 1
4693991 214551617 0.5
4693991 214845806 0.5
4693991 214827032 0.5
4693991 214821017 0.5
4693991 214829730 0.5
4693991 214839971 0.5
4693991 214839973 0.5
4693991 214839975 0.5
4693991 214844456 0.5
4693991 214748336 0.5
4693991 214819378 0.5
4693991 214706102 0.5
4693991 214687839 0.5
4693991 214834877 0.5
4693991 214835137 0.5
4693991 214743495 0.5
4693991 214551626 0.5
4693991 214586743 0.5
4693991 214838111 0.5
4693991 214829280 0.5
4693991 214831970 0.5
4693991 214612708 0.5
4693991 214829797 0.5
4693991 214602598 0.5
4693991 214826990 0.5
4693991 214826998 0.5
4693991 214836855 0.5
4693991 214612730 0.5
9181161 214853107 1
9181161 214853075 1
9181161 214853165 1
9181161 214536193 0.5
9181161 214536195 0.5
9181161 214853128 0.5
9181161 214845962 0.5
9181161 214846312 0.5
9181161 214853087 0.5
8470506 214851317 1
8470506 214853242 1
8470506 214853186 1
8470506 214851232 0.5
8470506 214564387 0.5
8470506 214849455 0.5
8470506 214851122 0.5
8470506 214849462 0.5
8470506 214851290 0.5
8470506 214851101 0.5
264173 214826702 1
264173 214821277 1
264173 214821292 1
264173 214538484 0.5
264173 214826799 0.5
7729136 214850310 1
7729136 214826715 1
7729136 214845577 1
7729136 214850282 0.5
7729136 214832012 0.5
7729136 214832015 0.5
7729136 214846033 0.5
7729136 214829878 0.5
7729136 214829880 0.5
7729136 214684730 0.5
716798 214556055 1
716798 214828987 1
716798 214716947 1
716798 214552142 0.5
716798 214716943 0.5
10182648 214853128 1
10182648 214845962 1
10182648 214848596 1
10182648 214835167 0.5
10182648 214853165 0.5
10182648 214846119 0.5
2641236 214829878 1
2641236 214829887 1
2641236 214835574 1
2641236 214829880 0.5
2641236 214680722 0.5
8669179 214819412 1
8669179 214851135 1
8669179 214850743 1
8669179 214850936 0.5
8669179 214850938 0.5
8669179 214850771 0.5
8669179 214850621 0.5
8669179 214819599 0.5
6018264 214848165 1
6018264 214845982 1
6018264 214845958 1
6018264 214846127 0.5
10405886 214850368 1
10405886 214853454 1
10405886 214853340 1
10405886 214850945 0.5
10405886 214850942 0.5
10405886 214673295 0.5
10576213 214854536 1
10576213 214849807 1
10576213 214854352 1
10576213 214853113 0.5
10576213 214854354 0.5
10576213 214853244 0.5
10576213 214819599 0.5
