10654379 214567215 1
10654379 214567329 1
10654379 214854549 1
10654379 214829090 0.5
10654379 214854536 0.5
10654379 214849807 0.5
10654379 214854545 0.5
10654379 214854264 0.5
10654379 214854174 0.5
3764234 214835167 1
3764234 214836924 1
3764234 214829765 1
3764234 214836932 0.5
9642731 214853115 1
9642731 214853325 1
9642731 214853321 1
9642731 214700002 0.5
9642731 214850711 0.5
9320463 214853420 1
9320463 214853428 1
9320463 214850942 1
9320463 214853152 0.5
9320463 214853381 0.5
9320463 214853422 0.5
3683672 214835109 1
3683672 214836932 1
3683672 214826990 1
3683672 214836924 0.5
7503892 214846127 1
7503892 214744775 1
7503892 214845412 1
7503892 214849762 0.5
7503892 214849738 0.5
3319491 214835109 1
3319491 214835167 1
3319491 214836932 1
3319491 214838227 0.5
7893018 214587815 1
7893018 214826833 1
7893018 214844327 1
7893018 214516065 0.5
7893018 214848954 0.5
9328668 214853454 1
9328668 214850947 1
9328668 214850945 1
9328668 214853428 0.5
9328668 214853420 0.5
9328668 214853422 0.5
10061856 214851324 1
10061856 214527028 1
10061856 214836827 1
10061856 214711284 0.5
10061856 214819749 0.5
530466 214821290 1
530466 214821277 1
530466 214821292 1
530466 214748340 0.5
104483 214821277 1
104483 214821292 1
104483 214826801 1
104483 214691267 0.5
104483 214691293 0.5
104483 214691390 0.5
104483 214664919 0.5
5335079 214844402 1
5335079 214844372 1
5335079 214844355 1
5335079 214845352 0.5
5335079 214832010 0.5
377464 214829282 1
377464 214718203 1
377464 214587384 1
377464 214585586 0.5
377464 214826874 0.5
377464 214753622 0.5
5216299 214832010 1
5216299 214836956 1
5216299 214844325 1
5216299 214837280 0.5
5216299 214640353 0.5
5216299 214560585 0.5
5216299 214845579 0.5
5216299 214819468 0.5
5216299 214838094 0.5
5216299 214844336 0.5
7562969 214821309 1
7562969 214848971 1
7562969 214835126 1
7562969 214514293 0.5
10545198 214854840 1
10545198 214854785 1
10545198 214853102 1
10545198 214853722 0.5
10545198 214854358 0.5
9629021 214678387 1
9629021 214853383 1
9629021 214848380 1
9629021 214851585 0.5
9629021 214853130 0.5
9629021 214829387 0.5
9629021 214564380 0.5
9629021 214844342 0.5
8620082 214677615 1
8620082 214850936 1
8620082 214651777 1
8620082 214821017 0.5
8620082 214676306 0.5
9484339 214678376 1
9484339 214853165 1
9484339 214853128 1
9484339 214846312 0.5
9484339 214853321 0.5
9484339 214700002 0.5
9484339 214845962 0.5
7811423 214851028 1
7811423 214716746 1
7811423 214684942 1
7811423 214851131 0.5
10031164 214853846 1
10031164 214851281 1
10031164 214840091 1
10031164 214718220 0.5
10031164 214850771 0.5
10031164 214854148 0.5
10031164 214821317 0.5
2547722 214829885 1
2547722 214829878 1
2547722 214829887 1
2547722 214831946 0.5
2547722 214829882 0.5
2547722 214600509 0.5
2547722 214826983 0.5
1683519 214826610 1
1683519 214834880 1
1683519 214826589 1
1683519 214753505 0.5
1683519 214819423 0.5
1683519 214829327 0.5
65602 214837828 1
65602 214819775 1
65602 214709634 1
65602 214829737 0.5
65602 214705747 0.5
7050339 214850396 1
7050339 214850315 1
7050339 214575193 1
7050339 214832015 0.5
7050339 214848615 0.5
8038468 214851135 1
8038468 214849136 1
8038468 214851290 1
8038468 214844400 0.5
8038468 214851313 0.5
8038468 214846475 0.5
8038468 214849252 0.5
4249669 214831970 1
4249669 214839587 1
4249669 214832145 1
4249669 214839960 0.5
4249669 214839975 0.5
5519431 214826949 1
5519431 214835426 1
5519431 214835064 1
5519431 214835428 0.5
5519431 214835070 0.5
5003337 214844330 1
5003337 214602830 1
5003337 214844332 1
5003337 214844327 0.5
6796106 214839311 1
6796106 214748310 1
6796106 214844398 1
6796106 214844400 0.5
6796106 214848971 0.5
8280143 214853096 1
8280143 214853105 1
8280143 214853085 1
8280143 214852980 0.5
8280143 214853090 0.5
8280143 214851236 0.5
8280143 214851122 0.5
3633233 214835167 1
3633233 214613741 1
3633233 214836924 1
3633233 214835109 0.5
3633233 214746382 0.5
7153753 214826728 1
7153753 214826730 1
7153753 214645181 1
7153753 214645295 0.5
2601052 214829878 1
2601052 214829885 1
2601052 214835572 1
2601052 214831946 0.5
2601052 214829887 0.5
9082973 214832604 1
9082973 214716707 1
9082973 214850765 1
9082973 214718220 0.5
8841311 214853105 1
8841311 214851326 1
8841311 214853248 1
8841311 214852978 0.5
8841311 214853077 0.5
8841311 214853094 0.5
368738 214821392 1
368738 214821013 1
368738 214827007 1
368738 214573310 0.5
4638054 214538870 1
4638054 214651777 1
4638054 214831970 1
4638054 214836512 0.5
4638054 214632272 0.5
4638054 214587384 0.5
9724007 214850949 1
9724007 214853422 1
9724007 214850947 1
9724007 214575763 0.5
2719849 214835017 1
2719849 214835019 1
2719849 214834867 1
2719849 214832792 0.5
8840953 214846408 1
8840953 214846344 1
8840953 214849760 1
8840953 214851290 0.5
8840953 214851159 0.5
8840953 214846412 0.5
8840953 214851101 0.5
8840953 214846415 0.5
8413227 214851236 1
8413227 214851238 1
8413227 214851101 1
8413227 214851322 0.5
8413227 214678989 0.5
2887791 214553732 1
2887791 214587712 1
2887791 214835017 1
2887791 214826565 0.5
10809463 214567327 1
10809463 214854785 1
10809463 214857555 1
10809463 214567215 0.5
1030689 214827009 1
1030689 214600492 1
1030689 214826615 1
1030689 214828989 0.5
284793 214716932 1
284793 214716984 1
284793 214601197 1
284793 214832657 0.5
284793 214832655 0.5
2885754 214832017 1
2885754 214587697 1
2885754 214829390 1
2885754 214680705 0.5
2885754 214826565 0.5
2885754 214831937 0.5
2885754 214642153 0.5
2885754 214609325 0.5
2885754 214835132 0.5
9840767 214716746 1
9840767 214716714 1
9840767 214565557 1
9840767 214848808 0.5
9840767 214684845 0.5
8747136 214851742 1
8747136 214853128 1
8747136 214853263 1
8747136 214853105 0.5
5887673 214846479 1
5887673 214846412 1
5887673 214846417 1
5887673 214846466 0.5
8627359 214845879 1
8627359 214853165 1
8627359 214852985 1
8627359 214853128 0.5
8627359 214819393 0.5
8627359 214586443 0.5
8627359 214853263 0.5
1523563 214834877 1
1523563 214834880 1
1523563 214833755 1
1523563 214826610 0.5
10258572 214853090 1
10258572 214851326 1
10258572 214853094 1
10258572 214852978 0.5
8867523 214853210 1
8867523 214851750 1
8867523 214853242 1
8867523 214853182 0.5
2259094 214587697 1
2259094 214829887 1
2259094 214835747 1
2259094 214829880 0.5
2259094 214835017 0.5
2259094 214601233 0.5
9853079 214853713 1
9853079 214853767 1
9853079 214853702 1
9853079 214853698 0.5
9853079 214853707 0.5
9853079 214854165 0.5
6917828 214706147 1
6917828 214844447 1
6917828 214844445 1
6917828 214840907 0.5
6917828 214820214 0.5
8245408 214853225 1
8245408 214851750 1
8245408 214853132 1
8245408 214853242 0.5
10686627 214853113 1
10686627 214854300 1
10686627 214819577 1
10686627 214854352 0.5
854181 214820803 1
854181 214828995 1
854181 214832786 1
854181 214826927 0.5
854181 214838503 0.5
348326 214826816 1
348326 214826705 1
348326 214684372 1
348326 214840762 0.5
348326 214821285 0.5
3666087 214835167 1
3666087 214829765 1
3666087 214836924 1
3666087 214838227 0.5
3666087 214836932 0.5
11159721 214748295 1
11159721 214753505 1
11159721 214854489 1
11159721 214854347 0.5
11159721 214538572 0.5
11159721 214645965 0.5
5327018 214845962 1
5327018 214845954 1
5327018 214849010 1
5327018 214676377 0.5
5327018 214833802 0.5
5327018 214845971 0.5
815276 214826876 1
815276 214826872 1
815276 214829321 1
815276 214828987 0.5
7643309 214850282 1
7643309 214850295 1
7643309 214845352 1
7643309 214845577 0.5
7643309 214849076 0.5
10987696 214854838 1
10987696 214854836 1
10987696 214854842 1
10987696 214854855 0.5
10893489 214854795 1
10893489 214854853 1
10893489 214854787 1
10893489 214854840 0.5
6559922 214846067 1
6559922 214846479 1
6559922 214846427 1
6559922 214711408 0.5
6559922 214845577 0.5
6559922 214846127 0.5
3244214 214717003 1
3244214 214716982 1
3244214 214836847 1
3244214 214716935 0.5
11257207 214854489 1
11257207 214857260 1
11257207 214857257 1
11257207 214854821 0.5
11257207 214581607 0.5
11257207 214716626 0.5
11257207 214850771 0.5
11257207 214854772 0.5
11257207 214857695 0.5
11374796 214578011 1
11374796 214857204 1
11374796 214835004 1
11374796 214857551 0.5
5285509 214845587 1
5285509 214839967 1
5285509 214844398 1
5285509 214836853 0.5
5285509 214826934 0.5
5285509 214556342 0.5
2466001 214829711 1
2466001 214829705 1
2466001 214829707 1
2466001 214819721 0.5
2466001 214716110 0.5
2466001 214829887 0.5
4602066 214602733 1
4602066 214845131 1
4602066 214839973 1
4602066 214601233 0.5
7813331 214850938 1
7813331 214850936 1
7813331 214850771 1
7813331 214850743 0.5
9189588 214846119 1
9189588 214678376 1
9189588 214575763 1
9189588 214853657 0.5
9189588 214845962 0.5
9189588 214821373 0.5
9189588 214851742 0.5
9189588 214835167 0.5
1898713 214835165 1
1898713 214829887 1
1898713 214829051 1
1898713 214674427 0.5
1898713 214716110 0.5
7729373 214850936 1
7729373 214850938 1
7729373 214819577 1
7729373 214850940 0.5
8846373 214533022 1
8846373 214851750 1
8846373 214509401 1
8846373 214612706 0.5
8846373 214821315 0.5
8846373 214851748 0.5
8846373 214716935 0.5
8846373 214580424 0.5
8846373 214851322 0.5
1343713 214834880 1
1343713 214712126 1
1343713 214712124 1
1343713 214821410 0.5
1343713 214821412 0.5
10698984 214854358 1
10698984 214567329 1
10698984 214567215 1
10698984 214853083 0.5
10698984 214854268 0.5
10698984 214710013 0.5
6164716 214846031 1
6164716 214846014 1
6164716 214842555 1
6164716 214829880 0.5
6164716 214846033 0.5
6164716 214831946 0.5
6164716 214842553 0.5
11108803 214854731 1
11108803 214853730 1
11108803 214853724 1
11108803 214854540 0.5
11108803 214853732 0.5
5753071 214845971 1
5753071 214845939 1
5753071 214820443 1
5753071 214676377 0.5
5753071 214832019 0.5
11094256 214854707 1
11094256 214853081 1
11094256 214854722 1
11094256 214854720 0.5
11094256 214540035 0.5
11094256 214851757 0.5
11094256 214854838 0.5
11094256 214853079 0.5
11094256 214853083 0.5
1825012 214832672 1
1825012 214840798 1
1825012 214842594 1
1825012 214645005 0.5
1947893 214829385 1
1947893 214829381 1
1947893 214835002 1
1947893 214819770 0.5
9490682 214853996 1
9490682 214631002 1
9490682 214835745 1
9490682 214854176 0.5
9490682 214829666 0.5
9490682 214849318 0.5
9490682 214837286 0.5
9490682 214821032 0.5
9490682 214853210 0.5
9490682 214853852 0.5
9490682 214850621 0.5
10913151 214851757 1
10913151 214854722 1
10913151 214853083 1
10913151 214853081 0.5
10913151 214854718 0.5
10913151 214853079 0.5
1786108 214829387 1
1786108 214834877 1
1786108 214826610 1
1786108 214833755 0.5
8370429 214851080 1
8370429 214851161 1
8370429 214685049 1
8370429 214851587 0.5
8370429 214851317 0.5
10370433 214853381 1
10370433 214853362 1
10370433 214855016 1
10370433 214854731 0.5
2985004 214826985 1
2985004 214831950 1
2985004 214831952 1
2985004 214718398 0.5
10635991 214854298 1
10635991 214567327 1
10635991 214854581 1
10635991 214684785 0.5
10635991 214854538 0.5
10635991 214854532 0.5
10635991 214854174 0.5
10635991 214853726 0.5
7766809 214821341 1
7766809 214821315 1
7766809 214844394 1
7766809 214821309 0.5
7766809 214533022 0.5
7766809 214844439 0.5
10548918 214684762 1
10548918 214854545 1
10548918 214854352 1
10548918 214854536 0.5
10548918 214853726 0.5
2103569 214829850 1
2103569 214829852 1
2103569 214831965 1
2103569 214829880 0.5
2103569 214753515 0.5
2103569 214674427 0.5
2103569 214743495 0.5
4185134 214831942 1
4185134 214838098 1
4185134 214838096 1
4185134 214831944 0.5
10914071 214854840 1
10914071 214853100 1
10914071 214854797 1
10914071 214853102 0.5
9111833 214849010 1
9111833 214851742 1
9111833 214853165 1
9111833 214820443 0.5
9111833 214846119 0.5
9111833 214853128 0.5
9111833 214845962 0.5
9111833 214845135 0.5
9111833 214678376 0.5
9111833 214853107 0.5
9111833 214853263 0.5
9111833 214844252 0.5
9111833 214848926 0.5
6703387 214710092 1
6703387 214665277 1
6703387 214849342 1
6703387 214849284 0.5
3778266 214835167 1
3778266 214835109 1
3778266 214821015 1
3778266 214575065 0.5
3778266 214829282 0.5
3778266 214838227 0.5
3778266 214554982 0.5
3778266 214826617 0.5
2427167 214835503 1
2427167 214831940 1
2427167 214826565 1
2427167 214831948 0.5
10731808 214854579 1
10731808 214853113 1
10731808 214854536 1
10731808 214819577 0.5
11176237 214854536 1
11176237 214853707 1
11176237 214849247 1
11176237 214854532 0.5
9338248 214853420 1
9338248 214850947 1
9338248 214850945 1
9338248 214853422 0.5
9338248 214853158 0.5
3412277 214832126 1
3412277 214819490 1
3412277 214831959 1
3412277 214832128 0.5
3412277 214835107 0.5
3412277 214667912 0.5
3412277 214586668 0.5
3412277 214709645 0.5
3412277 214835087 0.5
3412277 214601233 0.5
3412277 214836885 0.5
11437449 214704182 1
11437449 214828970 1
11437449 214540125 1
11437449 214700000 0.5
11437449 214744258 0.5
11437449 214859139 0.5
11437449 214857830 0.5
11437449 214540072 0.5
11437449 214859242 0.5
11437449 214712235 0.5
11437449 214826987 0.5
11437449 214516087 0.5
11437449 214701787 0.5
8476984 214851131 1
8476984 214684942 1
8476984 214851163 1
8476984 214853184 0.5
8476984 214851165 0.5
8476984 214602534 0.5
10559801 214854515 1
10559801 214854517 1
10559801 214854600 1
10559801 214854298 0.5
10559801 214854527 0.5
5891807 214848315 1
5891807 214848656 1
5891807 214848682 1
5891807 214846472 0.5
6811966 214848375 1
6811966 214848371 1
6811966 214846085 1
6811966 214848832 0.5
6811966 214716707 0.5
1444576 214829392 1
1444576 214821407 1
1444576 214821332 1
1444576 214828965 0.5
2943298 214716671 1
2943298 214553533 1
2943298 214828987 1
2943298 214837442 0.5
2943298 214832124 0.5
8503621 214829317 1
8503621 214853252 1
8503621 214717867 1
8503621 214553810 0.5
8503621 214534661 0.5
8503621 214716982 0.5
11555142 214853100 1
11555142 214854782 1
11555142 214854797 1
11555142 214854840 0.5
11555142 214854819 0.5
10584392 214854527 1
10584392 214854298 1
10584392 214848658 1
10584392 214853698 0.5
10584392 214839587 0.5
10584392 214706102 0.5
10584392 214853767 0.5
10584392 214846061 0.5
10584392 214853709 0.5
10584392 214853713 0.5
10584392 214826998 0.5
10584392 214829852 0.5
10584392 214849245 0.5
9918794 214844400 1
9918794 214848157 1
9918794 214853381 1
9918794 214821371 0.5
9918794 214578326 0.5
2527563 214829878 1
2527563 214829882 1
2527563 214829887 1
2527563 214829880 0.5
8792403 214851159 1
8792403 214851313 1
8792403 214851315 1
8792403 214851585 0.5
8792403 214835167 0.5
9218391 214850947 1
9218391 214853428 1
9218391 214853420 1
9218391 214853152 0.5
1702233 214834882 1
1702233 214705740 1
1702233 214829257 1
1702233 214717048 0.5
1702233 214829810 0.5
1702233 214509084 0.5
1702233 214826805 0.5
10303834 214853730 1
10303834 214853700 1
10303834 214851099 1
10303834 214853698 0.5
10303834 214853767 0.5
7672162 214850936 1
7672162 214850938 1
7672162 214716645 1
7672162 214851011 0.5
7672162 214850758 0.5
10617189 214851315 1
10617189 214853244 1
10617189 214854352 1
10617189 214853113 0.5
10617189 214854354 0.5
10617189 214853855 0.5
10617189 214684762 0.5
10617189 214573305 0.5
10375526 214854300 1
10375526 214714755 1
10375526 214854722 1
10375526 214854547 0.5
10375526 214854860 0.5
10375526 214854733 0.5
10375526 214854855 0.5
10142134 214854118 1
10142134 214850743 1
10142134 214718169 1
10142134 214853698 0.5
10142134 214854060 0.5
7790956 214716645 1
7790956 214850936 1
7790956 214846404 1
7790956 214573310 0.5
7790956 214821022 0.5
7790956 214850765 0.5
7790956 214826670 0.5
9931117 214853992 1
9931117 214854172 1
9931117 214832156 1
9931117 214854146 0.5
9931117 214837286 0.5
9931117 214849320 0.5
9931117 214849322 0.5
9931117 214850760 0.5
9931117 214854165 0.5
11344241 214850310 1
11344241 214854787 1
11344241 214858680 1
11344241 214855016 0.5
11344241 214848977 0.5
11344241 214854782 0.5
11344241 214854791 0.5
10520946 214851326 1
10520946 214853094 1
10520946 214853085 1
10520946 214853105 0.5
5339513 214826833 1
5339513 214840091 1
5339513 214837280 1
5339513 214612753 0.5
5339513 214844370 0.5
5339513 214821339 0.5
5339513 214533020 0.5
5339513 214844447 0.5
1764757 214821332 1
1764757 214834871 1
1764757 214826563 1
1764757 214829387 0.5
1764757 214834877 0.5
1149312 214837483 1
1149312 214837485 1
1149312 214837442 1
1149312 214839386 0.5
1149312 214837487 0.5
1149312 214838831 0.5
1442178 214826589 1
1442178 214834880 1
1442178 214834877 1
1442178 214826610 0.5
1442178 214829387 0.5
2861803 214836519 1
2861803 214831946 1
2861803 214829878 1
2861803 214829882 0.5
2861803 214829885 0.5
470081 214691426 1
470081 214699888 1
470081 214821392 1
470081 214819552 0.5
470081 214691390 0.5
470081 214691366 0.5
10136576 214853722 1
10136576 214853147 1
10136576 214853154 1
10136576 214848176 0.5
475923 214837485 1
475923 214837442 1
475923 214821277 1
475923 214838831 0.5
475923 214837490 0.5
475923 214837483 0.5
475923 214698446 0.5
475923 214837487 0.5
10332554 214567327 1
10332554 214854358 1
10332554 214684785 1
10332554 214849464 0.5
10332554 214684762 0.5
10332554 214854510 0.5
10332554 214567333 0.5
10332554 214854262 0.5
9490827 214575763 1
9490827 214668667 1
9490827 214853428 1
9490827 214632146 0.5
9490827 214850291 0.5
3891597 214838227 1
3891597 214836926 1
3891597 214838137 1
3891597 214836795 0.5
3891597 214595150 0.5
3891597 214836870 0.5
3891597 214832023 0.5
7594386 214850938 1
7594386 214848302 1
7594386 214838124 1
7594386 214838122 0.5
4319642 214573230 1
4319642 214829801 1
4319642 214839984 1
4319642 214836870 0.5
2459034 214835087 1
2459034 214819762 1
2459034 214831967 1
2459034 214826977 0.5
2459034 214836330 0.5
2459034 214831959 0.5
3305886 214836795 1
3305886 214829769 1
3305886 214836870 1
3305886 214826938 0.5
10248607 214854358 1
10248607 214853677 1
10248607 214851281 1
10248607 214854491 0.5
10248607 214688115 0.5
10248607 214854165 0.5
10248607 214837494 0.5
10248607 214830557 0.5
10806683 214853147 1
10806683 214853090 1
10806683 214853767 1
10806683 214853096 0.5
10806683 214854356 0.5
10806683 214854830 0.5
10806683 214846127 0.5
4940196 214845581 1
4940196 214845579 1
4940196 214845354 1
4940196 214845352 0.5
11185222 214853735 1
11185222 214854733 1
11185222 214854174 1
11185222 214714755 0.5
2474406 214829878 1
2474406 214829885 1
2474406 214831946 1
2474406 214829880 0.5
2474406 214835124 0.5
2474406 214831959 0.5
9081258 214853195 1
9081258 214853233 1
9081258 214853135 1
9081258 214853188 0.5
9081258 214853190 0.5
10167367 214854172 1
10167367 214853865 1
10167367 214853992 1
10167367 214854146 0.5
10167367 214854165 0.5
3289516 214829882 1
3289516 214829880 1
3289516 214831948 1
3289516 214829878 0.5
780718 214821339 1
780718 214821315 1
780718 214821305 1
780718 214551617 0.5
1153779 214820201 1
1153779 214695167 1
1153779 214821305 1
1153779 214711961 0.5
1153779 214677542 0.5
1153779 214530502 0.5
874756 214820402 1
874756 214819376 1
874756 214744775 1
874756 214821300 0.5
874756 214826837 0.5
4538806 214829287 1
4538806 214826951 1
4538806 214821024 1
4538806 214821022 0.5
4538806 214836075 0.5
4538806 214839973 0.5
4538806 214602598 0.5
809033 214827002 1
809033 214826876 1
809033 214826908 1
809033 214753515 0.5
5728652 214845420 1
5728652 214641412 1
5728652 214843322 1
5728652 214851090 0.5
5728652 214848180 0.5
5728652 214840237 0.5
5728652 214509845 0.5
3967419 214836932 1
3967419 214836887 1
3967419 214836924 1
3967419 214613741 0.5
3967419 214595150 0.5
3967419 214838096 0.5
3967419 214718199 0.5
3967419 214838137 0.5
3967419 214836795 0.5
4798913 214819760 1
4798913 214826998 1
4798913 214845131 1
4798913 214829775 0.5
6160834 214835426 1
6160834 214826906 1
6160834 214835064 1
6160834 214846475 0.5
1597892 214834880 1
1597892 214826610 1
1597892 214834877 1
1597892 214829387 0.5
1597892 214833755 0.5
8001992 214850936 1
8001992 214850720 1
8001992 214850621 1
8001992 214851011 0.5
4530633 214606747 1
4530633 214839973 1
4530633 214602598 1
4530633 214821401 0.5
4530633 214845131 0.5
4530633 214602733 0.5
4530633 214828985 0.5
9851343 214853707 1
9851343 214853698 1
9851343 214853700 1
9851343 214853713 0.5
7457233 214676306 1
7457233 214850940 1
7457233 214848986 1
7457233 214850754 0.5
10704547 214567329 1
10704547 214567215 1
10704547 214854358 1
10704547 214569707 0.5
10704547 214854545 0.5
10704547 214854549 0.5
10704547 214684502 0.5
10704547 214854264 0.5
10704547 214684762 0.5
6118137 214586443 1
6118137 214845135 1
6118137 214846318 1
6118137 214564320 0.5
6118137 214848313 0.5
6118137 214849010 0.5
6118137 214839973 0.5
6118137 214846007 0.5
6189528 214846417 1
6189528 214846466 1
6189528 214707995 1
6189528 214561402 0.5
5091803 214646745 1
5091803 214836956 1
5091803 214684702 1
5091803 214527519 0.5
5091803 214826818 0.5
5091803 214826987 0.5
5091803 214819468 0.5
5091803 214641967 0.5
3187792 214712559 1
3187792 214711040 1
3187792 214839607 1
3187792 214821371 0.5
3187792 214840822 0.5
11061732 214846117 1
11061732 214678387 1
11061732 214852987 1
11061732 214851740 0.5
11061732 214709702 0.5
3514854 214836851 1
3514854 214836534 1
3514854 214832124 1
3514854 214587898 0.5
4080107 214829747 1
4080107 214839347 1
4080107 214839397 1
4080107 214834871 0.5
11383524 214857570 1
11383524 214857260 1
11383524 214857568 1
11383524 214857268 0.5
9202169 214853128 1
9202169 214853165 1
9202169 214845962 1
9202169 214678376 0.5
9227889 214853227 1
9227889 214853135 1
9227889 214567333 1
9227889 214707995 0.5
9227889 214850405 0.5
9227889 214851165 0.5
9227889 214853077 0.5
1563879 214820810 1
1563879 214829366 1
1563879 214716746 1
1563879 214567875 0.5
1563879 214791688 0.5
1563879 214716714 0.5
1563879 214826934 0.5
1563879 214833755 0.5
1563879 214716671 0.5
5315074 214835473 1
5315074 214835428 1
5315074 214835426 1
5315074 214601233 0.5
7516679 214853173 1
7516679 214853758 1
7516679 214850694 1
7516679 214845939 0.5
7516679 214844158 0.5
5521928 214711348 1
5521928 214832567 1
5521928 214845587 1
5521928 214832747 0.5
5886339 214848315 1
5886339 214846389 1
5886339 214848322 1
5886339 214836875 0.5
8801027 214851750 1
8801027 214853242 1
8801027 214853210 1
8801027 214853225 0.5
865864 214613743 1
865864 214827013 1
865864 214827009 1
865864 214676019 0.5
865864 214826619 0.5
2759192 214837918 1
2759192 214837916 1
2759192 214829880 1
2759192 214829885 0.5
10060313 214854178 1
10060313 214853698 1
10060313 214853722 1
10060313 214839587 0.5
10060313 214853677 0.5
10060313 214846061 0.5
10060313 214846067 0.5
10060313 214706102 0.5
10060313 214854298 0.5
10060313 214717562 0.5
10060313 214555262 0.5
6103578 214848305 1
6103578 214848300 1
6103578 214846012 1
6103578 214846033 0.5
6103578 214846014 0.5
1925662 214829846 1
1925662 214829865 1
1925662 214587388 1
1925662 214844934 0.5
5515696 214835473 1
5515696 214835428 1
5515696 214835426 1
5515696 214844345 0.5
10594857 214853102 1
10594857 214854853 1
10594857 214864880 1
10594857 214854770 0.5
8589866 214851077 1
8589866 214853184 1
8589866 214846333 1
8589866 214557009 0.5
3770923 214836877 1
3770923 214839984 1
3770923 214645708 1
3770923 214643036 0.5
3770923 214836924 0.5
3770923 214613741 0.5
3770923 214836830 0.5
3770923 214845127 0.5
7639598 214850758 1
7639598 214850765 1
7639598 214850552 1
7639598 214850754 0.5
9208376 214853420 1
9208376 214853422 1
9208376 214711307 1
9208376 214554793 0.5
9208376 214835561 0.5
5542457 214838227 1
5542457 214844340 1
5542457 214826833 1
5542457 214573288 0.5
5542457 214819374 0.5
5542457 214553844 0.5
5542457 214844345 0.5
5542457 214826617 0.5
5542457 214573277 0.5
8681868 214852980 1
8681868 214852978 1
8681868 214853096 1
8681868 214853085 0.5
8485436 214851581 1
8485436 214851133 1
8485436 214851080 1
8485436 214716937 0.5
8485436 214851317 0.5
4825669 214839971 1
4825669 214836855 1
4825669 214839967 1
4825669 214829280 0.5
4825669 214602598 0.5
2505288 214686082 1
2505288 214829880 1
2505288 214826985 1
2505288 214831955 0.5
2505288 214829878 0.5
3320394 214836795 1
3320394 214711312 1
3320394 214748336 1
3320394 214829762 0.5
3320394 214831955 0.5
3320394 214706102 0.5
3320394 214595150 0.5
10736207 214684785 1
10736207 214567333 1
10736207 214567215 1
10736207 214567329 0.5
10736207 214567327 0.5
2576983 214843989 1
2576983 214821371 1
2576983 214831946 1
2576983 214843905 0.5
2576983 214829887 0.5
6511192 214701212 1
6511192 214849337 1
6511192 214706445 1
6511192 214687768 0.5
6511192 214846378 0.5
10508889 214854579 1
10508889 214854585 1
10508889 214854547 1
10508889 214819577 0.5
10508889 214854300 0.5
10508889 214850741 0.5
10508889 214821397 0.5
5690127 214846061 1
5690127 214748336 1
5690127 214835019 1
5690127 214849001 0.5
5690127 214845887 0.5
5690127 214848997 0.5
5690127 214846007 0.5
8426078 214851099 1
8426078 214851161 1
8426078 214685049 1
8426078 214851137 0.5
8426078 214851234 0.5
8426078 214851587 0.5
8426078 214851080 0.5
8426078 214716746 0.5
8426078 214748334 0.5
8426078 214827005 0.5
8426078 214851575 0.5
8426078 214851133 0.5
8426078 214716671 0.5
3773541 214835109 1
3773541 214838227 1
3773541 214836924 1
3773541 214556025 0.5
3773541 214836932 0.5
3967586 214835109 1
3967586 214835711 1
3967586 214829387 1
3967586 214845129 0.5
3967586 214839395 0.5
3967586 214556025 0.5
3967586 214573277 0.5
3967586 214821015 0.5
11098723 214853325 1
11098723 214853100 1
11098723 214854311 1
11098723 214854840 0.5
11405924 214854785 1
11405924 214853100 1
11405924 214854787 1
11405924 214854840 0.5
11405924 214853102 0.5
9505349 214853342 1
9505349 214850949 1
9505349 214850947 1
9505349 214853222 0.5
9505349 214846031 0.5
9505349 214826835 0.5
9505349 214853428 0.5
9505349 214853242 0.5
9505349 214584092 0.5
9505349 214684734 0.5
5921387 214848322 1
5921387 214849252 1
5921387 214846417 1
5921387 214846472 0.5
5921387 214846427 0.5
9155183 214850287 1
9155183 214846014 1
9155183 214853454 1
9155183 214850310 0.5
9155183 214717511 0.5
9155183 214831946 0.5
9155183 214846067 0.5
9155183 214820186 0.5
9155183 214820188 0.5
9155183 214820190 0.5
479856 214820402 1
479856 214820400 1
479856 214826617 1
479856 214557913 0.5
479856 214832557 0.5
479856 214832559 0.5
8827507 214853248 1
8827507 214851326 1
8827507 214853105 1
8827507 214852980 0.5
8827507 214851099 0.5
8827507 214851236 0.5
11276916 214853102 1
11276916 214854785 1
11276916 214820400 1
11276916 214854731 0.5
11276916 214853100 0.5
11276916 214854527 0.5
518777 214820400 1
518777 214748336 1
518777 214819721 1
518777 214820402 0.5
10277498 214854354 1
10277498 214854352 1
10277498 214854536 1
10277498 214556216 0.5
10277498 214580424 0.5
10539643 214556218 1
10539643 214854065 1
10539643 214853996 1
10539643 214854579 0.5
10539643 214567333 0.5
4168317 214832015 1
4168317 214838102 1
4168317 214839982 1
4168317 214826938 0.5
4168317 214836947 0.5
4168317 214613741 0.5
2851454 214835019 1
2851454 214587697 1
2851454 214835017 1
2851454 214748336 0.5
2851454 214826565 0.5
2851454 214831959 0.5
7301759 214849747 1
7301759 214849738 1
7301759 214820345 1
7301759 214848656 0.5
7301759 214846530 0.5
7301759 214819378 0.5
7301759 214826998 0.5
10396289 214684762 1
10396289 214717777 1
10396289 214854358 1
10396289 214853735 0.5
1940098 214829390 1
1940098 214642805 1
1940098 214553732 1
1940098 214642153 0.5
1940098 214587266 0.5
1940098 214580188 0.5
1940098 214554662 0.5
1940098 214826705 0.5
8274563 214716671 1
8274563 214684942 1
8274563 214851163 1
8274563 214716746 0.5
8274563 214851165 0.5
6201989 214846125 1
6201989 214848847 1
6201989 214846119 1
6201989 214848596 0.5
6896262 214554510 1
6896262 214839982 1
6896262 214826668 1
6896262 214826664 0.5
6896262 214826662 0.5
2902666 214835747 1
2902666 214835019 1
2902666 214573612 1
2902666 214835745 0.5
2902666 214826565 0.5
2902666 214831937 0.5
2902666 214600492 0.5
2902666 214587697 0.5
2902666 214837916 0.5
2902666 214837918 0.5
9347723 214853154 1
9347723 214844400 1
9347723 214853379 1
9347723 214853381 0.5
8896346 214853109 1
8896346 214853107 1
8896346 214677830 1
8896346 214853096 0.5
10769037 214851101 1
10769037 214667857 1
10769037 214853471 1
10769037 214821410 0.5
10769037 214838227 0.5
10769037 214849333 0.5
10769037 214826990 0.5
9331342 214854148 1
9331342 214853852 1
9331342 214850947 1
9331342 214854176 0.5
9331342 214853994 0.5
9331342 214853420 0.5
9331342 214853413 0.5
789139 214827005 1
789139 214828987 1
789139 214826912 1
789139 214827007 0.5
9165462 214829822 1
9165462 214774685 1
9165462 214849337 1
9165462 214695234 0.5
9165462 214586651 0.5
9165462 214827020 0.5
9165462 214829045 0.5
5202583 214839587 1
5202583 214602733 1
5202583 214829321 1
5202583 214578326 0.5
5202583 214706102 0.5
5202583 214832015 0.5
7822106 214850771 1
7822106 214850758 1
7822106 214676375 1
7822106 214850754 0.5
7822106 214821020 0.5
7822106 214850765 0.5
4690592 214839358 1
4690592 214836512 1
4690592 214838107 1
4690592 214838096 0.5
4690592 214632272 0.5
11082403 214853102 1
11082403 214854840 1
11082403 214854797 1
11082403 214857568 0.5
11082403 214864880 0.5
11082403 214854853 0.5
11025063 214853102 1
11025063 214835000 1
11025063 214639464 1
11025063 214835004 0.5
11025063 214857204 0.5
11025063 214857551 0.5
6554281 214839973 1
6554281 214848375 1
6554281 214848371 1
6554281 214846007 0.5
9134763 214851581 1
9134763 214687847 1
9134763 214853237 1
9134763 214853225 0.5
9134763 214853242 0.5
5514253 214826670 1
5514253 214718162 1
5514253 214837918 1
5514253 214821305 0.5
5514253 214844439 0.5
6810738 214850786 1
6810738 214848954 1
6810738 214643908 1
6810738 214836328 0.5
6810738 214849333 0.5
6810738 214849022 0.5
8123077 214853225 1
8123077 214853132 1
8123077 214853242 1
8123077 214853186 0.5
8123077 214853237 0.5
8123077 214853182 0.5
10623671 214567215 1
10623671 214684785 1
10623671 214567329 1
10623671 214853852 0.5
8991344 214583610 1
8991344 214717061 1
8991344 214851238 1
8991344 214851017 0.5
8991344 214853212 0.5
6152019 214846029 1
6152019 214848305 1
6152019 214845984 1
6152019 214846033 0.5
6152019 214829797 0.5
6152019 214846031 0.5
6433468 214848971 1
6433468 214848975 1
6433468 214848380 1
6433468 214676580 0.5
6433468 214848622 0.5
3908287 214556728 1
3908287 214702933 1
3908287 214820452 1
3908287 214837918 0.5
3908287 214748310 0.5
3908287 214672942 0.5
3908287 214725542 0.5
3908287 214718199 0.5
3500437 214832124 1
3500437 214839617 1
3500437 214836534 1
3500437 214820392 0.5
3500437 214835505 0.5
3500437 214835475 0.5
3500437 214836830 0.5
2003543 214840597 1
2003543 214835550 1
2003543 214835124 1
2003543 214831959 0.5
5481166 214844400 1
5481166 214844372 1
5481166 214844398 1
5481166 214844368 0.5
5481166 214558258 0.5
5481166 214844340 0.5
4890533 214837286 1
4890533 214838092 1
4890533 214844407 1
4890533 214837280 0.5
4890533 214700000 0.5
4890533 214744258 0.5
4890533 214712235 0.5
11166423 214851122 1
11166423 214854352 1
11166423 214850940 1
11166423 214857549 0.5
5365929 214844398 1
5365929 214844400 1
5365929 214835473 1
5365929 214582172 0.5
2679514 214748336 1
2679514 214601233 1
2679514 214819760 1
2679514 214819430 0.5
6937039 214826610 1
6937039 214667859 1
6937039 214849331 1
6937039 214849318 0.5
6937039 214845943 0.5
6937039 214849192 0.5
6937039 214849003 0.5
6937039 214665277 0.5
6937039 214849239 0.5
6937039 214695193 0.5
6937039 214834877 0.5
8714021 214700002 1
8714021 214853340 1
8714021 214853342 1
8714021 214853379 0.5
7353491 214849194 1
7353491 214832158 1
7353491 214849809 1
7353491 214849807 0.5
7353491 214849247 0.5
7353491 214849775 0.5
5184231 214845356 1
5184231 214837286 1
5184231 214836956 1
5184231 214845352 0.5
5184231 214640353 0.5
1549034 214834880 1
1549034 214826610 1
1549034 214829366 1
1549034 214829850 0.5
1549034 214833755 0.5
1549034 214834877 0.5
10439403 214853698 1
10439403 214853244 1
10439403 214854352 1
10439403 214854515 0.5
2581229 214829887 1
2581229 214835512 1
2581229 214835087 1
2581229 214829368 0.5
2581229 214674427 0.5
2945774 214832124 1
2945774 214834867 1
2945774 214575667 1
2945774 214826977 0.5
2945774 214835019 0.5
2945774 214609325 0.5
2945774 214716110 0.5
2945774 214835137 0.5
2339567 214829878 1
2339567 214831948 1
2339567 214816901 1
2339567 214829880 0.5
5724912 214845980 1
5724912 214829878 1
5724912 214846033 1
5724912 214711408 0.5
5724912 214829880 0.5
5724912 214684730 0.5
5724912 214838105 0.5
5724912 214846031 0.5
5765829 214845984 1
5765829 214846001 1
5765829 214846425 1
5765829 214844370 0.5
5765829 214836506 0.5
2012187 214829368 1
2012187 214829660 1
2012187 214667912 1
2012187 214820394 0.5
2012187 214744779 0.5
2012187 214557009 0.5
2012187 214558807 0.5
2012187 214826874 0.5
2012187 214819550 0.5
10556151 214857167 1
10556151 214854159 1
10556151 214854358 1
10556151 214853865 0.5
10556151 214850739 0.5
10556151 214850741 0.5
10224376 214850713 1
10224376 214850709 1
10224376 214853154 1
10224376 214845999 0.5
2634489 214829878 1
2634489 214829882 1
2634489 214829887 1
2634489 214831948 0.5
10394752 214854358 1
10394752 214567215 1
10394752 214567329 1
10394752 214854268 0.5
10394752 214819599 0.5
10394752 214684785 0.5
10394752 214854354 0.5
10394752 214854264 0.5
10394752 214853244 0.5
10394752 214853726 0.5
9095941 214853162 1
9095941 214852987 1
9095941 214853265 1
9095941 214844319 0.5
10887117 214564380 1
10887117 214849247 1
10887117 214851290 1
10887117 214849760 0.5
10887117 214561402 0.5
10887117 214853156 0.5
10887117 214556342 0.5
10887117 214849001 0.5
10887117 214854731 0.5
10887117 214556942 0.5
10887117 214849136 0.5
10887117 214582948 0.5
10887117 214583670 0.5
10887117 214556025 0.5
10887117 214662692 0.5
10887117 214854532 0.5
10887117 214716667 0.5
10887117 214665277 0.5
5399127 214835064 1
5399127 214835167 1
5399127 214827026 1
5399127 214835426 0.5
10341132 214861498 1
10341132 214839999 1
10341132 214840001 1
10341132 214854720 0.5
6594349 214846117 1
6594349 214835167 1
6594349 214849012 1
6594349 214849312 0.5
6594349 214848847 0.5
6594349 214846318 0.5
6594349 214846119 0.5
9206544 214846033 1
9206544 214853420 1
9206544 214826814 1
9206544 214829887 0.5
9206544 214575763 0.5
9206544 214846029 0.5
9206544 214829878 0.5
9206544 214846031 0.5
10521361 214854536 1
10521361 214853102 1
10521361 214854785 1
10521361 214684736 0.5
10521361 214854860 0.5
4507779 214826833 1
4507779 214602598 1
4507779 214540125 1
4507779 214835469 0.5
4507779 214839962 0.5
4507779 214829852 0.5
4507779 214839965 0.5
4507779 214839967 0.5
4507779 214839969 0.5
4507779 214839971 0.5
4507779 214839973 0.5
4507779 214839975 0.5
4507779 214587317 0.5
4507779 214601272 0.5
4507779 214828985 0.5
4507779 214581690 0.5
4507779 214845131 0.5
4507779 214829775 0.5
4507779 214829280 0.5
4507779 214829287 0.5
4507779 214836330 0.5
4507779 214836853 0.5
4507779 214837494 0.5
4507779 214836855 0.5
4507779 214836857 0.5
5194517 214845577 1
5194517 214845352 1
5194517 214845581 1
5194517 214676480 0.5
5194517 214845579 0.5
1528124 214834880 1
1528124 214826610 1
1528124 214834877 1
1528124 214833755 0.5
9859273 214567333 1
9859273 214684785 1
9859273 214567327 1
9859273 214684762 0.5
9859273 214853726 0.5
9859273 214854262 0.5
9859273 214854510 0.5
6649647 214849745 1
6649647 214846065 1
6649647 214848622 1
6649647 214846470 0.5
8823412 214573350 1
8823412 214849080 1
8823412 214849153 1
8823412 214851077 0.5
8823412 214851238 0.5
8823412 214716935 0.5
8823412 214716110 0.5
8823412 214846067 0.5
8823412 214560613 0.5
8823412 214564380 0.5
8823412 214651517 0.5
8823412 214717247 0.5
10091299 214853730 1
10091299 214853767 1
10091299 214853700 1
10091299 214853722 0.5
10091299 214853698 0.5
2249862 214832017 1
2249862 214834867 1
2249862 214836553 1
2249862 214680705 0.5
4802012 214839965 1
4802012 214832147 1
4802012 214845577 1
4802012 214829280 0.5
4802012 214829878 0.5
4802012 214845354 0.5
4802012 214831948 0.5
4802012 214837494 0.5
4802012 214838107 0.5
7277362 214684717 1
7277362 214850366 1
7277362 214829790 1
7277362 214829880 0.5
7277362 214826893 0.5
7277362 214846367 0.5
5957427 214846425 1
5957427 214846415 1
5957427 214846427 1
5957427 214844372 0.5
10636086 214854536 1
10636086 214854352 1
10636086 214853244 1
10636086 214854354 0.5
1712953 214834880 1
1712953 214826610 1
1712953 214834877 1
1712953 214829366 0.5
10875707 214857570 1
10875707 214865212 1
10875707 214857568 1
10875707 214857810 0.5
10875707 214714755 0.5
7713018 214850621 1
7713018 214850936 1
7713018 214850720 1
7713018 214850756 0.5
7713018 214564382 0.5
2054624 214829846 1
2054624 214829865 1
2054624 214826709 1
2054624 214829034 0.5
2054624 214829711 0.5
10208066 214567333 1
10208066 214684762 1
10208066 214854300 1
10208066 214854547 0.5
10208066 214854262 0.5
10208066 214567327 0.5
7801673 214851579 1
7801673 214851131 1
7801673 214851163 1
7801673 214716714 0.5
7801673 214846067 0.5
7801673 214851581 0.5
2630479 214829878 1
2630479 214829882 1
2630479 214829887 1
2630479 214819760 0.5
2630479 214819762 0.5
2630479 214831965 0.5
2630479 214835111 0.5
3730272 214821309 1
3730272 214836932 1
3730272 214835109 1
3730272 214844456 0.5
3730272 214836881 0.5
3730272 214844462 0.5
3314531 214836932 1
3314531 214826990 1
3314531 214835109 1
3314531 214553735 0.5
8913764 214851748 1
8913764 214853233 1
8913764 214853195 1
8913764 214853184 0.5
8913764 214853227 0.5
8913764 214853135 0.5
7891816 214849762 1
7891816 214850310 1
7891816 214819380 1
7891816 214850936 0.5
7891816 214850705 0.5
2618224 214829878 1
2618224 214829880 1
2618224 214829887 1
2618224 214819762 0.5
2618224 214835124 0.5
2618224 214819430 0.5
9800564 214853454 1
9800564 214853340 1
9800564 214853424 1
9800564 214850949 0.5
9800564 214853422 0.5
10038138 214853338 1
10038138 214854262 1
10038138 214854510 1
10038138 214850936 0.5
10038138 214717867 0.5
10038138 214854165 0.5
10038138 214853726 0.5
10038138 214850743 0.5
1735548 214834877 1
1735548 214834880 1
1735548 214587266 1
1735548 214821410 0.5
1735548 214821412 0.5
10120062 214684762 1
10120062 214854510 1
10120062 214854262 1
10120062 214684785 0.5
10120062 214854358 0.5
9907072 214853683 1
9907072 214853996 1
9907072 214850936 1
9907072 214853227 0.5
9907072 214853709 0.5
9907072 214854163 0.5
9907072 214850711 0.5
9907072 214853400 0.5
9907072 214853722 0.5
10347393 214853244 1
10347393 214854536 1
10347393 214853113 1
10347393 214854352 0.5
10347393 214854354 0.5
10861443 214510445 1
10861443 214717802 1
10861443 214743821 1
10861443 214676480 0.5
10861443 214712242 0.5
10861443 214712244 0.5
10861443 214853754 0.5
10861443 214744046 0.5
9884551 214854352 1
9884551 214684762 1
9884551 214854536 1
9884551 214853113 0.5
9884551 214820394 0.5
9884551 214853726 0.5
9884551 214854358 0.5
326537 214748295 1
326537 214826810 1
326537 214827009 1
326537 214833800 0.5
326537 214829310 0.5
7566218 214850792 1
7566218 214850621 1
7566218 214850415 1
7566218 214849363 0.5
7566218 214850790 0.5
7566218 214850726 0.5
4169879 214839341 1
4169879 214702933 1
4169879 214845127 1
4169879 214839339 0.5
8256134 214853096 1
8256134 214853085 1
8256134 214853105 1
8256134 214853090 0.5
5620629 214848997 1
5620629 214846014 1
5620629 214844372 1
5620629 214838225 0.5
8471446 214851290 1
8471446 214849012 1
8471446 214851232 1
8471446 214849312 0.5
8471446 214849284 0.5
8471446 214848682 0.5
8471446 214718220 0.5
8471446 214832784 0.5
8471446 214844347 0.5
1787097 214834880 1
1787097 214826610 1
1787097 214834877 1
1787097 214833755 0.5
1787097 214587266 0.5
1787097 214829387 0.5
10001397 214853711 1
10001397 214854118 1
10001397 214712240 1
10001397 214854065 0.5
3822873 214821032 1
3822873 214835109 1
3822873 214826623 1
3822873 214829666 0.5
3822873 214836947 0.5
3822873 214829765 0.5
3822873 214831965 0.5
9061189 214853096 1
9061189 214853105 1
9061189 214853085 1
9061189 214852980 0.5
5108641 214845581 1
5108641 214838102 1
5108641 214845579 1
5108641 214845354 0.5
5108641 214831948 0.5
9436067 214840378 1
9436067 214826822 1
9436067 214826987 1
9436067 214711642 0.5
4047781 214826610 1
4047781 214834880 1
4047781 214586743 1
4047781 214829280 0.5
4047781 214826977 0.5
4047781 214717286 0.5
4047781 214819430 0.5
4047781 214819691 0.5
4047781 214718385 0.5
4047781 214680467 0.5
4047781 214828980 0.5
4047781 214826934 0.5
4047781 214832023 0.5
4047781 214826932 0.5
4047781 214717850 0.5
4047781 214839932 0.5
4047781 214829053 0.5
4047781 214838111 0.5
6106022 214848305 1
6106022 214848982 1
6106022 214848298 1
6106022 214831944 0.5
6106022 214717507 0.5
2815473 214744775 1
2815473 214836875 1
2815473 214820392 1
2815473 214836330 0.5
2815473 214826947 0.5
2815473 214820396 0.5
2815473 214836830 0.5
2815473 214820807 0.5
4395946 214827015 1
4395946 214838109 1
4395946 214839598 1
4395946 214646745 0.5
4395946 214826610 0.5
4395946 214531907 0.5
4395946 214535653 0.5
3034313 214834867 1
3034313 214829390 1
3034313 214835132 1
3034313 214600492 0.5
6210479 214826990 1
6210479 214710097 1
6210479 214848847 1
6210479 214820184 0.5
6210479 214848950 0.5
6210479 214845577 0.5
6210479 214832012 0.5
6210479 214832015 0.5
6210479 214846033 0.5
6210479 214829878 0.5
6210479 214829880 0.5
2016181 214831946 1
2016181 214684710 1
2016181 214826715 1
2016181 214695412 0.5
2016181 214711295 0.5
2016181 214826627 0.5
2016181 214673295 0.5
2016181 214717511 0.5
4500408 214587712 1
4500408 214838102 1
4500408 214674658 1
4500408 214831944 0.5
7969721 214844439 1
7969721 214844394 1
7969721 214844462 1
7969721 214844456 0.5
7969721 214551632 0.5
7969721 214548103 0.5
1380511 214826610 1
1380511 214834880 1
1380511 214712124 1
1380511 214711556 0.5
1380511 214829366 0.5
1380511 214834871 0.5
7891902 214850936 1
7891902 214850720 1
7891902 214850621 1
7891902 214564382 0.5
7891902 214849363 0.5
7891902 214850692 0.5
7891902 214850405 0.5
7891902 214684942 0.5
7590848 214851097 1
7590848 214850405 1
7590848 214851579 1
7590848 214844400 0.5
7590848 214850936 0.5
7590848 214850790 0.5
10548161 214853730 1
10548161 214845887 1
10548161 214845917 1
10548161 214851137 0.5
10548161 214848997 0.5
10548161 214743335 0.5
10548161 214846007 0.5
10548161 214835111 0.5
10548161 214748334 0.5
10548161 214854515 0.5
10548161 214832023 0.5
10548161 214849466 0.5
9855939 214853707 1
9855939 214853379 1
9855939 214853698 1
9855939 214853248 0.5
9855939 214850945 0.5
9855939 214829797 0.5
9855939 214853096 0.5
9855939 214853130 0.5
9855939 214849389 0.5
9855939 214848695 0.5
2673606 214829880 1
2673606 214831946 1
2673606 214819760 1
2673606 214819762 0.5
10834887 214853100 1
10834887 214854782 1
10834887 214853362 1
10834887 214854840 0.5
10834887 214855016 0.5
8830069 214851742 1
8830069 214678376 1
8830069 214853128 1
8830069 214853096 0.5
8830069 214849010 0.5
8830069 214586443 0.5
8830069 214853165 0.5
2948053 214826893 1
2948053 214831946 1
2948053 214829887 1
2948053 214829878 0.5
10648534 214854532 1
10648534 214853767 1
10648534 214854298 1
10648534 214748336 0.5
10648534 214854527 0.5
6982619 214849284 1
6982619 214848658 1
6982619 214668667 1
6982619 214560585 0.5
6982619 214632146 0.5
6982619 214850291 0.5
6982619 214849333 0.5
6982619 214514265 0.5
6982619 214613915 0.5
6982619 214849245 0.5
3660766 214836146 1
3660766 214836133 1
3660766 214835786 1
3660766 214836352 0.5
3660766 214831970 0.5
3660766 214836932 0.5
3660766 214836075 0.5
3660766 214837905 0.5
3660766 214836947 0.5
1577951 214826610 1
1577951 214834880 1
1577951 214821410 1
1577951 214833755 0.5
1577951 214821412 0.5
7022758 214849734 1
7022758 214849762 1
7022758 214849777 1
7022758 214849760 0.5
7022758 214844372 0.5
7022758 214849740 0.5
7022758 214849391 0.5
9866214 214853698 1
9866214 214853713 1
9866214 214853722 1
9866214 214853730 0.5
4652881 214839973 1
4652881 214839971 1
4652881 214831967 1
4652881 214839960 0.5
4652881 214553561 0.5
4652881 214836330 0.5
4652881 214839587 0.5
5014506 214845581 1
5014506 214828952 1
5014506 214832154 1
5014506 214536302 0.5
5014506 214829887 0.5
9540587 214844462 1
9540587 214844454 1
9540587 214844450 1
9540587 214844456 0.5
5184492 214835167 1
5184492 214836924 1
5184492 214829765 1
5184492 214832557 0.5
5523496 214829878 1
5523496 214845587 1
5523496 214844402 1
5523496 214850402 0.5
5523496 214635493 0.5
5523496 214573612 0.5
5523496 214585676 0.5
5523496 214645005 0.5
5523496 214748336 0.5
5523496 214710101 0.5
5523496 214684730 0.5
5523496 214844347 0.5
5523496 214839965 0.5
4390397 214839973 1
4390397 214602598 1
4390397 214845131 1
4390397 214839969 0.5
4390397 214839592 0.5
4390397 214839600 0.5
4390397 214834867 0.5
4390397 214839960 0.5
4390397 214821401 0.5
4390397 214839932 0.5
5669876 214843322 1
5669876 214845984 1
5669876 214828989 1
5669876 214839617 0.5
9743349 214853420 1
9743349 214850947 1
9743349 214853400 1
9743349 214853422 0.5
3226437 214835745 1
3226437 214835019 1
3226437 214835747 1
3226437 214587712 0.5
3226437 214577025 0.5
3226437 214657318 0.5
3226437 214835017 0.5
10032119 214743367 1
10032119 214837288 1
10032119 214567333 1
10032119 214854262 0.5
10032119 214853767 0.5
5377877 214844396 1
5377877 214844398 1
5377877 214844370 1
5377877 214844400 0.5
5377877 214839937 0.5
5377877 214844372 0.5
5020673 214837286 1
5020673 214837288 1
5020673 214829878 1
5020673 214836956 0.5
5020673 214845579 0.5
5020673 214838092 0.5
5020673 214845581 0.5
5020673 214844402 0.5
5020673 214832156 0.5
4506629 214602733 1
4506629 214748336 1
4506629 214836857 1
4506629 214839973 0.5
4506629 214602598 0.5
4506629 214845131 0.5
4506629 214819760 0.5
4506629 214839960 0.5
4506629 214828985 0.5
4506629 214838107 0.5
11462151 214853325 1
11462151 214704180 1
11462151 214849132 1
11462151 214853754 0.5
11462151 214578011 0.5
11462151 214510445 0.5
11462151 214640351 0.5
9636874 214854022 1
9636874 214853420 1
9636874 214850947 1
9636874 214665277 0.5
8836109 214835473 1
8836109 214665277 1
8836109 214849284 1
8836109 214851290 0.5
8836109 214707875 0.5
10130446 214848656 1
10130446 214853730 1
10130446 214826565 1
10130446 214585586 0.5
10130446 214835747 0.5
10130446 214836926 0.5
10130446 214748334 0.5
10130446 214743495 0.5
11036163 214854782 1
11036163 214857830 1
11036163 214704180 1
11036163 214701787 0.5
11036163 214704182 0.5
5479447 214832154 1
5479447 214844349 1
5479447 214837286 1
5479447 214844336 0.5
5479447 214845354 0.5
1516568 214826610 1
1516568 214834880 1
1516568 214829366 1
1516568 214833755 0.5
1516568 214834877 0.5
7939098 214850938 1
7939098 214850848 1
7939098 214564387 1
7939098 214850713 0.5
7939098 214850705 0.5
7939098 214850940 0.5
7939098 214846127 0.5
10374171 214853102 1
10374171 214854785 1
10374171 214853244 1
10374171 214854855 0.5
10374171 214854536 0.5
10374171 214854577 0.5
10374171 214854354 0.5
10374171 214850739 0.5
10374171 214854838 0.5
2020388 214829878 1
2020388 214835750 1
2020388 214829887 1
2020388 214820184 0.5
2020388 214711087 0.5
4688936 214839971 1
4688936 214829287 1
4688936 214835017 1
4688936 214839600 0.5
4688936 214819760 0.5
4688936 214839973 0.5
4688936 214845131 0.5
4688936 214839975 0.5
4688936 214845352 0.5
4688936 214826951 0.5
4688936 214845581 0.5
4688936 214845806 0.5
4688936 214602733 0.5
4688936 214748336 0.5
4688936 214835475 0.5
4688936 214839956 0.5
4688936 214700437 0.5
4688936 214844407 0.5
4688936 214839960 0.5
4688936 214839969 0.5
4688936 214829850 0.5
4688936 214848176 0.5
4688936 214829887 0.5
6833197 214826891 1
6833197 214845131 1
6833197 214835473 1
6833197 214819430 0.5
4666419 214831944 1
4666419 214838096 1
4666419 214706428 1
4666419 214711295 0.5
4666419 214540479 0.5
7070778 214850291 1
7070778 214849762 1
7070778 214849466 1
7070778 214849747 0.5
8875067 214851017 1
8875067 214851590 1
8875067 214851135 1
8875067 214850370 0.5
4096411 214829079 1
4096411 214821285 1
4096411 214821277 1
4096411 214538030 0.5
6507018 214849076 1
6507018 214848605 1
6507018 214848969 1
6507018 214687457 0.5
6507018 214850788 0.5
6507018 214848982 0.5
6507018 214849070 0.5
3841088 214835167 1
3841088 214550820 1
3841088 214586610 1
3841088 214847649 0.5
4893761 214844330 1
4893761 214844325 1
4893761 214831946 1
4893761 214832012 0.5
4893761 214709317 0.5
4893761 214844327 0.5
5690434 214846119 1
5690434 214845917 1
5690434 214845984 1
5690434 214845986 0.5
5690434 214848997 0.5
5690434 214849001 0.5
5690434 214846061 0.5
5690434 214826833 0.5
5690434 214844370 0.5
3834951 214836932 1
3834951 214826990 1
3834951 214835109 1
3834951 214836924 0.5
4274359 214835109 1
4274359 214826990 1
4274359 214834877 1
4274359 214826615 0.5
2937934 214835019 1
2937934 214835132 1
2937934 214829310 1
2937934 214677401 0.5
2937934 214829660 0.5
2937934 214826565 0.5
2937934 214609325 0.5
9274847 214711307 1
9274847 214853420 1
9274847 214850947 1
9274847 214853422 0.5
158811 214821275 1
158811 214826702 1
158811 214826803 1
158811 214716932 0.5
9303137 214850938 1
9303137 214651777 1
9303137 214832792 1
9303137 214602600 0.5
9303137 214555438 0.5
9303137 214676306 0.5
9303137 214834867 0.5
9303137 214684725 0.5
9303137 214820190 0.5
9303137 214829887 0.5
2315363 214829878 1
2315363 214846057 1
2315363 214829882 1
2315363 214844420 0.5
5094856 214844402 1
5094856 214554450 1
5094856 214844342 1
5094856 214819562 0.5
5094856 214845806 0.5
5094856 214574672 0.5
5094856 214835473 0.5
5094856 214675890 0.5
5094856 214574670 0.5
580711 214684702 1
580711 214743515 1
580711 214684717 1
580711 214600989 0.5
580711 214826627 0.5
580711 214704180 0.5
580711 214712237 0.5
580711 214717511 0.5
5150817 214845585 1
5150817 214844370 1
5150817 214844368 1
5150817 214835064 0.5
5150817 214835426 0.5
6326802 214846033 1
6326802 214845581 1
6326802 214846012 1
6326802 214838105 0.5
6326802 214829882 0.5
6326802 214829885 0.5
6326802 214838102 0.5
6326802 214829887 0.5
5778542 214844372 1
5778542 214846061 1
5778542 214844398 1
5778542 214602733 0.5
9118227 214853096 1
9118227 214853105 1
9118227 214851326 1
9118227 214853085 0.5
11175032 214854356 1
11175032 214854497 1
11175032 214854785 1
11175032 214854731 0.5
11175032 214714755 0.5
11175032 214854733 0.5
5452921 214716980 1
5452921 214716973 1
5452921 214716977 1
5452921 214716937 0.5
5452921 214716939 0.5
8655994 214853094 1
8655994 214853248 1
8655994 214853105 1
8655994 214853096 0.5
10790018 214864880 1
10790018 214853102 1
10790018 214853381 1
10790018 214854840 0.5
10613611 214854579 1
10613611 214855151 1
10613611 214854300 1
10613611 214573305 0.5
10613611 214573310 0.5
10613611 214850741 0.5
10613611 214854230 0.5
9055366 214853077 1
9055366 214852980 1
9055366 214853105 1
9055366 214853090 0.5
9055366 214853094 0.5
9055366 214853096 0.5
9055366 214853233 0.5
9055366 214853085 0.5
9055366 214851326 0.5
10302599 214854536 1
10302599 214854352 1
10302599 214853767 1
10302599 214853698 0.5
10302599 214854358 0.5
10302599 214853094 0.5
10302599 214829034 0.5
10302599 214854354 0.5
10302599 214849807 0.5
10302599 214852978 0.5
10302599 214850739 0.5
10302599 214853726 0.5
10302599 214648470 0.5
10302599 214559960 0.5
10302599 214851326 0.5
5977226 214845962 1
5977226 214821384 1
5977226 214845879 1
5977226 214845971 0.5
11365607 214854804 1
11365607 214854699 1
11365607 214853072 1
11365607 214712244 0.5
11365607 214714715 0.5
11365607 214849100 0.5
11365607 214744046 0.5
197777 214687642 1
197777 214827022 1
197777 214821272 1
197777 214551626 0.5
197777 214821298 0.5
4807836 214839971 1
4807836 214839973 1
4807836 214845131 1
4807836 214839600 0.5
4807836 214839969 0.5
4807836 214839960 0.5
4807836 214587317 0.5
3214493 214644392 1
3214493 214650598 1
3214493 214636517 1
3214493 214829366 0.5
4371614 214820392 1
4371614 214832145 1
4371614 214839960 1
4371614 214838096 0.5
4371614 214831944 0.5
4371614 214602802 0.5
4371614 214839973 0.5
4371614 214587697 0.5
6272159 214848337 1
6272159 214668667 1
6272159 214848380 1
6272159 214848330 0.5
6272159 214846535 0.5
9501553 214850947 1
9501553 214850945 1
9501553 214853420 1
9501553 214853428 0.5
9501553 214850949 0.5
1352359 214834877 1
1352359 214826589 1
1352359 214829366 1
1352359 214748336 0.5
1352359 214828982 0.5
4936971 214826990 1
4936971 214829765 1
4936971 214844347 1
4936971 214819562 0.5
4936971 214832747 0.5
4936971 214718220 0.5
4936971 214829366 0.5
10794163 214712694 1
10794163 214853702 1
10794163 214853713 1
10794163 214853700 0.5
10794163 214850758 0.5
10794163 214850762 0.5
10794163 214854733 0.5
10794163 214848847 0.5
10794163 214836947 0.5
10794163 214712692 0.5
7070238 214849466 1
7070238 214849757 1
7070238 214849760 1
7070238 214849736 0.5
7070238 214844400 0.5
7070238 214849738 0.5
1503433 214753513 1
1503433 214748297 1
1503433 214748302 1
1503433 214748293 0.5
9741513 214853347 1
9741513 214850949 1
9741513 214850947 1
9741513 214853154 0.5
9741513 214853156 0.5
9741513 214853158 0.5
1193148 214828995 1
1193148 214829083 1
1193148 214587317 1
1193148 214800272 0.5
1823946 214829846 1
1823946 214829865 1
1823946 214829670 1
1823946 214829820 0.5
570558 214828987 1
570558 214826912 1
570558 214827009 1
570558 214826872 0.5
570558 214826955 0.5
570558 214699301 0.5
9947464 214850949 1
9947464 214829880 1
9947464 214829882 1
9947464 214846031 0.5
9972937 214853707 1
9972937 214853698 1
9972937 214853700 1
9972937 214854152 0.5
9972937 214853730 0.5
9972937 214577334 0.5
5715146 214848157 1
5715146 214845491 1
5715146 214819528 1
5715146 214845879 0.5
9139403 214849018 1
9139403 214852987 1
9139403 214853165 1
9139403 214853130 0.5
9139403 214850332 0.5
275661 214820842 1
275661 214711087 1
275661 214711082 1
275661 214820190 0.5
275661 214711318 0.5
6573263 214846530 1
6573263 214848658 1
6573263 214573288 1
6573263 214850953 0.5
6573263 214700885 0.5
6573263 214849318 0.5
6185166 214846417 1
6185166 214846415 1
6185166 214846464 1
6185166 214849252 0.5
6185166 214718182 0.5
6185166 214845960 0.5
6185166 214849001 0.5
6185166 214820400 0.5
6185166 214835064 0.5
6185166 214846067 0.5
6185166 214706102 0.5
6185166 214846007 0.5
6185166 214826904 0.5
6185166 214553561 0.5
6185166 214836926 0.5
8064214 214716671 1
8064214 214716746 1
8064214 214851161 1
8064214 214851080 0.5
8064214 214716714 0.5
8064214 214851587 0.5
8064214 214851575 0.5
8916184 214853107 1
8916184 214678376 1
8916184 214853128 1
8916184 214853087 0.5
7578842 214850938 1
7578842 214850700 1
7578842 214849363 1
7578842 214564387 0.5
7578842 214850726 0.5
7578842 214850792 0.5
7578842 214849395 0.5
7578842 214850619 0.5
7578842 214850940 0.5
6235356 214848626 1
6235356 214835019 1
6235356 214850362 1
6235356 214820400 0.5
6235356 214601233 0.5
6235356 214846530 0.5
7240926 214540597 1
7240926 214744779 1
7240926 214838122 1
7240926 214820345 0.5
7240926 214850938 0.5
7240926 214849132 0.5
7240926 214849247 0.5
9506341 214853420 1
9506341 214853317 1
9506341 214853428 1
9506341 214700000 0.5
9506341 214712235 0.5
9506341 214853422 0.5
9506341 214680371 0.5
9506341 214835126 0.5
9506341 214831955 0.5
9506341 214853340 0.5
1942752 214644740 1
1942752 214718160 1
1942752 214561468 1
1942752 214556840 0.5
1942752 214561466 0.5
1942752 214561475 0.5
1942752 214561477 0.5
1942752 214687475 0.5
8777936 214851131 1
8777936 214851101 1
8777936 214846391 1
8777936 214851290 0.5
8777936 214851135 0.5
8777936 214716671 0.5
4224226 214839594 1
4224226 214839596 1
4224226 214710062 1
4224226 214714757 0.5
1952996 214829885 1
1952996 214829882 1
1952996 214831957 1
1952996 214674416 0.5
1952996 214829850 0.5
1952996 214829852 0.5
1952996 214829878 0.5
8942823 214853242 1
8942823 214851750 1
8942823 214853210 1
8942823 214853094 0.5
3919082 214826565 1
3919082 214835747 1
3919082 214606948 1
3919082 214835017 0.5
9379737 214853422 1
9379737 214853420 1
9379737 214850942 1
9379737 214846258 0.5
9379737 214853428 0.5
9379737 214705734 0.5
10007796 214854300 1
10007796 214853726 1
10007796 214839913 1
10007796 214712696 0.5
10007796 214846397 0.5
8518902 214851131 1
8518902 214851163 1
8518902 214684942 1
8518902 214716746 0.5
8518902 214851165 0.5
8518902 214716671 0.5
7122473 214838094 1
7122473 214828989 1
7122473 214848641 1
7122473 214848954 0.5
7122473 214848335 0.5
4547839 214839915 1
4547839 214709970 1
4547839 214600470 1
4547839 214826942 0.5
6739203 214846412 1
6739203 214846427 1
6739203 214846479 1
6739203 214849194 0.5
6739203 214846415 0.5
5424389 214835167 1
5424389 214845585 1
5424389 214709814 1
5424389 214847936 0.5
5424389 214835426 0.5
5424389 214847940 0.5
5424389 214836328 0.5
5424389 214561496 0.5
5424389 214835064 0.5
5424389 214826820 0.5
6169863 214851086 1
6169863 214684108 1
6169863 214848746 1
6169863 214826818 0.5
6169863 214646250 0.5
6169863 214554950 0.5
10142987 214853165 1
10142987 214851742 1
10142987 214853107 1
10142987 214845962 0.5
10142987 214846119 0.5
4422104 214839975 1
4422104 214845131 1
4422104 214602733 1
4422104 214839971 0.5
4422104 214602598 0.5
1486099 214821407 1
1486099 214826610 1
1486099 214834877 1
1486099 214635493 0.5
2297111 214829878 1
2297111 214831948 1
2297111 214829880 1
2297111 214829887 0.5
11117853 214850945 1
11117853 214850711 1
11117853 214854497 1
11117853 214849250 0.5
11117853 214711556 0.5
11117853 214738455 0.5
11117853 214854065 0.5
11117853 214836855 0.5
11117853 214854840 0.5
11117853 214854782 0.5
10911009 214854853 1
10911009 214864880 1
10911009 214854707 1
10911009 214848658 0.5
10911009 214710013 0.5
10911009 214854855 0.5
8226086 214851131 1
8226086 214851163 1
8226086 214716671 1
8226086 214851097 0.5
8226086 214851579 0.5
8226086 214851165 0.5
11177256 214855016 1
11177256 214853102 1
11177256 214853728 1
11177256 214853735 0.5
10503472 214853244 1
10503472 214854352 1
10503472 214854536 1
10503472 214854354 0.5
9872264 214854510 1
9872264 214854262 1
9872264 214684785 1
9872264 214853722 0.5
9872264 214684762 0.5
9933022 214853413 1
9933022 214853435 1
9933022 214853994 1
9933022 214853996 0.5
7063202 214850743 1
7063202 214850938 1
7063202 214850936 1
7063202 214821024 0.5
7063202 214850771 0.5
7063202 214850709 0.5
7063202 214821022 0.5
9590076 214853420 1
9590076 214850945 1
9590076 214853340 1
9590076 214744258 0.5
9590076 214831955 0.5
9590076 214705734 0.5
3728701 214820402 1
3728701 214820400 1
3728701 214820392 1
3728701 214574670 0.5
8410679 214851290 1
8410679 214564380 1
8410679 214851232 1
8410679 214829765 0.5
8471886 214564380 1
8471886 214849194 1
8471886 214832792 1
8471886 214851592 0.5
8471886 214602600 0.5
8471886 214851317 0.5
8105299 214685049 1
8105299 214851080 1
8105299 214851161 1
8105299 214851587 0.5
7286104 214849738 1
7286104 214849762 1
7286104 214849757 1
7286104 214850282 0.5
7286104 214849796 0.5
11087196 214857568 1
11087196 214857268 1
11087196 214857810 1
11087196 214844355 0.5
11087196 214853102 0.5
6661469 214848947 1
6661469 214848941 1
6661469 214849134 1
6661469 214582346 0.5
6661469 214848945 0.5
6661469 214849046 0.5
6661469 214849050 0.5
6661469 214849020 0.5
6661469 214848954 0.5
6661469 214849022 0.5
1197406 214826563 1
1197406 214839600 1
1197406 214826610 1
1197406 214641962 0.5
1329724 214716110 1
1329724 214698420 1
1329724 214828959 1
1329724 214820400 0.5
1329724 214829850 0.5
1329724 214577355 0.5
1329724 214743495 0.5
920932 214832559 1
920932 214827009 1
920932 214826617 1
920932 214826612 0.5
920932 214676019 0.5
920932 214821300 0.5
920932 214821401 0.5
920932 214826619 0.5
920932 214725532 0.5
10845542 214677830 1
10845542 214536187 1
10845542 214846117 1
10845542 214536195 0.5
10845542 214536197 0.5
10845542 214709702 0.5
10845542 214678376 0.5
10845542 214845962 0.5
10845542 214845971 0.5
10845542 214678387 0.5
10845542 214851740 0.5
2293806 214829878 1
2293806 214829887 1
2293806 214831950 1
2293806 214743339 0.5
2293806 214579875 0.5
3419503 214836827 1
3419503 214706180 1
3419503 214836877 1
3419503 214819490 0.5
3419503 214541355 0.5
9654163 214853169 1
9654163 214852987 1
9654163 214581611 1
9654163 214853265 0.5
9654163 214853130 0.5
9654163 214678387 0.5
9654163 214509013 0.5
7843189 214850936 1
7843189 214850621 1
7843189 214846404 1
7843189 214850762 0.5
7843189 214609325 0.5
7843189 214561775 0.5
7843189 214845585 0.5
7843189 214846035 0.5
7843189 214850771 0.5
7843189 214821020 0.5
6235512 214848973 1
6235512 214850362 1
6235512 214711205 1
6235512 214850360 0.5
6235512 214848701 0.5
2640788 214829882 1
2640788 214831948 1
2640788 214829878 1
2640788 214829887 0.5
9837947 214713401 1
9837947 214820400 1
9837947 214820402 1
9837947 214853707 0.5
9837947 214853702 0.5
5059344 214676480 1
5059344 214748336 1
5059344 214838109 1
5059344 214839960 0.5
5059344 214842735 0.5
4543871 214586694 1
4543871 214839971 1
4543871 214848178 1
4543871 214716512 0.5
4543871 214839969 0.5
4543871 214839973 0.5
4543871 214602598 0.5
4543871 214839975 0.5
4543871 214845131 0.5
4543871 214829280 0.5
4543871 214829775 0.5
4543871 214839600 0.5
4543871 214587317 0.5
4543871 214828985 0.5
4543871 214839960 0.5
4543871 214836857 0.5
4543871 214829850 0.5
4543871 214839967 0.5
4543871 214829852 0.5
4543871 214829797 0.5
4935574 214582348 1
4935574 214582346 1
4935574 214582374 1
4935574 214581613 0.5
230796 214826627 1
230796 214826835 1
230796 214826844 1
230796 214826715 0.5
9014673 214851238 1
9014673 214851131 1
9014673 214851163 1
9014673 214851581 0.5
9014673 214716671 0.5
5105043 214845131 1
5105043 214839973 1
5105043 214836956 1
5105043 214587317 0.5
3315037 214820263 1
3315037 214820270 1
3315037 214821277 1
3315037 214820231 0.5
8252827 214851011 1
8252827 214851236 1
8252827 214851133 1
8252827 214821032 0.5
8252827 214851581 0.5
8252827 214849365 0.5
8252827 214850621 0.5
9721244 214743515 1
9721244 214853325 1
9721244 214680356 1
9721244 214700002 0.5
9721244 214701787 0.5
9721244 214712237 0.5
10448286 214854819 1
10448286 214854857 1
10448286 214854782 1
10448286 214854842 0.5
10448286 214854815 0.5
10448286 214859246 0.5
10448286 214711295 0.5
2946467 214837918 1
2946467 214573612 1
2946467 214602600 1
2946467 214601233 0.5
1740197 214829666 1
1740197 214829664 1
1740197 214832722 1
1740197 214783352 0.5
1740197 214829085 0.5
5789937 214846029 1
5789937 214848298 1
5789937 214848305 1
5789937 214851090 0.5
7008839 214848609 1
7008839 214848410 1
7008839 214848847 1
7008839 214848328 0.5
7008839 214848377 0.5
7008839 214848330 0.5
7008839 214826990 0.5
10679538 214853102 1
10679538 214854840 1
10679538 214864880 1
10679538 214716928 0.5
10679538 214854624 0.5
10679538 214829878 0.5
10679538 214854853 0.5
10679538 214853420 0.5
10679538 214718220 0.5
10679538 214854572 0.5
10679538 214716941 0.5
10679538 214716943 0.5
10679538 214716945 0.5
10679538 214716947 0.5
10679538 214832657 0.5
10679538 214716982 0.5
10679538 214716984 0.5
10679538 214561496 0.5
10679538 214684730 0.5
10679538 214857167 0.5
10679538 214577334 0.5
7333294 214850936 1
7333294 214849466 1
7333294 214850405 1
7333294 214850720 0.5
7333294 214850756 0.5
9182642 214827020 1
9182642 214851150 1
9182642 214851294 1
9182642 214821272 0.5
9182642 214851146 0.5
9545139 214853420 1
9545139 214850942 1
9545139 214665277 1
9545139 214851290 0.5
9545139 214645005 0.5
9545139 214849327 0.5
6313396 214845806 1
6313396 214846530 1
6313396 214743495 1
6313396 214563337 0.5
6313396 214848997 0.5
6313396 214819430 0.5
6313396 214819721 0.5
1152438 214829327 1
1152438 214829330 1
1152438 214829334 1
1152438 214558389 0.5
1152438 214835743 0.5
2940343 214834867 1
2940343 214602600 1
2940343 214832792 1
2940343 214638474 0.5
929209 214535621 1
929209 214821285 1
929209 214821277 1
929209 214820231 0.5
9617311 214853707 1
9617311 214853698 1
9617311 214853767 1
9617311 214854152 0.5
9617311 214853353 0.5
10859964 214854857 1
10859964 214853713 1
10859964 214851581 1
10859964 214857570 0.5
10859964 214563335 0.5
10859964 214854855 0.5
10859964 214561644 0.5
10859964 214850402 0.5
10859964 214857810 0.5
4724157 214831970 1
4724157 214829325 1
4724157 214839356 1
4724157 214840235 0.5
4724157 214538820 0.5
4898238 214837280 1
4898238 214838092 1
4898238 214837288 1
4898238 214826820 0.5
10403264 214848384 1
10403264 214854545 1
10403264 214854547 1
10403264 214850741 0.5
10403264 214854510 0.5
7896516 214850938 1
7896516 214850700 1
7896516 214850790 1
7896516 214850692 0.5
7896516 214850405 0.5
7896516 214835002 0.5
7896516 214850940 0.5
7896516 214850621 0.5
7896516 214821022 0.5
10173686 214853700 1
10173686 214853698 1
10173686 214853730 1
10173686 214853767 0.5
4814071 214839973 1
4814071 214829287 1
4814071 214847255 1
4814071 214839975 0.5
7515603 214717003 1
7515603 214717005 1
7515603 214706216 1
7515603 214716928 0.5
7515603 214850282 0.5
7515603 214645963 0.5
11181528 214853102 1
11181528 214854791 1
11181528 214853100 1
11181528 214854830 0.5
4875737 214839967 1
4875737 214845131 1
4875737 214839965 1
4875737 214836330 0.5
8414682 214851290 1
8414682 214851242 1
8414682 214676306 1
8414682 214552522 0.5
8414682 214844347 0.5
8414682 214564380 0.5
8414682 214850743 0.5
2651612 214831948 1
2651612 214829882 1
2651612 214829878 1
2651612 214821407 0.5
8017374 214851097 1
8017374 214716671 1
8017374 214851028 1
8017374 214743339 0.5
8017374 214851579 0.5
2942431 214650598 1
2942431 214573290 1
2942431 214826621 1
2942431 214650626 0.5
2942431 214645987 0.5
2942431 214826589 0.5
2942431 214829366 0.5
1528314 214829332 1
1528314 214834877 1
1528314 214587266 1
1528314 214641962 0.5
1528314 214826563 0.5
1528314 214835743 0.5
7523812 214828970 1
7523812 214848305 1
7523812 214848298 1
7523812 214716928 0.5
7523812 214828963 0.5
7523812 214554358 0.5
7523812 214845583 0.5
10020327 214853992 1
10020327 214853994 1
10020327 214853865 1
10020327 214698446 0.5
10692079 214686879 1
10692079 214854838 1
10692079 214686864 1
10692079 214854731 0.5
8699377 214829765 1
8699377 214851577 1
8699377 214851292 1
8699377 214845954 0.5
8699377 214849018 0.5
8699377 214835167 0.5
4740691 214839960 1
4740691 214839971 1
4740691 214845806 1
4740691 214819430 0.5
4740691 214602598 0.5
4740691 214829799 0.5
4740691 214839975 0.5
4740691 214557009 0.5
4740691 214820402 0.5
4740691 214601233 0.5
4740691 214558807 0.5
4740691 214612730 0.5
4740691 214826876 0.5
8336884 214716671 1
8336884 214685049 1
8336884 214851161 1
8336884 214662759 0.5
6405374 214840584 1
6405374 214848622 1
6405374 214848950 1
6405374 214819777 0.5
6405374 214717410 0.5
6405374 214846470 0.5
6405374 214718182 0.5
6405374 214561775 0.5
6405374 214846065 0.5
6690294 214838109 1
6690294 214848656 1
6690294 214648247 1
6690294 214849312 0.5
6690294 214836932 0.5
6690294 214667857 0.5
6690294 214839600 0.5
6690294 214845521 0.5
6690294 214819378 0.5
6690294 214821397 0.5
8519159 214851122 1
8519159 214851013 1
8519159 214851075 1
8519159 214851077 0.5
10931707 214853156 1
10931707 214853147 1
10931707 214853154 1
10931707 214854787 0.5
10931707 214854853 0.5
10931707 214854793 0.5
10931707 214853100 0.5
10931707 214854356 0.5
10931707 214854782 0.5
6653866 214851009 1
6653866 214849245 1
6653866 214849318 1
6653866 214848849 0.5
6653866 214848658 0.5
6653866 214832619 0.5
6653866 214849179 0.5
6653866 214846085 0.5
4666881 214832143 1
4666881 214826942 1
4666881 214838098 1
4666881 214839594 0.5
10122754 214823289 1
10122754 214853992 1
10122754 214717888 1
10122754 214853188 0.5
10122754 214850790 0.5
10122754 214853702 0.5
10122754 214687847 0.5
10122754 214853865 0.5
10122754 214849464 0.5
4251139 214836879 1
4251139 214831942 1
4251139 214838096 1
4251139 214832012 0.5
7570948 214849807 1
7570948 214538439 1
7570948 214848298 1
7570948 214846310 0.5
7570948 214820231 0.5
5534294 214829880 1
5534294 214831948 1
5534294 214826837 1
5534294 214845579 0.5
974342 214820803 1
974342 214829336 1
974342 214829330 1
974342 214829021 0.5
4371978 214839962 1
4371978 214832147 1
4371978 214845131 1
4371978 214838102 0.5
4371978 214832015 0.5
910859 214821315 1
910859 214821307 1
910859 214821339 1
910859 214586711 0.5
4552962 214839973 1
4552962 214829287 1
4552962 214829887 1
4552962 214826951 0.5
6366737 214846035 1
6366737 214835428 1
6366737 214836926 1
6366737 214553561 0.5
6366737 214829379 0.5
9181161 214853107 1
9181161 214853075 1
9181161 214853165 1
9181161 214536193 0.5
9181161 214536195 0.5
9181161 214853128 0.5
9181161 214845962 0.5
9181161 214846312 0.5
9181161 214853087 0.5
5477294 214844396 1
5477294 214844372 1
5477294 214845587 1
5477294 214844345 0.5
5477294 214844340 0.5
7962137 214850938 1
7962137 214819599 1
7962137 214850304 1
7962137 214850282 0.5
7962137 214718398 0.5
2295324 214829670 1
2295324 214842482 1
2295324 214826608 1
2295324 214842480 0.5
2295324 214829668 0.5
1046047 214826805 1
1046047 214828974 1
1046047 214829743 1
1046047 214829745 0.5
5500453 214844398 1
5500453 214844372 1
5500453 214844368 1
5500453 214835473 0.5
8838694 214851125 1
8838694 214651517 1
8838694 214851077 1
8838694 214717524 0.5
8838694 214556210 0.5
8838694 214849796 0.5
8838694 214561997 0.5
8838694 214851581 0.5
9455144 214853420 1
9455144 214850947 1
9455144 214850945 1
9455144 214850949 0.5
4972073 214839973 1
4972073 214826825 1
4972073 214826833 1
4972073 214838094 0.5
8216106 214851317 1
8216106 214685049 1
8216106 214851080 1
8216106 214851575 0.5
5927071 214846067 1
5927071 214850870 1
5927071 214845982 1
5927071 214850880 0.5
5927071 214850872 0.5
5927071 214837483 0.5
7726637 214850938 1
7726637 214849247 1
7726637 214850940 1
7726637 214850754 0.5
6127498 214848315 1
6127498 214850876 1
6127498 214850880 1
6127498 214846472 0.5
6127498 214832145 0.5
6127498 214835019 0.5
6127498 214845980 0.5
9428527 214820396 1
9428527 214853353 1
9428527 214853420 1
9428527 214586432 0.5
9428527 214851137 0.5
9428527 214850788 0.5
9428527 214853713 0.5
9428527 214851122 0.5
9428527 214844372 0.5
9428527 214714779 0.5
9428527 214853342 0.5
6190642 214560587 1
6190642 214848926 1
6190642 214846117 1
6190642 214846125 0.5
4554566 214838107 1
4554566 214820402 1
4554566 214820400 1
4554566 214839587 0.5
4554566 214839973 0.5
4554566 214839975 0.5
8250934 214851071 1
8250934 214846391 1
8250934 214716746 1
8250934 214685049 0.5
8250934 214851587 0.5
8250934 214851575 0.5
8377911 214851163 1
8377911 214851161 1
8377911 214685049 1
8377911 214716746 0.5
8377911 214848851 0.5
8377911 214684942 0.5
1351226 214834880 1
1351226 214834877 1
1351226 214826563 1
1351226 214601233 0.5
1351226 214716339 0.5
1351226 214834873 0.5
6067009 214850870 1
6067009 214850872 1
6067009 214846466 1
6067009 214708367 0.5
9227839 214853282 1
9227839 214584836 1
9227839 214853255 1
9227839 214851332 0.5
7427648 214849740 1
7427648 214829767 1
7427648 214844400 1
7427648 214849736 0.5
7427648 214849738 0.5
7427648 214844398 0.5
8887874 214564382 1
8887874 214851748 1
8887874 214853135 1
8887874 214850848 0.5
8887874 214850405 0.5
8887874 214850760 0.5
8887874 214853227 0.5
8887874 214849464 0.5
8887874 214819577 0.5
8887874 214850876 0.5
8887874 214716671 0.5
11097669 214853102 1
11097669 214855016 1
11097669 214854785 1
11097669 214854787 0.5
11097669 214854853 0.5
11097669 214854782 0.5
7776187 214846415 1
7776187 214642100 1
7776187 214835109 1
7776187 214707875 0.5
7776187 214573288 0.5
7776187 214667857 0.5
7776187 214675890 0.5
7776187 214838227 0.5
7776187 214844340 0.5
7776187 214606805 0.5
7776187 214844342 0.5
7776187 214675895 0.5
7776187 214848380 0.5
7776187 214573277 0.5
27651 214826955 1
27651 214709690 1
27651 214826627 1
27651 214821300 0.5
8542917 214748295 1
8542917 214753505 1
8542917 214851167 1
8542917 214580424 0.5
8542917 214850936 0.5
8542917 214850938 0.5
8542917 214851322 0.5
8542917 214578350 0.5
407891 214826829 1
407891 214826893 1
407891 214640094 1
407891 214826816 0.5
407891 214826608 0.5
407891 214600483 0.5
407891 214584092 0.5
407891 214600470 0.5
6342227 214845954 1
6342227 214509125 1
6342227 214848847 1
6342227 214551780 0.5
11167317 214854731 1
11167317 214854819 1
11167317 214854838 1
11167317 214854540 0.5
4313291 214687685 1
4313291 214838122 1
4313291 214838124 1
4313291 214839984 0.5
4313291 214836795 0.5
4313291 214836875 0.5
4313291 214557043 0.5
4313291 214612687 0.5
11058776 214686879 1
11058776 214854770 1
11058776 214686864 1
11058776 214850752 0.5
11058776 214854821 0.5
11058776 214854502 0.5
11058776 214854830 0.5
10058773 214854298 1
10058773 214851326 1
10058773 214854527 1
10058773 214718177 0.5
10946146 214854853 1
10946146 214854800 1
10946146 214854840 1
10946146 214854770 0.5
6858344 214848613 1
6858344 214716707 1
6858344 214848980 1
6858344 214848808 0.5
6858344 214558192 0.5
6858344 214848622 0.5
6858344 214556055 0.5
10456684 214854577 1
10456684 214854583 1
10456684 214687475 1
10456684 214853726 0.5
1341037 214829387 1
1341037 214834880 1
1341037 214834877 1
1341037 214826610 0.5
10819182 214853102 1
10819182 214855016 1
10819182 214854782 1
10819182 214854840 0.5
9991791 214718160 1
9991791 214561775 1
9991791 214845590 1
9991791 214819777 0.5
9991791 214846475 0.5
9991791 214718379 0.5
9991791 214708029 0.5
5639793 214835428 1
5639793 214835070 1
5639793 214835064 1
5639793 214561496 0.5
5639793 214835426 0.5
5639793 214835462 0.5
1559827 214648247 1
1559827 214717562 1
1559827 214821320 1
1559827 214587317 0.5
6939553 214839969 1
6939553 214826610 1
6939553 214571188 1
6939553 214834880 0.5
6939553 214667857 0.5
6939553 214827005 0.5
6939553 214832567 0.5
6479322 214849018 1
6479322 214850360 1
6479322 214850362 1
6479322 214844400 0.5
6479322 214850788 0.5
6479322 214839975 0.5
6479322 214844396 0.5
6479322 214848688 0.5
6479322 214832145 0.5
6479322 214844402 0.5
10516097 214854527 1
10516097 214851099 1
10516097 214854600 1
10516097 214853248 0.5
10516097 214853094 0.5
10516097 214853705 0.5
10516097 214854731 0.5
10516097 214854540 0.5
10516097 214845583 0.5
10516097 214853105 0.5
10516097 214852978 0.5
10516097 214852980 0.5
10516097 214853077 0.5
10516097 214853724 0.5
10516097 214851326 0.5
10516097 214854581 0.5
8318594 214851290 1
8318594 214851101 1
8318594 214838107 1
8318594 214829880 0.5
8318594 214712242 0.5
8318594 214684734 0.5
8318594 214846031 0.5
9813636 214853767 1
9813636 214849312 1
9813636 214854515 1
9813636 214850402 0.5
9813636 214853700 0.5
9813636 214853702 0.5
9813636 214854538 0.5
9813636 214820396 0.5
9813636 214853698 0.5
9813636 214845986 0.5
9813636 214853722 0.5
2385542 214835132 1
2385542 214835745 1
2385542 214748336 1
2385542 214835019 0.5
8868113 214853242 1
8868113 214851750 1
8868113 214853210 1
8868113 214853237 0.5
10353603 214854536 1
10353603 214854352 1
10353603 214853244 1
10353603 214748336 0.5
10353603 214854354 0.5
10353603 214684762 0.5
10353603 214854358 0.5
2156182 214829822 1
2156182 214834880 1
2156182 214831965 1
2156182 214685857 0.5
2156182 214835750 0.5
2156182 214743495 0.5
2156182 214836330 0.5
2156182 214829387 0.5
2156182 214746380 0.5
2156182 214601229 0.5
2156182 214716752 0.5
2156182 214583670 0.5
2156182 214558807 0.5
2156182 214668185 0.5
2156182 214714779 0.5
2156182 214829852 0.5
2156182 214826623 0.5
2541849 214748293 1
2541849 214748297 1
2541849 214748304 1
2541849 214748291 0.5
7730843 214850771 1
7730843 214850700 1
7730843 214850760 1
7730843 214850743 0.5
6452506 214850357 1
6452506 214850362 1
6452506 214850360 1
6452506 214850548 0.5
7855774 214850621 1
7855774 214850940 1
7855774 214850315 1
7855774 214850619 0.5
7855774 214851011 0.5
4660019 214845131 1
4660019 214839969 1
4660019 214829775 1
4660019 214821401 0.5
4660019 214836853 0.5
4660019 214586694 0.5
6795206 214848658 1
6795206 214849331 1
6795206 214667859 1
6795206 214849333 0.5
6795206 214849022 0.5
6795206 214849239 0.5
11392679 214857568 1
11392679 214857570 1
11392679 214857810 1
11392679 214857555 0.5
10634183 214854358 1
10634183 214567329 1
10634183 214567215 1
10634183 214854264 0.5
10634183 214684785 0.5
10634183 214684762 0.5
10634183 214854268 0.5
10634183 214853726 0.5
4010952 214835109 1
4010952 214718199 1
4010952 214838227 1
4010952 214829765 0.5
4010952 214826990 0.5
4010952 214595150 0.5
4010952 214820220 0.5
4010952 214571006 0.5
4010952 214718207 0.5
7471911 214849136 1
7471911 214849760 1
7471911 214849312 1
7471911 214844400 0.5
6426294 214848609 1
6426294 214848596 1
6426294 214849018 1
6426294 214516136 0.5
6426294 214516140 0.5
6426294 214848847 0.5
6426294 214838137 0.5
6426294 214699070 0.5
6426294 214580351 0.5
1676987 214826994 1
1676987 214829396 1
1676987 214826921 1
1676987 214680705 0.5
1676987 214826561 0.5
10516157 214684762 1
10516157 214853726 1
10516157 214684785 1
10516157 214567329 0.5
10516157 214854358 0.5
10516157 214854352 0.5
10516157 214854547 0.5
10516157 214854262 0.5
10516157 214854264 0.5
10929854 214678104 1
10929854 214854857 1
10929854 214853154 1
10929854 214714755 0.5
10929854 214859062 0.5
6963829 214678880 1
6963829 214848641 1
6963829 214849337 1
6963829 214851009 0.5
6963829 214848954 0.5
6963829 214848945 0.5
6963829 214849046 0.5
6963829 214848335 0.5
2586308 214829878 1
2586308 214706216 1
2586308 214829887 1
2586308 214829882 0.5
2586308 214829885 0.5
2977479 214835019 1
2977479 214835745 1
2977479 214834867 1
2977479 214602802 0.5
6379209 214848596 1
6379209 214848384 1
6379209 214848847 1
6379209 214846425 0.5
6379209 214846389 0.5
2691671 214826565 1
2691671 214835019 1
2691671 214835747 1
2691671 214587697 0.5
5005238 214684372 1
5005238 214709595 1
5005238 214684108 1
5005238 214826818 0.5
5005238 214836525 0.5
8114724 214851163 1
8114724 214851579 1
8114724 214851581 1
8114724 214848613 0.5
8114724 214851592 0.5
8114724 214577450 0.5
8114724 214684942 0.5
8114724 214851131 0.5
8114724 214851165 0.5
8114724 214716671 0.5
9342673 214851750 1
9342673 214852985 1
9342673 214853132 1
9342673 214853242 0.5
9342673 214829765 0.5
9342673 214853222 0.5
2840283 214835017 1
2840283 214835747 1
2840283 214835019 1
2840283 214580190 0.5
8574363 214675895 1
8574363 214577450 1
8574363 214850771 1
8574363 214677615 0.5
8574363 214850743 0.5
8574363 214850711 0.5
1695456 214821410 1
1695456 214828974 1
1695456 214820392 1
1695456 214829387 0.5
1695456 214819430 0.5
6759132 214846067 1
6759132 214748336 1
6759132 214743495 1
6759132 214848658 0.5
6759132 214846061 0.5
7085802 214850285 1
7085802 214850295 1
7085802 214850315 1
7085802 214849738 0.5
5926636 214850876 1
5926636 214845982 1
5926636 214845958 1
5926636 214850880 0.5
5926636 214837442 0.5
5926636 214837483 0.5
5926636 214584047 0.5
3254226 214832124 1
3254226 214836830 1
3254226 214836827 1
3254226 214832128 0.5
3254226 214832115 0.5
3254226 214832126 0.5
8079086 214851163 1
8079086 214851099 1
8079086 214851131 1
8079086 214851165 0.5
11040496 214853102 1
11040496 214864880 1
11040496 214854332 1
11040496 214854731 0.5
11040496 214714755 0.5
11040496 214709685 0.5
2842354 214821290 1
2842354 214829846 1
2842354 214821277 1
2842354 214829707 0.5
2842354 214821292 0.5
6340339 214848613 1
6340339 214848832 1
6340339 214848808 1
6340339 214848851 0.5
786169 214837485 1
786169 214838831 1
786169 214827009 1
786169 214837490 0.5
786169 214698446 0.5
9345663 214853321 1
9345663 214850947 1
9345663 214678644 1
9345663 214541473 0.5
9345663 214853325 0.5
9572309 214700002 1
9572309 214853325 1
9572309 214850942 1
9572309 214853321 0.5
9572309 214680371 0.5
9266949 214853077 1
9266949 214852980 1
9266949 214853248 1
9266949 214853096 0.5
9266949 214851326 0.5
7665414 214551626 1
7665414 214844462 1
7665414 214844439 1
7665414 214612704 0.5
7665414 214844456 0.5
7665414 214844441 0.5
4798219 214837288 1
4798219 214838092 1
4798219 214837280 1
4798219 214819468 0.5
8476939 214851080 1
8476939 214851317 1
8476939 214853186 1
8476939 214716746 0.5
188176 214821277 1
188176 214826705 1
188176 214826608 1
188176 214826799 0.5
2781144 214748300 1
2781144 214829887 1
2781144 214829878 1
2781144 214686082 0.5
2781144 214831955 0.5
652931 214826615 1
652931 214554982 1
652931 214826621 1
652931 214712124 0.5
652931 214826612 0.5
652931 214712126 0.5
652931 214748334 0.5
652931 214718207 0.5
10268437 214850739 1
10268437 214854352 1
10268437 214853113 1
10268437 214820394 0.5
10268437 214573310 0.5
10268437 214853767 0.5
7462367 214850771 1
7462367 214850625 1
7462367 214850743 1
7462367 214851131 0.5
7462367 214850790 0.5
10534682 214567327 1
10534682 214854174 1
10534682 214853113 1
10534682 214854534 0.5
10534682 214854352 0.5
10534682 214854577 0.5
10534682 214854358 0.5
10534682 214849464 0.5
10534682 214854300 0.5
5158536 214838092 1
5158536 214837288 1
5158536 214839943 1
5158536 214837280 0.5
5158536 214678987 0.5
474908 214820383 1
474908 214826702 1
474908 214821285 1
474908 214826803 0.5
474908 214829310 0.5
7874678 214850938 1
7874678 214849363 1
7874678 214716645 1
7874678 214564387 0.5
7874678 214846404 0.5
7874678 214850726 0.5
7874678 214854759 0.5
7874678 214820394 0.5
7874678 214678987 0.5
3781936 214836887 1
3781936 214836924 1
3781936 214845129 1
3781936 214839395 0.5
7378723 214849194 1
7378723 214850282 1
7378723 214846112 1
7378723 214839967 0.5
9494309 214850947 1
9494309 214853420 1
9494309 214853422 1
9494309 214835117 0.5
4245286 214700002 1
4245286 214838105 1
4245286 214838096 1
4245286 214829792 0.5
4245286 214839973 0.5
4245286 214839965 0.5
6412071 214848622 1
6412071 214848337 1
6412071 214848950 1
6412071 214848630 0.5
29486 214832655 1
29486 214748300 1
29486 214832657 1
29486 214716984 0.5
7122733 214850282 1
7122733 214850310 1
7122733 214849322 1
7122733 214821024 0.5
7122733 214718160 0.5
7122733 214850771 0.5
7122733 214567408 0.5
5276637 214844368 1
5276637 214844372 1
5276637 214846065 1
5276637 214572264 0.5
5276637 214835473 0.5
5276637 214844345 0.5
9875248 214853707 1
9875248 214853767 1
9875248 214853698 1
9875248 214854060 0.5
10856241 214853102 1
10856241 214854785 1
10856241 214854840 1
10856241 214853100 0.5
2889523 214819490 1
2889523 214821332 1
2889523 214826951 1
2889523 214836847 0.5
2889523 214844415 0.5
2889523 214709735 0.5
497461 214821292 1
497461 214829312 1
497461 214685795 1
497461 214826702 0.5
10271369 214854300 1
10271369 214854585 1
10271369 214853735 1
10271369 214853728 0.5
10271369 214567333 0.5
10271369 214853094 0.5
10271369 214854510 0.5
10271369 214850741 0.5
10271369 214854534 0.5
10271369 214567327 0.5
9062201 214853105 1
9062201 214853085 1
9062201 214853090 1
9062201 214853096 0.5
2260798 214829882 1
2260798 214829887 1
2260798 214829878 1
2260798 214829880 0.5
4566847 214717507 1
4566847 214826983 1
4566847 214714757 1
4566847 214600464 0.5
4566847 214826829 0.5
4566847 214826822 0.5
4566847 214826623 0.5
9684802 214853317 1
9684802 214850310 1
9684802 214849809 1
9684802 214829882 0.5
6326086 214846061 1
6326086 214820400 1
6326086 214839973 1
6326086 214601233 0.5
5648201 214846412 1
5648201 214846427 1
5648201 214846468 1
5648201 214680729 0.5
5648201 214846460 0.5
4926787 214826833 1
4926787 214829882 1
4926787 214834867 1
4926787 214838094 0.5
9133571 214853248 1
9133571 214851326 1
9133571 214851759 1
9133571 214853096 0.5
9133571 214853105 0.5
9133571 214853090 0.5
9133571 214853077 0.5
9133571 214853094 0.5
11159379 214854512 1
11159379 214854731 1
11159379 214853702 1
11159379 214845131 0.5
11159379 214556334 0.5
9406293 214853454 1
9406293 214853422 1
9406293 214850945 1
9406293 214850947 0.5
2576697 214829878 1
2576697 214829887 1
2576697 214829882 1
2576697 214829880 0.5
4102507 214842735 1
4102507 214819760 1
4102507 214836330 1
4102507 214832128 0.5
4102507 214556216 0.5
4102507 214819762 0.5
4102507 214600492 0.5
8910684 214564387 1
8910684 214850304 1
8910684 214857204 1
8910684 214853424 0.5
8910684 214851320 0.5
8910684 214601042 0.5
8910684 214850947 0.5
9752414 214853420 1
9752414 214853422 1
9752414 214850942 1
9752414 214853707 0.5
9752414 214853700 0.5
3641183 214829769 1
3641183 214826938 1
3641183 214613741 1
3641183 214836795 0.5
8431459 214685049 1
8431459 214851080 1
8431459 214851161 1
8431459 214849395 0.5
8431459 214850405 0.5
8431459 214853190 0.5
687973 214821339 1
687973 214581572 1
687973 214827002 1
687973 214581581 0.5
687973 214800272 0.5
687973 214820402 0.5
687973 214821300 0.5
687973 214581594 0.5
687973 214826876 0.5
5464861 214844370 1
5464861 214844398 1
5464861 214844407 1
5464861 214829880 0.5
5464861 214829878 0.5
5244786 214575763 1
5244786 214711438 1
5244786 214711312 1
5244786 214717507 0.5
5244786 214819627 0.5
5244786 214684715 0.5
5244786 214826829 0.5
5244786 214848305 0.5
5244786 214826942 0.5
5244786 214832154 0.5
5244786 214829790 0.5
4771699 214831970 1
4771699 214632272 1
4771699 214837494 1
4771699 214839969 0.5
4771699 214839975 0.5
4771699 214845131 0.5
4771699 214836887 0.5
4771699 214602733 0.5
4771699 214839600 0.5
4771699 214828985 0.5
4771699 214839960 0.5
4771699 214821401 0.5
5205882 214832150 1
5205882 214826990 1
5205882 214844347 1
5205882 214839973 0.5
5205882 214838092 0.5
5205882 214845583 0.5
5205882 214748336 0.5
5205882 214848727 0.5
5205882 214836536 0.5
6993788 214848658 1
6993788 214839617 1
6993788 214587697 1
6993788 214834880 0.5
6993788 214845984 0.5
6993788 214839971 0.5
6993788 214711652 0.5
6993788 214849031 0.5
6993788 214848695 0.5
6993788 214826990 0.5
6993788 214838225 0.5
6993788 214553561 0.5
6993788 214848947 0.5
6993788 214849333 0.5
6993788 214849046 0.5
6993788 214836855 0.5
6993788 214717860 0.5
6993788 214668219 0.5
6993788 214849020 0.5
9310079 214748336 1
9310079 214853700 1
9310079 214853767 1
9310079 214835473 0.5
1313771 214834880 1
1313771 214826610 1
1313771 214821410 1
1313771 214554277 0.5
1313771 214829387 0.5
1313771 214826589 0.5
1313771 214828976 0.5
1313771 214829366 0.5
1313771 214833755 0.5
1313771 214834877 0.5
5779336 214821035 1
5779336 214829739 1
5779336 214845939 1
5779336 214846312 0.5
5779336 214676377 0.5
5779336 214832019 0.5
5779336 214821382 0.5
5779336 214845135 0.5
4116362 214835130 1
4116362 214687852 1
4116362 214831967 1
4116362 214632272 0.5
4116362 214831970 0.5
4116362 214839587 0.5
4116362 214826998 0.5
4116362 214829321 0.5
4116362 214819760 0.5
4116362 214613649 0.5
4116362 214587317 0.5
4116362 214706102 0.5
5576588 214820377 1
5576588 214819528 1
5576588 214846014 1
5576588 214846121 0.5
5576588 214839564 0.5
5576588 214845879 0.5
11161486 214853162 1
11161486 214845954 1
11161486 214848596 1
11161486 214864880 0.5
11161486 214850936 0.5
11161486 214851748 0.5
8832913 214853105 1
8832913 214853096 1
8832913 214853085 1
8832913 214852980 0.5
10866579 214853102 1
10866579 214854787 1
10866579 214855016 1
10866579 214854840 0.5
169891 214826627 1
169891 214826829 1
169891 214826955 1
169891 214826835 0.5
169891 214544780 0.5
2314154 214829878 1
2314154 214829882 1
2314154 214831948 1
2314154 214826818 0.5
8681388 214678387 1
8681388 214678376 1
8681388 214853128 1
8681388 214853130 0.5
6972932 214849297 1
6972932 214701212 1
6972932 214850615 1
6972932 214678880 0.5
6972932 214839339 0.5
3624606 214838109 1
3624606 214835167 1
3624606 214829765 1
3624606 214836870 0.5
1007542 214821302 1
1007542 214842577 1
1007542 214821309 1
1007542 214584907 0.5
1007542 214584939 0.5
2660681 214829880 1
2660681 214746365 1
2660681 214820396 1
2660681 214820392 0.5
2660681 214557009 0.5
2660681 214819762 0.5
2660681 214829882 0.5
2660681 214829878 0.5
1611708 214834877 1
1611708 214834880 1
1611708 214835754 1
1611708 214826992 0.5
1611708 214829385 0.5
11306941 214854583 1
11306941 214846391 1
11306941 214851135 1
11306941 214556840 0.5
11306941 214846389 0.5
1571121 214821407 1
1571121 214829396 1
1571121 214832722 1
1571121 214826561 0.5
1571121 214753515 0.5
5956256 214845971 1
5956256 214645987 1
5956256 214846117 1
5956256 214553257 0.5
5956256 214846318 0.5
4698054 214845131 1
4698054 214839962 1
4698054 214832147 1
4698054 214839960 0.5
4698054 214684502 0.5
4698054 214839973 0.5
4698054 214837494 0.5
10590152 214854527 1
10590152 214853705 1
10590152 214853724 1
10590152 214848322 0.5
8767436 214851290 1
8767436 214851232 1
8767436 214849018 1
8767436 214845939 0.5
8767436 214851101 0.5
8767436 214835167 0.5
10311631 214853096 1
10311631 214853105 1
10311631 214853085 1
10311631 214853248 0.5
6080504 214820233 1
6080504 214846408 1
6080504 214820261 1
6080504 214829720 0.5
6080504 214846380 0.5
5100554 214837280 1
5100554 214838092 1
5100554 214837288 1
5100554 214714757 0.5
5100554 214845577 0.5
5100554 214845806 0.5
5100554 214819760 0.5
5100554 214676567 0.5
5100554 214676570 0.5
5100554 214840091 0.5
5100554 214844413 0.5
5100554 214845502 0.5
5100554 214829887 0.5
7531171 214846112 1
7531171 214846072 1
7531171 214832595 1
7531171 214691426 0.5
7531171 214716971 0.5
7531171 214584939 0.5
7531171 214532107 0.5
7531171 214846031 0.5
7531171 214846033 0.5
7531171 214556212 0.5
7531171 214718201 0.5
7531171 214556218 0.5
7531171 214838107 0.5
7531171 214845980 0.5
7531171 214678987 0.5
9619413 214853165 1
9619413 214718160 1
9619413 214651777 1
9619413 214821024 0.5
9619413 214853128 0.5
9619413 214846312 0.5
9619413 214853130 0.5
9619413 214581611 0.5
9619413 214853169 0.5
9619413 214849010 0.5
9619413 214678387 0.5
9619413 214852987 0.5
10901468 214854782 1
10901468 214853102 1
10901468 214864880 1
10901468 214850304 0.5
7917562 214850758 1
7917562 214850767 1
7917562 214850765 1
7917562 214612901 0.5
4706271 214829775 1
4706271 214836855 1
4706271 214848176 1
4706271 214839969 0.5
4706271 214586694 0.5
4706271 214839973 0.5
4706271 214602598 0.5
4706271 214826977 0.5
4706271 214845131 0.5
4706271 214602733 0.5
4706271 214595150 0.5
4706271 214839600 0.5
4706271 214828980 0.5
1167334 214820392 1
1167334 214828980 1
1167334 214587317 1
1167334 214717085 0.5
1167334 214586694 0.5
8531943 214851581 1
8531943 214748336 1
8531943 214848658 1
8531943 214743495 0.5
8531943 214716110 0.5
8531943 214718385 0.5
8531943 214846067 0.5
8531943 214717562 0.5
8531943 214586651 0.5
8531943 214851133 0.5
853993 214826998 1
853993 214561775 1
853993 214791688 1
853993 214718117 0.5
853993 214577450 0.5
853993 214567404 0.5
853993 214820400 0.5
853993 214828982 0.5
853993 214826872 0.5
853993 214826619 0.5
853993 214820810 0.5
853993 214826623 0.5
3930791 214829765 1
3930791 214836924 1
3930791 214835167 1
3930791 214836932 0.5
1277938 214828995 1
1277938 214829045 1
1277938 214829336 1
1277938 214701212 0.5
6307829 214832747 1
6307829 214848656 1
6307829 214849252 1
6307829 214835124 0.5
6307829 214844347 0.5
6307829 214585644 0.5
6307829 214829366 0.5
6307829 214846127 0.5
11419642 214853100 1
11419642 214864880 1
11419642 214853072 1
11419642 214854707 0.5
3731452 214826938 1
3731452 214829799 1
3731452 214829769 1
3731452 214832128 0.5
