10507264 214853100 1
10507264 214854298 1
10507264 214854527 1
10507264 214854731 0.5
10507264 214854547 0.5
10507264 214850741 0.5
4724737 214845131 1
4724737 214838227 1
4724737 214834877 1
4724737 214839600 0.5
4724737 214532107 0.5
1683818 214834871 1
1683818 214828970 1
1683818 214834877 1
1683818 214828972 0.5
5191691 214640098 1
5191691 214829760 1
5191691 214844349 1
5191691 214695480 0.5
5191691 214585633 0.5
5191691 214602598 0.5
4263954 214838109 1
4263954 214836512 1
4263954 214839937 1
4263954 214826722 0.5
4263954 214826747 0.5
4263954 214645614 0.5
6051859 214845962 1
6051859 214845971 1
6051859 214846318 1
6051859 214676377 0.5
6051859 214846119 0.5
3248814 214829762 1
3248814 214559672 1
3248814 214835167 1
3248814 214836924 0.5
3248814 214820220 0.5
3248814 214835109 0.5
10188121 214861271 1
10188121 214851028 1
10188121 214851322 1
10188121 214861275 0.5
5720182 214845917 1
5720182 214586694 1
5720182 214602598 1
5720182 214829280 0.5
5720182 214826977 0.5
5720182 214850402 0.5
5720182 214845380 0.5
5720182 214849001 0.5
5720182 214834877 0.5
5720182 214845885 0.5
5720182 214821017 0.5
5720182 214845435 0.5
5720182 214839932 0.5
5720182 214665277 0.5
921958 214821401 1
921958 214826908 1
921958 214826837 1
921958 214800262 0.5
921958 214717286 0.5
921958 214837487 0.5
921958 214640017 0.5
921958 214826872 0.5
921958 214826876 0.5
1448817 214832657 1
1448817 214832653 1
1448817 214832655 1
1448817 214716984 0.5
1448817 214717867 0.5
1448817 214716967 0.5
7896782 214850743 1
7896782 214850771 1
7896782 214845958 1
7896782 214850870 0.5
7896782 214850855 0.5
7578913 214850295 1
7578913 214849762 1
7578913 214849736 1
7578913 214716110 0.5
7578913 214839311 0.5
8747698 214852978 1
8747698 214851326 1
8747698 214853094 1
8747698 214853096 0.5
8747698 214853105 0.5
8747698 214853085 0.5
6203439 214718169 1
6203439 214677615 1
6203439 214835745 1
6203439 214821017 0.5
6203439 214848330 0.5
6203439 214821022 0.5
4311089 214839587 1
4311089 214829321 1
4311089 214820402 1
4311089 214829280 0.5
4311089 214839932 0.5
4311089 214706102 0.5
11024434 214854840 1
11024434 214853102 1
11024434 214854785 1
11024434 214854716 0.5
11024434 214853079 0.5
5257268 214844372 1
5257268 214844355 1
5257268 214844400 1
5257268 214844398 0.5
11130934 214854800 1
11130934 214854789 1
11130934 214854787 1
11130934 214854791 0.5
4180024 214836932 1
4180024 214835109 1
4180024 214820220 1
4180024 214836881 0.5
4048954 214632146 1
4048954 214829790 1
4048954 214839594 1
4048954 214613741 0.5
10991681 214848658 1
10991681 214854838 1
10991681 214854731 1
10991681 214854356 0.5
10991681 214854815 0.5
677954 214585397 1
677954 214691484 1
677954 214821277 1
677954 214826801 0.5
10598471 214567327 1
10598471 214854797 1
10598471 214854840 1
10598471 214853732 0.5
10598471 214567333 0.5
10598471 214854860 0.5
10598471 214854510 0.5
10598471 214854800 0.5
10598471 214684785 0.5
10598471 214854547 0.5
10598471 214854262 0.5
10598471 214684762 0.5
10598471 214853724 0.5
10598471 214853722 0.5
10598471 214853726 0.5
768072 214835743 1
768072 214832786 1
768072 214684513 1
768072 214534352 0.5
10300816 214567329 1
10300816 214854268 1
10300816 214854264 1
10300816 214567327 0.5
10300816 214854510 0.5
10300816 214567215 0.5
2424917 214829878 1
2424917 214829882 1
2424917 214831950 1
2424917 214829887 0.5
8560726 214563182 1
8560726 214853145 1
8560726 214845947 1
8560726 214845962 0.5
8560726 214845971 0.5
8560726 214840378 0.5
8560726 214850670 0.5
8560726 214676375 0.5
4024407 214836845 1
4024407 214595150 1
4024407 214829799 1
4024407 214836926 0.5
7901272 214851579 1
7901272 214716671 1
7901272 214851131 1
7901272 214851073 0.5
8441947 214851155 1
8441947 214819412 1
8441947 214851238 1
8441947 214851152 0.5
5904477 214850880 1
5904477 214850876 1
5904477 214845960 1
5904477 214850872 0.5
5904477 214837483 0.5
4168037 214743515 1
4168037 214838105 1
4168037 214831944 1
4168037 214829792 0.5
4168037 214844195 0.5
4168037 214573288 0.5
4168037 214838096 0.5
4168037 214836887 0.5
4168037 214573277 0.5
4168037 214829887 0.5
10211424 214853767 1
10211424 214853707 1
10211424 214853730 1
10211424 214853698 0.5
7530597 214851236 1
7530597 214851080 1
7530597 214851161 1
7530597 214851073 0.5
7530597 214743339 0.5
7530597 214845960 0.5
7530597 214855185 0.5
7530597 214839962 0.5
7530597 214849327 0.5
7530597 214579875 0.5
7530597 214714794 0.5
7530597 214717867 0.5
7530597 214846127 0.5
7530597 214849736 0.5
7530597 214851125 0.5
7530597 214850870 0.5
7530597 214850621 0.5
7530597 214850741 0.5
7530597 214850760 0.5
7530597 214835021 0.5
7530597 214698446 0.5
7530597 214850405 0.5
7530597 214691563 0.5
7530597 214981102 0.5
7530597 214849395 0.5
7530597 214837494 0.5
7530597 214850936 0.5
7530597 214717247 0.5
7530597 214851581 0.5
9724007 214850949 1
9724007 214853422 1
9724007 214850947 1
9724007 214575763 0.5
2277481 214829887 1
2277481 214829882 1
2277481 214829878 1
2277481 214829880 0.5
9744491 214853420 1
9744491 214850945 1
9744491 214831946 1
9744491 214853152 0.5
9744491 214711295 0.5
10254444 214853700 1
10254444 214853722 1
10254444 214853698 1
10254444 214853713 0.5
108221 214826700 1
108221 214826801 1
108221 214826810 1
108221 214717003 0.5
1101936 214587317 1
1101936 214828980 1
1101936 214820807 1
1101936 214712709 0.5
1101936 214586694 0.5
1101936 214586743 0.5
7552031 214850938 1
7552031 214850411 1
7552031 214850848 1
7552031 214850936 0.5
7552031 214820394 0.5
7552031 214850621 0.5
5455996 214845917 1
5455996 214846012 1
5455996 214845984 1
5455996 214819779 0.5
5455996 214845489 0.5
5455996 214835019 0.5
5455996 214846033 0.5
5455996 214846007 0.5
5455996 214845887 0.5
8747136 214851742 1
8747136 214853128 1
8747136 214853263 1
8747136 214853105 0.5
448643 214819376 1
448643 214820400 1
448643 214657322 1
448643 214714732 0.5
448643 214745222 0.5
5369537 214844402 1
5369537 214844396 1
5369537 214838225 1
5369537 214844345 0.5
5369537 214844342 0.5
8734637 214853233 1
8734637 214853135 1
8734637 214851748 1
8734637 214853210 0.5
8734637 214853132 0.5
8734637 214853222 0.5
9211939 214850743 1
9211939 214853865 1
9211939 214854017 1
9211939 214853992 0.5
9211939 214850938 0.5
9211939 214853413 0.5
5099662 214839384 1
5099662 214743350 1
5099662 214844327 1
5099662 214840082 0.5
5907821 214846367 1
5907821 214846460 1
5907821 214846457 1
5907821 214717087 0.5
10084497 214854510 1
10084497 214854262 1
10084497 214854358 1
10084497 214853722 0.5
10084497 214567327 0.5
802963 214826615 1
802963 214826619 1
802963 214826621 1
802963 214826912 0.5
802963 214684845 0.5
802963 214826927 0.5
11092334 214835000 1
11092334 214846029 1
11092334 214850942 1
11092334 214850304 0.5
11092334 214850315 0.5
11092334 214845579 0.5
11092334 214831948 0.5
11092334 214857204 0.5
11092334 214846012 0.5
11092334 214848605 0.5
11092334 214829887 0.5
5597552 214844370 1
5597552 214844355 1
5597552 214845412 1
5597552 214838137 0.5
5597552 214845587 0.5
5597552 214845583 0.5
7925922 214850936 1
7925922 214850938 1
7925922 214849001 1
7925922 214850872 0.5
7925922 214850870 0.5
6490282 214834869 1
6490282 214848620 1
6490282 214848926 1
6490282 214835713 0.5
6490282 214848330 0.5
6490282 214849018 0.5
6490282 214848626 0.5
2111661 214829865 1
2111661 214829861 1
2111661 214829863 1
2111661 214829705 0.5
2111661 214546772 0.5
2111661 214587388 0.5
2111661 214829846 0.5
2111661 214820263 0.5
10404017 214854262 1
10404017 214854510 1
10404017 214684785 1
10404017 214854358 0.5
10404017 214567327 0.5
1405927 214826610 1
1405927 214834880 1
1405927 214833755 1
1405927 214829387 0.5
1405927 214829366 0.5
6768824 214718207 1
6768824 214848658 1
6768824 214848849 1
6768824 214835167 0.5
6768824 214832604 0.5
6768824 214848941 0.5
6768824 214850615 0.5
2042042 214829657 1
2042042 214826805 1
2042042 214829385 1
2042042 214554296 0.5
2042042 214835002 0.5
4677819 214602733 1
4677819 214845131 1
4677819 214829387 1
4677819 214819760 0.5
4677819 214836330 0.5
4677819 214835469 0.5
4677819 214743335 0.5
10748093 214854264 1
10748093 214684785 1
10748093 214854549 1
10748093 214854358 0.5
9597109 214711307 1
9597109 214850945 1
9597109 214853460 1
9597109 214850947 0.5
9597109 214853420 0.5
8414923 214743515 1
8414923 214826987 1
8414923 214851032 1
8414923 214744258 0.5
8414923 214512611 0.5
8414923 214712235 0.5
8414923 214712237 0.5
8414923 214851279 0.5
8414923 214835126 0.5
2586462 214829878 1
2586462 214829852 1
2586462 214831946 1
2586462 214826977 0.5
2586462 214544357 0.5
2586462 214687852 0.5
2586462 214711087 0.5
2586462 214748336 0.5
2586462 214601233 0.5
2586462 214826835 0.5
2586462 214717847 0.5
2586462 214829880 0.5
2586462 214684730 0.5
2586462 214712120 0.5
7491781 214850743 1
7491781 214850936 1
7491781 214850771 1
7491781 214850405 0.5
5565972 214845587 1
5565972 214844345 1
5565972 214835109 1
5565972 214844347 0.5
5565972 214844340 0.5
4524231 214845131 1
4524231 214839969 1
4524231 214839973 1
4524231 214829287 0.5
4524231 214839975 0.5
4524231 214835469 0.5
4524231 214602733 0.5
4524231 214848176 0.5
4524231 214836853 0.5
9179337 214852978 1
9179337 214852980 1
9179337 214853077 1
9179337 214853096 0.5
9179337 214853454 0.5
9900236 214854118 1
9900236 214854159 1
9900236 214829730 1
9900236 214850947 0.5
9639629 214850949 1
9639629 214850942 1
9639629 214850945 1
9639629 214821371 0.5
9639629 214714717 0.5
9639629 214712278 0.5
3026296 214835132 1
3026296 214834867 1
3026296 214835107 1
3026296 214832555 0.5
5548242 214826833 1
5548242 214831948 1
5548242 214540127 1
5548242 214829878 0.5
5220387 214838094 1
5220387 214838092 1
5220387 214631002 1
5220387 214837280 0.5
5220387 214641967 0.5
3061972 214837882 1
3061972 214835747 1
3061972 214844439 1
3061972 214587712 0.5
3674478 214836932 1
3674478 214576545 1
3674478 214836924 1
3674478 214826977 0.5
3674478 214839587 0.5
3674478 214829321 0.5
3674478 214687852 0.5
3674478 214838227 0.5
3674478 214826998 0.5
3674478 214828985 0.5
9918682 214510445 1
9918682 214853454 1
9918682 214853424 1
9918682 214850945 0.5
9918682 214850310 0.5
9918682 214717511 0.5
9918682 214831946 0.5
9918682 214845356 0.5
9918682 214673295 0.5
9918682 214859062 0.5
9918682 214846014 0.5
8982747 214854677 1
8982747 214706216 1
8982747 214717061 1
8982747 214612704 0.5
8982747 214716932 0.5
8982747 214839943 0.5
8982747 214716937 0.5
8982747 214853454 0.5
8982747 214832657 0.5
9961693 214853767 1
9961693 214854172 1
9961693 214853722 1
9961693 214853760 0.5
9961693 214849320 0.5
9961693 214849322 0.5
9961693 214849318 0.5
911169 214821305 1
911169 214821302 1
911169 214821339 1
911169 214533026 0.5
9578721 214853342 1
9578721 214853340 1
9578721 214850947 1
9578721 214850945 0.5
9578721 214853420 0.5
456936 214716928 1
456936 214832655 1
456936 214716984 1
456936 214717007 0.5
456936 214717003 0.5
456936 214725549 0.5
456936 214716926 0.5
456936 214717005 0.5
11276523 214857257 1
11276523 214857557 1
11276523 214857262 1
11276523 214857570 0.5
11276523 214857255 0.5
2488559 214748336 1
2488559 214835087 1
2488559 214826977 1
2488559 214685857 0.5
2488559 214819430 0.5
2488559 214743495 0.5
2488559 214835111 0.5
2488559 214831959 0.5
2488559 214829850 0.5
2488559 214826621 0.5
2488559 214821022 0.5
6596848 214849337 1
6596848 214667915 1
6596848 214678880 1
6596848 214849329 0.5
4350197 214835167 1
4350197 214829765 1
4350197 214836924 1
4350197 214718379 0.5
8736616 214853085 1
8736616 214853077 1
8736616 214852980 1
8736616 214852978 0.5
8958201 214853242 1
8958201 214851750 1
8958201 214853263 1
8958201 214853225 0.5
8958201 214853182 0.5
6322426 214848980 1
6322426 214848973 1
6322426 214848982 1
6322426 214849076 0.5
3924221 214836887 1
3924221 214838096 1
3924221 214831944 1
3924221 214838105 0.5
3924221 214560622 0.5
7469312 214567419 1
7469312 214850351 1
7469312 214849807 1
7469312 214541355 0.5
4552962 214839973 1
4552962 214829287 1
4552962 214829887 1
4552962 214826951 0.5
5396741 214850402 1
5396741 214845587 1
5396741 214844396 1
5396741 214826949 0.5
5396741 214821032 0.5
5396741 214743497 0.5
5396741 214844398 0.5
5396741 214835473 0.5
5396741 214832150 0.5
5396741 214838137 0.5
5396741 214835109 0.5
10881286 214854823 1
10881286 214717802 1
10881286 214710013 1
10881286 214712240 0.5
10881286 214578011 0.5
10881286 214510445 0.5
7016833 214849082 1
7016833 214849292 1
7016833 214845943 1
7016833 214560585 0.5
10320136 214854178 1
10320136 214646612 1
10320136 214846014 1
10320136 214854060 0.5
10320136 214831946 0.5
10320136 214854836 0.5
10320136 214845356 0.5
10320136 214684710 0.5
10273033 214567329 1
10273033 214567215 1
10273033 214854358 1
10273033 214853732 0.5
10273033 214854510 0.5
10273033 214854262 0.5
10273033 214854264 0.5
10273033 214854268 0.5
10273033 214567327 0.5
519267 214716926 1
519267 214821290 1
519267 214821277 1
519267 214716928 0.5
5779724 214845954 1
5779724 214845971 1
5779724 214846033 1
5779724 214676962 0.5
5779724 214831942 0.5
5779724 214711408 0.5
5779724 214826835 0.5
5779724 214846012 0.5
5779724 214826621 0.5
7362832 214849250 1
7362832 214846869 1
7362832 214826833 1
7362832 214846344 0.5
7362832 214738455 0.5
7362832 214850700 0.5
7362832 214832023 0.5
7362832 214717850 0.5
7362832 214849312 0.5
7362832 214718385 0.5
7362832 214829366 0.5
7362832 214844347 0.5
7362832 214846432 0.5
7362832 214836932 0.5
7362832 214828982 0.5
7362832 214836855 0.5
7362832 214849740 0.5
7362832 214848845 0.5
7362832 214844368 0.5
7362832 214846419 0.5
7362832 214561494 0.5
7362832 214558807 0.5
7362832 214829280 0.5
7362832 214717286 0.5
7362832 214849001 0.5
7362832 214555500 0.5
7362832 214849389 0.5
7362832 214586743 0.5
7362832 214820345 0.5
7362832 214826623 0.5
11020563 214854720 1
11020563 214854716 1
11020563 214854819 1
11020563 214848658 0.5
11020563 214714755 0.5
9337113 214850949 1
9337113 214853422 1
9337113 214850945 1
9337113 214853420 0.5
6584608 214849239 1
6584608 214849320 1
6584608 214586574 1
6584608 214849192 0.5
6584608 214829387 0.5
6584608 214834877 0.5
6584608 214667857 0.5
6584608 214849333 0.5
6584608 214665277 0.5
4022594 214836795 1
4022594 214826938 1
4022594 214829771 1
4022594 214601060 0.5
4022594 214564710 0.5
4022594 214836870 0.5
4022594 214743335 0.5
4022594 214832780 0.5
4022594 214582348 0.5
4022594 214829773 0.5
4022594 214582350 0.5
4022594 214838137 0.5
5066119 214839960 1
5066119 214829287 1
5066119 214835469 1
5066119 214748336 0.5
5437741 214516740 1
5437741 214573001 1
5437741 214839718 1
5437741 214831946 0.5
10346798 214854230 1
10346798 214854227 1
10346798 214853930 1
10346798 214854545 0.5
10346798 214854495 0.5
10346798 214854300 0.5
10346798 214847261 0.5
10346798 214573305 0.5
10926383 214854836 1
10926383 214714755 1
10926383 214854860 1
10926383 214853413 0.5
9117969 214836536 1
9117969 214853261 1
9117969 214839611 1
9117969 214692581 0.5
11512116 214853102 1
11512116 214854782 1
11512116 214853100 1
11512116 214854840 0.5
10969401 214854789 1
10969401 214864880 1
10969401 214853340 1
10969401 214697293 0.5
10969401 214854733 0.5
10969401 214832143 0.5
10969401 214854800 0.5
10969401 214556212 0.5
10969401 214850366 0.5
6546826 214846530 1
6546826 214581572 1
6546826 214848682 1
6546826 214717785 0.5
6546826 214839973 0.5
8659266 214851313 1
8659266 214844347 1
8659266 214851583 1
8659266 214851315 0.5
8659266 214852982 0.5
8659266 214668590 0.5
8659266 214850758 0.5
2369859 214835747 1
2369859 214835132 1
2369859 214835017 1
2369859 214821390 0.5
412867 214819719 1
412867 214826715 1
412867 214826627 1
412867 214717511 0.5
412867 214705993 0.5
412867 214819402 0.5
412867 214826955 0.5
412867 214826606 0.5
412867 214832559 0.5
412867 214602804 0.5
412867 214718390 0.5
5906759 214602598 1
5906759 214829280 1
5906759 214836855 1
5906759 214583670 0.5
5906759 214828982 0.5
5906759 214586743 0.5
5906759 214601229 0.5
5906759 214846417 0.5
5906759 214587317 0.5
5906759 214848950 0.5
5906759 214832023 0.5
5906759 214717850 0.5
1173832 214828982 1
1173832 214828980 1
1173832 214587317 1
1173832 214829387 0.5
1173832 214554371 0.5
2266629 214829887 1
2266629 214829880 1
2266629 214829882 1
2266629 214829885 0.5
2266629 214835111 0.5
4051042 214820265 1
4051042 214820263 1
4051042 214821285 1
4051042 214821290 0.5
3690831 214835109 1
3690831 214554982 1
3690831 214826990 1
3690831 214553257 0.5
3690831 214821410 0.5
3690831 214838227 0.5
3690831 214821412 0.5
3690831 214826621 0.5
7495659 214509401 1
7495659 214826833 1
7495659 214829045 1
7495659 214850353 0.5
7495659 214645005 0.5
7495659 214851849 0.5
9692997 214826987 1
9692997 214743515 1
9692997 214853381 1
9692997 214700002 0.5
2222427 214829878 1
2222427 214829887 1
2222427 214831955 1
2222427 214826977 0.5
4854108 214839973 1
4854108 214839960 1
4854108 214831944 1
4854108 214838096 0.5
4854108 214838105 0.5
4854108 214829797 0.5
8875067 214851017 1
8875067 214851590 1
8875067 214851135 1
8875067 214850370 0.5
11057511 214864880 1
11057511 214854842 1
11057511 214854823 1
11057511 214854770 0.5
11057511 214714755 0.5
6977897 214851009 1
6977897 214848849 1
6977897 214850786 1
6977897 214829387 0.5
6977897 214849333 0.5
6977897 214665277 0.5
5724484 214846033 1
5724484 214846029 1
5724484 214846012 1
5724484 214846014 0.5
5724484 214846031 0.5
311662 214842450 1
311662 214826955 1
311662 214826623 1
311662 214826627 0.5
9638256 214849344 1
9638256 214848384 1
9638256 214848596 1
9638256 214853310 0.5
9638256 214835167 0.5
1829233 214774667 1
1829233 214672942 1
1829233 214570963 1
1829233 214540890 0.5
1829233 214716579 0.5
1829233 214527028 0.5
1829233 214819749 0.5
10983819 214855016 1
10983819 214851757 1
10983819 214853079 1
10983819 214853083 0.5
10983819 214710013 0.5
10570473 214854720 1
10570473 214851757 1
10570473 214854718 1
10570473 214853083 0.5
10570473 214853079 0.5
399737 214691321 1
399737 214840822 1
399737 214691426 1
399737 214826955 0.5
399737 214691428 0.5
8081787 214846031 1
8081787 214838107 1
8081787 214850285 1
8081787 214829880 0.5
8081787 214686911 0.5
8081787 214673295 0.5
9376127 214744260 1
9376127 214836827 1
9376127 214853420 1
9376127 214853152 0.5
9376127 214853330 0.5
8321409 214716671 1
8321409 214716581 1
8321409 214851028 1
8321409 214851163 0.5
7395714 214850287 1
7395714 214849762 1
7395714 214849740 1
7395714 214850368 0.5
3082627 214826816 1
3082627 214842553 1
3082627 214552387 1
3082627 214829672 0.5
3082627 214826608 0.5
3082627 214836915 0.5
3082627 214842557 0.5
3082627 214685422 0.5
5751873 214835017 1
5751873 214819779 1
5751873 214676377 1
5751873 214846061 0.5
8284554 214716714 1
8284554 214851080 1
8284554 214851317 1
8284554 214716746 0.5
8284554 214667859 0.5
8284554 214850940 0.5
5532043 214844368 1
5532043 214844370 1
5532043 214844355 1
5532043 214582172 0.5
5532043 214579837 0.5
1841549 214556345 1
1841549 214839600 1
1841549 214821300 1
1841549 214826563 0.5
1841549 214657318 0.5
1841549 214557095 0.5
1841549 214657322 0.5
1841549 214820807 0.5
1841549 214829008 0.5
3119502 214835747 1
3119502 214829364 1
3119502 214835017 1
3119502 214587712 0.5
3119502 214748336 0.5
3119502 214819762 0.5
3119502 214835019 0.5
3119502 214835124 0.5
9173087 214684942 1
9173087 214716714 1
9173087 214851163 1
9173087 214716746 0.5
9173087 214851165 0.5
10001926 214854510 1
10001926 214854262 1
10001926 214684785 1
10001926 214569913 0.5
10001926 214684762 0.5
10001926 214853726 0.5
10001926 214854358 0.5
9589487 214853454 1
9589487 214853420 1
9589487 214850949 1
9589487 214853424 0.5
9589487 214691612 0.5
9589487 214853767 0.5
9759134 214853767 1
9759134 214853702 1
9759134 214853707 1
9759134 214851581 0.5
575908 214821300 1
575908 214826932 1
575908 214826927 1
575908 214837490 0.5
575908 214717562 0.5
575908 214826998 0.5
575908 214826621 0.5
4616614 214551617 1
4616614 214844462 1
4616614 214551626 1
4616614 214839587 0.5
4616614 214844456 0.5
4616614 214844458 0.5
4616614 214646745 0.5
4616614 214691576 0.5
4616614 214843449 0.5
4616614 214556861 0.5
2568616 214829882 1
2568616 214829887 1
2568616 214829878 1
2568616 214829880 0.5
2394537 214829664 1
2394537 214826664 1
2394537 214826666 1
2394537 214819760 0.5
10635693 214854536 1
10635693 214853113 1
10635693 214854577 1
10635693 214854352 0.5
10635693 214854354 0.5
10635693 214849462 0.5
10635693 214819599 0.5
8808862 214853105 1
8808862 214573168 1
8808862 214853212 1
8808862 214845422 0.5
1118648 214834877 1
1118648 214826897 1
1118648 214829019 1
1118648 214826563 0.5
1118648 214594708 0.5
1118648 214557206 0.5
1782858 214712126 1
1782858 214840421 1
1782858 214826563 1
1782858 214826610 0.5
1278399 214828995 1
1278399 214832786 1
1278399 214709634 1
1278399 214837442 0.5
1278399 214717286 0.5
1278399 214586694 0.5
1278399 214586857 0.5
1278399 214837483 0.5
1278399 214837485 0.5
1278399 214839600 0.5
1278399 214826994 0.5
3733952 214839395 1
3733952 214838111 1
3733952 214829788 1
3733952 214838137 0.5
9966019 214853730 1
9966019 214853698 1
9966019 214853767 1
9966019 214853722 0.5
9966019 214853707 0.5
9966019 214853702 0.5
4663749 214845131 1
4663749 214748336 1
4663749 214848176 1
4663749 214839960 0.5
4663749 214602802 0.5
8784326 214851748 1
8784326 214853135 1
8784326 214853227 1
8784326 214853184 0.5
8784326 214851073 0.5
8784326 214716746 0.5
8784326 214846391 0.5
8784326 214556057 0.5
8784326 214716671 0.5
8784326 214851135 0.5
9445344 214851292 1
9445344 214851742 1
9445344 214853128 1
9445344 214846312 0.5
9445344 214549346 0.5
9087911 214851326 1
9087911 214852978 1
9087911 214851750 1
9087911 214853096 0.5
9087911 214853242 0.5
9087911 214853085 0.5
9087911 214853094 0.5
8198604 214716714 1
8198604 214851131 1
8198604 214716746 1
8198604 214716654 0.5
9983053 214853420 1
9983053 214850947 1
9983053 214850949 1
9983053 214853707 0.5
9983053 214854060 0.5
10824144 214853325 1
10824144 214854785 1
10824144 214853072 1
10824144 214854174 0.5
10824144 214853735 0.5
10805713 214853100 1
10805713 214853102 1
10805713 214864880 1
10805713 214855016 0.5
10805713 214829878 0.5
3363284 214836519 1
3363284 214831950 1
3363284 214829885 1
3363284 214632146 0.5
8692183 214853085 1
8692183 214853105 1
8692183 214853090 1
8692183 214853248 0.5
8692183 214853096 0.5
8692183 214852978 0.5
8692183 214853077 0.5
8692183 214851326 0.5
8908888 214853096 1
8908888 214853094 1
8908888 214853105 1
8908888 214853248 0.5
5310884 214845577 1
5310884 214845352 1
5310884 214845581 1
5310884 214846029 0.5
5310884 214829887 0.5
9339358 214853347 1
9339358 214853417 1
9339358 214853420 1
9339358 214850947 0.5
1268191 214842476 1
1268191 214826816 1
1268191 214826705 1
1268191 214553730 0.5
1268191 214821290 0.5
1268191 214685422 0.5
5343719 214844402 1
5343719 214844398 1
5343719 214844400 1
5343719 214601233 0.5
5343719 214839971 0.5
5343719 214844340 0.5
5343719 214839973 0.5
5343719 214601229 0.5
1933801 214829822 1
1933801 214829863 1
1933801 214712132 1
1933801 214537775 0.5
471533 214826606 1
471533 214826608 1
471533 214826623 1
471533 214821367 0.5
10289656 214853102 1
10289656 214854782 1
10289656 214854733 1
10289656 214854840 0.5
10289656 214851585 0.5
10289656 214854345 0.5
6619641 214844398 1
6619641 214848688 1
6619641 214844400 1
6619641 214846530 0.5
6619641 214848605 0.5
6619641 214848695 0.5
2154453 214829666 1
2154453 214829664 1
2154453 214748321 1
2154453 214832722 0.5
2154453 214821397 0.5
8446459 214851131 1
8446459 214851163 1
8446459 214851028 1
8446459 214832567 0.5
6750293 214848380 1
6750293 214846466 1
6750293 214848337 1
6750293 214829387 0.5
5761538 214846033 1
5761538 214846012 1
5761538 214845422 1
5761538 214846031 0.5
7039493 214675895 1
7039493 214676306 1
7039493 214850705 1
7039493 214835137 0.5
7039493 214845986 0.5
7039493 214601060 0.5
7039493 214716645 0.5
7039493 214850282 0.5
7039493 214710097 0.5
7039493 214712132 0.5
7039493 214850619 0.5
7039493 214848159 0.5
7514633 214828882 1
7514633 214853758 1
7514633 214716510 1
7514633 214850938 0.5
7514633 214853173 0.5
2021898 214832720 1
2021898 214821313 1
2021898 214829672 1
2021898 214844454 0.5
2983682 214565510 1
2983682 214828970 1
2983682 214836517 1
2983682 214829394 0.5
3367441 214836795 1
3367441 214821290 1
3367441 214829773 1
3367441 214748340 0.5
4319763 214836512 1
4319763 214831970 1
4319763 214632272 1
4319763 214826747 0.5
4319763 214612901 0.5
4307374 214836857 1
4307374 214839969 1
4307374 214845131 1
4307374 214839960 0.5
4307374 214826977 0.5
4307374 214839587 0.5
4307374 214832145 0.5
2587158 214753513 1
2587158 214748300 1
2587158 214835503 1
2587158 214821322 0.5
2587158 214831940 0.5
2587158 214748293 0.5
6050332 214846119 1
6050332 214845962 1
6050332 214849010 1
6050332 214845971 0.5
9591324 214853321 1
9591324 214853325 1
9591324 214711307 1
9591324 214700002 0.5
9591324 214743515 0.5
9591324 214712237 0.5
9591324 214835117 0.5
344611 214706441 1
344611 214820842 1
344611 214714757 1
344611 214826955 0.5
344611 214718396 0.5
344611 214718246 0.5
2810409 214835745 1
2810409 214835747 1
2810409 214835019 1
2810409 214587712 0.5
1327659 214834877 1
1327659 214826610 1
1327659 214826912 1
1327659 214834880 0.5
1327659 214508304 0.5
6885932 214849344 1
6885932 214849230 1
6885932 214667859 1
6885932 214835137 0.5
6885932 214849331 0.5
6885932 214850788 0.5
6885932 214706214 0.5
6885932 214710097 0.5
10369581 214853420 1
10369581 214853428 1
10369581 214853422 1
10369581 214853460 0.5
2656691 214554371 1
2656691 214821326 1
2656691 214821322 1
2656691 214579875 0.5
4440918 214602733 1
4440918 214839973 1
4440918 214845131 1
4440918 214839975 0.5
5782852 214826565 1
5782852 214845465 1
5782852 214845491 1
5782852 214835019 0.5
2298432 214829366 1
2298432 214829852 1
2298432 214743495 1
2298432 214819760 0.5
2298432 214753507 0.5
2298432 214826615 0.5
2298432 214748336 0.5
2298432 214829878 0.5
2298432 214718167 0.5
2298432 214717562 0.5
2298432 214821022 0.5
10037826 214853381 1
10037826 214853347 1
10037826 214853417 1
10037826 214846432 0.5
4870728 214829852 1
4870728 214829850 1
4870728 214845806 1
4870728 214826977 0.5
4870728 214839973 0.5
4870728 214836330 0.5
4870728 214835469 0.5
4870728 214602733 0.5
4870728 214839960 0.5
10086986 214853767 1
10086986 214853702 1
10086986 214526083 1
10086986 214853698 0.5
10086986 214577450 0.5
10086986 214680722 0.5
10086986 214853713 0.5
10086986 214851122 0.5
10086986 214848159 0.5
10086986 214838111 0.5
10695244 214861498 1
10695244 214839997 1
10695244 214840001 1
10695244 214839995 0.5
10695244 214556212 0.5
2055267 214829664 1
2055267 214829666 1
2055267 214832722 1
2055267 214836328 0.5
2055267 214819577 0.5
2055267 214543922 0.5
2055267 214821397 0.5
11156052 214854840 1
11156052 214853100 1
11156052 214864880 1
11156052 214835004 0.5
11156052 214853102 0.5
9089806 214853165 1
9089806 214848302 1
9089806 214851742 1
9089806 214850758 0.5
9089806 214821382 0.5
9089806 214853128 0.5
9089806 214853130 0.5
9089806 214848847 0.5
9089806 214851090 0.5
9433453 214850942 1
9433453 214853420 1
9433453 214711307 1
9433453 214850949 0.5
9433453 214853422 0.5
5943897 214846460 1
5943897 214846367 1
5943897 214846470 1
5943897 214846472 0.5
5943897 214846127 0.5
5943897 214846419 0.5
5943897 214846421 0.5
5943897 214832023 0.5
5943897 214826904 0.5
4756059 214838109 1
4756059 214845129 1
4756059 214651777 1
4756059 214836512 0.5
4756059 214836879 0.5
4756059 214538820 0.5
4756059 214839326 0.5
4756059 214725551 0.5
11450972 214857260 1
11450972 214857268 1
11450972 214864880 1
11450972 214848315 0.5
11450972 214846391 0.5
11450972 214854583 0.5
9470924 214853165 1
9470924 214850758 1
9470924 214846119 1
9470924 214579288 0.5
7312827 214849762 1
7312827 214849738 1
7312827 214849777 1
7312827 214849466 0.5
7312827 214849389 0.5
8237669 214851122 1
8237669 214851236 1
8237669 214853233 1
8237669 214850936 0.5
8237669 214853195 0.5
8237669 214853227 0.5
8237669 214850405 0.5
5788506 214846447 1
5788506 214839973 1
5788506 214839971 1
5788506 214835745 0.5
5788506 214836330 0.5
5788506 214846007 0.5
5788506 214848997 0.5
5788506 214832145 0.5
6924903 214835167 1
6924903 214848596 1
6924903 214702905 1
6924903 214700002 0.5
6924903 214554707 0.5
6924903 214829765 0.5
6924903 214826711 0.5
10361244 214717511 1
10361244 214850945 1
10361244 214850310 1
10361244 214849076 0.5
7653479 214748295 1
7653479 214849333 1
7653479 214826990 1
7653479 214829825 0.5
7653479 214586645 0.5
7653479 214849239 0.5
2345782 214571904 1
2345782 214712272 1
2345782 214537490 1
2345782 214537494 0.5
10243859 214850947 1
10243859 214853100 1
10243859 214850949 1
10243859 214829880 0.5
10243859 214829887 0.5
10243859 214846029 0.5
10243859 214684734 0.5
10243859 214846031 0.5
7832182 214849052 1
7832182 214850792 1
7832182 214849395 1
7832182 214848832 0.5
7832182 214851073 0.5
7832182 214850756 0.5
7832182 214557217 0.5
7832182 214850411 0.5
7832182 214684845 0.5
7832182 214851317 0.5
7832182 214573590 0.5
7832182 214851097 0.5
7832182 214850621 0.5
8667767 214851326 1
8667767 214853096 1
8667767 214853085 1
8667767 214853090 0.5
8667767 214853094 0.5
518777 214820400 1
518777 214748336 1
518777 214819721 1
518777 214820402 0.5
4971132 214845581 1
4971132 214845354 1
4971132 214844407 1
4971132 214832010 0.5
4971132 214819468 0.5
10752426 214849230 1
10752426 214707945 1
10752426 214853156 1
10752426 214853347 0.5
10752426 214854118 0.5
10752426 214853158 0.5
10752426 214743335 0.5
10752426 214836330 0.5
10752426 214586668 0.5
10752426 214844398 0.5
10752426 214845590 0.5
10752426 214835070 0.5
10752426 214687845 0.5
3811971 214836932 1
3811971 214838227 1
3811971 214826990 1
3811971 214839600 0.5
4798913 214819760 1
4798913 214826998 1
4798913 214845131 1
4798913 214829775 0.5
6758167 214848952 1
6758167 214848954 1
6758167 214848945 1
6758167 214851009 0.5
5132397 214585633 1
5132397 214819627 1
5132397 214831955 1
5132397 214829280 0.5
5132397 214845577 0.5
5132397 214819468 0.5
5671569 214846318 1
5671569 214846117 1
5671569 214845971 1
5671569 214819586 0.5
5671569 214840483 0.5
5671569 214677508 0.5
5671569 214832747 0.5
5671569 214832019 0.5
5671569 214645972 0.5
5671569 214676377 0.5
5671569 214836932 0.5
5671569 214581611 0.5
4631187 214835015 1
4631187 214828970 1
4631187 214836879 1
4631187 214828963 0.5
4631187 214644607 0.5
3128772 214836133 1
3128772 214836075 1
3128772 214602600 1
3128772 214836249 0.5
7842778 214853758 1
7842778 214853177 1
7842778 214853175 1
7842778 214851120 0.5
4590236 214845131 1
4590236 214839973 1
4590236 214839600 1
4590236 214574672 0.5
4590236 214839960 0.5
4590236 214657322 0.5
4590236 214587317 0.5
4590236 214646745 0.5
2393969 214600509 1
2393969 214835165 1
2393969 214831946 1
2393969 214553702 0.5
2393969 214835550 0.5
7104711 214849747 1
7104711 214849753 1
7104711 214849745 1
7104711 214850936 0.5
1061536 214828989 1
1061536 214829045 1
1061536 214829336 1
1061536 214840880 0.5
1061536 214701212 0.5
1061536 214844317 0.5
8315553 214853092 1
8315553 214851099 1
8315553 214850938 1
8315553 214553810 0.5
8315553 214851122 0.5
8315553 214748334 0.5
8315553 214851152 0.5
8315553 214852978 0.5
8315553 214851155 0.5
8315553 214851125 0.5
8315553 214851322 0.5
8315553 214573820 0.5
11082403 214853102 1
11082403 214854840 1
11082403 214854797 1
11082403 214857568 0.5
11082403 214864880 0.5
11082403 214854853 0.5
5641574 214826934 1
5641574 214844396 1
5641574 214844402 1
5641574 214791688 0.5
5641574 214819691 0.5
5641574 214844372 0.5
4547238 214644431 1
4547238 214832012 1
4547238 214712235 1
4547238 214700000 0.5
4547238 214744258 0.5
4547238 214743515 0.5
4547238 214706452 0.5
4547238 214601210 0.5
4547238 214701787 0.5
2250683 214829878 1
2250683 214829887 1
2250683 214826623 1
2250683 214836362 0.5
2250683 214831946 0.5
2250683 214687565 0.5
2250683 214716110 0.5
2250683 214831965 0.5
10551984 214567327 1
10551984 214567333 1
10551984 214684762 1
10551984 214684785 0.5
10551984 214853726 0.5
10551984 214854510 0.5
8795592 214852978 1
8795592 214853248 1
8795592 214853105 1
8795592 214853096 0.5
8795592 214853085 0.5
2734771 214829364 1
2734771 214835747 1
2734771 214826565 1
2734771 214832128 0.5
7539382 214850720 1
7539382 214850760 1
7539382 214849001 1
7539382 214850405 0.5
7539382 214850855 0.5
7539382 214557223 0.5
7539382 214600492 0.5
7539382 214848997 0.5
7539382 214564382 0.5
7539382 214717247 0.5
7039671 214850938 1
7039671 214850692 1
7039671 214850405 1
7039671 214837442 0.5
7039671 214557223 0.5
7039671 214850760 0.5
7039671 214850409 0.5
7039671 214850870 0.5
7039671 214839962 0.5
3455672 214602600 1
3455672 214835745 1
3455672 214832792 1
3455672 214600492 0.5
3211962 214831946 1
3211962 214829878 1
3211962 214819509 1
3211962 214832128 0.5
3211962 214836851 0.5
3211962 214533020 0.5
3211962 214832126 0.5
3211962 214716935 0.5
7314657 214849284 1
7314657 214849740 1
7314657 214849247 1
7314657 214849153 0.5
7314657 214845986 0.5
7314657 214586694 0.5
8258236 214708307 1
8258236 214851133 1
8258236 214850630 1
8258236 214845986 0.5
8258236 214844347 0.5
8258236 214838111 0.5
8258236 214848159 0.5
11229301 214854080 1
11229301 214854257 1
11229301 214854311 1
11229301 214854210 0.5
11229301 214854221 0.5
10975941 214854785 1
10975941 214854840 1
10975941 214832619 1
10975941 214848746 0.5
10975941 214861498 0.5
10611468 214684785 1
10611468 214567215 1
10611468 214567329 1
10611468 214854264 0.5
10611468 214854268 0.5
8462113 214684942 1
8462113 214716671 1
8462113 214716746 1
8462113 214851131 0.5
8462113 214851163 0.5
8462113 214851165 0.5
6920516 214849331 1
6920516 214849239 1
6920516 214849284 1
6920516 214665277 0.5
2132428 214829878 1
2132428 214829887 1
2132428 214829882 1
2132428 214829885 0.5
6689483 214846067 1
6689483 214748336 1
6689483 214846061 1
6689483 214819721 0.5
6689483 214839587 0.5
2561861 214829878 1
2561861 214835017 1
2561861 214835747 1
2561861 214832657 0.5
3109937 214835503 1
3109937 214745323 1
3109937 214826565 1
3109937 214835137 0.5
3109937 214835107 0.5
3109937 214831940 0.5
3109937 214632967 0.5
3109937 214600492 0.5
3109937 214709645 0.5
3109937 214829008 0.5
3109937 214587697 0.5
3109937 214705747 0.5
3109937 214829364 0.5
3109937 214645200 0.5
3109937 214835132 0.5
3109937 214832126 0.5
3109937 214717427 0.5
586456 214684841 1
586456 214828987 1
586456 214826912 1
586456 214558192 0.5
586456 214716110 0.5
9499359 214850949 1
9499359 214850945 1
9499359 214853338 1
9499359 214850947 0.5
10183019 214853730 1
10183019 214853698 1
10183019 214845131 1
10183019 214853722 0.5
10183019 214849020 0.5
10183019 214853702 0.5
3582409 214835505 1
3582409 214613741 1
3582409 214829769 1
3582409 214840880 0.5
4294576 214820842 1
4294576 214838122 1
4294576 214714717 1
4294576 214694308 0.5
4647652 214838102 1
4647652 214835107 1
4647652 214701212 1
4647652 214835122 0.5
4647652 214829045 0.5
11313617 214846014 1
11313617 214848605 1
11313617 214684730 1
11313617 214850310 0.5
11313617 214717511 0.5
11313617 214819400 0.5
11313617 214831946 0.5
11313617 214845356 0.5
11313617 214846029 0.5
11313617 214853102 0.5
11313617 214848692 0.5
2900712 214832115 1
2900712 214832126 1
2900712 214832124 1
2900712 214835122 0.5
2900712 214821407 0.5
1645289 214844439 1
1645289 214684160 1
1645289 214844458 1
1645289 214844456 0.5
1645289 214533020 0.5
1645289 214821309 0.5
9308908 214853420 1
9308908 214850942 1
9308908 214853342 1
9308908 214839347 0.5
5352173 214844347 1
5352173 214844372 1
5352173 214836133 1
5352173 214844402 0.5
5352173 214844340 0.5
5352173 214835109 0.5
10719357 214853090 1
10719357 214853094 1
10719357 214853105 1
10719357 214853096 0.5
10719357 214853085 0.5
1676017 214834877 1
1676017 214826610 1
1676017 214834880 1
1676017 214829387 0.5
2767603 214835747 1
2767603 214587697 1
2767603 214835019 1
2767603 214826565 0.5
11032702 214854853 1
11032702 214854795 1
11032702 214853454 1
11032702 214848795 0.5
11032702 214650508 0.5
1534714 214834877 1
1534714 214834880 1
1534714 214826610 1
1534714 214829366 0.5
506619 214826837 1
506619 214821401 1
506619 214826908 1
506619 214800272 0.5
506619 214640017 0.5
506619 214725532 0.5
506619 214821300 0.5
506619 214668281 0.5
8137468 214846391 1
8137468 214851022 1
8137468 214711267 1
8137468 214853092 0.5
8137468 214843494 0.5
8137468 214850932 0.5
8137468 214846389 0.5
8137468 214849018 0.5
8137468 214836830 0.5
8137468 214840415 0.5
6905013 214831205 1
6905013 214510460 1
6905013 214849132 1
6905013 214712242 0.5
6905013 214743821 0.5
10556161 214851234 1
10556161 214850855 1
10556161 214853186 1
10556161 214854017 0.5
10556161 214853222 0.5
10556161 214850726 0.5
10556161 214853190 0.5
10556161 214851165 0.5
6514413 214838225 1
6514413 214848658 1
6514413 214845587 1
6514413 214828985 0.5
6514413 214846067 0.5
6514413 214602598 0.5
5446412 214846447 1
5446412 214846001 1
5446412 214848185 1
5446412 214839969 0.5
5868302 214848165 1
5868302 214845982 1
5868302 214641592 1
5868302 214848992 0.5
5868302 214584047 0.5
10197163 214853454 1
10197163 214853460 1
10197163 214829885 1
10197163 214650508 0.5
10197163 214853422 0.5
9441411 214850945 1
9441411 214850949 1
9441411 214853422 1
9441411 214853420 0.5
6826772 214848165 1
6826772 214613705 1
6826772 214845982 1
6826772 214845984 0.5
6826772 214557217 0.5
6826772 214846530 0.5
6826772 214826998 0.5
6826772 214602598 0.5
6826772 214846344 0.5
6826772 214829385 0.5
6826772 214744779 0.5
6826772 214845806 0.5
6826772 214849455 0.5
6826772 214820456 0.5
6826772 214849022 0.5
6826772 214849046 0.5
6826772 214553561 0.5
6826772 214835002 0.5
6826772 214846127 0.5
6826772 214846333 0.5
6826772 214836926 0.5
6826772 214831967 0.5
6707991 214849331 1
6707991 214667857 1
6707991 214711348 1
6707991 214696897 0.5
6707991 214707879 0.5
6707991 214574670 0.5
6707991 214665277 0.5
6707991 214820214 0.5
6707991 214850615 0.5
6707991 214834873 0.5
6707991 214834877 0.5
7766809 214821341 1
7766809 214821315 1
7766809 214844394 1
7766809 214821309 0.5
7766809 214533022 0.5
7766809 214844439 0.5
10776777 214684762 1
10776777 214853735 1
10776777 214853728 1
10776777 214853726 0.5
7830307 214850321 1
7830307 214850325 1
7830307 214844439 1
7830307 214850353 0.5
7830307 214533020 0.5
8812337 214853094 1
8812337 214850619 1
8812337 214716645 1
8812337 214573820 0.5
3388203 214820261 1
3388203 214820263 1
3388203 214820233 1
3388203 214821277 0.5
3388203 214820231 0.5
400177 214717007 1
400177 214717005 1
400177 214716926 1
400177 214716928 0.5
6622002 214849022 1
6622002 214848945 1
6622002 214849020 1
6622002 214848986 0.5
6622002 214848849 0.5
6622002 214848658 0.5
6622002 214848947 0.5
6622002 214848954 0.5
1640926 214838861 1
1640926 214821328 1
1640926 214840376 1
1640926 214508475 0.5
5397302 214844398 1
5397302 214844396 1
5397302 214844400 1
5397302 214845583 0.5
3716233 214836795 1
3716233 214582378 1
3716233 214582370 1
3716233 214582372 0.5
3716233 214836870 0.5
3716233 214829769 0.5
3716233 214829771 0.5
3716233 214613741 0.5
3716233 214595150 0.5
3716233 214829773 0.5
8631098 214851326 1
8631098 214853105 1
8631098 214852980 1
8631098 214853096 0.5
8631098 214852978 0.5
8631098 214853077 0.5
2530107 214829885 1
2530107 214829880 1
2530107 214829882 1
2530107 214829878 0.5
2393179 214829878 1
2393179 214686082 1
2393179 214829887 1
2393179 643078800 0.5
2393179 214819535 0.5
5622593 214846012 1
5622593 214846029 1
5622593 214846065 1
5622593 214836330 0.5
5622593 214829887 0.5
5622593 214831948 0.5
5622593 214846447 0.5
3408706 214829396 1
3408706 214838137 1
3408706 214820270 1
3408706 214668281 0.5
3408706 214556334 0.5
3408706 214820807 0.5
8774454 214853077 1
8774454 214852980 1
8774454 214853105 1
8774454 214853096 0.5
8774454 214852978 0.5
8774454 214853085 0.5
8718569 214678376 1
8718569 214853107 1
8718569 214851742 1
8718569 214853075 0.5
1266507 214829085 1
1266507 214826589 1
1266507 214821410 1
1266507 214556334 0.5
10832721 214853100 1
10832721 214853735 1
10832721 214864880 1
10832721 214854785 0.5
10832721 214684762 0.5
10832721 214684785 0.5
4039507 214832143 1
4039507 214838107 1
4039507 214838098 1
4039507 214847968 0.5
4039507 214686082 0.5
4039507 214826891 0.5
4039507 214711312 0.5
4039507 214831955 0.5
4039507 214829880 0.5
4039507 214829885 0.5
7885652 214716581 1
7885652 214851097 1
7885652 214851080 1
7885652 214685049 0.5
7885652 214851587 0.5
9427798 214853342 1
9427798 214844398 1
9427798 214844402 1
9427798 214853154 0.5
7983959 214850762 1
7983959 214850938 1
7983959 214561775 1
7983959 214850771 0.5
7983959 214836924 0.5
7983959 214587005 0.5
4596569 214835017 1
4596569 214838225 1
4596569 214835087 1
4596569 214826977 0.5
4596569 214743335 0.5
4596569 214819760 0.5
4596569 214819762 0.5
4596569 214668281 0.5
4596569 214845435 0.5
8131418 214851581 1
8131418 214580293 1
8131418 214850692 1
8131418 214850880 0.5
8131418 214851236 0.5
8131418 214850405 0.5
8131418 214850760 0.5
8131418 214853195 0.5
8131418 214853135 0.5
5130863 214836956 1
5130863 214832156 1
5130863 214840091 1
5130863 214838092 0.5
5575482 214846012 1
5575482 214838102 1
5575482 214832015 1
5575482 214845354 0.5
5575482 214831948 0.5
5575482 214846014 0.5
6386822 214848851 1
6386822 214848808 1
6386822 214848375 1
6386822 214848613 0.5
6523743 214846464 1
6523743 214846367 1
6523743 214846425 1
6523743 214846457 0.5
6523743 214846419 0.5
7117668 214835747 1
7117668 214835017 1
7117668 214846072 1
7117668 214846112 0.5
539729 214828987 1
539729 214827000 1
539729 214821305 1
539729 214586711 0.5
5626733 214846119 1
5626733 214845954 1
5626733 214849010 1
5626733 214845962 0.5
5626733 214846318 0.5
7447409 214716977 1
7447409 214853177 1
7447409 214853758 1
7447409 214544357 0.5
7447409 214849361 0.5
7447409 214828882 0.5
7447409 214534580 0.5
7447409 214853173 0.5
7447409 214849022 0.5
9640818 214850315 1
9640818 214838107 1
9640818 214853338 1
9640818 214853420 0.5
9640818 214850949 0.5
9640818 214846031 0.5
7353491 214849194 1
7353491 214832158 1
7353491 214849809 1
7353491 214849807 0.5
7353491 214849247 0.5
7353491 214849775 0.5
5706613 214848300 1
5706613 214848305 1
5706613 214848298 1
5706613 214678455 0.5
5706613 214846447 0.5
10556278 214854517 1
10556278 214851581 1
10556278 214854313 1
10556278 214848658 0.5
10556278 214854527 0.5
10556278 214854298 0.5
10556278 214853767 0.5
7510903 214849031 1
7510903 214849153 1
7510903 214850295 1
7510903 214846112 0.5
7510903 214829775 0.5
6927226 214848410 1
6927226 214845984 1
6927226 214848688 1
6927226 214838227 0.5
6927226 214835109 0.5
6927226 214657318 0.5
6927226 214848328 0.5
6927226 214845577 0.5
6927226 214849322 0.5
6927226 214556210 0.5
6927226 214849331 0.5
6927226 214829878 0.5
6927226 214848380 0.5
6927226 214718398 0.5
749717 214819762 1
749717 214820400 1
749717 214819760 1
749717 214826872 0.5
749717 214684843 0.5
10607489 214684762 1
10607489 214850720 1
10607489 214849760 1
10607489 214695553 0.5
10607489 214851748 0.5
10607489 214850405 0.5
10607489 214853992 0.5
10607489 214851077 0.5
10607489 214846415 0.5
10607489 214853233 0.5
10607489 214826994 0.5
10607489 214850741 0.5
10607489 214559960 0.5
10607489 214557701 0.5
10607489 214853726 0.5
10607489 214849365 0.5
8076171 214853173 1
8076171 214849757 1
8076171 214844400 1
8076171 214849760 0.5
8076171 214849738 0.5
2479501 214820392 1
2479501 214826872 1
2479501 214821401 1
2479501 214819430 0.5
2479501 214800262 0.5
2479501 214743495 0.5
2479501 214711657 0.5
2479501 214835111 0.5
2479501 214716110 0.5
2479501 214748336 0.5
2479501 214819762 0.5
2479501 214831959 0.5
2479501 214829852 0.5
2479501 214831967 0.5
2888592 214835132 1
2888592 214835019 1
2888592 214837916 1
2888592 214826565 0.5
2888592 214837918 0.5
2640788 214829882 1
2640788 214831948 1
2640788 214829878 1
2640788 214829887 0.5
2044823 214829385 1
2044823 214829660 1
2044823 214835750 1
2044823 214829664 0.5
2044823 214743497 0.5
2044823 214820394 0.5
2044823 214819599 0.5
2044823 214821397 0.5
2044823 214829657 0.5
2044823 214819770 0.5
2044823 214829882 0.5
2044823 214821407 0.5
11058072 214854785 1
11058072 214853100 1
11058072 214855016 1
11058072 214854731 0.5
10931098 214854823 1
10931098 214854785 1
10931098 214853102 1
10931098 214687475 0.5
10931098 214687845 0.5
10931098 214850422 0.5
5663898 214585633 1
5663898 214554967 1
5663898 214848159 1
5663898 214835019 0.5
9429919 214853713 1
9429919 214853702 1
9429919 214853700 1
9429919 214853225 0.5
10406818 214854510 1
10406818 214854262 1
10406818 214853848 1
10406818 214837442 0.5
10406818 214567333 0.5
10406818 214853094 0.5
10406818 214854146 0.5
10406818 214584047 0.5
10406818 214854577 0.5
10406818 214854165 0.5
10406818 214854268 0.5
8688552 214853195 1
8688552 214853233 1
8688552 214853227 1
8688552 214853184 0.5
8688552 214853225 0.5
8688552 214848613 0.5
6297761 214846312 1
6297761 214581611 1
6297761 214846318 1
6297761 214819393 0.5
6297761 214819427 0.5
6297761 214668249 0.5
2786219 214837918 1
2786219 214835019 1
2786219 214602600 1
2786219 214835017 0.5
2786219 214834867 0.5
2786219 214837916 0.5
2786219 214609325 0.5
2786219 214835132 0.5
11143879 214853102 1
11143879 214854785 1
11143879 214854802 1
11143879 214853100 0.5
8092596 214685049 1
8092596 214851161 1
8092596 214716671 1
8092596 214851575 0.5
3920824 214826938 1
3920824 214829771 1
3920824 214836795 1
3920824 214829769 0.5
3920824 214829773 0.5
9006009 214853128 1
9006009 214678376 1
9006009 214853165 1
9006009 214851742 0.5
9782202 214567333 1
9782202 214567329 1
9782202 214854495 1
9782202 214854264 0.5
9782202 214854262 0.5
2962933 214837918 1
2962933 214835132 1
2962933 214573612 1
2962933 214697137 0.5
2962933 214643722 0.5
2962933 214834867 0.5
2962933 214643867 0.5
2382667 214829878 1
2382667 214829882 1
2382667 214829887 1
2382667 214820402 0.5
2343879 214829878 1
2343879 214831946 1
2343879 214829882 1
2343879 214835124 0.5
2657226 214829878 1
2657226 214829882 1
2657226 214826983 1
2657226 214686082 0.5
2657226 214712235 0.5
2657226 214831948 0.5
2657226 214831946 0.5
2657226 214701787 0.5
2483147 214829885 1
2483147 214829878 1
2483147 214829882 1
2483147 214819760 0.5
2483147 214819762 0.5
7615436 214850621 1
7615436 214850936 1
7615436 214564382 1
7615436 214849408 0.5
7615436 214573305 0.5
7615436 214850762 0.5
7615436 214848302 0.5
7615436 214586694 0.5
1057741 214833755 1
1057741 214829387 1
1057741 214826610 1
1057741 214834880 0.5
7113678 214646612 1
7113678 214820231 1
7113678 214820233 1
7113678 214581536 0.5
7113678 214845579 0.5
11061069 214854789 1
11061069 214854797 1
11061069 214854823 1
11061069 214844368 0.5
11061069 214686864 0.5
11061069 214853113 0.5
11061069 214854577 0.5
11061069 214861455 0.5
2552784 214829878 1
2552784 214829887 1
2552784 214829882 1
2552784 214829885 0.5
9758827 214851750 1
9758827 214853994 1
9758827 214853852 1
9758827 214854264 0.5
9758827 214854268 0.5
6548438 214848832 1
6548438 214848613 1
6548438 214848851 1
6548438 214848808 0.5
6548438 214571188 0.5
6548438 214556055 0.5
7783384 214850739 1
7783384 214850938 1
7783384 214850411 1
7783384 214850762 0.5
7783384 214850940 0.5
1317849 214834880 1
1317849 214826610 1
1317849 214826996 1
1317849 214826992 0.5
1317849 214696897 0.5
5569498 214846033 1
5569498 214846029 1
5569498 214848298 1
5569498 214846065 0.5
4957349 214836956 1
4957349 214587028 1
4957349 214844407 1
4957349 214832156 0.5
1385442 214829387 1
1385442 214826610 1
1385442 214834880 1
1385442 214833755 0.5
1385442 214829366 0.5
3301588 214695399 1
3301588 214834877 1
3301588 214833755 1
3301588 214835122 0.5
3301588 214826711 0.5
10689702 214686864 1
10689702 214686879 1
10689702 214853154 1
10689702 214854352 0.5
10689702 214854264 0.5
10689702 214854731 0.5
10689702 214854358 0.5
4963303 214845352 1
4963303 214845581 1
4963303 214845579 1
4963303 214833802 0.5
4963303 214684372 0.5
4963303 214691735 0.5
6204924 214839969 1
6204924 214850788 1
6204924 214844396 1
6204924 214850880 0.5
6204924 214848950 0.5
2003948 214829385 1
2003948 214835750 1
2003948 214835002 1
2003948 214821410 0.5
2003948 214820394 0.5
2003948 214748334 0.5
8379094 214851163 1
8379094 214716714 1
8379094 214716671 1
8379094 214851579 0.5
8379094 214716581 0.5
8379094 214851165 0.5
6951923 214849312 1
6951923 214850786 1
6951923 214848641 1
6951923 214829773 0.5
7932916 214587317 1
7932916 214848695 1
7932916 214826833 1
7932916 214743335 0.5
7932916 214845457 0.5
7932916 214820231 0.5
7932916 214836330 0.5
7932916 214839975 0.5
7932916 214640017 0.5
7932916 214553561 0.5
7932916 214845887 0.5
7932916 214846007 0.5
7932916 214828985 0.5
7932916 214612730 0.5
7932916 214851099 0.5
7932916 214839932 0.5
7932916 214831967 0.5
6552567 214849239 1
6552567 214848337 1
6552567 214849284 1
6552567 214834880 0.5
6552567 214849312 0.5
6552567 214839973 0.5
6552567 214848656 0.5
6552567 214826610 0.5
6552567 214849344 0.5
6552567 214848695 0.5
6552567 214665277 0.5
7506937 214677615 1
7506937 214850758 1
7506937 214675895 1
7506937 214850743 0.5
2542587 214829882 1
2542587 214829878 1
2542587 214686082 1
2542587 214831957 0.5
11169897 214854840 1
11169897 214853100 1
11169897 214854787 1
11169897 214853102 0.5
11169897 214854782 0.5
5100554 214837280 1
5100554 214838092 1
5100554 214837288 1
5100554 214714757 0.5
5100554 214845577 0.5
5100554 214845806 0.5
5100554 214819760 0.5
5100554 214676567 0.5
5100554 214676570 0.5
5100554 214840091 0.5
5100554 214844413 0.5
5100554 214845502 0.5
5100554 214829887 0.5
10624011 214854300 1
10624011 214854585 1
10624011 214684942 1
10624011 214819577 0.5
10624011 214981102 0.5
7683427 214850743 1
7683427 214850771 1
7683427 214850700 1
7683427 214821022 0.5
377872 214677669 1
377872 214821397 1
377872 214826872 1
377872 214834922 0.5
6507057 214846535 1
6507057 214848808 1
6507057 214848330 1
6507057 214848832 0.5
6507057 214848613 0.5
2159641 214748338 1
2159641 214831965 1
2159641 214835124 1
2159641 214831948 0.5
2159641 214829090 0.5
2159641 214844364 0.5
2159641 214829878 0.5
7758874 214844400 1
7758874 214844372 1
7758874 214850700 1
7758874 214849736 0.5
7758874 214849738 0.5
7758874 214819412 0.5
7955631 214849796 1
7955631 214850310 1
7955631 214509401 1
7955631 214849745 0.5
7955631 214849466 0.5
7955631 214684715 0.5
7955631 214849389 0.5
10243104 214854538 1
10243104 214694156 1
10243104 214854527 1
10243104 214854515 0.5
6177968 214844370 1
6177968 214834880 1
6177968 214829368 1
6177968 214576545 0.5
6177968 214845590 0.5
4727842 214839962 1
4727842 214839965 1
4727842 214837494 1
4727842 214832722 0.5
4727842 214600483 0.5
4727842 214829366 0.5
4673371 214829287 1
4673371 214839971 1
4673371 214832147 1
4673371 214839962 0.5
4673371 214645005 0.5
11163484 214854853 1
11163484 214854840 1
11163484 214854795 1
11163484 214854542 0.5
11163484 214850735 0.5
6095917 214848328 1
6095917 214509401 1
6095917 214848369 1
6095917 214584992 0.5
6095917 214848337 0.5
6095917 214558258 0.5
10816559 214854785 1
10816559 214853102 1
10816559 214854830 1
10816559 214819410 0.5
10816559 214854155 0.5
10816559 214854125 0.5
6612016 214848969 1
6612016 214710097 1
6612016 214848980 1
6612016 214848656 0.5
2319409 214551632 1
2319409 214844460 1
2319409 214844456 1
2319409 214821313 0.5
9778229 214848808 1
9778229 214853340 1
9778229 214684715 1
9778229 214560427 0.5
9778229 214853420 0.5
9778229 214853342 0.5
9778229 214716654 0.5
9778229 214851159 0.5
2343433 214560187 1
2343433 214829666 1
2343433 214829657 1
2343433 214718165 0.5
5014367 214832147 1
5014367 214601272 1
5014367 214835021 1
5014367 214832128 0.5
5014367 214613705 0.5
5014367 214587317 0.5
5014367 214839965 0.5
5014367 214677735 0.5
5430333 214835017 1
5430333 214717397 1
5430333 214834867 1
5430333 214577025 0.5
5430333 214667970 0.5
5430333 214839587 0.5
5430333 214717412 0.5
5430333 214829321 0.5
5430333 214753515 0.5
5430333 214687852 0.5
5430333 214569474 0.5
5430333 214716110 0.5
5430333 214609325 0.5
5430333 214819762 0.5
5430333 214586743 0.5
5430333 214835064 0.5
5430333 214718173 0.5
5430333 214835070 0.5
5430333 214543721 0.5
2440254 214551626 1
2440254 214551624 1
2440254 214844439 1
2440254 214612704 0.5
2440254 214844394 0.5
9653363 214854017 1
9653363 214853992 1
9653363 214853865 1
9653363 214854146 0.5
7674952 214846001 1
7674952 214848656 1
7674952 214826949 1
7674952 214849284 0.5
7674952 214586694 0.5
7674952 214820392 0.5
7674952 214839600 0.5
7674952 214828980 0.5
7674952 214849333 0.5
7674952 214834877 0.5
7674952 214831967 0.5
6202892 214846067 1
6202892 214848695 1
6202892 214846530 1
6202892 214848656 0.5
6202892 214748336 0.5
6202892 214577450 0.5
6202892 214845887 0.5
9229386 214851236 1
9229386 214849333 1
9229386 214849312 1
9229386 214606980 0.5
9229386 214851077 0.5
9229386 214854152 0.5
9229386 214835469 0.5
9229386 214845583 0.5
9229386 214680722 0.5
9229386 214738455 0.5
9229386 214854148 0.5
9229386 214851101 0.5
9229386 214821410 0.5
9229386 214718385 0.5
9229386 214851122 0.5
9229386 214844340 0.5
9229386 214853698 0.5
9229386 214687565 0.5
9229386 214601229 0.5
9229386 214685049 0.5
9229386 214850788 0.5
9229386 214832747 0.5
9229386 214826990 0.5
9229386 214602735 0.5
9229386 214848377 0.5
9229386 214850938 0.5
3245133 214837916 1
3245133 214587697 1
3245133 214587712 1
3245133 214834867 0.5
3245133 214609325 0.5
6929486 214848757 1
6929486 214849320 1
6929486 214849318 1
6929486 214849312 0.5
6929486 214838094 0.5
6336911 214829850 1
6336911 214716673 1
6336911 214844372 1
6336911 214826977 0.5
6336911 214846412 0.5
6336911 214844396 0.5
6336911 214845885 0.5
6336911 214849046 0.5
6336911 214845435 0.5
6336911 214839932 0.5
6336911 214845917 0.5
6336911 214845887 0.5
10104334 214853430 1
10104334 214853713 1
10104334 214853722 1
10104334 214853702 0.5
4398168 214845131 1
4398168 214748338 1
4398168 214753513 1
4398168 214587317 0.5
9833561 214717061 1
9833561 214829730 1
9833561 214717063 1
9833561 214829822 0.5
10752124 214854352 1
10752124 214854536 1
10752124 214853113 1
10752124 214854298 0.5
5816506 214846033 1
5816506 214845984 1
5816506 214846065 1
5816506 214820377 0.5
8045662 214839617 1
8045662 214850402 1
8045662 214845583 1
8045662 214848322 0.5
10726496 214853096 1
10726496 214853085 1
10726496 214853105 1
10726496 214853707 0.5
10726496 214853094 0.5
8283233 214851750 1
8283233 214853186 1
8283233 214853182 1
8283233 214853210 0.5
8283233 214853237 0.5
6632546 214846479 1
6632546 214849284 1
6632546 214849153 1
6632546 214665277 0.5
6632546 214745317 0.5
6632546 214848328 0.5
6632546 214573357 0.5
6632546 214844398 0.5
6632546 214554973 0.5
6632546 214667859 0.5
6632546 214849333 0.5
6632546 214849239 0.5
6632546 214849331 0.5
6632546 214849102 0.5
6632546 214834877 0.5
6632546 214838227 0.5
6632546 214651517 0.5
7050339 214850396 1
7050339 214850315 1
7050339 214575193 1
7050339 214832015 0.5
7050339 214848615 0.5
1564518 214834880 1
1564518 214834877 1
1564518 214829366 1
1564518 214826610 0.5
6486517 214848851 1
6486517 214848808 1
6486517 214829754 1
6486517 214848832 0.5
6486517 214662787 0.5
6486517 214848613 0.5
6486517 214714790 0.5
6486517 214714794 0.5
6486517 214507447 0.5
500848 214821302 1
500848 214821305 1
500848 214821339 1
500848 214821315 0.5
10557971 214854227 1
10557971 214853381 1
10557971 214854491 1
10557971 214712244 0.5
5780597 214800264 1
5780597 214846014 1
5780597 214844400 1
5780597 214846417 0.5
2825334 214587712 1
2825334 214835017 1
2825334 214835747 1
2825334 214826565 0.5
1615903 214826589 1
1615903 214834877 1
1615903 214833755 1
1615903 214840899 0.5
4136057 214839960 1
4136057 214839973 1
4136057 214845131 1
4136057 214839971 0.5
10910843 214854352 1
10910843 214854577 1
10910843 214854534 1
10910843 214849464 0.5
10910843 214687905 0.5
10910843 214572452 0.5
10910843 214853726 0.5
9477246 214850942 1
9477246 214853364 1
9477246 214601040 1
9477246 214850945 0.5
9477246 214850949 0.5
8608896 214853085 1
8608896 214853077 1
8608896 214852980 1
8608896 214651777 0.5
8608896 214677615 0.5
2718851 214829887 1
2718851 214829880 1
2718851 214831948 1
2718851 214831946 0.5
72837 214821277 1
72837 214826893 1
72837 214827009 1
72837 214826801 0.5
72837 214714790 0.5
72837 214826799 0.5
10658951 214854527 1
10658951 214854335 1
10658951 214556216 1
10658951 214854517 0.5
10658951 214850422 0.5
8643723 214852980 1
8643723 214853077 1
8643723 214853105 1
8643723 214853233 0.5
8643723 214853085 0.5
8201356 214850790 1
8201356 214850940 1
8201356 214850619 1
8201356 214850936 0.5
8201356 214820456 0.5
2100368 214819779 1
2100368 214829878 1
2100368 214834871 1
2100368 214829385 0.5
2100368 214829660 0.5
10445427 214854146 1
10445427 214853846 1
10445427 214853992 1
10445427 214853435 0.5
10445427 214853994 0.5
10445427 214853715 0.5
10445427 214854148 0.5
7255193 214850295 1
7255193 214850282 1
7255193 214684715 1
7255193 214717507 0.5
7255193 214819627 0.5
7255193 214584092 0.5
7255193 214684717 0.5
7255193 214829878 0.5
136346 214821277 1
136346 214821290 1
136346 214718390 1
136346 214826705 0.5
136346 214840597 0.5
5360796 214845583 1
5360796 214844396 1
5360796 214844370 1
5360796 214844400 0.5
5360796 214844345 0.5
5360796 214836932 0.5
5360796 214829366 0.5
10466227 214854577 1
10466227 214850739 1
10466227 214854536 1
10466227 214712675 0.5
10466227 214857167 0.5
9691333 214850949 1
9691333 214850942 1
9691333 214853156 1
9691333 214850945 0.5
9691333 214850947 0.5
9691333 214853420 0.5
5352608 214836932 1
5352608 214846031 1
5352608 214846014 1
5352608 214844345 0.5
5352608 214844347 0.5
3040421 214831946 1
3040421 214831948 1
3040421 214829880 1
3040421 214829882 0.5
8412326 214851122 1
8412326 214851099 1
8412326 214851236 1
8412326 214851313 0.5
8412326 214844347 0.5
3687591 214835167 1
3687591 214836795 1
3687591 214836924 1
3687591 214829771 0.5
6350364 214848375 1
6350364 214848371 1
6350364 214848808 1
6350364 214714794 0.5
6350364 214848613 0.5
7955629 214853175 1
7955629 214853758 1
7955629 214828882 1
7955629 214853177 0.5
7955629 214853173 0.5
9252014 214853422 1
9252014 214850942 1
9252014 214853420 1
9252014 214846112 0.5
9252014 214850700 0.5
9252014 214849389 0.5
9252014 214851326 0.5
1924277 214829666 1
1924277 214829664 1
1924277 214821407 1
1924277 214821032 0.5
1924277 214690110 0.5
10429622 214853767 1
10429622 214854857 1
10429622 214848658 1
10429622 214853722 0.5
10429622 214854731 0.5
10429622 214854838 0.5
767159 214826932 1
767159 214826927 1
767159 214820810 1
767159 214829053 0.5
767159 214819382 0.5
4246713 214594678 1
4246713 214826990 1
4246713 214838098 1
4246713 214838227 0.5
4246713 214835109 0.5
11461818 214854789 1
11461818 214854800 1
11461818 214567333 1
11461818 214854262 0.5
11461818 214854174 0.5
1447103 214821332 1
1447103 214834877 1
1447103 214826589 1
1447103 214834880 0.5
1447103 214833755 0.5
1447103 214829100 0.5
1447103 214587317 0.5
4107467 214836857 1
4107467 214848178 1
4107467 214839967 1
4107467 214848176 0.5
4107467 214819691 0.5
4107467 214826932 0.5
4107467 214836853 0.5
4107467 214746382 0.5
6016196 214846464 1
6016196 214846425 1
6016196 214846475 1
6016196 214826906 0.5
6016196 214846119 0.5
5688517 214845962 1
5688517 214676377 1
5688517 214849010 1
5688517 214846312 0.5
5688517 214850402 0.5
5688517 214845587 0.5
1839649 214829657 1
1839649 214829385 1
1839649 214835750 1
1839649 214819760 0.5
1839649 214819762 0.5
1839649 214819770 0.5
3417291 214826666 1
3417291 214826664 1
3417291 214579288 1
3417291 214826668 0.5
3417291 214577732 0.5
3417291 214554510 0.5
11467981 214853102 1
11467981 214854731 1
11467981 214714755 1
11467981 214854733 0.5
6358223 214848971 1
6358223 214848975 1
6358223 214832604 1
6358223 214848832 0.5
6358223 214716710 0.5
6358223 214716671 0.5
2159824 214587032 1
2159824 214668590 1
2159824 214828974 1
2159824 214559940 0.5
2159824 214687702 0.5
2159824 214587039 0.5
10194134 214848315 1
10194134 214694156 1
10194134 214853730 1
10194134 214845131 0.5
4594914 214602598 1
4594914 214826942 1
4594914 214838102 1
4594914 214829765 0.5
4594914 214832015 0.5
9225083 214853420 1
9225083 214850942 1
9225083 214853422 1
9225083 214712235 0.5
9225083 214850947 0.5
5057773 214819468 1
5057773 214837280 1
5057773 214838092 1
5057773 214828952 0.5
10810606 214853722 1
10810606 214854600 1
10810606 214854515 1
10810606 214854857 0.5
10810606 214854538 0.5
10810606 214854356 0.5
11062514 214853100 1
11062514 214854782 1
11062514 214854840 1
11062514 214650508 0.5
7813331 214850938 1
7813331 214850936 1
7813331 214850771 1
7813331 214850743 0.5
8641783 214850945 1
8641783 214850942 1
8641783 214853454 1
8641783 214850287 0.5
10198264 214854510 1
10198264 214854262 1
10198264 214854358 1
10198264 214556218 0.5
10198264 214853996 0.5
10198264 214567333 0.5
10198264 214684762 0.5
3517693 214836932 1
3517693 214826990 1
3517693 214835109 1
3517693 214826612 0.5
1406206 214551926 1
1406206 214834877 1
1406206 214835021 1
1406206 214509000 0.5
1406206 214833755 0.5
1406206 214829387 0.5
1406206 214829396 0.5
11387093 214857562 1
11387093 214857570 1
11387093 214854894 1
11387093 214857268 0.5
1346817 214834877 1
1346817 214834880 1
1346817 214821410 1
1346817 214821412 0.5
1318147 214834877 1
1318147 214821317 1
1318147 214558192 1
1318147 214826912 0.5
1318147 214553533 0.5
1318147 214554510 0.5
1318147 214716671 0.5
4747221 214831970 1
4747221 214839356 1
4747221 214632272 1
4747221 214839587 0.5
4747221 214839973 0.5
4747221 214839975 0.5
4747221 214820938 0.5
4747221 214600492 0.5
4747221 214819760 0.5
4747221 214836881 0.5
4747221 214820402 0.5
4747221 214839960 0.5
4747221 214839965 0.5
6178058 214846010 1
6178058 214845962 1
6178058 214846119 1
6178058 214846312 0.5
6178058 214846065 0.5
6178058 214561434 0.5
6178058 214849252 0.5
6178058 214561457 0.5
658608 214837490 1
658608 214837487 1
658608 214837485 1
658608 214569707 0.5
658608 214826619 0.5
4537613 214845131 1
4537613 214839587 1
4537613 214829850 1
4537613 214832012 0.5
4537613 214836330 0.5
4537613 214829852 0.5
4537613 214820402 0.5
4537613 214839932 0.5
10597652 214854354 1
10597652 214854268 1
10597652 214854577 1
10597652 214684785 0.5
10597652 214684762 0.5
10597652 214850739 0.5
1062166 214826615 1
1062166 214826617 1
1062166 214826612 1
1062166 214707830 0.5
1062166 214712124 0.5
1062166 214717877 0.5
1062166 214641902 0.5
10652757 214716645 1
10652757 214853855 1
10652757 214854577 1
10652757 214710097 0.5
10652757 214854536 0.5
10652757 214854332 0.5
10652757 214826670 0.5
10652757 214854352 0.5
10652757 214684785 0.5
10652757 214854354 0.5
10652757 214854264 0.5
10652757 214684762 0.5
10652757 214854268 0.5
10652757 214853726 0.5
4715396 214829730 1
4715396 214829760 1
4715396 214844405 1
4715396 214695480 0.5
4715396 214839977 0.5
4715396 214640098 0.5
5039386 214835745 1
5039386 214835747 1
5039386 214587697 1
5039386 214819410 0.5
5039386 214678839 0.5
5039386 214826565 0.5
5039386 214716973 0.5
5366319 214844398 1
5366319 214535051 1
5366319 214834931 1
5366319 214834933 0.5
2596251 214829878 1
2596251 214835572 1
2596251 214829051 1
2596251 214831946 0.5
10546463 214854264 1
10546463 214567329 1
10546463 214567215 1
10546463 214854720 0.5
10546463 214684785 0.5
10546463 214854354 0.5
10546463 214853113 0.5
10546463 214684762 0.5
10546463 214854268 0.5
10546463 214853726 0.5
10546463 214853855 0.5
2385187 214829878 1
2385187 214829887 1
2385187 214831948 1
2385187 214829880 0.5
10591524 214854227 1
10591524 214854583 1
10591524 214854230 1
10591524 214821377 0.5
11418919 214853100 1
11418919 214854782 1
11418919 214854787 1
11418919 214855016 0.5
11418919 214854840 0.5
11418919 214853102 0.5
10960168 214853100 1
10960168 214855016 1
10960168 214854785 1
10960168 214854840 0.5
10960168 214854787 0.5
3407147 214836830 1
3407147 214831935 1
3407147 214837882 1
3407147 214667912 0.5
10564908 214561775 1
10564908 214850765 1
10564908 214850754 1
10564908 214717888 0.5
10564908 214718220 0.5
10564908 214850756 0.5
1370333 214821032 1
1370333 214829657 1
1370333 214829660 1
1370333 214829664 0.5
1370333 214557701 0.5
1370333 214826921 0.5
1370333 214569707 0.5
1370333 214826992 0.5
1370333 214559960 0.5
1370333 214826996 0.5
1370333 214558807 0.5
1370333 214826936 0.5
4542981 214836875 1
4542981 214652934 1
4542981 214839980 1
4542981 214839600 0.5
4542981 214602802 0.5
4542981 214554707 0.5
5580339 214844402 1
5580339 214711348 1
5580339 214826990 1
5580339 214838225 0.5
10474806 214854504 1
10474806 214854495 1
10474806 214684762 1
10474806 214854545 0.5
10474806 214853732 0.5
10474806 214850741 0.5
10474806 214853726 0.5
11199812 214853102 1
11199812 214854782 1
11199812 214854785 1
11199812 214864880 0.5
11199812 214853100 0.5
1314117 214834877 1
1314117 214828959 1
1314117 214828965 1
1314117 214833755 0.5
1314117 214829387 0.5
6997318 214848954 1
6997318 214848945 1
6997318 214848849 1
6997318 214849046 0.5
9281811 214850947 1
9281811 214853426 1
9281811 214853420 1
9281811 214853422 0.5
2897804 214513170 1
2897804 214684702 1
2897804 214704182 1
2897804 214677437 0.5
2897804 214700002 0.5
2897804 214743515 0.5
2897804 214714757 0.5
2897804 214712237 0.5
10298702 214854300 1
10298702 214687845 1
10298702 214846391 1
10298702 214853728 0.5
10298702 214687475 0.5
10298702 214850741 0.5
10298702 214854583 0.5
7774093 214850700 1
7774093 214850705 1
7774093 214851013 1
7774093 214839617 0.5
7774093 214820392 0.5
7774093 214800272 0.5
7774093 214849331 0.5
7774093 214848695 0.5
7774093 214828985 0.5
2680144 214835132 1
2680144 214835017 1
2680144 214826565 1
2680144 214587697 0.5
2647378 214829878 1
2647378 214829887 1
2647378 214831946 1
2647378 214829321 0.5
2647378 214820394 0.5
6501603 214848969 1
6501603 214848851 1
6501603 214848656 1
6501603 214848832 0.5
6501603 214850788 0.5
6501603 214848613 0.5
6501603 214839975 0.5
6501603 214845131 0.5
6501603 214848337 0.5
6501603 214848371 0.5
6501603 214839973 0.5
3198296 214835012 1
3198296 214835167 1
3198296 214836870 1
3198296 214829765 0.5
3198296 214582374 0.5
3198296 214829771 0.5
3198296 214829773 0.5
3198296 214826938 0.5
3198296 214836924 0.5
7703897 214700002 1
7703897 214850938 1
7703897 214850762 1
7703897 214850936 0.5
7703897 214849393 0.5
10642778 214853730 1
10642778 214854536 1
10642778 214854354 1
10642778 214853732 0.5
10642778 214854577 0.5
10642778 214850739 0.5
10642778 214854148 0.5
10642778 214854358 0.5
9563937 214852987 1
9563937 214852985 1
9563937 214850945 1
9563937 214853210 0.5
9563937 214853420 0.5
9563937 214850949 0.5
2827614 214835017 1
2827614 214835747 1
2827614 214835132 1
2827614 214587712 0.5
2827614 214835745 0.5
2827614 214835124 0.5
2827614 214826036 0.5
2827614 214821326 0.5
5272927 214711348 1
5272927 214554450 1
5272927 214826990 1
5272927 214845962 0.5
5272927 214829765 0.5
7998352 214848300 1
7998352 214820402 1
7998352 214846530 1
7998352 214800272 0.5
2243938 214831959 1
2243938 214819760 1
2243938 214826977 1
2243938 214601233 0.5
2243938 214819762 0.5
2243938 214835124 0.5
2243938 214819430 0.5
2243938 214835087 0.5
11179363 214853383 1
11179363 214854549 1
11179363 214567327 1
11179363 214854495 0.5
11179363 214829387 0.5
11179363 214567215 0.5
11179363 214839600 0.5
11179363 214826610 0.5
11179363 214684502 0.5
11179363 214845583 0.5
11179363 214564380 0.5
11179363 214853855 0.5
10153316 214853077 1
10153316 214852980 1
10153316 214852978 1
10153316 214850392 0.5
7538022 214851150 1
7538022 214851294 1
7538022 214853092 1
7538022 214718212 0.5
10913131 214854823 1
10913131 214846065 1
10913131 214714755 1
10913131 214849745 0.5
10913131 214846258 0.5
10913131 214846470 0.5
10257298 214854354 1
10257298 214854352 1
10257298 214695525 1
10257298 214687905 0.5
10257298 214850938 0.5
10257298 214572452 0.5
10257298 214853413 0.5
10257298 214718220 0.5
4556146 214839971 1
4556146 214845131 1
4556146 214839973 1
4556146 214601233 0.5
4556146 214845806 0.5
619411 214821305 1
619411 214821309 1
619411 214821307 1
619411 214821302 0.5
2643318 214829878 1
2643318 214831946 1
2643318 214829885 1
2643318 214829882 0.5
2643318 214831965 0.5
2605289 214829880 1
2605289 214829394 1
2605289 214835574 1
2605289 214829051 0.5
2605289 214831965 0.5
4625793 214836853 1
4625793 214839973 1
4625793 214829287 1
4625793 214829852 0.5
4625793 214800272 0.5
4625793 214836050 0.5
4625793 214587317 0.5
4625793 214839960 0.5
4625793 214839356 0.5
4625793 214839967 0.5
3368327 214829887 1
3368327 214684736 1
3368327 214832777 1
3368327 214821277 0.5
3368327 214820263 0.5
2413513 214533022 1
2413513 214829878 1
2413513 214829887 1
2413513 214829051 0.5
11265261 214853102 1
11265261 214854785 1
11265261 214864880 1
11265261 214852978 0.5
714128 214571188 1
714128 214828987 1
714128 214827005 1
714128 214684841 0.5
714128 214714794 0.5
714128 214826925 0.5
714128 214577518 0.5
9810707 214853846 1
9810707 214853848 1
9810707 214853994 1
9810707 214853852 0.5
9810707 214854146 0.5
9810707 214854172 0.5
9810707 214837442 0.5
6296473 214848613 1
6296473 214848832 1
6296473 214848808 1
6296473 214558192 0.5
6296473 214714794 0.5
6296473 214827005 0.5
10597784 214567333 1
10597784 214567327 1
10597784 214853992 1
10597784 214853730 0.5
10597784 214853715 0.5
10597784 214854579 0.5
10597784 214854262 0.5
8433051 214851238 1
8433051 214851161 1
8433051 214851080 1
8433051 214851013 0.5
8433051 214714794 0.5
8433051 214851125 0.5
8433051 214685049 0.5
8433051 214849404 0.5
8433051 214849406 0.5
9116773 214851077 1
9116773 214851122 1
9116773 214851236 1
9116773 214851585 0.5
9116773 214850630 0.5
9116773 214853094 0.5
10626471 214853713 1
10626471 214853767 1
10626471 214853430 1
10626471 214853353 0.5
7306482 214850739 1
7306482 214564387 1
7306482 214850938 1
7306482 214850848 0.5
7306482 214850940 0.5
7306482 214849762 0.5
7306482 214850700 0.5
7306482 214573310 0.5
8365486 214851028 1
8365486 214851163 1
8365486 214851097 1
8365486 214851165 0.5
9979464 214853435 1
9979464 214850792 1
9979464 214853994 1
9979464 214850619 0.5
9979464 214849395 0.5
9979464 214854148 0.5
9979464 214851317 0.5
9237443 214853321 1
9237443 214853420 1
9237443 214850947 1
9237443 214853145 0.5
9237443 214853454 0.5
4554971 214839973 1
4554971 214744775 1
4554971 214845131 1
4554971 214586432 0.5
4554971 214819430 0.5
4554971 214601233 0.5
4554971 214553561 0.5
4554971 214612730 0.5
4554971 214716667 0.5
3319223 214836851 1
3319223 214836534 1
3319223 214829799 1
3319223 214836776 0.5
1192863 214834877 1
1192863 214834880 1
1192863 214826610 1
1192863 214833755 0.5
1192863 214829387 0.5
1192863 214829366 0.5
11468223 214854489 1
11468223 214854491 1
11468223 214854707 1
11468223 214540035 0.5
11468223 214849132 0.5
11468223 214510445 0.5
11468223 214854774 0.5
11468223 214578011 0.5
11468223 214854780 0.5
3323467 214836851 1
3323467 214837916 1
3323467 214837918 1
3323467 214832128 0.5
3323467 214835107 0.5
3323467 214580293 0.5
3323467 214709735 0.5
3323467 214832555 0.5
3323467 214836847 0.5
3323467 214832126 0.5
8531432 214853094 1
8531432 214853096 1
8531432 214853105 1
8531432 214853085 0.5
8531432 214851326 0.5
1367494 214834880 1
1367494 214826610 1
1367494 214821412 1
1367494 214829672 0.5
10323399 214854352 1
10323399 214854354 1
10323399 214853321 1
10323399 214853081 0.5
10323399 214710013 0.5
10323399 214851757 0.5
10323399 214853113 0.5
4273608 214839965 1
4273608 214839960 1
4273608 214832145 1
4273608 214839973 0.5
2739657 214832115 1
2739657 214832124 1
2739657 214836875 1
2739657 214663976 0.5
2739657 214672944 0.5
2739657 214835122 0.5
2739657 214836851 0.5
2739657 214829750 0.5
2739657 214821407 0.5
11441611 214854785 1
11441611 214553597 1
11441611 214846374 1
11441611 214838625 0.5
11441611 214820345 0.5
11441611 214854853 0.5
11441611 214854118 0.5
11441611 214854823 0.5
11441611 214854731 0.5
11441611 214853102 0.5
11441611 214854840 0.5
11441611 214849207 0.5
11441611 214696792 0.5
11441611 214846393 0.5
11441611 214854332 0.5
1029581 214826610 1
1029581 214834880 1
1029581 214821412 1
1029581 214821320 0.5
1029581 214718210 0.5
1029581 214829387 0.5
7673297 214716928 1
7673297 214716982 1
7673297 214717003 1
7673297 214854626 0.5
7673297 214716986 0.5
7673297 214716965 0.5
9919956 214853722 1
9919956 214853700 1
9919956 214853730 1
9919956 214853707 0.5
10986954 214855016 1
10986954 214854797 1
10986954 214854840 1
10986954 214853100 0.5
4410839 214829280 1
4410839 214829775 1
4410839 214709075 1
4410839 214821401 0.5
4410839 214587317 0.5
4410839 214836853 0.5
10855896 214854853 1
10855896 214854797 1
10855896 214854795 1
10855896 214864880 0.5
10855896 214854840 0.5
10855896 214714755 0.5
10855896 214854782 0.5
2942431 214650598 1
2942431 214573290 1
2942431 214826621 1
2942431 214650626 0.5
2942431 214645987 0.5
2942431 214826589 0.5
2942431 214829366 0.5
1633761 214826610 1
1633761 214712124 1
1633761 214834880 1
1633761 214826619 0.5
1633761 214826589 0.5
4730338 214835015 1
4730338 214839382 1
4730338 214839598 1
4730338 214839600 0.5
4730338 214622237 0.5
521702 214826891 1
521702 214826829 1
521702 214826889 1
521702 214819389 0.5
11023847 214864880 1
11023847 214853102 1
11023847 214854842 1
11023847 214714755 0.5
7661032 214850743 1
7661032 214850940 1
7661032 214850938 1
7661032 214820394 0.5
7661032 214850771 0.5
7661032 214716645 0.5
2819324 214819747 1
2819324 214774682 1
2819324 214836825 1
2819324 214541355 0.5
8424941 214685049 1
8424941 214684942 1
8424941 214716671 1
8424941 214851161 0.5
8424941 214851163 0.5
8424941 214851028 0.5
8879357 214852987 1
8879357 214848302 1
8879357 214849010 1
8879357 214853128 0.5
8879357 214819393 0.5
8879357 214851742 0.5
1230321 214716980 1
1230321 214716984 1
1230321 214832657 1
1230321 214716939 0.5
1230321 214832655 0.5
5883379 214850565 1
5883379 214848337 1
5883379 214707945 1
5883379 214848620 0.5
8643983 214846475 1
8643983 214853094 1
8643983 214851326 1
8643983 214853248 0.5
8643983 214849762 0.5
8643983 214839932 0.5
8643983 214846333 0.5
8643983 214845583 0.5
10739966 214854358 1
10739966 214837494 1
10739966 214854178 1
10739966 214854264 0.5
10739966 214567329 0.5
10739966 214567333 0.5
10739966 214854262 0.5
5852668 214845984 1
5852668 214846033 1
5852668 214846012 1
5852668 214846065 0.5
5852668 214845405 0.5
5852668 214846447 0.5
6023082 214845958 1
6023082 214845982 1
6023082 214846415 1
6023082 214846427 0.5
6023082 214848165 0.5
10417667 214853420 1
10417667 214851748 1
10417667 214846033 1
10417667 214850945 0.5
10417667 214851163 0.5
5863681 214846457 1
5863681 214846367 1
5863681 214540597 1
5863681 214826904 0.5
5863681 214826906 0.5
5863681 214846110 0.5
5863681 214717087 0.5
5577708 214585633 1
5577708 214837922 1
5577708 214554967 1
5577708 214848157 0.5
8107532 214852978 1
8107532 214853096 1
8107532 214851101 1
8107532 214853077 0.5
8107532 214853094 0.5
7926819 214851575 1
7926819 214851080 1
7926819 214851234 1
7926819 214851073 0.5
7926819 214851587 0.5
7926819 214981102 0.5
7926819 214552142 0.5
7926819 214837014 0.5
7926819 214851161 0.5
7926819 214851317 0.5
3302927 214829878 1
3302927 214829882 1
3302927 214831948 1
3302927 214829887 0.5
3284496 214706180 1
3284496 214836851 1
3284496 214553604 1
3284496 214844289 0.5
3284496 214819747 0.5
3284496 214551626 0.5
3284496 214645708 0.5
3284496 214844210 0.5
3284496 214835475 0.5
3284496 214534580 0.5
378386 214748304 1
378386 214753505 1
378386 214753507 1
378386 214748291 0.5
11472814 214857570 1
11472814 214857568 1
11472814 214857562 1
11472814 214854118 0.5
11472814 214854894 0.5
3510873 214602600 1
3510873 214600492 1
3510873 214829030 1
3510873 214680725 0.5
52762 214840415 1
52762 214546102 1
52762 214685795 1
52762 214532072 0.5
52762 214535621 0.5
52762 214640893 0.5
4382236 214839932 1
4382236 214577057 1
4382236 214600492 1
4382236 214819760 0.5
6231581 214848682 1
6231581 214835167 1
6231581 214665277 1
6231581 214834880 0.5
6231581 214849284 0.5
6231581 214845131 0.5
6231581 214848656 0.5
6231581 214826610 0.5
6231581 214848596 0.5
6231581 214834877 0.5
2053662 214831948 1
2053662 214829878 1
2053662 214829705 1
2053662 214695412 0.5
5958236 214846367 1
5958236 214578326 1
5958236 214846425 1
5958236 214848313 0.5
5281321 214844400 1
5281321 214845583 1
5281321 214845412 1
5281321 214845585 0.5
5281321 214832150 0.5
5281321 214844398 0.5
5921479 214846117 1
5921479 214846318 1
5921479 214846468 1
5921479 214846432 0.5
5921479 214848315 0.5
9106013 214853128 1
9106013 214851742 1
9106013 214852987 1
9106013 214834867 0.5
9215538 214850947 1
9215538 214853420 1
9215538 214850945 1
9215538 214850949 0.5
1773314 214829850 1
1773314 214821399 1
1773314 214829852 1
1773314 214667912 0.5
1773314 214748336 0.5
1773314 214829366 0.5
1773314 214826711 0.5
5862966 214848656 1
5862966 214848958 1
5862966 214848950 1
5862966 214849258 0.5
5862966 214846477 0.5
8827227 214853096 1
8827227 214852980 1
8827227 214853077 1
8827227 214853090 0.5
8827227 214853085 0.5
8827227 214851326 0.5
2504253 214829880 1
2504253 214600509 1
2504253 214829051 1
2504253 214835124 0.5
4709951 214829387 1
4709951 214838227 1
4709951 214707952 1
4709951 214560587 0.5
4709951 214606972 0.5
8557153 214851163 1
8557153 214851238 1
8557153 214684942 1
8557153 214851131 0.5
8557153 214851028 0.5
8557153 214851165 0.5
3002636 214844439 1
3002636 214533020 1
3002636 214831950 1
3002636 214612708 0.5
8812106 214851326 1
8812106 214853094 1
8812106 214853248 1
8812106 214853085 0.5
1608973 214829390 1
1608973 214826563 1
1608973 214609325 1
1608973 214587697 0.5
9782867 214712235 1
9782867 214684717 1
9782867 214850366 1
9782867 214850368 0.5
9782867 214744258 0.5
9782867 214850949 0.5
9782867 214850285 0.5
9782867 214829880 0.5
9782867 214829882 0.5
10962519 214853102 1
10962519 214854840 1
10962519 214854785 1
10962519 214854853 0.5
5119247 214716939 1
5119247 214716977 1
5119247 214716973 1
5119247 214716975 0.5
11188154 214853102 1
11188154 214854785 1
11188154 214854789 1
11188154 214854840 0.5
8490592 214685049 1
8490592 214851028 1
8490592 214851080 1
8490592 214851161 0.5
1495312 214834880 1
1495312 214821412 1
1495312 214821410 1
1495312 214826610 0.5
1495312 214833755 0.5
1495312 214834877 0.5
366183 214826608 1
366183 214684513 1
366183 214664919 1
366183 214820237 0.5
10153576 214853435 1
10153576 214853848 1
10153576 214850758 1
10153576 214717888 0.5
10153576 214853700 0.5
10153576 214853707 0.5
10153576 214853713 0.5
10153576 214850743 0.5
10153576 214718169 0.5
10153576 214850938 0.5
3755628 214748338 1
3755628 214748302 1
3755628 214753513 1
3755628 643078800 0.5
3755628 214685857 0.5
3755628 214836924 0.5
3755628 214835109 0.5
2618989 214667912 1
2618989 214826711 1
2618989 214829368 1
2618989 214746427 0.5
2618989 214829379 0.5
2618989 214743495 0.5
4597364 214839971 1
4597364 214845806 1
4597364 214845131 1
4597364 214821410 0.5
4597364 214835747 0.5
4597364 214839973 0.5
4597364 214554982 0.5
4597364 214819721 0.5
4597364 214819691 0.5
4597364 214848178 0.5
4597364 214848176 0.5
4597364 214838098 0.5
4597364 214828985 0.5
9207413 214595139 1
9207413 214853709 1
9207413 214854017 1
9207413 214706102 0.5
9207413 214853190 0.5
636534 214821302 1
636534 214821309 1
636534 214821305 1
636534 214821341 0.5
65144 214821277 1
65144 214585397 1
65144 214821285 1
65144 214821290 0.5
5236347 214844372 1
5236347 214845583 1
5236347 214844396 1
5236347 214845585 0.5
5236347 214832150 0.5
10059389 214851575 1
10059389 214851028 1
10059389 214851587 1
10059389 214851073 0.5
10059389 214850758 0.5
10059389 214853222 0.5
10059389 214861063 0.5
10059389 214861449 0.5
10059389 214853242 0.5
9873022 214832156 1
9873022 214850366 1
9873022 214853420 1
9873022 214819472 0.5
9873022 214826947 0.5
9873022 214849342 0.5
10675839 214684108 1
10675839 214849342 1
10675839 214709630 1
10675839 214696545 0.5
11265668 214854729 1
11265668 214854857 1
11265668 214857549 1
11265668 214854860 0.5
5160581 214838094 1
5160581 214836956 1
5160581 214837286 1
5160581 214837280 0.5
5160581 214838092 0.5
10023873 214846067 1
10023873 214677615 1
10023873 214854538 1
10023873 214848658 0.5
10023873 214556334 0.5
10023873 214820400 0.5
10023873 214853713 0.5
10023873 214851122 0.5
10023873 214851133 0.5
10569353 214853767 1
10569353 214853700 1
10569353 214864880 1
10569353 214853698 0.5
10569353 214853702 0.5
10569353 214853992 0.5
10569353 214853353 0.5
10569353 214853730 0.5
10569353 214748336 0.5
10569353 214854165 0.5
10569353 214853430 0.5
10569353 214853865 0.5
10569353 214853722 0.5
10569353 214849468 0.5
10569353 214854335 0.5
6166168 214849010 1
6166168 214846425 1
6166168 214848369 1
6166168 214838505 0.5
5455502 214844342 1
5455502 214844370 1
5455502 214844398 1
5455502 214835473 0.5
6157969 214710097 1
6157969 214848371 1
6157969 214846530 1
6157969 214835137 0.5
3296918 214834877 1
3296918 214834880 1
3296918 214836795 1
3296918 214554332 0.5
3296918 214595150 0.5
6647449 214849292 1
6647449 214845879 1
6647449 214849239 1
6647449 214850400 0.5
6647449 214850398 0.5
5940898 214846367 1
5940898 214846417 1
5940898 214846479 1
5940898 214846472 0.5
5940898 214826904 0.5
5940898 214826906 0.5
5940898 214832023 0.5
10520518 214826822 1
10520518 214840082 1
10520518 214849003 1
10520518 214851714 0.5
10520518 214584819 0.5
9680553 214854118 1
9680553 214853702 1
9680553 214853456 1
9680553 214853865 0.5
9680553 214853707 0.5
9680553 214854165 0.5
5758919 214846033 1
5758919 214541582 1
5758919 214845984 1
5758919 214718396 0.5
5758919 214846479 0.5
3012269 214712235 1
3012269 214717511 1
3012269 214826715 1
3012269 214703771 0.5
3012269 214695412 0.5
3012269 214684710 0.5
8361651 214851238 1
8361651 214819412 1
8361651 214853092 1
8361651 214854470 0.5
8361651 214850630 0.5
10475188 214567327 1
10475188 214567333 1
10475188 214687845 1
10475188 214684785 0.5
10475188 214854262 0.5
10475188 214854510 0.5
9445586 214853420 1
9445586 214850942 1
9445586 214850945 1
9445586 214853094 0.5
127946 214826608 1
127946 214826801 1
127946 214826700 1
127946 214820261 0.5
11112126 214854770 1
11112126 214853381 1
11112126 214686879 1
11112126 214854731 0.5
6352097 214849070 1
6352097 214848615 1
6352097 214848795 1
6352097 214849076 0.5
2432706 214831948 1
2432706 214829878 1
2432706 214829882 1
2432706 214718396 0.5
9815747 214853767 1
9815747 214853702 1
9815747 214853730 1
9815747 214839587 0.5
9815747 214853700 0.5
9815747 214853707 0.5
9815747 214555500 0.5
9815747 214853709 0.5
9815747 214853713 0.5
9815747 214706102 0.5
9815747 214849020 0.5
2586308 214829878 1
2586308 214706216 1
2586308 214829887 1
2586308 214829882 0.5
2586308 214829885 0.5
8533701 214851028 1
8533701 214851080 1
8533701 214851161 1
8533701 214851122 0.5
8533701 214851099 0.5
8533701 214851133 0.5
840993 214712237 1
840993 214743515 1
840993 214680369 1
840993 214738453 0.5
840993 214600989 0.5
10675912 214853930 1
10675912 214854517 1
10675912 214854298 1
10675912 214854527 0.5
7535564 214716928 1
7535564 214844454 1
7535564 214551493 1
7535564 214821313 0.5
7535564 214836129 0.5
7535564 214844456 0.5
7535564 214717005 0.5
7535564 214551632 0.5
7535564 214712936 0.5
7535564 214854632 0.5
1698423 214834880 1
1698423 214712126 1
1698423 214828976 1
1698423 214833755 0.5
4238956 214829765 1
4238956 214839982 1
4238956 214836947 1
4238956 214820452 0.5
10153683 214849325 1
10153683 214716645 1
10153683 214853767 1
10153683 214853700 0.5
10153683 214710097 0.5
10153683 214601060 0.5
10153683 214848159 0.5
1435939 214829745 1
1435939 214829387 1
1435939 214826589 1
1435939 214821320 0.5
1435939 214748336 0.5
1435939 214826610 0.5
8813934 214850295 1
8813934 214846029 1
8813934 214850282 1
8813934 214850304 0.5
8813934 214845352 0.5
8813934 214829887 0.5
1332951 214840378 1
1332951 214821332 1
1332951 214834880 1
1332951 214586825 0.5
1332951 214834877 0.5
120536 214827007 1
120536 214827005 1
120536 214827000 1
120536 214577518 0.5
2866468 214835017 1
2866468 214835019 1
2866468 214609325 1
2866468 214837916 0.5
4761306 214705997 1
4761306 214587317 1
4761306 214839962 1
4761306 214829280 0.5
4761306 214839973 0.5
11050716 214534693 1
11050716 214509401 1
11050716 214853081 1
11050716 214845577 0.5
11050716 214853102 0.5
11050716 214846033 0.5
11050716 214849076 0.5
11050716 214843224 0.5
11050716 214710013 0.5
5506784 214848997 1
5506784 214845917 1
5506784 214846007 1
5506784 214826949 0.5
5506784 214846033 0.5
5506784 214849001 0.5
5506784 214838094 0.5
5506784 214835473 0.5
5506784 214844342 0.5
5506784 214844345 0.5
5506784 214845887 0.5
5506784 214835070 0.5
5506784 214835109 0.5
7898064 214850938 1
7898064 214850756 1
7898064 214850732 1
7898064 214564387 0.5
7898064 214716645 0.5
7898064 214819766 0.5
7898064 214850621 0.5
403213 214820261 1
403213 214820233 1
403213 214748336 1
403213 214826803 0.5
403213 214535621 0.5
1363686 214828959 1
1363686 214828965 1
1363686 214828972 1
1363686 214834877 0.5
7558097 214850315 1
7558097 214851587 1
7558097 214848613 1
7558097 214577450 0.5
7558097 214839962 0.5
7558097 214837494 0.5
5872407 214846479 1
5872407 214846466 1
5872407 214849252 1
5872407 214846417 0.5
5872407 214846415 0.5
7599853 214844394 1
7599853 214716982 1
7599853 214533022 1
7599853 214716928 0.5
7599853 214716939 0.5
7599853 214554358 0.5
11109672 214685797 1
11109672 214854519 1
11109672 214854221 1
11109672 214846391 0.5
5267192 214826833 1
5267192 214837286 1
5267192 214832156 1
5267192 214836956 0.5
7669498 214846258 1
7669498 214846470 1
7669498 214848622 1
7669498 214849745 0.5
7669498 214840378 0.5
10452737 214853113 1
10452737 214854300 1
10452737 214854534 1
10452737 214854536 0.5
10452737 214854352 0.5
10452737 214820394 0.5
10452737 214853244 0.5
3262422 214819562 1
3262422 214573612 1
3262422 214837918 1
3262422 214837916 0.5
7468806 214850936 1
7468806 214849250 1
7468806 214850743 1
7468806 214687565 0.5
5186489 214845577 1
5186489 214845457 1
5186489 214845352 1
5186489 214820400 0.5
5186489 214819760 0.5
5186489 214845806 0.5
8894216 214853096 1
8894216 214853105 1
8894216 214853094 1
8894216 214851326 0.5
6271959 214826904 1
6271959 214846432 1
6271959 214846367 1
6271959 214846472 0.5
6271959 214846417 0.5
6271959 214832023 0.5
6271959 214836926 0.5
6271959 214846127 0.5
6588167 214846033 1
6588167 214831955 1
6588167 214711438 1
6588167 214848980 0.5
7751441 214850936 1
7751441 214850771 1
7751441 214564382 1
7751441 214851011 0.5
7751441 214850743 0.5
1734418 214820394 1
1734418 214829366 1
1734418 214834880 1
1734418 214820458 0.5
1734418 214834877 0.5
1963798 214829865 1
1963798 214829846 1
1963798 214832717 1
1963798 214829672 0.5
1963798 214829705 0.5
6315799 214848845 1
6315799 214848596 1
6315799 214848384 1
6315799 214712124 0.5
6315799 214711348 0.5
8972057 214852978 1
8972057 214853077 1
8972057 214852980 1
8972057 214853210 0.5
4831002 214839973 1
4831002 214839969 1
4831002 214839971 1
4831002 214696897 0.5
4831002 214606948 0.5
4831002 214606792 0.5
4831002 214602733 0.5
4831002 214698418 0.5
4831002 214835469 0.5
4831002 214820400 0.5
4831002 214602802 0.5
9482017 214853420 1
9482017 214853422 1
9482017 214850942 1
9482017 214850947 0.5
9482017 214853428 0.5
9482017 214853454 0.5
2246442 214829878 1
2246442 214829885 1
2246442 214540172 1
2246442 214835124 0.5
2246442 214829366 0.5
2246442 214540127 0.5
9600812 214678376 1
9600812 214845962 1
9600812 214846119 1
9600812 214853165 0.5
4609161 214836536 1
4609161 214602598 1
4609161 214829280 1
4609161 214744768 0.5
4609161 214839969 0.5
4609161 214586694 0.5
4609161 214845131 0.5
4609161 214602733 0.5
4609161 214829775 0.5
4609161 214836855 0.5
4609161 214828985 0.5
10856241 214853102 1
10856241 214854785 1
10856241 214854840 1
10856241 214853100 0.5
4530151 214836853 1
4530151 214829280 1
4530151 214829775 1
4530151 214586694 0.5
5291733 214711348 1
5291733 214836932 1
5291733 214844345 1
5291733 214712124 0.5
5291733 214844347 0.5
5291733 214844340 0.5
6958901 214850615 1
6958901 214851009 1
6958901 214848630 1
6958901 214848656 0.5
6958901 214849022 0.5
4771124 214716707 1
4771124 214716714 1
4771124 214716746 1
4771124 214839969 0.5
4771124 214553533 0.5
4771124 214836857 0.5
4771124 214714805 0.5
4176863 214835968 1
4176863 214836352 1
4176863 214836041 1
4176863 214835012 0.5
4176863 214642314 0.5
4176863 214839982 0.5
4176863 214836050 0.5
4176863 214559672 0.5
4176863 214836924 0.5
3438397 214684702 1
3438397 214829887 1
3438397 214832115 1
3438397 214743497 0.5
3438397 214839341 0.5
3438397 214698446 0.5
4714303 214838109 1
4714303 214839382 1
4714303 214587712 1
4714303 214650617 0.5
4714303 214717539 0.5
4714303 214664820 0.5
4714303 214839971 0.5
3227461 214828995 1
3227461 214684841 1
3227461 214716746 1
3227461 214826912 0.5
3227461 214556055 0.5
3227461 214684942 0.5
3227461 214662759 0.5
3643213 214829799 1
3643213 214820402 1
3643213 214838137 1
3643213 214838227 0.5
3140687 214835017 1
3140687 214587712 1
3140687 214835019 1
3140687 214835137 0.5
3140687 214835747 0.5
3140687 214826565 0.5
3140687 214826977 0.5
3140687 214609325 0.5
3140687 214716110 0.5
3140687 214835087 0.5
3140687 214835124 0.5
3140687 214831959 0.5
165711 214826803 1
165711 214820415 1
165711 214821285 1
165711 214826816 0.5
2770771 214831940 1
2770771 214837918 1
2770771 214837916 1
2770771 214835503 0.5
5707606 214821315 1
5707606 214836566 1
5707606 214836352 1
5707606 214836050 0.5
5707606 214836075 0.5
5707606 214533022 0.5
5707606 214848990 0.5
3710808 214836924 1
3710808 214826990 1
3710808 214836932 1
3710808 214560587 0.5
3710808 214838227 0.5
9689474 214853338 1
9689474 214850949 1
9689474 214850947 1
9689474 214831955 0.5
9689474 214853340 0.5
10733404 214854257 1
10733404 214854223 1
10733404 214854080 1
10733404 214854221 0.5
4872029 214831970 1
4872029 214835015 1
4872029 214836512 1
4872029 214832145 0.5
4872029 214839587 0.5
4159329 214829797 1
4159329 214839939 1
4159329 214839347 1
4159329 214838096 0.5
4159329 214839932 0.5
4159329 214829102 0.5
6249033 214849258 1
6249033 214848980 1
6249033 214848982 1
6249033 214839975 0.5
6249033 214709807 0.5
6249033 214838225 0.5
6249033 214848695 0.5
6249033 214851032 0.5
6249033 214701307 0.5
6249033 214848605 0.5
5706231 214811756 1
5706231 214582104 1
5706231 214811752 1
5706231 214846425 0.5
5706231 214811754 0.5
5706231 214554714 0.5
6760297 214840091 1
6760297 214552134 1
6760297 214849318 1
6760297 214846112 0.5
6760297 214837916 0.5
6760297 214712126 0.5
4686823 214831948 1
4686823 214826942 1
4686823 214842735 1
4686823 214836881 0.5
4686823 214845354 0.5
4686823 214838109 0.5
4686823 214832015 0.5
9369457 214854148 1
9369457 214853242 1
9369457 214853852 1
9369457 214677401 0.5
9369457 214851579 0.5
9473908 214717888 1
9473908 214600637 1
9473908 214651777 1
9473908 214850758 0.5
6154109 214845587 1
6154109 214800272 1
6154109 214844398 1
6154109 214846530 0.5
6154109 214839587 0.5
6154109 214845412 0.5
6154109 214829799 0.5
6154109 214820402 0.5
6154109 214845435 0.5
6154109 214844400 0.5
6154109 214557009 0.5
6154109 214836050 0.5
6154109 214836857 0.5
6154109 214846427 0.5
1177471 214826934 1
1177471 214820810 1
1177471 214584939 1
1177471 214826801 0.5
1177471 214820805 0.5
1177471 214826927 0.5
886656 214832557 1
886656 214832559 1
886656 214821032 1
886656 214717286 0.5
9794539 214854358 1
9794539 214854159 1
9794539 214853735 1
9794539 214853724 0.5
9794539 214567333 0.5
8042373 214846385 1
8042373 214851150 1
8042373 214851294 1
8042373 214851135 0.5
8042373 214846391 0.5
204678 214826627 1
204678 214541582 1
204678 214744260 1
204678 214826835 0.5
204678 214583947 0.5
2931692 214832792 1
2931692 214834867 1
2931692 214837918 1
2931692 214827032 0.5
2931692 214835137 0.5
2931692 214580190 0.5
10456971 214852987 1
10456971 214853162 1
10456971 214853263 1
10456971 214684785 0.5
10456971 214645972 0.5
10456971 214677508 0.5
10456971 214567333 0.5
9612443 214851750 1
9612443 214853132 1
9612443 214851080 1
9612443 214716746 0.5
9612443 214853237 0.5
9612443 214851317 0.5
9612443 214851575 0.5
9612443 214853848 0.5
9612443 214716671 0.5
5664664 214846061 1
5664664 214848185 1
5664664 214848157 1
5664664 214564320 0.5
5664664 214845410 0.5
5664664 214849001 0.5
5664664 214820844 0.5
5664664 214748336 0.5
5664664 214845917 0.5
1550233 214684745 1
1550233 214705740 1
1550233 214711556 1
1550233 214834873 0.5
1550233 214832563 0.5
1550233 214687702 0.5
1550233 214828974 0.5
3699588 214836947 1
3699588 214820392 1
3699588 214820400 1
3699588 214820402 0.5
3876769 214717427 1
3876769 214820242 1
3876769 214835120 1
3876769 214601214 0.5
5565783 214832150 1
5565783 214838227 1
5565783 214844370 1
5565783 214600492 0.5
10575857 214849003 1
10575857 214854682 1
10575857 214712242 1
10575857 214559960 0.5
10575857 214846393 0.5
10575857 214853402 0.5
10575857 214854772 0.5
2834347 214717507 1
2834347 214831950 1
2834347 214829885 1
2834347 214514265 0.5
2834347 214819627 0.5
2834347 214711438 0.5
2834347 214514291 0.5
939801 214826621 1
939801 214826615 1
939801 214826617 1
939801 214826619 0.5
724911 214826912 1
724911 214827000 1
724911 214716707 1
724911 214827005 0.5
724911 214827007 0.5
973149 214832780 1
973149 214833755 1
973149 214829387 1
973149 214826904 0.5
973149 214826610 0.5
3424187 214834867 1
3424187 214837918 1
3424187 214714760 1
3424187 214667912 0.5
3424187 214652462 0.5
8239043 214851131 1
8239043 214851163 1
8239043 214684942 1
8239043 214716746 0.5
8239043 214851028 0.5
8239043 214556057 0.5
8239043 214851579 0.5
8239043 214851165 0.5
8239043 214716671 0.5
11081668 214854300 1
11081668 214819577 1
11081668 214854585 1
11081668 214853698 0.5
1343429 214691563 1
1343429 214834991 1
1343429 214834877 1
1343429 214834880 0.5
1343429 214691587 0.5
1343429 214819430 0.5
1343429 214843526 0.5
1343429 214832780 0.5
1343429 214748336 0.5
1343429 214829366 0.5
9654214 214829880 1
9654214 214829878 1
9654214 214821373 1
9654214 214850282 0.5
9654214 214850315 0.5
9654214 214850285 0.5
9654214 214829885 0.5
9654214 214850291 0.5
9654214 214829882 0.5
9654214 214831946 0.5
7344071 214832158 1
7344071 214850315 1
7344071 214849809 1
7344071 214820345 0.5
5795784 214848298 1
5795784 214848305 1
5795784 214846029 1
5795784 214600464 0.5
5795784 214848307 0.5
3152887 214602605 1
3152887 214829878 1
3152887 214826715 1
3152887 214835120 0.5
3152887 214831946 0.5
3152887 214512611 0.5
10699074 214687845 1
10699074 214854583 1
10699074 214687475 1
10699074 214854343 0.5
2692891 214837916 1
2692891 214836330 1
2692891 214819762 1
2692891 214819760 0.5
2692891 214563337 0.5
2692891 214835107 0.5
2692891 214836084 0.5
2692891 214684843 0.5
1675217 214833755 1
1675217 214829387 1
1675217 214826610 1
1675217 214834877 0.5
6031314 214848337 1
6031314 214835017 1
6031314 214846410 1
6031314 214848808 0.5
7938003 214850938 1
7938003 214850739 1
7938003 214819599 1
7938003 214564387 0.5
5557241 214848185 1
5557241 214840483 1
5557241 214820195 1
5557241 214845986 0.5
5557241 214835019 0.5
5557241 214826565 0.5
11018206 214854720 1
11018206 214853081 1
11018206 214851757 1
11018206 214853083 0.5
8857253 214853135 1
8857253 214851131 1
8857253 214851748 1
8857253 214853184 0.5
8857253 214851163 0.5
8857253 214853195 0.5
8857253 214716746 0.5
8857253 214853227 0.5
8857253 214851165 0.5
8857253 214851317 0.5
8857253 214556057 0.5
8857253 214853210 0.5
8857253 214851579 0.5
8857253 214716714 0.5
8857253 214716671 0.5
5705696 214838137 1
5705696 214850402 1
5705696 214844355 1
5705696 214829765 0.5
5705696 214743335 0.5
5705696 214844370 0.5
5705696 214845587 0.5
5705696 214836885 0.5
5705696 214844342 0.5
5705696 214844347 0.5
5705696 214835167 0.5
657377 214709645 1
657377 214837490 1
657377 214708370 1
657377 214832552 0.5
657377 214828987 0.5
657377 214821279 0.5
657377 214837487 0.5
6244323 214849012 1
6244323 214848330 1
6244323 214848845 1
6244323 214708044 0.5
4911077 214845131 1
4911077 214839971 1
4911077 214848176 1
4911077 214839600 0.5
9990118 214853698 1
9990118 214853730 1
9990118 214853767 1
9990118 214853707 0.5
10518503 214854264 1
10518503 214854268 1
10518503 214567215 1
10518503 214567329 0.5
10518503 214853726 0.5
10518503 214684785 0.5
4554729 214602733 1
4554729 214838137 1
4554729 214839967 1
4554729 214839973 0.5
4554729 214602598 0.5
4554729 214839975 0.5
7462892 214844439 1
7462892 214844394 1
7462892 214844458 1
7462892 214844452 0.5
7462892 214844456 0.5
7462892 214855183 0.5
7462892 214716982 0.5
7462892 214844441 0.5
7462892 214821305 0.5
7462892 214821309 0.5
5648369 214851090 1
5648369 214748282 1
5648369 214839354 1
5648369 214840237 0.5
5648369 214845422 0.5
10770418 214854300 1
10770418 214854547 1
10770418 214854802 1
10770418 214854545 0.5
10770418 214716714 0.5
10770418 214854549 0.5
10770418 214854534 0.5
9017331 214677830 1
9017331 214853130 1
9017331 214678387 1
9017331 214853169 0.5
9017331 214853165 0.5
1287192 214829100 1
1287192 214601233 1
1287192 214705736 1
1287192 214820807 0.5
1287192 214577450 0.5
1287192 214743495 0.5
1287192 214748336 0.5
1287192 214819380 0.5
1287192 214820186 0.5
3487739 214587697 1
3487739 214835019 1
3487739 214826565 1
3487739 214554662 0.5
5138429 214832143 1
5138429 214848324 1
5138429 214826942 1
5138429 214684715 0.5
5138429 214826829 0.5
5138429 214826983 0.5
3833854 214836924 1
3833854 214829765 1
3833854 214835167 1
3833854 214687685 0.5
3833854 214836830 0.5
