6553602 214846535 1
6553602 214835109 1
6553602 214848410 1
6553602 214839617 1
6553602 214845984 0.5
6553602 214832150 0.5
6553602 214846344 0.5
6553602 214601229 0.5
6553602 214826990 0.5
6553602 214667857 0.5
6553602 214838227 0.5
6553602 214849333 0.5
6553602 214848950 0.5
6553602 214821015 0.5
6553602 214848377 0.5
6553602 214849275 0.5
6553602 214712126 0.5
876548 214829332 1
876548 214829325 1
876548 214839600 1
876548 214702933 1
876548 214829327 0.5
11139078 214864880 1
11139078 214854853 1
11139078 214854793 1
11139078 214854787 1
11139078 214855016 0.5
11139078 214854840 0.5
11139078 214853362 0.5
11139078 214854860 0.5
11139078 214854782 0.5
7282698 214850417 1
7282698 214845958 1
7282698 214850409 1
7282698 214849363 1
7282698 214850855 0.5
8724492 214853160 1
8724492 214853165 1
8724492 214851737 1
8724492 214853246 1
8724492 214850372 0.5
8724492 214829317 0.5
8724492 214853128 0.5
8724492 214845962 0.5
8724492 214849010 0.5
8724492 214853075 0.5
8724492 214851742 0.5
2277389 214829717 1
2277389 214829846 1
2277389 214832717 1
2277389 214829670 1
2277389 214829705 0.5
2277389 214829707 0.5
2277389 214829861 0.5
2277389 214829711 0.5
2271246 214829880 1
2271246 214831957 1
2271246 214829882 1
2271246 214831946 1
2271246 214829885 0.5
2271246 214836519 0.5
5361681 214844400 1
5361681 214844396 1
5361681 214844402 1
5361681 214845583 1
5361681 214835473 0.5
2893828 214820261 1
2893828 214820233 1
2893828 214820263 1
2893828 214820231 1
2893828 214820270 0.5
8052763 214851581 1
8052763 214851122 1
8052763 214851155 1
8052763 214851013 1
8052763 214851152 0.5
8052763 214851077 0.5
11081733 214853100 1
11081733 214864880 1
11081733 214854017 1
11081733 214853102 1
11081733 214851748 0.5
7000096 214667857 1
7000096 214848641 1
7000096 214844400 1
7000096 214846303 1
7000096 214838137 0.5
7000096 214849322 0.5
7000096 214829387 0.5
7000096 214848954 0.5
7000096 214849239 0.5
40993 214826835 1
40993 214826715 1
40993 214826606 1
40993 214827026 1
40993 214829737 0.5
40993 214826955 0.5
8688738 214851131 1
8688738 214839962 1
8688738 214853190 1
8688738 214850760 1
8688738 214696897 0.5
8688738 214851163 0.5
8688738 214853188 0.5
8688738 214850405 0.5
8688738 214850790 0.5
9082918 214853094 1
9082918 214853096 1
9082918 214853105 1
9082918 214852978 1
9082918 214853248 0.5
9082918 214853085 0.5
10248234 214853113 1
10248234 214854352 1
10248234 214850739 1
10248234 214854354 1
10248234 214849393 0.5
10248234 214853855 0.5
1021996 214821315 1
1021996 214821339 1
1021996 214551607 1
1021996 214821309 1
1021996 214821313 0.5
1021996 214612706 0.5
1021996 214821307 0.5
5517358 214844370 1
5517358 214836133 1
5517358 214836358 1
5517358 214836575 1
5517358 214836352 0.5
5517358 214836577 0.5
5517358 214835711 0.5
10033199 214854300 1
10033199 214854585 1
10033199 214854495 1
10033199 214854579 1
10033199 214854545 0.5
10033199 214850741 0.5
10033199 214847255 0.5
2320433 214829880 1
2320433 214831946 1
2320433 214820220 1
2320433 214829882 1
2320433 214826835 0.5
2320433 214711318 0.5
10034102 214854358 1
10034102 214854268 1
10034102 214853735 1
10034102 214854264 1
10034102 214854148 0.5
10034102 214853413 0.5
10034102 214853726 0.5
11065012 214853102 1
11065012 214854785 1
11065012 214853362 1
11065012 214855016 1
11065012 214854733 0.5
2547771 214840483 1
2547771 214753507 1
2547771 214834997 1
2547771 214748291 1
2547771 214748304 0.5
2547771 214753505 0.5
2547771 214587266 0.5
2547771 214832722 0.5
3904346 214835132 1
3904346 214832124 1
3904346 214554332 1
3904346 214836947 1
3904346 214835122 0.5
3904346 214586668 0.5
3904346 214821407 0.5
5226558 214844400 1
5226558 214844402 1
5226558 214844345 1
5226558 214835167 1
5226558 214835473 0.5
9760831 214850792 1
9760831 214850790 1
9760831 214853435 1
9760831 214836851 1
9760831 214836847 0.5
4849732 214847255 1
4849732 214839962 1
4849732 214839967 1
4849732 214748336 1
4849732 214828985 0.5
4849732 214829852 0.5
4849732 214837494 0.5
4849732 214843895 0.5
8388678 214848602 1
8388678 214851236 1
8388678 214851133 1
8388678 214851581 1
8388678 214851137 0.5
8388678 214849252 0.5
8388678 214851013 0.5
8388678 214716935 0.5
8388678 214585644 0.5
8388678 214851122 0.5
8388678 214551928 0.5
8388678 214533022 0.5
5789767 214829739 1
5789767 214849072 1
5789767 214820443 1
5789767 214845939 1
5789767 214564320 0.5
5789767 214676377 0.5
5789767 214845965 0.5
2563084 214826610 1
2563084 214833755 1
2563084 214821410 1
2563084 214743495 1
2563084 214829852 0.5
2563084 214826589 0.5
2563084 214834877 0.5
5660746 214846119 1
5660746 214846117 1
5660746 214845962 1
5660746 214845984 1
5660746 214819640 0.5
5660746 214581761 0.5
5660746 214845954 0.5
5660746 214846010 0.5
5660746 214553257 0.5
10272844 214567333 1
10272844 214567215 1
10272844 214567329 1
10272844 214567327 1
10272844 214854358 0.5
10272844 214684785 0.5
10272844 214854262 0.5
10272844 214854264 0.5
10272844 214684762 0.5
10272844 214853726 0.5
2487097 214829878 1
2487097 214831948 1
2487097 214831946 1
2487097 214826983 1
2487097 214831965 0.5
6604878 214832604 1
6604878 214716707 1
6604878 214848832 1
6604878 214848613 1
6604878 214848808 0.5
6604878 214558192 0.5
7907409 214563182 1
7907409 214706216 1
7907409 214583190 1
7907409 214850758 1
7907409 214846404 0.5
7907409 214850756 0.5
7907409 214850741 0.5
9723988 214853722 1
9723988 214853700 1
9723988 214854060 1
9723988 214853709 1
9723988 214853730 0.5
4376662 214839617 1
4376662 214832015 1
4376662 214838096 1
4376662 214831965 1
4376662 214838102 0.5
4376662 214553565 0.5
4376662 214828982 0.5
4376662 214826623 0.5
3625657 214835109 1
3625657 214838227 1
3625657 214836932 1
3625657 214836926 1
3625657 214829385 0.5
3625657 214829282 0.5
3625657 214829762 0.5
3625657 214829765 0.5
10164239 214854510 1
10164239 214854262 1
10164239 214854268 1
10164239 214854264 1
10164239 214567329 0.5
10164239 214567327 0.5
10164239 214567333 0.5
10164239 214567215 0.5
9214044 214850947 1
9214044 214850949 1
9214044 214853342 1
9214044 214853340 1
9214044 214853435 0.5
9214044 214831955 0.5
9214044 214853413 0.5
9070704 214748336 1
9070704 214846067 1
9070704 214706102 1
9070704 214848658 1
9070704 214851137 0.5
9070704 214845986 0.5
9070704 214851581 0.5
9070704 214849247 0.5
3971169 214835167 1
3971169 214829765 1
3971169 214836924 1
3971169 214835109 1
3971169 214838227 0.5
10125411 214684762 1
10125411 214821410 1
10125411 214850936 1
10125411 214675888 1
10125411 214848176 0.5
10125411 214850741 0.5
10125411 214746382 0.5
10125411 214848630 0.5
2293862 214829878 1
2293862 214711295 1
2293862 214717511 1
2293862 214831948 1
2293862 214829887 0.5
2293862 214831946 0.5
2293862 214826715 0.5
2293862 214835124 0.5
2293862 214673295 0.5
8650857 214853242 1
8650857 214852978 1
8650857 214853210 1
8650857 214853132 1
8650857 214853237 0.5
8650857 214853222 0.5
10281066 214854352 1
10281066 214853113 1
10281066 214564387 1
10281066 214853767 1
10281066 214748321 0.5
10281066 214853702 0.5
10281066 214835750 0.5
10281066 214854536 0.5
10281066 214648252 0.5
10281066 214854538 0.5
10281066 214744779 0.5
10281066 214690796 0.5
10281066 214558397 0.5
10281066 214854577 0.5
10281066 214854354 0.5
10281066 214854547 0.5
10281066 214559960 0.5
10281066 214850940 0.5
10281066 214850619 0.5
10281066 214854300 0.5
10281066 214820394 0.5
10281066 214648254 0.5
8505703 214684942 1
8505703 214851163 1
8505703 214851131 1
8505703 214716714 1
8505703 214851592 0.5
8505703 214716746 0.5
8505703 214851165 0.5
4692077 214587317 1
4692077 214640017 1
4692077 214651517 1
4692077 214829720 1
4692077 214573357 0.5
9955442 214854172 1
9955442 214854165 1
9955442 214853865 1
9955442 214853413 1
9955442 214853996 0.5
3364979 214826608 1
3364979 214837882 1
3364979 214832128 1
3364979 214832126 1
3364979 214826801 0.5
3364979 214835107 0.5
3364979 214829390 0.5
3364979 214842553 0.5
10185362 214567333 1
10185362 214567327 1
10185362 214831948 1
10185362 214829878 1
10185362 214850942 0.5
10185362 214853454 0.5
10185362 214711295 0.5
1806456 214826711 1
1806456 214826874 1
1806456 214556477 1
1806456 214561775 1
1806456 214551928 0.5
1806456 214717410 0.5
1806456 214829270 0.5
9347197 214853422 1
9347197 214850945 1
9347197 214853420 1
9347197 214850947 1
9347197 214848185 0.5
9777278 214850945 1
9777278 214853330 1
9777278 214853340 1
9777278 214853420 1
9777278 214712675 0.5
6518911 214849070 1
6518911 214826990 1
6518911 214848337 1
6518911 214835109 1
6518911 214667857 0.5
6518911 214848410 0.5
6518911 214838227 0.5
6518911 214718398 0.5
6518911 214821015 0.5
1196162 214839600 1
1196162 214748336 1
1196162 214829321 1
1196162 214826904 1
1196162 214601233 0.5
1196162 214819430 0.5
1196162 214586743 0.5
1773931 214821020 1
1773931 214819547 1
1773931 214820803 1
1773931 214819550 1
1773931 214834880 0.5
1773931 214717085 0.5
10064004 214831948 1
10064004 214850315 1
10064004 214850304 1
10064004 214829887 1
10064004 214850945 0.5
10064004 214853996 0.5
10064004 214846029 0.5
10064004 214853426 0.5
10064004 214848692 0.5
10064004 214838102 0.5
10064004 214540183 0.5
10064004 214846012 0.5
10064004 214848605 0.5
10064004 214850942 0.5
4331654 214829775 1
4331654 214602598 1
4331654 214832145 1
4331654 214839975 1
4331654 214829760 0.5
4331654 214839969 0.5
4331654 214839592 0.5
4331654 214602733 0.5
4331654 214829102 0.5
4331654 214695472 0.5
4331654 214839960 0.5
6371464 214846530 1
6371464 214848337 1
6371464 214848330 1
6371464 214848380 1
6371464 214835109 0.5
6371464 214844396 0.5
6371464 214839973 0.5
6371464 214844398 0.5
6371464 214846535 0.5
6598798 214848410 1
6598798 214848377 1
6598798 214849018 1
6598798 214848609 1
6598798 214848337 0.5
6598798 214848330 0.5
6598798 214835109 0.5
6598798 214826990 0.5
10692602 214854300 1
10692602 214853726 1
10692602 214854579 1
10692602 214556218 1
10692602 214575240 0.5
10692602 214854268 0.5
6363284 214848596 1
6363284 214848384 1
6363284 214835167 1
6363284 214829765 1
6363284 214848847 0.5
9113751 214852978 1
9113751 214853077 1
9113751 214853085 1
9113751 214853105 1
9113751 214853096 0.5
9994393 214853698 1
9994393 214853430 1
9994393 214853722 1
9994393 214853700 1
9994393 214854352 0.5
9994393 214819577 0.5
9994393 214850947 0.5
9994393 214854579 0.5
7567116 214561775 1
7567116 214651777 1
7567116 214850709 1
7567116 214850771 1
7567116 214850792 0.5
7567116 214850552 0.5
8468639 214716671 1
8468639 214851575 1
8468639 214848658 1
8468639 214851581 1
8468639 214565473 0.5
8468639 214851234 0.5
8468639 214850771 0.5
8468639 214706102 0.5
8468639 214743495 0.5
8468639 214850855 0.5
8468639 214851080 0.5
8468639 214850743 0.5
8468639 214820396 0.5
8468639 214853186 0.5
8468639 214595150 0.5
8468639 214846061 0.5
8468639 214748336 0.5
8468639 214826610 0.5
8468639 214845986 0.5
8468639 214849046 0.5
8468639 214556055 0.5
8468639 214558807 0.5
8468639 214687847 0.5
8468639 214851133 0.5
5378208 214709814 1
5378208 214837288 1
5378208 214836956 1
5378208 214832156 1
5378208 214845579 0.5
5378208 214838092 0.5
9687201 214853428 1
9687201 214853460 1
9687201 214846258 1
9687201 214848185 1
9687201 214705734 0.5
4151458 214838105 1
4151458 214838098 1
4151458 214725551 1
4151458 214836887 1
4151458 214847968 0.5
4151458 214711408 0.5
4151458 214717539 0.5
4151458 214829765 0.5
4151458 214831942 0.5
4151458 214826623 0.5
4151458 214667912 0.5
4151458 214832012 0.5
4151458 214829070 0.5
4151458 214832015 0.5
4151458 214838096 0.5
4151458 214831944 0.5
4151458 214838102 0.5
4151458 214595150 0.5
4151458 214829878 0.5
4151458 214838107 0.5
4151458 214554332 0.5
4151458 214838109 0.5
4151458 214829797 0.5
5568676 214845422 1
5568676 214848180 1
5568676 214848302 1
5568676 214829739 1
5568676 214641412 0.5
10665329 214854300 1
10665329 214853702 1
10665329 214714755 1
10665329 214854504 1
10665329 214853992 0.5
10665329 214854547 0.5
10665329 214854733 0.5
1577128 214834880 1
1577128 214587317 1
1577128 214684046 1
1577128 214829664 1
1577128 214826561 0.5
1577128 214829666 0.5
1577128 214840419 0.5
1577128 214821032 0.5
1577128 214826921 0.5
1577128 214828985 0.5
1577128 214834877 0.5
1577128 214691390 0.5
6887597 214848165 1
6887597 214849245 1
6887597 214849239 1
6887597 214849230 1
6887597 214848656 0.5
6887597 214849314 0.5
6887597 214849020 0.5
8702129 214831955 1
8702129 214853342 1
8702129 214711307 1
8702129 214853426 1
8702129 214853424 0.5
1069237 214829321 1
1069237 214819430 1
1069237 214820392 1
1069237 214820396 1
1069237 214832780 0.5
7729336 214850405 1
7729336 214850747 1
7729336 214850767 1
7729336 214838122 1
7729336 214850720 0.5
7729336 214849052 0.5
7729336 214850692 0.5
7729336 214564382 0.5
7729336 214557223 0.5
1585524 214834880 1
1585524 214833755 1
1585524 214834877 1
1585524 214826589 1
1585524 214601233 0.5
1585524 214826610 0.5
1585524 214712126 0.5
1585524 214829366 0.5
1585524 214819430 0.5
7643324 214850700 1
7643324 214850771 1
7643324 214849247 1
7643324 214698420 1
7643324 214819721 0.5
7643324 214698418 0.5
7643324 214829852 0.5
7643324 214850743 0.5
11131069 214854842 1
11131069 214864880 1
11131069 214854821 1
11131069 214854770 1
11131069 214854830 0.5
7667904 214850621 1
7667904 214564382 1
7667904 214851290 1
7667904 214850741 1
7667904 214850720 0.5
7667904 214561402 0.5
7667904 214707995 0.5
7667904 214640015 0.5
7209154 214849736 1
7209154 214850304 1
7209154 214849745 1
7209154 214849357 1
7209154 214844400 0.5
2883783 214835017 1
2883783 214834867 1
2883783 214835747 1
2883783 214821335 1
2883783 214587712 0.5
2883783 214835745 0.5
2883783 214609325 0.5
2883783 214827032 0.5
2883783 214642153 0.5
4511011 214716639 1
4511011 214712051 1
4511011 214826820 1
4511011 214839384 1
4511011 214560585 0.5
4511011 214839956 0.5
6430924 214848622 1
6430924 214846468 1
6430924 214848596 1
6430924 214836519 1
6430924 214848410 0.5
6430924 214829765 0.5
6430924 214826990 0.5
6430924 214835167 0.5
7948493 214850295 1
7948493 214849796 1
7948493 214641590 1
7948493 214850285 1
7948493 214850700 0.5
10748117 214854264 1
10748117 214854536 1
10748117 214854335 1
10748117 214854358 1
10748117 214854545 0.5
10748117 214854549 0.5
7866582 214850938 1
7866582 214850743 1
7866582 214850739 1
7866582 214564387 1
7866582 214676306 0.5
7866582 214821022 0.5
11303128 214857015 1
11303128 214857253 1
11303128 214857549 1
11303128 214857555 1
11303128 214857262 0.5
10000602 214828963 1
10000602 214832156 1
10000602 214709625 1
10000602 214838094 1
10000602 214848688 0.5
10000602 214828970 0.5
10000602 214836956 0.5
10000602 214837286 0.5
10000602 214849327 0.5
8243419 214716671 1
8243419 214716746 1
8243419 214716714 1
8243419 214851131 1
8243419 214851080 0.5
8243419 214851587 0.5
8243419 214851317 0.5
8243419 214853182 0.5
6257229 214826670 1
6257229 214848695 1
6257229 214849252 1
6257229 214848658 1
6257229 214587712 0.5
6257229 214820400 0.5
5026017 214844340 1
5026017 214844342 1
5026017 214832150 1
5026017 214844345 1
5026017 214837280 0.5
6033284 214846117 1
6033284 214846119 1
6033284 214845954 1
6033284 214820443 1
6033284 214819528 0.5
6033284 214846312 0.5
6033284 214829362 0.5
6033284 214582200 0.5
6033284 214846010 0.5
6701289 214848845 1
6701289 214848596 1
6701289 214849018 1
6701289 214848384 1
6701289 214829765 0.5
6701289 214560622 0.5
8067307 214848302 1
8067307 214845971 1
8067307 214850353 1
8067307 214832653 1
8067307 214835017 0.5
8067307 214716982 0.5
5284078 214708044 1
5284078 214835428 1
5284078 214835426 1
5284078 214835473 1
5284078 214844400 0.5
9713906 214844398 1
9713906 214853154 1
9713906 214853417 1
9713906 214844372 1
9713906 214853156 0.5
9713906 214853381 0.5
1986807 214709792 1
1986807 214712229 1
1986807 214829861 1
1986807 214829863 1
1986807 214835752 0.5
6445309 214848337 1
6445309 214848377 1
6445309 214848380 1
6445309 214846535 1
6445309 214848328 0.5
6445309 214848656 0.5
6445309 214835109 0.5
3799294 214826938 1
3799294 214836924 1
3799294 214829773 1
3799294 214836795 1
3799294 214835012 0.5
3799294 214832557 0.5
8844658 214851326 1
8844658 214852985 1
8844658 214853263 1
8844658 214853417 1
8844658 214821410 0.5
8844658 214852987 0.5
8844658 214851090 0.5
8844658 214853237 0.5
11088129 214853090 1
11088129 214853096 1
11088129 214853085 1
11088129 214852978 1
11088129 214853094 0.5
7727364 214851028 1
7727364 214716671 1
7727364 214851080 1
7727364 214851161 1
7727364 214851073 0.5
7727364 214850405 0.5
7727364 214848808 0.5
7727364 214718377 0.5
7727364 214684845 0.5
7727364 214850870 0.5
7727364 214685049 0.5
7727364 214848613 0.5
2007304 214829882 1
2007304 214829878 1
2007304 214829887 1
2007304 214835124 1
2007304 214831946 0.5
11178253 214854819 1
11178253 214848658 1
11178253 214854815 1
11178253 214854356 1
11178253 214854857 0.5
11178253 214854855 0.5
4169998 214836887 1
4169998 214831970 1
4169998 214847968 1
4169998 214581761 1
4169998 214632272 0.5
4169998 214587384 0.5
4169998 214535010 0.5
4169998 214651517 0.5
8331536 214846391 1
8331536 214851135 1
8331536 214685049 1
8331536 214851234 1
8331536 214851080 0.5
8331536 214851097 0.5
8331536 214851587 0.5
2781457 214743495 1
2781457 214835747 1
2781457 214835019 1
2781457 214829387 1
2781457 214834880 0.5
2781457 214748336 0.5
2781457 214687852 0.5
2781457 214714732 0.5
2781457 214820402 0.5
2781457 214835017 0.5
2781457 214800272 0.5
2781457 214601233 0.5
2781457 214826610 0.5
2781457 214826612 0.5
2781457 214706102 0.5
2781457 214819721 0.5
2781457 214826617 0.5
2781457 214833755 0.5
2781457 214826876 0.5
2781457 214573277 0.5
5118227 214828952 1
5118227 214837286 1
5118227 214819468 1
5118227 214840082 1
5118227 214837280 0.5
8540436 214851161 1
8540436 214716746 1
8540436 214685049 1
8540436 214851080 1
8540436 214851234 0.5
8540436 214851587 0.5
8540436 214851028 0.5
8540436 214851575 0.5
3955417 214826990 1
3955417 214835109 1
3955417 214838227 1
3955417 214835167 1
3955417 214829765 0.5
5216541 214850402 1
5216541 214845590 1
5216541 214844400 1
5216541 214826610 1
5216541 214826949 0.5
5216541 214836330 0.5
5216541 214844396 0.5
5216541 214835469 0.5
5216541 214845583 0.5
5216541 214845585 0.5
5216541 214845587 0.5
5216541 214561496 0.5
3488031 214836926 1
3488031 214835475 1
3488031 214831967 1
3488031 214651517 1
3488031 214577025 0.5
3488031 214800262 0.5
3488031 214832780 0.5
3488031 214835747 0.5
3488031 214835111 0.5
3488031 214821032 0.5
3488031 214657322 0.5
3488031 214684843 0.5
3488031 214573357 0.5
3488031 214748334 0.5
3488031 214819760 0.5
3488031 214819762 0.5
3488031 214556595 0.5
3488031 214819380 0.5
3488031 214819382 0.5
3488031 214667970 0.5
3488031 214826563 0.5
3488031 214835017 0.5
3488031 214668281 0.5
3488031 214553561 0.5
3488031 214826977 0.5
3488031 214836330 0.5
3488031 214837487 0.5
3488031 214826998 0.5
3488031 214838137 0.5
3488031 214837882 0.5
10570017 214854268 1
10570017 214567215 1
10570017 214684785 1
10570017 214854264 1
10570017 214853700 0.5
10264866 214854819 1
10264866 214854857 1
10264866 214854699 1
10264866 214854780 1
10264866 214854722 0.5
10264866 214853094 0.5
10264866 214852978 0.5
10264866 214859246 0.5
10264866 214854577 0.5
10264866 214848658 0.5
10264866 214712244 0.5
10264866 214821397 0.5
10264866 214838390 0.5
5820708 214829739 1
5820708 214821035 1
5820708 214845939 1
5820708 214555378 1
5820708 214645993 0.5
11348273 214853454 1
11348273 214831946 1
11348273 214854356 1
11348273 214854857 1
11348273 214854782 0.5
11348273 214717511 0.5
3127604 214835019 1
3127604 214835132 1
3127604 214835469 1
3127604 214837916 1
3127604 214835122 0.5
4305214 214602598 1
4305214 214832147 1
4305214 214829775 1
4305214 214836855 1
4305214 214836857 0.5
10606913 214567329 1
10606913 214567215 1
10606913 214819577 1
10606913 214854579 1
10606913 214854264 0.5
10606913 214854549 0.5
10606913 214854262 0.5
10606913 214850621 0.5
11229507 214853460 1
11229507 214854782 1
11229507 214854787 1
11229507 214853102 1
11229507 214853420 0.5
3733828 214836932 1
3733828 214835109 1
3733828 214757390 1
3733828 214838227 1
3733828 214826990 0.5
8671557 214850792 1
8671557 214850402 1
8671557 214819577 1
8671557 214850621 1
8671557 214846067 0.5
8671557 214851137 0.5
8671557 214849252 0.5
8671557 214851013 0.5
8671557 214850855 0.5
8671557 214585644 0.5
8671557 214748334 0.5
8671557 214829775 0.5
8671557 214826994 0.5
8671557 214554675 0.5
8671557 214698420 0.5
8671557 214716110 0.5
8671557 214602806 0.5
8671557 214573305 0.5
8671557 214559960 0.5
8671557 214850617 0.5
8671557 214851099 0.5
8671557 214851581 0.5
8671557 214564382 0.5
8671557 214717247 0.5
8375009 214716671 1
8375009 214851097 1
8375009 214851028 1
8375009 214716714 1
8375009 214714794 0.5
8375009 214851575 0.5
4464969 214839962 1
4464969 214839969 1
4464969 214839975 1
4464969 214832147 1
4464969 214839973 0.5
9587019 214853422 1
9587019 214711307 1
9587019 214853342 1
9587019 214853321 1
9587019 214743515 0.5
9587019 214712237 0.5
8442191 214684942 1
8442191 214716746 1
8442191 214851131 1
8442191 214851165 1
8442191 214851097 0.5
8442191 214716714 0.5
8442191 214851163 0.5
5205048 214845131 1
5205048 214819395 1
5205048 214845581 1
5205048 214832154 1
5205048 214829880 0.5
1179864 214828978 1
1179864 214826906 1
1179864 214587317 1
1179864 214828982 1
1179864 214601012 0.5
1179864 214582380 0.5
1179864 214580177 0.5
1179864 214828980 0.5
1179864 214554585 0.5
1179864 214557279 0.5
10670436 214854819 1
10670436 214853362 1
10670436 214854815 1
10670436 214854720 1
10670436 214854857 0.5
10670436 214848658 0.5
10670436 214854731 0.5
10670436 214854555 0.5
2394471 214829878 1
2394471 214829880 1
2394471 214829887 1
2394471 214831946 1
2394471 214831959 0.5
2394471 214831965 0.5
2394471 214684702 0.5
2394471 214835087 0.5
686443 214821300 1
686443 214826619 1
686443 214826617 1
686443 214826621 1
686443 214743495 0.5
10359152 214854579 1
10359152 214854536 1
10359152 214820456 1
10359152 214854585 1
10359152 214853094 0.5
10359152 214819599 0.5
10359152 214854545 0.5
10359152 214852978 0.5
10359152 214850739 0.5
10359152 214556212 0.5
10359152 214854549 0.5
10359152 214837494 0.5
10359152 214854264 0.5
10359152 214819577 0.5
10359152 214854495 0.5
10359152 214854268 0.5
10359152 214850741 0.5
11114873 214854793 1
11114873 214854787 1
11114873 214854770 1
11114873 214854502 1
11114873 214850752 0.5
11114873 214837873 0.5
11114873 214854836 0.5
11114873 214854860 0.5
11114873 214849468 0.5
9081213 214851737 1
9081213 214853165 1
9081213 214853130 1
9081213 214851742 1
9081213 214819393 0.5
2296197 214584815 1
2296197 214844460 1
2296197 214586711 1
2296197 214821309 1
2296197 214844456 0.5
2296197 214844441 0.5
2296197 214829197 0.5
2296197 214821302 0.5
7592326 214850415 1
7592326 214850767 1
7592326 214845422 1
7592326 214850730 1
7592326 214548744 0.5
7592326 214748289 0.5
7592326 214540597 0.5
7592326 214849807 0.5
1077639 214820810 1
1077639 214821339 1
1077639 214819464 1
1077639 214820392 1
1077639 214667970 0.5
1077639 214832780 0.5
3498376 214837882 1
3498376 214831967 1
3498376 214839617 1
3498376 214838137 1
3498376 214826977 0.5
9337427 214853852 1
9337427 214854176 1
9337427 214854148 1
9337427 214853715 1
9337427 214853994 0.5
9337427 214853435 0.5
9337427 214853846 0.5
10320278 214853767 1
10320278 214854527 1
10320278 214853698 1
10320278 214854060 1
10320278 214703904 0.5
10320278 214854146 0.5
10320278 214557701 0.5
10320278 214853702 0.5
10320278 214854065 0.5
10320278 214854600 0.5
10320278 214748336 0.5
10320278 214853713 0.5
10320278 214556563 0.5
10320278 214854262 0.5
10320278 214851099 0.5
10320278 214854174 0.5
6814108 214826990 1
6814108 214848380 1
6814108 214848926 1
6814108 214836568 1
6814108 214848377 0.5
6814108 214848337 0.5
6814108 214836050 0.5
6814108 214848847 0.5
5945764 214846001 1
5945764 214836855 1
5945764 214848950 1
5945764 214845984 1
5945764 214839617 0.5
5945764 214836519 0.5
5945764 214849001 0.5
5945764 214644525 0.5
5945764 214846318 0.5
5945764 214845495 0.5
5945764 214829882 0.5
5945764 214709662 0.5
9300389 214567329 1
9300389 214854148 1
9300389 214567333 1
9300389 214851317 1
9300389 214850792 0.5
9300389 214853435 0.5
9300389 214853996 0.5
4439112 214836330 1
4439112 214602733 1
4439112 214836926 1
4439112 214697096 1
4439112 214706465 0.5
4439112 214569474 0.5
4439112 214717412 0.5
4439112 214839975 0.5
4439112 214832023 0.5
4439112 214835469 0.5
4439112 214848176 0.5
4439112 214553561 0.5
4439112 214554707 0.5
4439112 214706102 0.5
4439112 214826711 0.5
4439112 214702905 0.5
4439112 214829850 0.5
4439112 214829852 0.5
4439112 214837882 0.5
4439112 214690110 0.5
4439112 214831967 0.5
8136094 214850285 1
8136094 214850295 1
8136094 214850282 1
8136094 214849809 1
8136094 214850315 0.5
5831096 214845971 1
5831096 214845962 1
5831096 214846119 1
5831096 214849072 1
5831096 214845954 0.5
5831096 214846117 0.5
10318968 214684762 1
10318968 214854264 1
10318968 214854354 1
10318968 214853855 1
10318968 214853435 0.5
10318968 214854268 0.5
10318968 214854358 0.5
10318968 214854510 0.5
7899579 214677615 1
7899579 214850936 1
7899579 214850743 1
7899579 214561775 1
7899579 214844456 0.5
7899579 214850555 0.5
7899579 214821020 0.5
9945532 214854300 1
9945532 214853113 1
9945532 214850756 1
9945532 214853413 1
9945532 214850936 0.5
9945532 214851748 0.5
6344778 214848980 1
6344778 214831955 1
6344778 214846033 1
6344778 214846014 1
6344778 214819627 0.5
6344778 214849076 0.5
6344778 214701309 0.5
6344778 214579775 0.5
8394912 214851080 1
8394912 214716746 1
8394912 214685049 1
8394912 214851161 1
8394912 214684845 0.5
5804627 214836926 1
5804627 214846425 1
5804627 214846472 1
5804627 214850780 1
5804627 214846001 0.5
5804627 214844370 0.5
5804627 214538582 0.5
2914754 214829887 1
2914754 214835747 1
2914754 214835745 1
2914754 214600492 1
2914754 214829878 0.5
10701251 214853113 1
10701251 214854536 1
10701251 214854534 1
10701251 214854352 1
10701251 214854577 0.5
10701251 214848658 0.5
10701251 214854579 0.5
10701251 214854789 0.5
10701251 214853767 0.5
5809737 214845420 1
5809737 214848305 1
5809737 214846033 1
5809737 214848298 1
5809737 214820377 0.5
8829383 214853212 1
8829383 214853077 1
8829383 214852978 1
8829383 214852980 1
8829383 214851750 0.5
5073354 214829878 1
5073354 214845352 1
5073354 214845577 1
5073354 214845581 1
5073354 214845354 0.5
5073354 214838092 0.5
5073354 214829882 0.5
5073354 214829885 0.5
6877649 214848658 1
6877649 214848954 1
6877649 214836322 1
6877649 214848986 1
6877649 214836320 0.5
6877649 214849022 0.5
6877649 214849046 0.5
7563732 214851581 1
7563732 214851133 1
7563732 214851236 1
7563732 214851122 1
7563732 214851013 0.5
7563732 214851077 0.5
7563732 214849031 0.5
7696438 214850692 1
7696438 214850936 1
7696438 214850405 1
7696438 214849363 1
7696438 214839962 0.5
7696438 214850555 0.5
7696438 214850876 0.5
7696438 214557223 0.5
9953758 214853147 1
9953758 214846415 1
9953758 214853700 1
9953758 214853698 1
9953758 214853707 0.5
8442336 214851317 1
8442336 214851161 1
8442336 214853242 1
8442336 214853186 1
8442336 214851080 0.5
8442336 214853225 0.5
8442336 214851750 0.5
10093028 214854510 1
10093028 214854262 1
10093028 214684762 1
10093028 214854545 1
10093028 214853724 0.5
10576357 214854579 1
10576357 214854536 1
10576357 214854547 1
10576357 214854352 1
10576357 214854577 0.5
10576357 214850739 0.5
10576357 214850741 0.5
10576357 214854534 0.5
10576357 214853113 0.5
1038823 214821341 1
1038823 214821309 1
1038823 214821302 1
1038823 214821339 1
1038823 214821305 0.5
9722344 214774676 1
9722344 214854551 1
9722344 214854215 1
9722344 214854311 1
9722344 214700992 0.5
9722344 214583610 0.5
9722344 214685795 0.5
9722344 214700990 0.5
4306529 214838102 1
4306529 214845131 1
4306529 214839975 1
4306529 214839969 1
4306529 214829797 0.5
9930151 214853848 1
9930151 214854549 1
9930151 214854148 1
9930151 214853994 1
9930151 214854176 0.5
9930151 214553537 0.5
9930151 214851587 0.5
9930151 214854545 0.5
9930151 214848808 0.5
9930151 214850792 0.5
9930151 214554675 0.5
9930151 214851317 0.5
9930151 214677821 0.5
9930151 214716671 0.5
8989164 214853094 1
8989164 214851326 1
8989164 214853090 1
8989164 214853105 1
8989164 214851137 0.5
8989164 214851077 0.5
8989164 214853096 0.5
8989164 214853085 0.5
8989164 214852978 0.5
8989164 214853077 0.5
8989164 214851101 0.5
6866344 214848380 1
6866344 214848596 1
6866344 214848950 1
6866344 214848330 1
6866344 214848328 0.5
6866344 214835109 0.5
6866344 214848622 0.5
9119486 214853248 1
9119486 214852980 1
9119486 214853077 1
9119486 214853105 1
9119486 214853096 0.5
9119486 214853090 0.5
9119486 214851326 0.5
9119486 214853094 0.5
9594964 214840483 1
9594964 214853996 1
9594964 214853147 1
9594964 214853154 1
9594964 214846112 0.5
9594964 214854148 0.5
9594964 214851750 0.5
9594964 214854118 0.5
9594964 214850855 0.5
9594964 214853852 0.5
9594964 214851317 0.5
9594964 214853435 0.5
9594964 214584092 0.5
188922 214820441 1
188922 214826801 1
188922 214826700 1
188922 214826608 1
188922 214554707 0.5
3744259 214838227 1
3744259 214835167 1
3744259 214836924 1
3744259 214835109 1
3744259 214836932 0.5
9075206 214853094 1
9075206 214852978 1
9075206 214851326 1
9075206 214853105 1
9075206 214853077 0.5
9075206 214853085 0.5
2265616 214834877 1
2265616 214834880 1
2265616 214826619 1
2265616 214819562 1
2265616 214576545 0.5
2265616 214826998 0.5
2265616 214826996 0.5
2265616 214695285 0.5
2265616 214829366 0.5
2265616 214826615 0.5
2265616 214833755 0.5
8426002 214851163 1
8426002 214851165 1
8426002 214851131 1
8426002 214684942 1
8426002 214714794 0.5
8426002 214716714 0.5
8426002 214848613 0.5
3041811 214835137 1
3041811 214587317 1
3041811 214829280 1
3041811 214640017 1
3041811 214827032 0.5
3330283 214642560 1
3330283 214832124 1
3330283 214832115 1
3330283 214586668 1
3330283 214744775 0.5
3330283 214667912 0.5
3330283 214836875 0.5
3330283 214580304 0.5
3330283 214821395 0.5
3330283 214826711 0.5
3330283 214840410 0.5
3330283 214836830 0.5
6771232 214849046 1
6771232 214848954 1
6771232 214849333 1
6771232 214829387 1
6771232 214848945 0.5
6771232 214849022 0.5
6771232 214708063 0.5
9069091 214850938 1
9069091 214850936 1
9069091 214853242 1
9069091 214851077 1
9069091 214851013 0.5
9069091 214850726 0.5
9069091 214850855 0.5
9069091 214853225 0.5
9069091 214851122 0.5
9069091 214850417 0.5
9069091 214676306 0.5
9069091 214850743 0.5
9069091 214853182 0.5
9069091 214716671 0.5
522788 214826801 1
522788 214826700 1
522788 214821302 1
522788 214832655 1
522788 214844357 0.5
522788 214829321 0.5
522788 214714732 0.5
522788 214832653 0.5
522788 214819376 0.5
522788 214842577 0.5
522788 214826837 0.5
522788 214716982 0.5
522788 214691484 0.5
4010534 214838137 1
4010534 214839600 1
4010534 214836926 1
4010534 214829850 1
4010534 214829799 0.5
1202609 214587317 1
1202609 214828980 1
1202609 214586743 1
1202609 214716902 1
1202609 214821401 0.5
1202609 214586694 0.5
1202609 214717286 0.5
1202609 214826837 0.5
434733 214652970 1
434733 214744779 1
434733 214820456 1
434733 214725532 1
434733 214696897 0.5
434733 214712130 0.5
434733 214744775 0.5
434733 214791688 0.5
434733 214819464 0.5
434733 214800268 0.5
434733 214554765 0.5
434733 214748336 0.5
434733 214820392 0.5
434733 214587317 0.5
434733 214706102 0.5
434733 214717847 0.5
434733 214718392 0.5
434733 214585695 0.5
5659187 214826990 1
5659187 214835109 1
5659187 214844340 1
5659187 214834880 1
5659187 214573277 0.5
4278838 214820400 1
4278838 214832780 1
4278838 214820402 1
4278838 214838225 1
4278838 214835107 0.5
4278838 214835111 0.5
4278838 214835122 0.5
4278838 214748334 0.5
4278838 214800272 0.5
4278838 214832722 0.5
6195767 214836572 1
6195767 214836566 1
6195767 214836568 1
6195767 214838872 1
6195767 214705747 0.5
3791418 214835167 1
3791418 214835109 1
3791418 214826990 1
3791418 214829765 1
3791418 214839395 0.5
3791418 214836924 0.5
3791418 214836941 0.5
3791418 214838227 0.5
6957632 214848952 1
6957632 214849020 1
6957632 214848954 1
6957632 214848945 1
6957632 214849022 0.5
7728224 214851236 1
7728224 214748336 1
7728224 214846067 1
7728224 214851122 1
7728224 214850402 0.5
7728224 214851075 0.5
7728224 214573350 0.5
7728224 214850743 0.5
7728224 214829850 0.5
7728224 214851581 0.5
11514441 214857570 1
11514441 214857568 1
11514441 214832154 1
11514441 214716645 1
11514441 214710097 0.5
2273867 214829880 1
2273867 214831950 1
2273867 214829882 1
2273867 214829885 1
2273867 214831946 0.5
748642 214826615 1
748642 214826617 1
748642 214826621 1
748642 214826612 1
748642 214711280 0.5
748642 214826619 0.5
748642 214712124 0.5
8620627 214850743 1
8620627 214853130 1
8620627 214678387 1
8620627 214678376 1
8620627 214677830 0.5
8620627 214853128 0.5
8620627 214853165 0.5
8620627 214853263 0.5
8620627 214850771 0.5
8620627 214821017 0.5
2042847 214835002 1
2042847 214829385 1
2042847 214828987 1
2042847 214826998 1
2042847 214819721 0.5
2042847 214712130 0.5
2042847 214829852 0.5
2042847 214819770 0.5
2042847 214828985 0.5
9691734 214853992 1
9691734 214854017 1
9691734 214853715 1
9691734 214849320 1
9691734 214851748 0.5
9824857 214853702 1
9824857 214853722 1
9824857 214853690 1
9824857 214853767 1
9824857 214854163 0.5
7670187 214849762 1
7670187 214849734 1
7670187 214850315 1
7670187 214849466 1
7670187 214850304 0.5
7670187 214849736 0.5
7670187 214849738 0.5
11254369 214853767 1
11254369 214714755 1
11254369 214853081 1
11254369 214854802 1
11254369 214857570 0.5
6865506 214849312 1
6865506 214832619 1
6865506 214708307 1
6865506 214819612 1
6865506 214712132 0.5
1757799 214821332 1
1757799 214829392 1
1757799 214821407 1
1757799 214828976 1
1757799 214826563 0.5
1757799 214829396 0.5
1757799 214554277 0.5
5347944 214844370 1
5347944 214844402 1
5347944 214844372 1
5347944 214835428 1
5347944 214835473 0.5
5347944 214743335 0.5
2540141 214829880 1
2540141 214829887 1
2540141 214831946 1
2540141 214829885 1
2540141 214829878 0.5
6752881 214849286 1
6752881 214849245 1
6752881 214838094 1
6752881 214716635 1
6752881 214850304 0.5
2394738 214748302 1
2394738 214821024 1
2394738 214718220 1
2394738 214717888 1
2394738 214819760 0.5
2394738 214819427 0.5
2394738 214832557 0.5
2394738 214835087 0.5
2394738 214718160 0.5
2394738 214819762 0.5
9798261 214854060 1
9798261 214567327 1
9798261 214684762 1
9798261 214853724 1
9798261 214567333 0.5
9798261 214853992 0.5
9798261 214853420 0.5
9798261 214854300 0.5
9798261 214853726 0.5
9798261 214854495 0.5
11213432 214853102 1
11213432 214854782 1
11213432 214854827 1
11213432 214854789 1
11213432 214854787 0.5
11213432 214716645 0.5
11213432 214855209 0.5
11213432 214663310 0.5
11213432 214857039 0.5
11213432 214854800 0.5
11213432 214854840 0.5
11213432 214858680 0.5
11213432 214854853 0.5
9050746 214853135 1
9050746 214851748 1
9050746 214853227 1
9050746 214853195 1
9050746 214853233 0.5
3623566 214826938 1
3623566 214836795 1
3623566 214836926 1
3623566 214836947 1
3623566 214836932 0.5
3623566 214826990 0.5
3623566 214829863 0.5
9654927 214853420 1
9654927 214853422 1
9654927 214844372 1
9654927 214820402 1
9654927 214849760 0.5
9654927 214646308 0.5
9654927 214853111 0.5
2439826 214844394 1
2439826 214844439 1
2439826 214831952 1
2439826 214835165 1
2439826 214551607 0.5
10561987 214854538 1
10561987 214854300 1
10561987 214854585 1
10561987 214854547 1
10561987 214853244 0.5
10561987 214854579 0.5
10561987 214854532 0.5
9530017 214850942 1
9530017 214853428 1
9530017 214853420 1
9530017 214853460 1
9530017 214853152 0.5
11369122 214854800 1
11369122 214854782 1
11369122 214853102 1
11369122 214854787 1
11369122 214714755 0.5
11369122 214854733 0.5
6552416 214848808 1
6552416 214848613 1
6552416 214848851 1
6552416 214558192 1
6552416 214848832 0.5
6552416 214684942 0.5
11119307 214854808 1
11119307 214854502 1
11119307 214854770 1
11119307 214542345 1
11119307 214853156 0.5
11119307 214854823 0.5
11119307 214854347 0.5
11119307 214650508 0.5
11119307 214854830 0.5
11119307 214854767 0.5
11119307 214686864 0.5
4432568 214836857 1
4432568 214829775 1
4432568 214587317 1
4432568 214836853 1
4432568 214586694 0.5
8209081 214711247 1
8209081 214851125 1
8209081 214849102 1
8209081 214851133 1
8209081 214849080 0.5
8209081 214851137 0.5
8209081 214848997 0.5
7979708 214844400 1
7979708 214849762 1
7979708 214850282 1
7979708 214849734 1
7979708 214849757 0.5
2462397 214829878 1
2462397 214829887 1
2462397 214829882 1
2462397 214748338 1
2462397 214829880 0.5
10404543 214854268 1
10404543 214853930 1
10404543 214853362 1
10404543 214854838 1
10404543 214699265 0.5
10404543 214853767 0.5
10404543 214718220 0.5
10404543 214854542 0.5
10404543 214854545 0.5
10404543 214854549 0.5
10404543 214854808 0.5
10404543 214854174 0.5
10404543 214854815 0.5
10404543 214717867 0.5
10404543 214853698 0.5
10404543 214853711 0.5
10404543 214854358 0.5
10404543 214853848 0.5
10404543 214854489 0.5
10404543 214684762 0.5
10404543 214849245 0.5
10404543 214853726 0.5
10404543 214854495 0.5
10404543 214853730 0.5
10404543 214853094 0.5
10404543 214853102 0.5
10404543 214684785 0.5
7895748 214849738 1
7895748 214849757 1
7895748 214849734 1
7895748 214849153 1
7895748 214849760 0.5
7895748 214849762 0.5
7895748 214579839 0.5
7895748 214582170 0.5
7895748 214849466 0.5
7668424 214675895 1
7668424 214850758 1
7668424 214850936 1
7668424 214676306 1
7668424 214850938 0.5
1533087 214826837 1
1533087 214826908 1
1533087 214826998 1
1533087 214826621 1
1533087 214819430 0.5
1533087 214839600 0.5
1533087 214826610 0.5
1533087 214829366 0.5
1533087 214833755 0.5
1533087 214834877 0.5
10103517 214854358 1
10103517 214854262 1
10103517 214684785 1
10103517 214854510 1
10103517 214854600 0.5
10103517 214854579 0.5
10103517 214567333 0.5
944863 214820810 1
944863 214820805 1
944863 214820456 1
944863 214601060 1
944863 214819385 0.5
8534753 214844342 1
8534753 214851101 1
8534753 214851290 1
8534753 214851232 1
8534753 214552522 0.5
8534753 214564380 0.5
2243306 214829878 1
2243306 214829887 1
2243306 214829882 1
2243306 214819599 1
2243306 214718390 0.5
10747346 214853930 1
10747346 214854495 1
10747346 214854298 1
10747346 214854527 1
10747346 214854545 0.5
10747346 214848658 0.5
10747346 214854581 0.5
8477426 214851013 1
8477426 214717247 1
8477426 214820396 1
8477426 214853242 1
8477426 214850402 0.5
8477426 214851236 0.5
8477426 214827005 0.5
8477426 214555438 0.5
9743093 214853132 1
9743093 214853263 1
9743093 214853222 1
9743093 214850855 1
9743093 214685049 0.5
9743093 214853186 0.5
8794878 214853105 1
8794878 214853248 1
8794878 214853085 1
8794878 214853094 1
8794878 214851326 0.5
9081608 214853263 1
9081608 214849010 1
9081608 214851750 1
9081608 214853758 1
9081608 214851232 0.5
9081608 214849155 0.5
9081608 214849031 0.5
9081608 214851080 0.5
9081608 214853237 0.5
9081608 214716984 0.5
9081608 214853210 0.5
9081608 214853242 0.5
8484311 214685049 1
8484311 214716671 1
8484311 214716746 1
8484311 214851163 1
8484311 214851161 0.5
8484311 214851579 0.5
8484311 214851575 0.5
2678914 214587697 1
2678914 214835745 1
2678914 214835017 1
2678914 214837882 1
2678914 214835019 0.5
2678914 214835747 0.5
10222359 214854172 1
10222359 214854146 1
10222359 214844347 1
10222359 214853992 1
10222359 214849312 0.5
10222359 214853413 0.5
10222359 214832747 0.5
10222359 214684785 0.5
10222359 214853715 0.5
10222359 214839892 0.5
10222359 214854165 0.5
10222359 214829366 0.5
10222359 214851097 0.5
10222359 214854547 0.5
10222359 214853726 0.5
10658586 214853244 1
10658586 214853113 1
10658586 214854352 1
10658586 214854354 1
10658586 214569707 0.5
10658586 214854495 0.5
10689307 214854583 1
10689307 214854330 1
10689307 214853090 1
10689307 214854298 1
10689307 214854731 0.5
10689307 214851326 0.5
10689307 214853094 0.5
10689307 214854495 0.5
6845214 214829387 1
6845214 214667857 1
6845214 214667859 1
6845214 214849284 1
6845214 214848328 0.5
6845214 214848377 0.5
6845214 214849275 0.5
6845214 214849239 0.5
9148894 214852978 1
9148894 214853242 1
9148894 214832604 1
9148894 214716707 1
9148894 214685049 0.5
9148894 214552142 0.5
9148894 214853094 0.5
5599862 214819779 1
5599862 214849001 1
5599862 214846447 1
5599862 214848298 1
5599862 214845986 0.5
5599862 214836330 0.5
5599862 214848997 0.5
5599862 214846031 0.5
5537926 214845583 1
5537926 214846121 1
5537926 214850402 1
5537926 214845587 1
5537926 214836328 0.5
901926 214819374 1
901926 214561402 1
901926 214826615 1
901926 214826619 1
901926 214556025 0.5
2229724 214829887 1
2229724 214829882 1
2229724 214829878 1
2229724 214831946 1
2229724 214748336 0.5
8391466 214851317 1
8391466 214853242 1
8391466 214853237 1
8391466 214851075 1
8391466 214577025 0.5
8391466 214853186 0.5
8391466 214853222 0.5
8391466 214850855 0.5
8391466 214853225 0.5
8391466 214716746 0.5
8391466 214600492 0.5
8391466 214851234 0.5
8391466 214584047 0.5
8391466 214580240 0.5
8391466 214554675 0.5
8391466 214851137 0.5
8391466 214851575 0.5
8391466 214851097 0.5
8391466 214853210 0.5
8391466 214853182 0.5
1743659 214834877 1
1743659 214821332 1
1743659 214834880 1
1743659 214826610 1
1743659 214833755 0.5
6591278 214676945 1
6591278 214848615 1
6591278 214717048 1
6591278 214819742 1
6591278 214845410 0.5
2001032 214826711 1
2001032 214667912 1
2001032 214712132 1
2001032 214829368 1
2001032 214716641 0.5
2001032 214609325 0.5
2001032 214554585 0.5
10081758 214853698 1
10081758 214853702 1
10081758 214853722 1
10081758 214854118 1
10081758 214574672 0.5
10081758 214853730 0.5
10081758 214853707 0.5
10081758 214853700 0.5
10081758 214853767 0.5
10910523 214864880 1
10910523 214854853 1
10910523 214854797 1
10910523 214854795 1
10910523 214853100 0.5
1784638 214840899 1
1784638 214691563 1
1784638 214712124 1
1784638 214601040 1
1784638 214843905 0.5
1784638 214691396 0.5
1784638 214691557 0.5
1784638 214843526 0.5
1784638 214695399 0.5
1784638 214717097 0.5
1784638 214601042 0.5
1784638 214691255 0.5
1784638 214580293 0.5
3021621 214829364 1
3021621 214839607 1
3021621 214834867 1
3021621 214832792 1
3021621 214587712 0.5
3021621 214602600 0.5
3021621 214835475 0.5
3021621 214836851 0.5
6943557 214849331 1
6943557 214667857 1
6943557 214848688 1
6943557 214849239 1
6943557 214667859 0.5
6943557 214829387 0.5
6943557 214665277 0.5
6943557 214849275 0.5
5167943 214826990 1
5167943 214838227 1
5167943 214573290 1
5167943 214834877 1
5167943 214821410 0.5
5167943 214745317 0.5
5167943 214821412 0.5
5167943 214835109 0.5
5167943 214657318 0.5
5167943 214542759 0.5
5167943 214657322 0.5
5167943 214829387 0.5
5167943 214835469 0.5
5167943 214716110 0.5
5167943 214845581 0.5
5167943 214826610 0.5
5167943 214836330 0.5
5167943 214556025 0.5
5167943 214712507 0.5
5167943 214573277 0.5
5167943 214835167 0.5
8350539 214851017 1
8350539 214851583 1
8350539 214851122 1
8350539 214851287 1
8350539 214851133 0.5
1946446 214829855 1
1946446 214829857 1
1946446 214829664 1
1946446 214829666 1
1946446 214829379 0.5
1946446 214826711 0.5
9794701 214854159 1
9794701 214555910 1
9794701 214853677 1
9794701 214853402 1
9794701 214854125 0.5
1842003 214829855 1
1842003 214829885 1
1842003 214712229 1
1842003 214831950 1
1842003 214556840 0.5
1842003 214829857 0.5
1842003 214826934 0.5
1842003 214556342 0.5
2671447 214827032 1
2671447 214601060 1
2671447 214821410 1
2671447 214826589 1
2671447 214821412 0.5
2671447 214712132 0.5
2671447 214826617 0.5
8096602 214851163 1
8096602 214851131 1
8096602 214716746 1
8096602 214684942 1
8096602 214716671 0.5
8502108 214852980 1
8502108 214853105 1
8502108 214853085 1
8502108 214851326 1
8502108 214556840 0.5
8502108 214561475 0.5
8502108 214850771 0.5
11434469 214854795 1
11434469 214864880 1
11434469 214854787 1
11434469 214854853 1
11434469 214854840 0.5
4647776 214716639 1
4647776 214839973 1
4647776 214826833 1
4647776 214844327 1
4647776 214748336 0.5
4647776 214839960 0.5
4647776 214819468 0.5
4647776 214602733 0.5
4647776 214829287 0.5
2636641 214587712 1
2636641 214602600 1
2636641 214835137 1
2636641 214835747 1
2636641 214835017 0.5
5368674 214846061 1
5368674 214844372 1
5368674 214844400 1
5368674 214717562 1
5368674 214717742 0.5
5336891 214844370 1
5336891 214844355 1
5336891 214835428 1
5336891 214835070 1
5336891 214844368 0.5
5336891 214835473 0.5
5336891 214582170 0.5
5336891 214582175 0.5
5336891 214579837 0.5
5336891 214579839 0.5
5595623 214703801 1
5595623 214744779 1
5595623 214819721 1
5595623 214748336 1
5595623 214685857 0.5
5595623 214680722 0.5
5595623 214573590 0.5
2902892 214835017 1
2902892 214835019 1
2902892 214834867 1
2902892 214826565 1
2902892 214832792 0.5
2902892 214835747 0.5
11503156 214864880 1
11503156 214853340 1
11503156 214853102 1
11503156 214854782 1
11503156 214848969 0.5
3021681 214837918 1
3021681 214826565 1
3021681 214600492 1
3021681 214835019 1
3021681 214657318 0.5
9124722 214852980 1
9124722 214851748 1
9124722 214853077 1
9124722 214853135 1
9124722 214853184 0.5
9124722 214819393 0.5
9124722 214846117 0.5
9124722 214853094 0.5
76606 214684841 1
76606 214827007 1
76606 214827005 1
76606 214834865 1
76606 214835120 0.5
76606 214558192 0.5
76606 214571188 0.5
76606 214827000 0.5
11246454 214853362 1
11246454 214853102 1
11246454 214854785 1
11246454 214854787 1
11246454 214855016 0.5
10968819 214853102 1
10968819 214855016 1
10968819 214853081 1
10968819 214854733 1
10968819 214854834 0.5
10968819 214854347 0.5
3410809 214820392 1
3410809 214820400 1
3410809 214744775 1
3410809 214820396 1
3410809 214820402 0.5
3410809 214842733 0.5
10055146 214853700 1
10055146 214853713 1
10055146 214853430 1
10055146 214853702 1
10055146 214853698 0.5
10055146 214853730 0.5
10055146 214698418 0.5
10055146 214853767 0.5
7761238 214676375 1
7761238 214561775 1
7761238 214850700 1
7761238 214850790 1
7761238 214850792 0.5
7761238 214651777 0.5
7761238 214849363 0.5
7761238 214850743 0.5
3351432 214829887 1
3351432 214829880 1
3351432 214829882 1
3351432 214829885 1
3351432 214832722 0.5
3351432 214831950 0.5
10796183 214853102 1
10796183 214854785 1
10796183 214854840 1
10796183 214690839 1
10796183 214853081 0.5
10796183 214710013 0.5
1317773 214820402 1
1317773 214826872 1
1317773 214745323 1
1317773 214826876 1
1317773 214834865 0.5
1317773 214567875 0.5
1317773 214826934 0.5
1317773 214556342 0.5
5585807 214835745 1
5585807 214714779 1
5585807 214835137 1
5585807 214846447 1
5585807 214743335 0.5
5585807 214716110 0.5
5585807 214845583 0.5
5585807 214819760 0.5
5585807 214828985 0.5
5585807 214706462 0.5
5585807 214848159 0.5
10570642 214853244 1
10570642 214854536 1
10570642 214853096 1
10570642 214854354 1
10570642 214853113 0.5
5559188 214844370 1
5559188 214845984 1
5559188 214844355 1
5559188 214844396 1
5559188 214844400 0.5
8178581 214851028 1
8178581 214716654 1
8178581 214684942 1
8178581 214851131 1
8178581 214851579 0.5
8178581 214716714 0.5
8178581 214851165 0.5
8178581 214851097 0.5
8178581 214851163 0.5
8178581 214716746 0.5
8178581 214716671 0.5
4172697 214829310 1
4172697 214838098 1
4172697 214832015 1
4172697 214847968 1
4172697 214700002 0.5
4172697 214826623 0.5
7105434 214850285 1
7105434 214849250 1
7105434 214849357 1
7105434 214850315 1
7105434 214829880 0.5
7105434 214850287 0.5
7105434 214845579 0.5
7105434 214849031 0.5
11395998 214855209 1
11395998 214853100 1
11395998 214854782 1
11395998 214855016 1
11395998 214854842 0.5
11395998 214854819 0.5
11395998 214854332 0.5
11395998 214854853 0.5
11395998 214854815 0.5
11398047 214853865 1
11398047 214853184 1
11398047 214859300 1
11398047 214859126 1
11398047 214684785 0.5
11398047 214851097 0.5
8803483 214853237 1
8803483 214853132 1
8803483 214844396 1
8803483 214853366 1
8803483 214851737 0.5
8803483 214853242 0.5
9128871 214836517 1
9128871 214557367 1
9128871 214586542 1
9128871 214853383 1
9128871 214687685 0.5
9128871 214850758 0.5
9128871 214575431 0.5
9128871 214850762 0.5
9128871 214744779 0.5
9128871 214692849 0.5
9128871 214836947 0.5
9128871 214846391 0.5
9128871 214531513 0.5
9128871 214851135 0.5
9128871 214849393 0.5
3761064 214580304 1
3761064 214831974 1
3761064 214533806 1
3761064 214553810 1
3761064 214533810 0.5
3761064 214550987 0.5
3761064 214708029 0.5
3761064 214690839 0.5
9776042 214606747 1
9776042 214845962 1
9776042 214848384 1
9776042 214846125 1
9776042 214849010 0.5
9776042 214852987 0.5
9776042 214829765 0.5
9776042 214601197 0.5
4727724 214538820 1
4727724 214587384 1
4727724 214651777 1
4727724 214821024 1
4727724 214718160 0.5
4727724 214829282 0.5
4727724 214832557 0.5
9221038 214853420 1
9221038 214853460 1
9221038 214850945 1
9221038 214853465 1
9221038 214850947 0.5
5611337 214848309 1
5611337 214846031 1
5611337 214848298 1
5611337 214846014 1
5611337 214829880 0.5
7752633 214711307 1
7752633 214850295 1
7752633 214850291 1
7752633 214632146 1
7752633 214849312 0.5
7752633 214716930 0.5
7752633 214844456 0.5
7752633 214551626 0.5
7752633 214845581 0.5
7752633 214826835 0.5
7752633 214844439 0.5
7752633 214561496 0.5
7752633 214829882 0.5
7752633 214533022 0.5
7752633 214838111 0.5
4045601 214845131 1
4045601 214602598 1
4045601 214835019 1
4045601 214829799 1
4045601 214829280 0.5
4045601 214839973 0.5
4045601 214826998 0.5
4045601 214558807 0.5
3490753 214612730 1
3490753 214820400 1
3490753 214718398 1
3490753 214516033 1
3490753 214744775 0.5
3490753 214712137 0.5
3490753 214836330 0.5
3490753 214684843 0.5
3490753 214819760 0.5
3490753 214826833 0.5
3490753 214819762 0.5
3490753 214834867 0.5
3490753 214819382 0.5
3490753 214717850 0.5
3490753 214718396 0.5
3490753 214834877 0.5
3490753 214827007 0.5
8352709 214853085 1
8352709 214853094 1
8352709 214853096 1
8352709 214853105 1
8352709 214853090 0.5
8352709 214851326 0.5
1766344 214821410 1
1766344 214828974 1
1766344 214826610 1
1766344 214834880 1
1766344 214833755 0.5
1766344 214569714 0.5
1766344 214829387 0.5
1766344 214834877 0.5
9454537 214849153 1
9454537 214853385 1
9454537 214853767 1
9454537 214573350 1
9454537 214851585 0.5
9454537 214745317 0.5
9454537 214743495 0.5
9454537 214552522 0.5
9454537 214826610 0.5
9454537 214746382 0.5
9454537 214748336 0.5
9454537 214848658 0.5
9454537 214846067 0.5
9454537 214717562 0.5
9454537 214851159 0.5
9454537 214851290 0.5
9454537 214851581 0.5
9454537 214849247 0.5
9713954 214853767 1
9713954 214850557 1
9713954 214851581 1
9713954 214853702 1
9713954 214820396 0.5
9713954 214850621 0.5
5540812 214835426 1
5540812 214835428 1
5540812 214835473 1
5540812 214845405 1
5540812 214725508 0.5
6464462 214848808 1
6464462 214571188 1
6464462 214848832 1
6464462 214848613 1
6464462 214556055 0.5
9102293 214853402 1
9102293 214853154 1
9102293 214853147 1
9102293 214687847 1
9102293 214718169 0.5
9102293 214850949 0.5
9102293 214527519 0.5
9666041 214853135 1
9666041 214854017 1
9666041 214850790 1
9666041 214854172 1
9666041 214853420 0.5
9880058 214853698 1
9880058 214853700 1
9880058 214853730 1
9880058 214853722 1
9880058 214853707 0.5
10933413 214853102 1
10933413 214854840 1
10933413 214853362 1
10933413 214854785 1
10933413 214714755 0.5
11180911 214854819 1
11180911 214854815 1
11180911 214854767 1
11180911 214854787 1
11180911 214714755 0.5
4809703 214835017 1
4809703 214835747 1
4809703 214845806 1
4809703 214839973 1
4809703 214587712 0.5
7769066 214851579 1
7769066 214684942 1
7769066 214851165 1
7769066 214851131 1
7769066 214850936 0.5
7769066 214851073 0.5
7769066 214827005 0.5
10822638 214853102 1
10822638 214854840 1
10822638 214853702 1
10822638 214853767 1
10822638 214829090 0.5
10822638 214854819 0.5
10822638 214854731 0.5
10822638 214854797 0.5
10822638 214854510 0.5
10822638 214854352 0.5
10822638 214848658 0.5
10822638 214854579 0.5
10822638 214819410 0.5
10822638 214854165 0.5
10822638 214556216 0.5
10822638 214556212 0.5
10822638 214853722 0.5
5534704 214844370 1
5534704 214835426 1
5534704 214839564 1
5534704 214839958 1
5534704 214849010 0.5
5534704 214844355 0.5
1583272 214835021 1
1583272 214829396 1
1583272 214834880 1
1583272 214821410 1
1583272 214821412 0.5
1776627 214834880 1
1776627 214826610 1
1776627 214834877 1
1776627 214821412 1
1776627 214833755 0.5
1776627 214829387 0.5
8981493 214851013 1
8981493 214851326 1
8981493 214853077 1
8981493 214852980 1
8981493 214853085 0.5
7494652 214849745 1
7494652 214849247 1
7494652 214586694 1
7494652 214849031 1
7494652 214849408 0.5
7494652 214849361 0.5
7494652 214849250 0.5
7494652 214849796 0.5
7494652 214710097 0.5
9431012 214853420 1
9431012 214853422 1
9431012 214853428 1
9431012 214636517 1
9431012 214846112 0.5
5580323 214849001 1
5580323 214848997 1
5580323 214845435 1
5580323 214846012 1
5580323 214560587 0.5
5580323 214586694 0.5
5580323 214553702 0.5
5580323 214835019 0.5
5580323 214574670 0.5
5580323 214846447 0.5
5580323 214680722 0.5
5580323 214821300 0.5
5580323 214844342 0.5
5580323 214558807 0.5
5580323 214845887 0.5
5580323 214848630 0.5
5580323 214820255 0.5
2780174 214835107 1
2780174 214832126 1
2780174 214667912 1
2780174 214829657 1
2780174 214832128 0.5
2780174 214820458 0.5
2780174 214836877 0.5
2780174 214836534 0.5
2780174 214821277 0.5
1164313 214834877 1
1164313 214826610 1
1164313 214826589 1
1164313 214821294 1
1164313 214800272 0.5
1164313 214826992 0.5
10613789 214853420 1
10613789 214853700 1
10613789 214850304 1
10613789 214853722 1
10613789 214853698 0.5
10613789 214829878 0.5
10613789 214829887 0.5
10562606 214853767 1
10562606 214853713 1
10562606 214774667 1
10562606 214853730 1
10562606 214853700 0.5
10562606 214853702 0.5
7312221 214850310 1
7312221 214850315 1
7312221 214850555 1
7312221 214850754 1
7312221 214849389 0.5
4580404 214839975 1
4580404 214839960 1
4580404 214832145 1
4580404 214820402 1
4580404 214839587 0.5
4580404 214839973 0.5
4580404 214602598 0.5
4580404 214829852 0.5
4580404 214839600 0.5
4580404 214839932 0.5
5440566 214844372 1
5440566 214845412 1
5440566 214844398 1
5440566 214826833 1
5440566 214844370 0.5
3540031 214829880 1
3540031 214829882 1
3540031 214829885 1
3540031 214831946 1
3540031 214829878 0.5
9966656 214854268 1
9966656 214854264 1
9966656 214854358 1
9966656 214853724 1
9966656 214854545 0.5
9966656 214854495 0.5
5481544 214839965 1
5481544 214832143 1
5481544 214826715 1
5481544 214831946 1
5481544 214717511 0.5
5481544 214819400 0.5
5481544 214673295 0.5
5481544 214829878 0.5
5481544 214718255 0.5
5481544 214584092 0.5
5481544 214846014 0.5
8868939 214848337 1
8868939 214851101 1
8868939 214851585 1
8868939 214853383 1
8868939 214821410 0.5
8868939 214709702 0.5
8868939 214846535 0.5
8868939 214848330 0.5
8868939 214851313 0.5
8868939 214642100 0.5
8868939 214851290 0.5
8868939 214712507 0.5
8868939 214851742 0.5
8868939 214853471 0.5
2053202 214820394 1
2053202 214829657 1
2053202 214829385 1
2053202 214829381 1
2053202 214819770 0.5
8363091 214716714 1
8363091 214716671 1
8363091 214851131 1
8363091 214851163 1
8363091 214714794 0.5
8363091 214684942 0.5
8363091 214853190 0.5
8363091 214851165 0.5
9040981 214853242 1
9040981 214853132 1
9040981 214853182 1
9040981 214853225 1
9040981 214851080 0.5
9040981 214851234 0.5
9040981 214851317 0.5
9040981 214853222 0.5
10528953 214854504 1
10528953 214854600 1
10528953 214854540 1
10528953 214748336 1
10528953 214851099 0.5
10528953 214854527 0.5
10846052 214853100 1
10846052 214854840 1
10846052 214854827 1
10846052 214854782 1
10846052 214855016 0.5
10846052 214686879 0.5
10846052 214861895 0.5
2595937 214829885 1
2595937 214556212 1
2595937 214831946 1
2595937 214831950 1
2595937 214829878 0.5
3175522 214836795 1
3175522 214829773 1
3175522 214836870 1
3175522 214613741 1
3175522 214829771 0.5
9067619 214667859 1
9067619 214849331 1
9067619 214849284 1
9067619 214665277 1
9067619 214685049 0.5
4197476 214594678 1
4197476 214748310 1
4197476 214832021 1
4197476 214839401 1
4197476 214717772 0.5
4197476 214531517 0.5
8646768 214853242 1
8646768 214853195 1
8646768 214853135 1
8646768 214853132 1
8646768 214853225 0.5
8646768 214853210 0.5
8646768 214851748 0.5
8646768 214853237 0.5
1246319 214839600 1
1246319 214819430 1
1246319 214748336 1
1246319 214829321 1
1246319 214834880 0.5
1246319 214819721 0.5
1246319 214833755 0.5
1246319 214601233 0.5
1299568 214748304 1
1299568 214753507 1
1299568 214840483 1
1299568 214748295 1
1299568 214753505 0.5
2167928 214831967 1
2167928 214743495 1
2167928 214717562 1
2167928 214820392 1
2167928 214828985 0.5
2167928 214821300 0.5
2813053 214834880 1
2813053 214821017 1
2813053 214821022 1
2813053 214826619 1
2813053 214606980 0.5
2813053 214826615 0.5
2813053 214819374 0.5
2813053 214829366 0.5
2813053 214556025 0.5
2813053 214826617 0.5
2813053 214561402 0.5
5258366 214838505 1
5258366 214834867 1
5258366 214839311 1
5258366 214649730 1
5258366 214847968 0.5
5258366 214585633 0.5
5579904 214845917 1
5579904 214846001 1
5579904 214844400 1
5579904 214834867 1
5579904 214844402 0.5
5579904 214835747 0.5
5579904 214846007 0.5
9215106 214705734 1
9215106 214851575 1
9215106 214551000 1
9215106 214553810 1
9215106 214716746 0.5
9215106 214821371 0.5
9215106 214848613 0.5
11426956 214854857 1
11426956 214854770 1
11426956 214686879 1
11426956 214844355 1
11426956 214686864 0.5
11426956 214848658 0.5
11426956 214854819 0.5
11426956 214854767 0.5
5818221 214849001 1
5818221 214846001 1
5818221 214848185 1
5818221 214845984 1
5818221 214845986 0.5
9051282 214853420 1
9051282 214850947 1
9051282 214850945 1
9051282 214651517 1
9051282 214853330 0.5
9051282 214844347 0.5
9690259 214853340 1
9690259 214711307 1
9690259 214853420 1
9690259 214850945 1
9690259 214850949 0.5
9690259 214853454 0.5
3998233 214836941 1
3998233 214839395 1
3998233 214710062 1
3998233 214839347 1
3998233 214836937 0.5
3800217 214836932 1
3800217 214835109 1
3800217 214839984 1
3800217 214826990 1
3800217 214838227 0.5
5991581 214846470 1
5991581 214846460 1
5991581 214846472 1
5991581 214846425 1
5991581 214846464 0.5
8664222 214853130 1
8664222 214851750 1
8664222 214853210 1
8664222 214853242 1
8664222 214853225 0.5
8664222 214853237 0.5
8664222 214853222 0.5
6315173 214848832 1
6315173 214848808 1
6315173 214848982 1
6315173 214848656 1
6315173 214848613 0.5
6315173 214845958 0.5
6315173 214848165 0.5
4041894 214839975 1
4041894 214839971 1
4041894 214839932 1
4041894 214837918 1
4041894 214848176 0.5
4041894 214839973 0.5
4041894 214845131 0.5
4041894 214838096 0.5
4041894 214819410 0.5
4041894 214839960 0.5
4041894 214837916 0.5
6296433 214845958 1
6296433 214848832 1
6296433 214848808 1
6296433 214848613 1
6296433 214848165 0.5
6296433 214662750 0.5
6296433 214552142 0.5
6296433 214716671 0.5
10100252 214854148 1
10100252 214853242 1
10100252 214853846 1
10100252 214853852 1
10100252 214853698 0.5
10100252 214853700 0.5
10100252 214854152 0.5
10100252 214853994 0.5
10100252 214853996 0.5
10100252 214853848 0.5
3878059 214677615 1
3878059 214835109 1
3878059 214836932 1
3878059 214835167 1
3878059 214651777 0.5
3878059 214838227 0.5
3878059 214836924 0.5
3878059 214826621 0.5
3878059 214829765 0.5
9315501 214774685 1
9315501 214850945 1
9315501 214850947 1
9315501 214850304 1
9315501 214540181 0.5
9315501 214850942 0.5
9315501 214829887 0.5
4213311 214835167 1
4213311 214839982 1
4213311 214829765 1
4213311 214601060 1
4213311 214836924 0.5
4213311 214676962 0.5
4213311 214836932 0.5
4213311 214835109 0.5
7181491 214849762 1
7181491 214836407 1
7181491 214820345 1
7181491 214846530 1
7181491 214556595 0.5
7181491 214846127 0.5
6298807 214848613 1
6298807 214848375 1
6298807 214848656 1
6298807 214844396 1
6298807 214848832 0.5
8645739 214853105 1
8645739 214853096 1
8645739 214851326 1
8645739 214853085 1
8645739 214853248 0.5
8645739 214853090 0.5
8645739 214853094 0.5
10635808 214854354 1
10635808 214854577 1
10635808 214854534 1
10635808 214854352 1
10635808 214854300 0.5
5418178 214836868 1
5418178 214632146 1
5418178 214829885 1
5418178 214829878 1
5418178 214833802 0.5
150723 214821024 1
150723 214832557 1
150723 214821020 1
150723 214587384 1
150723 214717888 0.5
150723 214718160 0.5
11504161 214854819 1
11504161 214854857 1
11504161 214854855 1
11504161 214716645 1
11504161 214854767 0.5
10538243 214854300 1
10538243 214854585 1
10538243 214854579 1
10538243 214853705 1
10538243 214854118 0.5
10538243 214854534 0.5
10538243 214849464 0.5
10538243 214853413 0.5
10538243 214554950 0.5
6344908 214848384 1
6344908 214848371 1
6344908 214829765 1
6344908 214848808 1
6344908 214650594 0.5
6344908 214603140 0.5
6344908 214848613 0.5
6344908 214561477 0.5
10558666 214854536 1
10558666 214854354 1
10558666 214854352 1
10558666 214854358 1
10558666 214854577 0.5
10558666 214684785 0.5
10558666 214850739 0.5
10558666 214559960 0.5
10558666 214853113 0.5
10558666 214684762 0.5
10558666 214851099 0.5
10558666 214853244 0.5
10558666 214853726 0.5
10558666 214853855 0.5
5375179 214845412 1
5375179 214845917 1
5375179 214844398 1
5375179 214844355 1
5375179 214835473 0.5
5375179 214668281 0.5
5375179 214820807 0.5
9018572 214676306 1
9018572 214819612 1
9018572 214851290 1
9018572 214851135 1
9018572 214602806 0.5
2882768 214829885 1
2882768 214831950 1
2882768 214829880 1
2882768 214831946 1
2882768 214829882 0.5
4938963 214850402 1
4938963 214712126 1
4938963 214831974 1
4938963 214838094 1
4938963 214640098 0.5
4938963 214845577 0.5
4938963 214819627 0.5
4938963 214845581 0.5
4938963 214829878 0.5
4938963 214829882 0.5
4938963 214712124 0.5
4938963 214829885 0.5
4914041 214840091 1
4914041 214836956 1
4914041 214835167 1
4914041 214826825 1
4914041 214819468 0.5
4914041 214711205 0.5
928984 214820402 1
928984 214748291 1
928984 214716365 1
928984 214748295 1
928984 214748304 0.5
928984 214716343 0.5
928984 214717742 0.5
928984 214744528 0.5
928984 214559317 0.5
928984 214819376 0.5
928984 214826872 0.5
8482012 214853210 1
8482012 214853237 1
8482012 214853225 1
8482012 214853242 1
8482012 214853186 0.5
8482012 214851750 0.5
8482012 214853222 0.5
9768157 214850949 1
9768157 214853154 1
9768157 214853147 1
9768157 214844402 1
9768157 214848688 0.5
9768157 214850700 0.5
8469052 214716714 1
8469052 214716746 1
8469052 214851131 1
8469052 214851165 1
8469052 214851097 0.5
8469052 214851315 0.5
8469052 214850790 0.5
8205537 214850760 1
8205537 214850310 1
8205537 214850304 1
8205537 214850282 1
8205537 214850692 0.5
8205537 214850405 0.5
8205537 214557223 0.5
8205537 214716110 0.5
8205537 214748334 0.5
8205537 214849136 0.5
8205537 214676306 0.5
8205537 214826990 0.5
8205537 214850870 0.5
8205537 214850743 0.5
8205537 214850936 0.5
8205537 214851077 0.5
3261634 214832747 1
3261634 214836932 1
3261634 214835012 1
3261634 214832557 1
3261634 214676019 0.5
3261634 214836924 0.5
3261634 214829366 0.5
742634 214821339 1
742634 214717562 1
742634 214821335 1
742634 214748336 1
742634 214601060 0.5
742634 214820810 0.5
742634 214837483 0.5
742634 214837485 0.5
742634 214837487 0.5
742634 214601233 0.5
742634 214826934 0.5
742634 214826872 0.5
742634 214826617 0.5
742634 214838831 0.5
7147532 214850405 1
7147532 214850760 1
7147532 214850762 1
7147532 214850692 1
7147532 214851011 0.5
7147532 214850756 0.5
7147532 214850790 0.5
7147532 214850409 0.5
7147532 214850936 0.5
7147532 214850876 0.5
1497642 214829366 1
1497642 214834880 1
1497642 214829387 1
1497642 214820392 1
1497642 214826994 0.5
1497642 214826610 0.5
10011048 214853698 1
10011048 214853700 1
10011048 214853713 1
10011048 214853702 1
10011048 214853730 0.5
10011048 214853722 0.5
11040002 214854583 1
11040002 214853094 1
11040002 214853113 1
11040002 214857549 1
11040002 214853730 0.5
11040002 214853700 0.5
11040002 214851013 0.5
11040002 214829385 0.5
11040002 214595150 0.5
11040002 214746365 0.5
11040002 214852978 0.5
11040002 214853732 0.5
11040002 214684762 0.5
11040002 214853724 0.5
11040002 214853722 0.5
11040002 214687685 0.5
2075911 214829887 1
2075911 214831957 1
2075911 214829882 1
2075911 214829878 1
2075911 214829865 0.5
7947532 214851236 1
7947532 214850934 1
7947532 214844394 1
7947532 214843494 1
7947532 214821305 0.5
2915598 214835019 1
2915598 214835017 1
2915598 214834867 1
2915598 214602600 1
2915598 214835747 0.5
10670637 214853100 1
10670637 214846029 1
10670637 214714755 1
10670637 214854823 1
10670637 214829887 0.5
9747672 214850945 1
9747672 214853428 1
9747672 214674658 1
9747672 214853460 1
9747672 214846112 0.5
9747672 214848688 0.5
9747672 214853147 0.5
9747672 214850947 0.5
9747672 214848185 0.5
9754678 214850938 1
9754678 214851315 1
9754678 214850743 1
9754678 214851313 1
9754678 214743339 0.5
9754678 214851750 0.5
9754678 214853225 0.5
9754678 214853130 0.5
9754678 214577387 0.5
9754678 214667859 0.5
9754678 214853242 0.5
9754678 214853210 0.5
7292189 214829775 1
7292189 214849080 1
7292189 214849250 1
7292189 214587317 1
7292189 214848656 0.5
7292189 214690770 0.5
7292189 214602598 0.5
2235087 214826610 1
2235087 214834880 1
2235087 214821410 1
2235087 214833755 1
2235087 214556025 0.5
2235087 214829387 0.5
2235087 214834877 0.5
2235087 214550998 0.5
2235087 214826589 0.5
7671077 214850315 1
7671077 214849466 1
7671077 214564382 1
7671077 214564387 1
7671077 214850720 0.5
7671077 214850621 0.5
11033897 214853102 1
11033897 214854840 1
11033897 214854785 1
11033897 214853113 1
11033897 214854545 0.5
11033897 214854495 0.5
5897514 214846318 1
5897514 214845879 1
5897514 214829878 1
5897514 214831946 1
5897514 214821035 0.5
5897514 214846014 0.5
6550832 214846410 1
6550832 214829720 1
6550832 214846370 1
6550832 214846406 1
6550832 214846256 0.5
4638007 214821339 1
4638007 214836883 1
4638007 214826565 1
4638007 214835747 1
4638007 214839592 0.5
4638007 214835017 0.5
4638007 214587697 0.5
9405381 214853454 1
9405381 214711307 1
9405381 214850945 1
9405381 214853340 1
9405381 214853422 0.5
875837 214837485 1
875837 214837490 1
875837 214821305 1
875837 214838831 1
875837 214827026 0.5
875837 214826876 0.5
9944382 214853722 1
9944382 214853713 1
9944382 214853730 1
9944382 214853698 1
9944382 214853700 0.5
9944382 214853702 0.5
5668159 214846061 1
5668159 214845422 1
5668159 214848997 1
5668159 214839564 1
5668159 214845984 0.5
5668159 214849001 0.5
9384377 214853342 1
9384377 214853340 1
9384377 214853422 1
9384377 214853420 1
9384377 214850949 0.5
2131266 214829705 1
2131266 214832717 1
2131266 214829846 1
2131266 214829711 1
2131266 214829861 0.5
8267076 214851131 1
8267076 214716671 1
8267076 214684942 1
8267076 214851163 1
8267076 214716746 0.5
8267076 214851165 0.5
5602631 214849001 1
5602631 214848997 1
5602631 214845422 1
5602631 214846031 1
5602631 214753515 0.5
5602631 214829797 0.5
5602631 214716110 0.5
5602631 214573357 0.5
9081399 214853128 1
9081399 214853107 1
9081399 214678376 1
9081399 214853355 1
9081399 214836536 0.5
9081399 214853165 0.5
9081399 214853087 0.5
8469837 214819412 1
8469837 214853087 1
8469837 214853165 1
8469837 214851292 1
8469837 214819586 0.5
8469837 214708037 0.5
8469837 214851238 0.5
8469837 214846119 0.5
8469837 214853128 0.5
8469837 214851242 0.5
8469837 214559660 0.5
8469837 214851577 0.5
8469837 214668249 0.5
8469837 214849018 0.5
8469837 214851101 0.5
5426518 214844398 1
5426518 214844396 1
5426518 214845583 1
5426518 214844370 1
5426518 214844345 0.5
8365406 214716746 1
8365406 214685049 1
8365406 214851161 1
8365406 214851163 1
8365406 214851080 0.5
8365406 214851234 0.5
8365406 214851131 0.5
8365406 214716671 0.5
9067872 214853242 1
9067872 214853210 1
9067872 214853132 1
9067872 214853222 1
9067872 214839172 0.5
9067872 214848165 0.5
9067872 214850792 0.5
9067872 214853225 0.5
9067872 214743339 0.5
9067872 214845583 0.5
9067872 214535985 0.5
9067872 214554675 0.5
9067872 214851317 0.5
7626704 214850743 1
7626704 214850711 1
7626704 214691396 1
7626704 214850936 1
7626704 214849391 0.5
10118504 214853698 1
10118504 214853722 1
10118504 214853713 1
10118504 214853848 1
10118504 214853994 0.5
10955324 214854842 1
10955324 214854705 1
10955324 214854785 1
10955324 214855153 1
10955324 214853321 0.5
10955324 214854300 0.5
10955324 214849468 0.5
10955324 214854217 0.5
6444398 214848808 1
6444398 214848832 1
6444398 214848613 1
6444398 214848851 1
6444398 214571188 0.5
3261807 214844447 1
3261807 214819779 1
3261807 214716643 1
3261807 214839311 1
3261807 214700885 0.5
4201841 214829882 1
4201841 214829880 1
4201841 214838098 1
4201841 214832012 1
4201841 214831944 0.5
4201841 214838096 0.5
4201841 214829885 0.5
6237554 214848328 1
6237554 214848832 1
6237554 214848808 1
6237554 214714794 1
6237554 214848851 0.5
8036926 214851317 1
8036926 214851161 1
8036926 214851080 1
8036926 214685049 1
8036926 214850792 0.5
7828861 214850552 1
7828861 214850754 1
7828861 214850756 1
7828861 214850765 1
7828861 214850555 0.5
7828861 214710013 0.5
6894977 214839973 1
6894977 214839975 1
6894977 214835745 1
6894977 214835021 1
6894977 214839617 0.5
6894977 214821410 0.5
6894977 214839971 0.5
6894977 214848330 0.5
6894977 214601233 0.5
6894977 214836926 0.5
6894977 214848695 0.5
6894977 214849466 0.5
6894977 214837918 0.5
5206251 214831946 1
5206251 214826833 1
5206251 214832154 1
5206251 214845577 1
5206251 214845352 0.5
1938823 214829850 1
1938823 214820392 1
1938823 214829385 1
1938823 214743495 1
1938823 214829657 0.5
1938823 214835002 0.5
1938823 214746427 0.5
5323302 214602733 1
5323302 214844370 1
5323302 214844400 1
5323302 214844345 1
5323302 214601233 0.5
5323302 214835426 0.5
5323302 214835473 0.5
6355607 214846344 1
6355607 214846427 1
6355607 214849331 1
6355607 214834877 1
6355607 214848656 0.5
6355607 214832145 0.5
6355607 214685857 0.5
6355607 214839971 0.5
6355607 214848682 0.5
6355607 214844402 0.5
6355607 214848688 0.5
6355607 214698418 0.5
6355607 214602804 0.5
6355607 214848695 0.5
6355607 214844345 0.5
6355607 214849082 0.5
6355607 214665277 0.5
6355607 214696897 0.5
6355607 214846530 0.5
6355607 214839969 0.5
6355607 214845131 0.5
6355607 214574670 0.5
6355607 214838225 0.5
6355607 214844372 0.5
6355607 214849239 0.5
6355607 214850788 0.5
6355607 214606948 0.5
6355607 214602598 0.5
6355607 214710097 0.5
6355607 214844396 0.5
6355607 214844398 0.5
6355607 214844400 0.5
6355607 214826610 0.5
6355607 214583670 0.5
6355607 214836855 0.5
6355607 214561402 0.5
6355607 214849020 0.5
1666447 214834880 1
1666447 214826610 1
1666447 214821412 1
1666447 214821410 1
1666447 214753515 0.5
1666447 214834877 0.5
1666447 214829366 0.5
406932 214821292 1
406932 214826801 1
406932 214554350 1
406932 214548103 1
406932 214556861 0.5
406932 214826702 0.5
5619093 214846119 1
5619093 214845962 1
5619093 214839975 1
5619093 214846417 1
5619093 214819586 0.5
5619093 214839587 0.5
5619093 214845954 0.5
5619093 214602806 0.5
5619093 214676377 0.5
5619093 214848990 0.5
9793349 214854060 1
9793349 214854118 1
9793349 214853992 1
9793349 214854146 1
9793349 214854300 0.5
9793349 214850760 0.5
9793349 214853865 0.5
9793349 214652216 0.5
9793349 214853715 0.5
9793349 214854165 0.5
9793349 214854358 0.5
9793349 214849464 0.5
9793349 214819577 0.5
9793349 214556218 0.5
9793349 214854172 0.5
9793349 214854579 0.5
10323353 214684762 1
10323353 214853735 1
10323353 214854545 1
10323353 214854495 1
10323353 214854536 0.5
10323353 214853113 0.5
10087834 214854579 1
10087834 214854534 1
10087834 214850741 1
10087834 214854300 1
10087834 214849464 0.5
10087834 214854547 0.5
3190853 214711517 1
3190853 214836534 1
3190853 214835475 1
3190853 214839617 1
3190853 214837882 0.5
3401136 214826951 1
3401136 214835475 1
3401136 214839617 1
3401136 214837882 1
3401136 214821395 0.5
7658931 214563182 1
7658931 214676375 1
7658931 214651777 1
7658931 214561775 1
7658931 214850285 0.5
10010037 214853702 1
10010037 214853698 1
10010037 214850947 1
10010037 214853420 1
10010037 214853730 0.5
10010037 214853707 0.5
10010037 214854060 0.5
10010037 214854125 0.5
10010037 214853713 0.5
10010037 214829878 0.5
3636663 214826990 1
3636663 214835109 1
3636663 214838227 1
3636663 214836932 1
3636663 214829762 0.5
7675466 214676375 1
7675466 214561775 1
7675466 214851585 1
7675466 214556025 1
7675466 214651777 0.5
7675466 214835109 0.5
7675466 214829387 0.5
7675466 214826610 0.5
7675466 214675890 0.5
7675466 214844342 0.5
10642883 214854300 1
10642883 214854352 1
10642883 214854536 1
10642883 214853244 1
10642883 214854579 0.5
10642883 214819410 0.5
10642883 214850739 0.5
10642883 214854547 0.5
10642883 214854354 0.5
2551238 214831950 1
2551238 214829885 1
2551238 214829882 1
2551238 214826662 1
2551238 214829878 0.5
2551238 214710062 0.5
2551238 214840550 0.5
2119119 214667912 1
2119119 214826662 1
2119119 214826666 1
2119119 214829657 1
2119119 214826668 0.5
2624976 214829885 1
2624976 214587712 1
2624976 214829882 1
2624976 214829878 1
2624976 214826977 0.5
2624976 214601233 0.5
2624976 214819762 0.5
2624976 214556212 0.5
2624976 214831959 0.5
2624976 214829880 0.5
2624976 214831965 0.5
1064412 214819599 1
1064412 214631737 1
1064412 214508304 1
1064412 214820210 1
1064412 214699265 0.5
1064412 214684841 0.5
1064412 214558254 0.5
1064412 214826927 0.5
1064412 214791632 0.5
1064412 214684942 0.5
6521939 214845135 1
6521939 214839971 1
6521939 214601233 1
6521939 214850402 1
6521939 214691522 0.5
6521939 214846367 0.5
6521939 214846007 0.5
6521939 214845435 0.5
6521939 214832124 0.5
6521939 214821407 0.5
6139364 214848322 1
6139364 214835167 1
6139364 214846425 1
6139364 214714760 1
6139364 214846065 0.5
6139364 214848622 0.5
6139364 214846470 0.5
7139238 214850304 1
7139238 214850767 1
7139238 214849250 1
7139238 214821292 1
7139238 214839617 0.5
7139238 214850711 0.5
7139238 214738455 0.5
7139238 214850700 0.5
7139238 214854759 0.5
4654569 214706216 1
4654569 214829042 1
4654569 214716639 1
4654569 214839956 1
4654569 214829760 0.5
4654569 214839977 0.5
4654569 214829730 0.5
4654569 214695472 0.5
5056006 214844370 1
5056006 214844396 1
5056006 214837286 1
5056006 214837288 1
5056006 214835064 0.5
5056006 214844347 0.5
5056006 214844340 0.5
622064 214827009 1
622064 214821307 1
622064 214821309 1
622064 214829310 1
622064 214826912 0.5
622064 214828987 0.5
8393423 214716746 1
8393423 214851131 1
8393423 214850700 1
8393423 214851163 1
8393423 214717048 0.5
8393423 214832567 0.5
8393423 214829852 0.5
8393423 214845583 0.5
5103097 214845354 1
5103097 214845577 1
5103097 214819627 1
5103097 214831955 1
5103097 214710152 0.5
5103097 214718120 0.5
5103097 214820302 0.5
5103097 214710062 0.5
1963369 214826668 1
1963369 214826662 1
1963369 214820394 1
1963369 214829878 1
1963369 214826664 0.5
1963369 214829657 0.5
1963369 214829882 0.5
1963369 214826670 0.5
1963369 214743495 0.5
7736413 214850285 1
7736413 214850304 1
7736413 214850291 1
7736413 214840091 1
7736413 214844400 0.5
7736413 214849738 0.5
7736413 214677615 0.5
7736413 214849136 0.5
7736413 214548435 0.5
7736413 214853657 0.5
9341148 214853420 1
9341148 214853214 1
9341148 214853338 1
9341148 214850947 1
9341148 214850949 0.5
9341148 214857039 0.5
10626582 214854264 1
10626582 214567333 1
10626582 214853735 1
10626582 214567327 1
10626582 214854165 0.5
9639452 214853330 1
9639452 214853420 1
9639452 214853152 1
9639452 214850942 1
9639452 214850949 0.5
8857117 214853090 1
8857117 214851326 1
8857117 214573288 1
8857117 214573290 1
8857117 214853248 0.5
8857117 214853085 0.5
5541406 214705907 1
5541406 214705790 1
5541406 214705792 1
5541406 214839868 1
5541406 214849074 0.5
8465952 214716746 1
8465952 214684942 1
8465952 214716671 1
8465952 214851131 1
8465952 214851592 0.5
8465952 214587028 0.5
8465952 214851579 0.5
8465952 214556563 0.5
9039393 214853222 1
9039393 214853182 1
9039393 214853242 1
9039393 214853132 1
9039393 214853186 0.5
9039393 214853210 0.5
6492833 214851009 1
6492833 214848945 1
6492833 214849331 1
6492833 214848941 1
6492833 214848954 0.5
6492833 214667859 0.5
6492833 214849239 0.5
2121251 214829850 1
2121251 214829852 1
2121251 214820392 1
2121251 214748336 1
2121251 214746427 0.5
2121251 214836330 0.5
2121251 214835087 0.5
2121251 214743495 0.5
6047777 214846119 1
6047777 214845962 1
6047777 214676377 1
6047777 214846010 1
6047777 214819586 0.5
6047777 214846117 0.5
6047777 214821382 0.5
6047777 214846312 0.5
6047777 214553257 0.5
6047777 214845965 0.5
6047777 214821384 0.5
6047777 214849010 0.5
6047777 214582200 0.5
11175472 214855016 1
11175472 214853102 1
11175472 214854840 1
11175472 214864880 1
11175472 214854785 0.5
5549617 214845917 1
5549617 214846447 1
5549617 214845971 1
5549617 214846065 1
5549617 214845984 0.5
5549617 214839969 0.5
5549617 214835745 0.5
5549617 214835019 0.5
5549617 214691244 0.5
5549617 214846033 0.5
5613107 214846014 1
5613107 214845354 1
5613107 214832015 1
5613107 214832567 1
5613107 214711295 0.5
5613107 214846447 0.5
5553721 214846033 1
5553721 214846029 1
5553721 214835428 1
5553721 214835064 1
5553721 214601233 0.5
5553721 214845587 0.5
5553721 214826949 0.5
8760897 214848157 1
8760897 214851750 1
8760897 214853132 1
8760897 214853242 1
8760897 214837873 0.5
8760897 214851748 0.5
8760897 214853237 0.5
8760897 214851326 0.5
8760897 214853135 0.5
452534 214558192 1
452534 214826925 1
452534 214684841 1
452534 214828987 1
452534 214826912 0.5
452534 214556057 0.5
7149127 214849762 1
7149127 214849736 1
7149127 214844396 1
7149127 214849757 1
7149127 214849738 0.5
7149127 214844402 0.5
8865352 214853128 1
8865352 214853263 1
8865352 214851742 1
8865352 214853165 1
8865352 214678376 0.5
8865352 214849010 0.5
5527113 214835070 1
5527113 214819526 1
5527113 214845585 1
5527113 214844370 1
5527113 214702905 0.5
5527113 214717412 0.5
5527113 214717085 0.5
9384454 214850947 1
9384454 214850945 1
9384454 214853422 1
9384454 214853420 1
9384454 214850304 0.5
9384454 214840378 0.5
10932834 214853102 1
10932834 214854853 1
10932834 214854840 1
10932834 214864880 1
10932834 214855016 0.5
4058703 214836075 1
4058703 214836050 1
4058703 214836092 1
4058703 214836146 1
4058703 214835968 0.5
4058703 214839600 0.5
4058703 214844482 0.5
4058703 214836084 0.5
4058703 214829850 0.5
4051132 214826942 1
4051132 214700002 1
4051132 214587697 1
4051132 214839594 1
4051132 214829792 0.5
4051132 214835019 0.5
4051132 214826565 0.5
4051132 214829790 0.5
4051132 214827007 0.5
58968 214706102 1
58968 214577387 1
58968 214821300 1
58968 214828987 1
58968 214553561 0.5
58968 214716714 0.5
58968 214826998 0.5
9993817 214853244 1
9993817 214567327 1
9993817 214684762 1
9993817 214567333 1
9993817 214829090 0.5
9993817 214853732 0.5
9993817 214853865 0.5
9993817 214854510 0.5
9993817 214854352 0.5
9993817 214684785 0.5
9993817 214854354 0.5
9993817 214821397 0.5
9993817 214854358 0.5
9993817 214556216 0.5
9993817 214853113 0.5
9993817 214854300 0.5
9993817 214853855 0.5
6833766 214849344 1
6833766 214849312 1
6833766 214849331 1
6833766 214849284 1
6833766 214848337 0.5
6833766 214849046 0.5
6833766 214849239 0.5
6810216 214846303 1
6810216 214848941 1
6810216 214848641 1
6810216 214819612 1
6810216 214851009 0.5
6810216 214848945 0.5
6810216 214849046 0.5
6810216 214848954 0.5
6810216 214849020 0.5
6810216 214849022 0.5
9219706 214854017 1
9219706 214853992 1
9219706 214853865 1
9219706 214854146 1
9219706 214850760 0.5
9219706 214853996 0.5
9219706 214853135 0.5
9219706 214853715 0.5
9219706 214854165 0.5
9219706 214854172 0.5
10905214 214857551 1
10905214 214854716 1
10905214 214854782 1
10905214 214854720 1
10905214 214712240 0.5
10905214 214853083 0.5
10905214 214835004 0.5
10905214 214853102 0.5
10905214 214853079 0.5
6238144 214846535 1
6238144 214848377 1
6238144 214848337 1
6238144 214848373 1
6238144 214848328 0.5
6238144 214848330 0.5
6238144 214849275 0.5
6238144 214848380 0.5
6238144 214832150 0.5
10342019 214854579 1
10342019 214854585 1
10342019 214819577 1
10342019 214854547 1
10342019 214567327 0.5
10342019 214854300 0.5
10342019 214567333 0.5
10342019 214854534 0.5
10342019 214850741 0.5
10030726 214853353 1
10030726 214853713 1
10030726 214853730 1
10030726 214853767 1
10030726 214574672 0.5
10030726 214853698 0.5
10030726 214853707 0.5
10030726 214853702 0.5
9723529 214853152 1
9723529 214853420 1
9723529 214853422 1
9723529 214850942 1
9723529 214846258 0.5
9723529 214850700 0.5
9723529 214853330 0.5
11267722 214854782 1
11267722 214854823 1
11267722 214714755 1
11267722 214853102 1
11267722 214556210 0.5
11267722 214743495 0.5
1563986 214834877 1
1563986 214829657 1
1563986 214829385 1
1563986 214829660 1
1563986 214834880 0.5
1563986 214829664 0.5
1563986 214820394 0.5
1563986 214744779 0.5
1563986 214826992 0.5
1563986 214819770 0.5
1563986 214835002 0.5
4733549 214826610 1
4733549 214829387 1
4733549 214838227 1
4733549 214835109 1
4733549 214556025 0.5
4733549 214826617 0.5
10176149 214854538 1
10176149 214854515 1
10176149 214853700 1
10176149 214853767 1
10176149 214853707 0.5
10176149 214853683 0.5
10176149 214853420 0.5
10176149 214854517 0.5
10176149 214829878 0.5
10262169 214854767 1
10262169 214844355 1
10262169 214854860 1
10262169 214855209 1
10262169 214854834 0.5
10262169 214686879 0.5
10262169 214850735 0.5
9776796 214853707 1
9776796 214853702 1
9776796 214853698 1
9776796 214853722 1
9776796 214854152 0.5
9776796 214845986 0.5
9776796 214854060 0.5
9776796 214851133 0.5
9776796 214853767 0.5
3140549 214748295 1
3140549 214753505 1
3140549 214832792 1
3140549 214602600 1
3140549 214753513 0.5
4736672 214845131 1
4736672 214602733 1
4736672 214839973 1
4736672 214692590 1
4736672 214839960 0.5
4736672 214839969 0.5
4736672 214839971 0.5
4736672 214826951 0.5
5881509 214846464 1
5881509 214846468 1
5881509 214687845 1
5881509 214846421 1
5881509 214718379 0.5
7653319 214712237 1
7653319 214840378 1
7653319 214835126 1
7653319 214850732 1
7653319 214853143 0.5
7952052 214850402 1
7952052 214849001 1
7952052 214600492 1
7952052 214850295 1
7952052 214748336 0.5
7952052 214677615 0.5
7278267 214676375 1
7278267 214850765 1
7278267 214850771 1
7278267 214821024 1
7278267 214850762 0.5
7278267 214819438 0.5
6958784 214845980 1
6958784 214845958 1
6958784 214844396 1
6958784 214849127 1
6958784 214849312 0.5
6958784 214819464 0.5
6958784 214826825 0.5
6958784 214846258 0.5
6958784 214668185 0.5
6958784 214849275 0.5
6958784 214827005 0.5
3739329 214835109 1
3739329 214838227 1
3739329 214587712 1
3739329 214587697 1
3739329 214832747 0.5
3739329 214836932 0.5
3739329 214826565 0.5
3739329 214826990 0.5
3739329 214829765 0.5
6731461 214849312 1
6731461 214554982 1
6731461 214849331 1
6731461 214849284 1
6731461 214849344 0.5
6731461 214849185 0.5
6731461 214849275 0.5
6731461 214707879 0.5
6731461 214560585 0.5
6731461 214849322 0.5
6731461 214829387 0.5
6731461 214667857 0.5
6731461 214826610 0.5
6731461 214667859 0.5
6731461 214849239 0.5
6731461 214707995 0.5
6731461 214834880 0.5
2373323 214753515 1
2373323 214832717 1
2373323 214716110 1
2373323 214829846 1
2373323 214829865 0.5
2373323 214835111 0.5
9582287 214850947 1
9582287 214853420 1
9582287 214853422 1
9582287 214853342 1
9582287 214853424 0.5
3970768 214836795 1
3970768 214829773 1
3970768 214829769 1
3970768 214826938 1
3970768 214613741 0.5
3970768 214836870 0.5
1519934 214834877 1
1519934 214833755 1
1519934 214834880 1
1519934 214821410 1
1519934 214826589 0.5
4374229 214821397 1
4374229 214835002 1
4374229 214743339 1
4374229 214748321 1
4374229 214832722 0.5
4374229 214832555 0.5
10213078 214853767 1
10213078 214853730 1
10213078 214853698 1
10213078 214854146 1
10213078 214853992 0.5
10213078 214853707 0.5
10213078 214853700 0.5
10213078 214853430 0.5
10213078 214698446 0.5
11434618 214853102 1
11434618 214854782 1
11434618 214854840 1
11434618 214853100 1
11434618 214854785 0.5
11434618 214854731 0.5
11434618 214853094 0.5
7773522 214850287 1
7773522 214848795 1
7773522 214711295 1
7773522 214845984 1
7773522 214710097 0.5
7773522 214849762 0.5
7773522 214820186 0.5
7773522 214820190 0.5
2590436 214835019 1
2590436 214831959 1
2590436 214748336 1
2590436 214601233 1
2590436 214533020 0.5
7642811 214850743 1
7642811 214850771 1
7642811 214845958 1
7642811 214850938 1
7642811 214849363 0.5
7642811 214832147 0.5
7642811 214850876 0.5
7642811 214850855 0.5
880367 214837487 1
880367 214838831 1
880367 214837442 1
880367 214837485 1
880367 214837483 0.5
6102136 214819577 1
6102136 214846067 1
6102136 214837483 1
6102136 214835025 1
6102136 214821032 0.5
6102136 214819760 0.5
6102136 214850872 0.5
8642298 214853128 1
8642298 214853160 1
8642298 214853107 1
8642298 214853165 1
8642298 214844252 0.5
4007678 214835109 1
4007678 214835167 1
4007678 214829765 1
4007678 214826990 1
4007678 214838227 0.5
9656697 214849284 1
9656697 214851313 1
9656697 214684498 1
9656697 214552522 1
9656697 214687847 0.5
9656697 214581611 0.5
9656697 214718220 0.5
9656697 214826610 0.5
9656697 214849331 0.5
9656697 214851317 0.5
9656697 214829366 0.5
9656697 214561402 0.5
9656697 214853435 0.5
9656697 214554973 0.5
9656697 214667859 0.5
7220993 214849738 1
7220993 214844396 1
7220993 214846112 1
7220993 214849777 1
7220993 214850310 0.5
7220993 214850282 0.5
7220993 214850287 0.5
7220993 214853657 0.5
7220993 214820345 0.5
7220993 214850366 0.5
8799531 214853077 1
8799531 214853090 1
8799531 214852980 1
8799531 214853248 1
8799531 214853096 0.5
8799531 214851326 0.5
4462342 214839973 1
4462342 214845131 1
4462342 214839975 1
4462342 214845435 1
4462342 214839600 0.5
4462342 214839960 0.5
4462342 214835475 0.5
4462342 214819430 0.5
4573484 214845131 1
4573484 214839973 1
4573484 214640015 1
4573484 214839971 1
4573484 214839960 0.5
9933783 214853767 1
9933783 214853702 1
9933783 214853698 1
9933783 214853430 1
9933783 214854152 0.5
9933783 214853353 0.5
9933783 214853765 0.5
8759052 214851748 1
8759052 214850619 1
8759052 214820345 1
8759052 214845585 1
8759052 214853188 0.5
8759052 214850792 0.5
8759052 214853225 0.5
8759052 214853135 0.5
8759052 214851097 0.5
8759052 214845583 0.5
9117997 214851135 1
9117997 214850936 1
9117997 214846391 1
9117997 214853130 1
9117997 214853184 0.5
9117997 214670240 0.5
9117997 214677830 0.5
9117997 214853190 0.5
9117997 214853128 0.5
9117997 214842474 0.5
9117997 214853169 0.5
9117997 214850870 0.5
10301204 214854358 1
10301204 214854264 1
10301204 214567215 1
10301204 214853724 1
10301204 214854262 0.5
9905942 214853767 1
9905942 214853713 1
9905942 214853852 1
9905942 214853430 1
9905942 214854176 0.5
9905942 214853420 0.5
9905942 214854125 0.5
9905942 214853702 0.5
7713668 214850726 1
7713668 214849363 1
7713668 214851080 1
7713668 214851073 1
7713668 214848832 0.5
7713668 214850855 0.5
7713668 214550072 0.5
7713668 214554675 0.5
7713668 214851317 0.5
7713668 214851575 0.5
7713668 214850936 0.5
7713668 214850364 0.5
7713668 214716671 0.5
10034973 214853992 1
10034973 214684785 1
10034973 214853700 1
10034973 214854172 1
10034973 214853713 0.5
10034973 214853707 0.5
5693217 214846001 1
5693217 214846121 1
5693217 214835747 1
5693217 214845984 1
5693217 214848997 0.5
5693217 214839973 0.5
5693217 214846031 0.5
8554276 214851028 1
8554276 214851131 1
8554276 214684942 1
8554276 214851579 1
8554276 214716714 0.5
10514219 214853700 1
10514219 214853722 1
10514219 214853698 1
10514219 214853767 1
10514219 214854174 0.5
10514219 214853726 0.5
6000442 214839617 1
6000442 214848695 1
6000442 214846067 1
6000442 214846462 1
6000442 214845984 0.5
6000442 214835473 0.5
6000442 214612730 0.5
6000442 214846007 0.5
6000442 214846127 0.5
8163131 214851587 1
8163131 214685049 1
8163131 214851234 1
8163131 214851317 1
8163131 214851122 0.5
8163131 214851077 0.5
5150534 214840091 1
5150534 214838092 1
5150534 214837288 1
5150534 214836956 1
5150534 214837280 0.5
5150534 214826818 0.5
5150534 214538820 0.5
5150534 214829287 0.5
5150534 214819468 0.5
5150534 214832655 0.5
5150534 214743350 0.5
5150534 214716988 0.5
3645257 214835109 1
3645257 214836932 1
3645257 214831967 1
3645257 214743495 1
3645257 214828985 0.5
8437583 214832604 1
8437583 214853132 1
8437583 214853222 1
8437583 214716671 1
8437583 214716746 0.5
8437583 214851131 0.5
8437583 214853188 0.5
8437583 214851165 0.5
8437583 214851575 0.5
5709112 214849001 1
5709112 214846065 1
5709112 214845984 1
5709112 214819393 1
5709112 214829797 0.5
5709112 214835023 0.5
7302996 214828882 1
7302996 214853758 1
7302996 214697529 1
7302996 214581755 1
7302996 214853173 0.5
7575386 214850936 1
7575386 214850295 1
7575386 214850756 1
7575386 214850291 1
7575386 214849809 0.5
7575386 214819378 0.5
7575386 214850758 0.5
7575386 214850743 0.5
5411472 214844372 1
5411472 214844398 1
5411472 214844370 1
5411472 214844355 1
5411472 214835428 0.5
5411472 214586469 0.5
5411472 214714760 0.5
5411472 214845587 0.5
5411472 214850775 0.5
5411472 214612730 0.5
2361192 214686082 1
2361192 214829887 1
2361192 214831946 1
2361192 214678987 1
2361192 214718398 0.5
2361192 214831967 0.5
6754156 214849134 1
6754156 214849318 1
6754156 214849093 1
6754156 214849322 1
6754156 214849185 0.5
6754156 214849179 0.5
6754156 214849097 0.5
6754156 214714721 0.5
9521006 214850949 1
9521006 214853428 1
9521006 214853154 1
9521006 214853147 1
9521006 214850945 0.5
8908656 214853128 1
8908656 214851742 1
8908656 214853165 1
8908656 214853130 1
8908656 214678376 0.5
8908656 214853169 0.5
8908656 214849010 0.5
8908656 214853107 0.5
8908656 214678387 0.5
992574 214821302 1
992574 214821313 1
992574 214821309 1
992574 214827005 1
992574 214826872 0.5
992574 214714794 0.5
5615478 214846117 1
5615478 214846119 1
5615478 214845954 1
5615478 214676377 1
5615478 214849072 0.5
5615478 214845965 0.5
5615478 214846318 0.5
10966903 214854785 1
10966903 214854782 1
10966903 214853102 1
10966903 214854853 1
10966903 214864880 0.5
10966903 214850282 0.5
10966903 214584092 0.5
6416248 214848613 1
6416248 214848851 1
6416248 214848832 1
6416248 214714794 1
6416248 214587187 0.5
6416248 214662787 0.5
6416248 214716671 0.5
10262393 214854264 1
10262393 214854268 1
10262393 214854352 1
10262393 214567329 1
10262393 214854345 0.5
10262393 214853113 0.5
10262393 214853132 0.5
10262393 214853855 0.5
10262393 214567215 0.5
3016571 214829878 1
3016571 214834867 1
3016571 214835745 1
3016571 214832792 1
3016571 214821032 0.5
3016571 214753513 0.5
3016571 214551626 0.5
3016571 214835019 0.5
3016571 214821020 0.5
5468033 214839617 1
5468033 214844400 1
5468033 214844402 1
5468033 214844398 1
5468033 214845984 0.5
5468033 214835109 0.5
5468033 214844396 0.5
5468033 214844342 0.5
5468033 214832156 0.5
5468033 214712126 0.5
3116932 214826565 1
3116932 214835019 1
3116932 214829364 1
3116932 214820400 1
3116932 214839617 0.5
3116932 214646306 0.5
3116932 214820803 0.5
3116932 214826623 0.5
8710023 214853075 1
8710023 214853107 1
8710023 214853165 1
8710023 214853128 1
8710023 214668249 0.5
8710023 214553587 0.5
8710023 214559660 0.5
8710023 214851742 0.5
8236937 214846475 1
8236937 214851069 1
8236937 214820210 1
8236937 214849314 1
8236937 214852985 0.5
8236937 214850709 0.5
10139531 214853702 1
10139531 214853722 1
10139531 214854515 1
10139531 214853767 1
10139531 214854152 0.5
3825549 214832023 1
3825549 214839600 1
3825549 214829850 1
3825549 214836926 1
3825549 214561402 0.5
3825549 214829852 0.5
3825549 214835109 0.5
2228112 214829880 1
2228112 214829882 1
2228112 214829878 1
2228112 214831946 1
2228112 214829885 0.5
6850179 214848941 1
6850179 214848658 1
6850179 214851009 1
6850179 214844396 1
6850179 214848945 0.5
6850179 214848757 0.5
6850179 214848952 0.5
6850179 214848954 0.5
6850179 214849020 0.5
6850179 214849022 0.5
8246254 214851581 1
8246254 214851075 1
8246254 214851122 1
8246254 214851236 1
8246254 214851133 0.5
2248599 214826833 1
2248599 214829885 1
2248599 214829878 1
2248599 214831948 1
2248599 214600509 0.5
2248599 214829887 0.5
11179928 214854857 1
11179928 214853102 1
11179928 214864880 1
11179928 214854836 1
11179928 214853154 0.5
11179928 214854842 0.5
11179928 214854718 0.5
11179928 214853079 0.5
6449051 214828982 1
6449051 214848330 1
6449051 214835747 1
6449051 214846535 1
6449051 214839617 0.5
6449051 214821410 0.5
6449051 214848950 0.5
6449051 214849001 0.5
6449051 214583670 0.5
6449051 214849275 0.5
6449051 214829797 0.5
8169373 214851748 1
8169373 214853233 1
8169373 214853227 1
8169373 214853195 1
8169373 214853135 0.5
5466831 214844396 1
5466831 214844402 1
5466831 214844370 1
5466831 214844355 1
5466831 214835473 0.5
5466831 214601233 0.5
5466831 214845583 0.5
5466831 214845521 0.5
5466831 214711348 0.5
5466831 214579288 0.5
5466831 214844345 0.5
9867589 214853713 1
9867589 214853700 1
9867589 214748336 1
9867589 214853722 1
9867589 214853767 0.5
3463073 214835747 1
3463073 214835745 1
3463073 214820810 1
3463073 214826951 1
3463073 214835017 0.5
3463073 214835019 0.5
3463073 214826998 0.5
3463073 214601233 0.5
10764198 214853244 1
10764198 214854352 1
10764198 214854536 1
10764198 214854354 1
10764198 214567329 0.5
10764198 214819599 0.5
10764198 214854577 0.5
10764198 214854358 0.5
10764198 214853113 0.5
10764198 214684762 0.5
10764198 214854268 0.5
10764198 214853726 0.5
5443497 214844396 1
5443497 214844398 1
5443497 214712126 1
5443497 214844355 1
5443497 214844400 0.5
5443497 214844370 0.5
5443497 214710101 0.5
1234859 214819640 1
1234859 214811739 1
1234859 214649951 1
1234859 214819550 1
1234859 214650626 0.5
1234859 214553587 0.5
1234859 214709702 0.5
8816563 214852987 1
8816563 214853192 1
8816563 214851737 1
8816563 214853162 1
8816563 214848185 0.5
8816563 214553810 0.5
8816563 214853420 0.5
8816563 214851326 0.5
6764469 214848622 1
6764469 214849179 1
6764469 214712244 1
6764469 214849093 1
6764469 214849192 0.5
10567606 214854536 1
10567606 214854300 1
10567606 214854534 1
10567606 214854819 1
10567606 214820456 0.5
10567606 214820394 0.5
10567606 214854352 0.5
10567606 214854577 0.5
10567606 214850739 0.5
10567606 214850741 0.5
10567606 214853113 0.5
10567606 214573305 0.5
10567606 214648250 0.5
10567606 214853244 0.5
10567606 214850938 0.5
10567606 214648254 0.5
10567606 214821397 0.5
8273567 214851097 1
8273567 214716746 1
8273567 214716671 1
8273567 214684942 1
8273567 214851579 0.5
7149504 214849318 1
7149504 214849082 1
7149504 214849344 1
7149504 214849322 1
7149504 214848954 0.5
5306306 214844398 1
5306306 214844396 1
5306306 214835473 1
5306306 214844400 1
5306306 214844340 0.5
5002761 214586694 1
5002761 214836855 1
5002761 214844400 1
5002761 214829799 1
5002761 214800272 0.5
5002761 214820402 0.5
5002761 214835522 0.5
5002761 214845131 0.5
5002761 214836330 0.5
9674693 214853420 1
9674693 214850942 1
9674693 214853385 1
9674693 214665277 1
9674693 214849312 0.5
9674693 214853090 0.5
9674693 214677830 0.5
9674693 214853105 0.5
9674693 214851740 0.5
9674693 214595150 0.5
9674693 214851313 0.5
9674693 214851159 0.5
9674693 214684730 0.5
9674693 214851292 0.5
3102662 214836358 1
3102662 214829390 1
3102662 214835017 1
3102662 214835019 1
3102662 214835747 0.5
5035978 214826833 1
5035978 214845352 1
5035978 214840091 1
5035978 214838094 1
5035978 214837280 0.5
5035978 214819468 0.5
2591432 214829885 1
2591432 214831950 1
2591432 214821326 1
2591432 214821322 1
2591432 214835124 0.5
2591432 214831959 0.5
5554509 214845587 1
5554509 214845412 1
5554509 214849001 1
5554509 214846447 1
5554509 214820402 0.5
5554509 214845131 0.5
5554509 214836050 0.5
6295504 214848847 1
6295504 214848926 1
6295504 214849333 1
6295504 214826990 1
6295504 214846530 0.5
6295504 214849284 0.5
6295504 214848950 0.5
6295504 214829387 0.5
6295504 214846125 0.5
6295504 214848337 0.5
6295504 214848658 0.5
6295504 214849331 0.5
6295504 214848982 0.5
6295504 214848952 0.5
6295504 214665277 0.5
9555921 214851750 1
9555921 214853132 1
9555921 214851161 1
9555921 214853242 1
9555921 214853996 0.5
9555921 214848613 0.5
9555921 214853222 0.5
9555921 214853237 0.5
10582351 214854579 1
10582351 214854534 1
10582351 214854300 1
10582351 214854577 1
10582351 214853113 0.5
10582351 214854354 0.5
10582351 214853244 0.5
9371033 214853454 1
9371033 214839973 1
9371033 214846427 1
9371033 214848176 1
9371033 214849760 0.5
9371033 214849284 0.5
9371033 214678629 0.5
9371033 214853702 0.5
9371033 214687847 0.5
9371033 214577450 0.5
9371033 214853707 0.5
9371033 214850700 0.5
9371033 214851122 0.5
9371033 214845806 0.5
9371033 214717522 0.5
9371033 214846007 0.5
9371033 214746427 0.5
6451171 214748295 1
6451171 214850677 1
6451171 214748291 1
6451171 214748300 1
6451171 214748304 0.5
6451171 214850679 0.5
7501798 214850771 1
7501798 214821020 1
7501798 214677615 1
7501798 214850552 1
7501798 214821024 0.5
7501798 214651777 0.5
7501798 214850754 0.5
7501798 214561475 0.5
7501798 214850758 0.5
7501798 214561775 0.5
7501798 214538870 0.5
7501798 214850555 0.5
1538029 214829657 1
1538029 214829385 1
1538029 214829392 1
1538029 214695399 1
1538029 214692849 0.5
1538029 214712126 0.5
1538029 214829855 0.5
10997744 214853102 1
10997744 214864880 1
10997744 214855016 1
10997744 214854840 1
10997744 214854733 0.5
10997744 214861895 0.5
4225009 214839932 1
4225009 214832145 1
4225009 214839587 1
4225009 214836857 1
4225009 214845131 0.5
4225009 214836853 0.5
5896178 214832435 1
5896178 214832312 1
5896178 214832439 1
5896178 214832437 1
5896178 214832420 0.5
7747573 214850315 1
7747573 214850938 1
7747573 214675895 1
7747573 214648252 1
7747573 214851011 0.5
7747573 214850756 0.5
7747573 214716645 0.5
7747573 214849001 0.5
7747573 214845583 0.5
7747573 214850936 0.5
7747573 214850619 0.5
7747573 214850621 0.5
4681722 214748310 1
4681722 214819410 1
4681722 214839971 1
4681722 214839975 1
4681722 214839969 0.5
4681722 214602733 0.5
10985469 214853102 1
10985469 214854840 1
10985469 214854782 1
10985469 214580424 1
10985469 214829090 0.5
10985469 214853100 0.5
10985469 214650508 0.5
10985469 214854830 0.5
10985469 214853362 0.5
10985469 214851125 0.5
10985469 214652216 0.5
