8199852 214851326 1
8199852 214851748 1
8199852 214853135 1
8199852 214853227 1
8199852 214853096 0.5
8199852 214850405 0.5
8199852 214684942 0.5
10164239 214854510 1
10164239 214854262 1
10164239 214854268 1
10164239 214854264 1
10164239 214567329 0.5
10164239 214567327 0.5
10164239 214567333 0.5
10164239 214567215 0.5
4823057 214831967 1
4823057 214819550 1
4823057 214829261 1
4823057 214674658 1
4823057 214708374 0.5
4823057 214687852 0.5
4823057 214820402 0.5
4823057 214826998 0.5
4823057 214839962 0.5
4823057 214833755 0.5
4823057 214576892 0.5
4823057 214832126 0.5
10686472 214854358 1
10686472 214854577 1
10686472 214846391 1
10686472 214687845 1
10686472 214854534 0.5
10686472 214854536 0.5
10686472 214854352 0.5
10686472 214684785 0.5
10686472 214854354 0.5
10686472 214819577 0.5
11116568 214854579 1
11116568 214854547 1
11116568 214854300 1
11116568 214854585 1
11116568 214819577 0.5
6918832 214845885 1
6918832 214602733 1
6918832 214667857 1
6918832 214839969 1
6918832 214668281 0.5
6918832 214829387 0.5
6918832 214849333 0.5
6918832 214849239 0.5
6918832 214829775 0.5
9201698 214853454 1
9201698 214853460 1
9201698 214850942 1
9201698 214853428 1
9201698 214853465 0.5
4954148 214845457 1
4954148 214836926 1
4954148 214845435 1
4954148 214845380 1
4954148 214839960 0.5
4954148 214839973 0.5
4954148 214820255 0.5
9476103 214846258 1
9476103 214846344 1
9476103 214850700 1
9476103 214853996 1
9476103 214850792 0.5
9476103 214853994 0.5
9476103 214850790 0.5
10487853 214854268 1
10487853 214854264 1
10487853 214684785 1
10487853 214567327 1
10487853 214567333 0.5
10487853 214854510 0.5
10487853 214567215 0.5
10487853 214854262 0.5
10487853 214684762 0.5
10487853 214853726 0.5
8681519 214853077 1
8681519 214853105 1
8681519 214852978 1
8681519 214852980 1
8681519 214853225 0.5
8681519 214853094 0.5
8284212 214851737 1
8284212 214853115 1
8284212 214845962 1
8284212 214536311 1
8284212 214851328 0.5
8284212 214536195 0.5
8284212 214851742 0.5
8284212 214853075 0.5
8284212 214853263 0.5
4280373 214829792 1
4280373 214838096 1
4280373 214838098 1
4280373 214839596 1
4280373 214838105 0.5
4280373 214714757 0.5
10158136 214850765 1
10158136 214717888 1
10158136 214718220 1
10158136 214850754 1
10158136 214850756 0.5
2830687 214835017 1
2830687 214826623 1
2830687 214587697 1
2830687 214835475 1
2830687 214839617 0.5
2830687 214835747 0.5
2830687 214826565 0.5
2830687 214826951 0.5
2830687 214820392 0.5
2830687 214829385 0.5
2830687 214836330 0.5
2830687 214744779 0.5
2830687 214609325 0.5
2830687 214829657 0.5
2830687 214837882 0.5
2830687 214829660 0.5
2830687 214831935 0.5
9742402 214853396 1
9742402 214853340 1
9742402 214853347 1
9742402 214711307 1
9742402 214846464 0.5
9742402 214717888 0.5
9742402 214578326 0.5
9742402 214846475 0.5
9742402 214718220 0.5
9742402 214748334 0.5
9742402 214831955 0.5
9742402 214845590 0.5
9742402 214835064 0.5
10014787 214853722 1
10014787 214853730 1
10014787 214853702 1
10014787 214853698 1
10014787 214853707 0.5
10014787 214850949 0.5
10014787 214684734 0.5
6694582 214848609 1
6694582 214848847 1
6694582 214848682 1
6694582 214849239 1
6694582 214846530 0.5
6694582 214835109 0.5
6694582 214846535 0.5
6694582 214848328 0.5
6694582 214848656 0.5
6694582 214848337 0.5
6694582 214849012 0.5
6694582 214848630 0.5
6694582 214848377 0.5
6694582 214829765 0.5
6759436 214848986 1
6759436 214850786 1
6759436 214849312 1
6759436 214849344 1
6759436 214834880 0.5
6759436 214846305 0.5
6759436 214602731 0.5
6759436 214848335 0.5
6759436 214826994 0.5
6759436 214846419 0.5
10092619 214848157 1
10092619 214854065 1
10092619 214717888 1
10092619 214853702 1
10092619 214705734 0.5
10092619 214853353 0.5
10092619 214718220 0.5
10092619 214718160 0.5
10092619 214853713 0.5
10092619 214850771 0.5
10092619 214853430 0.5
10092619 214821371 0.5
10598481 214854536 1
10598481 214854354 1
10598481 214853244 1
10598481 214854577 1
10598481 214854352 0.5
10598481 214559960 0.5
10598481 214820394 0.5
10598481 214854579 0.5
10598481 214853113 0.5
10084434 214853698 1
10084434 214853767 1
10084434 214853702 1
10084434 214853700 1
10084434 214853707 0.5
11231316 214556728 1
11231316 214687475 1
11231316 214687845 1
11231316 214854583 1
11231316 214850422 0.5
11231316 214846391 0.5
2699349 214716110 1
2699349 214748336 1
2699349 214826977 1
2699349 214835019 1
2699349 214601233 0.5
5855319 214846479 1
5855319 214846415 1
5855319 214846425 1
5855319 214848317 1
5855319 214846427 0.5
5855319 214845965 0.5
10369118 214854495 1
10369118 214854298 1
10369118 214854517 1
10369118 214854532 1
10369118 214845986 0.5
5462112 214835428 1
5462112 214835070 1
5462112 214835426 1
5462112 214586572 1
5462112 214582200 0.5
5462112 214850332 0.5
5462112 214811758 0.5
6598756 214849466 1
6598756 214849033 1
6598756 214849157 1
6598756 214849153 1
6598756 214849745 0.5
6598756 214849738 0.5
6598756 214819380 0.5
10100837 214851281 1
10100837 214854172 1
10100837 214853677 1
10100837 214854118 1
10100837 214853996 0.5
6072422 214846127 1
6072422 214849252 1
6072422 214845412 1
6072422 214845587 1
6072422 214850402 0.5
6072422 214839587 0.5
6072422 214846472 0.5
6072422 214744779 0.5
6072422 214684942 0.5
6072422 214559960 0.5
6072422 214846067 0.5
6072422 214829379 0.5
6072422 214821397 0.5
6072422 214706102 0.5
6072422 214850872 0.5
8282217 214853096 1
8282217 214853085 1
8282217 214853105 1
8282217 214843554 1
8282217 214853090 0.5
8282217 214840997 0.5
7424107 214835017 1
7424107 214834867 1
7424107 214602600 1
7424107 214609325 1
7424107 214835747 0.5
5090664 214826990 1
5090664 214834877 1
5090664 214838227 1
5090664 214835109 1
5090664 214826615 0.5
1462386 214821412 1
1462386 214826610 1
1462386 214834877 1
1462386 214826589 1
1462386 214834880 0.5
1462386 214821410 0.5
7895762 214850936 1
7895762 214850938 1
7895762 214850739 1
7895762 214850741 1
7895762 214848315 0.5
8876688 214846119 1
8876688 214853165 1
8876688 214853128 1
8876688 214845962 1
8876688 214852985 0.5
8876688 214849010 0.5
8876688 214852987 0.5
7825316 214840378 1
7825316 214835126 1
7825316 214600464 1
7825316 214853145 1
7825316 214850282 0.5
7825316 214853143 0.5
8806528 214853094 1
8806528 214851326 1
8806528 214853090 1
8806528 214853105 1
8806528 214853096 0.5
8806528 214852980 0.5
8806528 214853085 0.5
8479766 214851294 1
8479766 214829045 1
8479766 214851150 1
8479766 214849337 1
8479766 214851017 0.5
2461831 214834867 1
2461831 214826565 1
2461831 214587697 1
2461831 214835019 1
2461831 214837918 0.5
2461831 214826947 0.5
2461831 214609325 0.5
2461831 214844454 0.5
10289288 214567333 1
10289288 214684785 1
10289288 214853728 1
10289288 214567329 1
10289288 214684762 0.5
10289288 214853726 0.5
10289288 214854358 0.5
10289288 214854262 0.5
7721324 214717007 1
7721324 214832655 1
7721324 214717003 1
7721324 214716926 1
7721324 214716928 0.5
7721324 214716984 0.5
7721324 214717005 0.5
4870286 214821277 1
4870286 214839960 1
4870286 214839975 1
4870286 214845131 1
4870286 214836926 0.5
4870286 214831967 0.5
534522 214712130 1
534522 214743495 1
534522 214820396 1
534522 214820392 1
534522 214748336 0.5
534522 214718385 0.5
534522 214717850 0.5
8128661 214851080 1
8128661 214851161 1
8128661 214853233 1
8128661 214853195 1
8128661 214851748 0.5
8128661 214848613 0.5
8128661 214848808 0.5
8128661 214716714 0.5
8128661 214853227 0.5
8128661 214685049 0.5
5349527 214839973 1
5349527 214845131 1
5349527 214849001 1
5349527 214848997 1
5349527 214845984 0.5
5349527 214846033 0.5
5349527 214819721 0.5
5349527 214743495 0.5
5349527 214835473 0.5
5349527 214844345 0.5
5349527 214845887 0.5
10879128 214582942 1
10879128 214854585 1
10879128 214850872 1
10879128 214849762 1
10879128 214819691 0.5
10879128 214854148 0.5
2484377 214834880 1
2484377 214748336 1
2484377 214826610 1
2484377 214833755 1
2484377 214821410 0.5
2484377 214826947 0.5
2484377 214831948 0.5
2484377 214554662 0.5
9474202 214853422 1
9474202 214850949 1
9474202 214849764 1
9474202 214853338 1
9474202 214850942 0.5
9474202 214849322 0.5
9474202 214853722 0.5
9474202 214853454 0.5
9474202 214848757 0.5
10248717 214854716 1
10248717 214851757 1
10248717 214710013 1
10248717 214854699 1
10248717 214853083 0.5
9654324 214854060 1
9654324 214851292 1
9654324 214712237 1
9654324 214845954 1
9654324 214851585 0.5
9654324 214708037 0.5
9654324 214716626 0.5
9654324 214851159 0.5
9654324 214851577 0.5
9654324 214743515 0.5
9654324 214573277 0.5
9828512 214853430 1
9828512 214853353 1
9828512 214853381 1
9828512 214853147 1
9828512 214854152 0.5
9828512 214846468 0.5
9828512 214844398 0.5
9640987 214564387 1
9640987 214677401 1
9640987 214564475 1
9640987 214561520 1
9640987 214850848 0.5
9640987 214553537 0.5
9640987 214849363 0.5
9640987 214573590 0.5
9640987 214850619 0.5
9640987 214853852 0.5
8597668 214851742 1
8597668 214853128 1
8597668 214853094 1
8597668 214851326 1
8597668 214853090 0.5
8597668 214845879 0.5
6244517 214848973 1
6244517 214848795 1
6244517 214848977 1
6244517 214848971 1
6244517 214849070 0.5
9474214 214850949 1
9474214 214853428 1
9474214 214853460 1
9474214 214853422 1
9474214 214853152 0.5
9474214 214848185 0.5
11122856 214855209 1
11122856 214853154 1
11122856 214857570 1
11122856 214857568 1
11122856 214854497 0.5
11122856 214850402 0.5
11122856 214854894 0.5
11122856 214748336 0.5
11122856 214855153 0.5
11122856 214853362 0.5
11122856 214819412 0.5
11122856 214690734 0.5
11122856 214829878 0.5
11122856 214830939 0.5
11122856 214854300 0.5
11122856 214853726 0.5
11122856 214709685 0.5
3755038 214839932 1
3755038 214820392 1
3755038 214651517 1
3755038 214842735 1
3755038 214819760 0.5
3755038 214840235 0.5
3755038 214539039 0.5
4847798 214845131 1
4847798 214826994 1
4847798 214829775 1
4847798 214836857 1
4847798 214829280 0.5
4847798 214839600 0.5
2515127 214829882 1
2515127 214829885 1
2515127 214829878 1
2515127 214829880 1
2515127 214831946 0.5
10256576 214854298 1
10256576 214694156 1
10256576 214845583 1
10256576 214556212 1
10256576 214556216 0.5
5902532 214847261 1
5902532 214821277 1
5902532 214835017 1
5902532 214844402 1
5902532 214580225 0.5
5902532 214575667 0.5
1712326 214834877 1
1712326 214834880 1
1712326 214821024 1
1712326 214821332 1
1712326 214585547 0.5
1712326 214650635 0.5
1712326 214811758 0.5
1712326 214585554 0.5
1712326 214676019 0.5
1712326 214553844 0.5
1712326 214821017 0.5
1712326 214826617 0.5
1712326 214826619 0.5
1712326 214567005 0.5
7428079 214850325 1
7428079 214850353 1
7428079 214849466 1
7428079 214849777 1
7428079 214849389 0.5
5281826 214845583 1
5281826 214602806 1
5281826 214844402 1
5281826 214844400 1
5281826 214835012 0.5
5281826 214554450 0.5
5281826 214844398 0.5
5281826 214844370 0.5
5281826 214561402 0.5
5281826 214579837 0.5
3805392 214829790 1
3805392 214838109 1
3805392 214820394 1
3805392 214831970 1
3805392 214839600 0.5
3805392 214829657 0.5
3805392 214829660 0.5
3805392 214717286 0.5
8452306 214851161 1
8452306 214685049 1
8452306 214853242 1
8452306 214849155 1
8452306 214851080 0.5
8452306 214851234 0.5
4815059 214839943 1
4815059 214837494 1
4815059 214847255 1
4815059 214832147 1
4815059 214561472 0.5
4815059 214514640 0.5
4815059 214839962 0.5
4815059 214668270 0.5
4366549 214836512 1
4366549 214826945 1
4366549 214838098 1
4366549 214839358 1
4366549 214576892 0.5
4366549 214674658 0.5
4366549 214832012 0.5
4366549 214820214 0.5
4366549 214839943 0.5
7667927 214846072 1
7667927 214677615 1
7667927 214651777 1
7667927 214850754 1
7667927 214744530 0.5
7667927 214821020 0.5
11175972 214854787 1
11175972 214854793 1
11175972 214850304 1
11175972 214854797 1
11175972 214848975 0.5
7289551 214849136 1
7289551 214849080 1
7289551 214849153 1
7289551 214849250 1
7289551 214849194 0.5
2506972 214829885 1
2506972 214835165 1
2506972 214831950 1
2506972 214831946 1
2506972 214829882 0.5
2506972 214829878 0.5
2506972 214829887 0.5
10160349 214853994 1
10160349 214854148 1
10160349 214853852 1
10160349 214853996 1
10160349 214854176 0.5
10213599 214853767 1
10213599 214854172 1
10213599 214853992 1
10213599 214675888 1
10213599 214853722 0.5
10213599 214850743 0.5
9023712 214852978 1
9023712 214853077 1
9023712 214852980 1
9023712 214853085 1
9023712 214853096 0.5
9023712 214851326 0.5
9023712 214853094 0.5
4735201 214845131 1
4735201 214839960 1
4735201 214845806 1
4735201 214557774 1
4735201 214834867 0.5
4735201 214844407 0.5
9112171 214853094 1
9112171 214852978 1
9112171 214853248 1
9112171 214853085 1
9112171 214853105 0.5
9112171 214852980 0.5
3918059 214835109 1
3918059 214835167 1
3918059 214829765 1
3918059 214826990 1
3918059 214836932 0.5
3918059 214707877 0.5
3918059 214820392 0.5
3918059 214838227 0.5
3918059 214838105 0.5
3918059 214838107 0.5
7022829 214850285 1
7022829 214848746 1
7022829 214850291 1
7022829 214850366 1
7022829 214848973 0.5
5947099 214602733 1
5947099 214835747 1
5947099 214826565 1
5947099 214848695 1
5947099 214848997 0.5
5947099 214819430 0.5
5947099 214981102 0.5
5947099 214848656 0.5
5947099 214838225 0.5
5947099 214553561 0.5
5947099 214832023 0.5
5947099 214838105 0.5
9064829 214850942 1
9064829 214853420 1
9064829 214826987 1
9064829 214853428 1
9064829 214846312 0.5
9064829 214853325 0.5
9064829 214857830 0.5
4432114 214839973 1
4432114 214848176 1
4432114 214845131 1
4432114 214848178 1
4432114 214839960 0.5
4432114 214839971 0.5
10780917 214853102 1
10780917 214854782 1
10780917 214848658 1
10780917 214854733 1
10780917 214854731 0.5
10780917 214714755 0.5
9640182 214850942 1
9640182 214717061 1
9640182 214716982 1
9640182 214717063 1
9640182 214716943 0.5
10562601 214854536 1
10562601 214853113 1
10562601 214854354 1
10562601 214853435 1
10562601 214854549 0.5
10562601 214854577 0.5
10562601 214684785 0.5
10562601 214854545 0.5
7962877 214850739 1
7962877 214850938 1
7962877 214820394 1
7962877 214564387 1
7962877 214850619 0.5
7962877 214846404 0.5
7962877 214849395 0.5
8906239 214853165 1
8906239 214851742 1
8906239 214853263 1
8906239 214853128 1
8906239 214853087 0.5
9594923 214846072 1
9594923 214684942 1
9594923 214849455 1
9594923 214716746 1
9594923 214557217 0.5
9594923 214744779 0.5
9594923 214848808 0.5
9594923 214716714 0.5
9594923 214850411 0.5
9594923 214853135 0.5
9594923 214558192 0.5
9594923 214849363 0.5
9594923 214851165 0.5
1347848 214828974 1
1347848 214829379 1
1347848 214667912 1
1347848 214828976 1
1347848 214829385 0.5
1347848 214834873 0.5
9645053 214853156 1
9645053 214853381 1
9645053 214850310 1
9645053 214853139 1
9645053 214831946 0.5
9645053 214673295 0.5
9645053 214717511 0.5
10447117 214567329 1
10447117 214853852 1
10447117 214567215 1
10447117 214854358 1
10447117 214854536 0.5
10447117 214854545 0.5
10447117 214854354 0.5
10447117 214849395 0.5
10447117 214851317 0.5
10447117 214854264 0.5
10447117 214684762 0.5
10447117 214853435 0.5
10447117 214854268 0.5
10447117 214853726 0.5
10770069 214853735 1
10770069 214567215 1
10770069 214854583 1
10770069 214687475 1
10770069 214567329 0.5
10770069 214684785 0.5
10770069 214854358 0.5
10770069 214684762 0.5
10770069 214854268 0.5
10770069 214853726 0.5
9001231 214853169 1
9001231 214853130 1
9001231 214677830 1
9001231 214678387 1
9001231 214851328 0.5
9001231 214819393 0.5
9001231 214848926 0.5
9001231 214709702 0.5
9001231 214846117 0.5
3547411 214829390 1
3547411 214706180 1
3547411 214832124 1
3547411 214832128 1
3547411 214687845 0.5
3547411 214709996 0.5
3547411 214820210 0.5
3547411 214836851 0.5
3547411 214575125 0.5
3547411 214687447 0.5
3547411 214705087 0.5
3547411 214718173 0.5
3547411 214832126 0.5
3547411 214832115 0.5
9552152 214850949 1
9552152 214853428 1
9552152 214850945 1
9552152 214853422 1
9552152 214850947 0.5
10299673 214854264 1
10299673 214854545 1
10299673 214854268 1
10299673 214854549 1
10299673 214567329 0.5
4715618 214845131 1
4715618 214839973 1
4715618 214602598 1
4715618 214836857 1
4715618 214839600 0.5
2834724 214820400 1
2834724 214827005 1
2834724 214587712 1
2834724 214744775 1
2834724 214826872 0.5
2834724 214835017 0.5
2834724 214835019 0.5
2834724 214835747 0.5
2834724 214612730 0.5
9869361 214853340 1
9869361 214853460 1
9869361 214853338 1
9869361 214711307 1
9869361 214853428 0.5
9869361 214850947 0.5
9869361 214853420 0.5
9869361 214850949 0.5
9869361 214853422 0.5
2238763 214829878 1
2238763 214831948 1
2238763 214831950 1
2238763 214829885 1
2238763 214819762 0.5
2238763 214828987 0.5
2238763 214835087 0.5
6404398 214836519 1
6404398 214848688 1
6404398 214848847 1
6404398 214848337 1
6404398 214710062 0.5
10043784 214853698 1
10043784 214853767 1
10043784 214839596 1
10043784 214850947 1
10043784 214853707 0.5
3758386 214835109 1
3758386 214826990 1
3758386 214836892 1
3758386 214831974 1
3758386 214829762 0.5
3758386 214707830 0.5
3758386 214560587 0.5
3758386 214556942 0.5
3758386 214837014 0.5
3758386 214561402 0.5
547123 214826625 1
547123 214820201 1
547123 214554982 1
547123 214820255 1
547123 214709690 0.5
547123 214664919 0.5
7905589 214849001 1
7905589 214748336 1
7905589 214851236 1
7905589 214851581 1
7905589 214851122 0.5
4735288 214839962 1
4735288 214748336 1
4735288 214836887 1
4735288 214667912 1
4735288 214819721 0.5
4735288 214712130 0.5
4735288 214829852 0.5
4735288 214839965 0.5
1519934 214834877 1
1519934 214833755 1
1519934 214834880 1
1519934 214821410 1
1519934 214826589 0.5
3443014 214709735 1
3443014 214832124 1
3443014 214821407 1
3443014 214832115 1
3443014 214835122 0.5
9457377 214853420 1
9457377 214850947 1
9457377 214853340 1
9457377 214853342 1
9457377 214697432 0.5
9457377 214853402 0.5
9457377 214831955 0.5
8438089 214852978 1
8438089 214853248 1
8438089 214853094 1
8438089 214852980 1
8438089 214853096 0.5
8438089 214851317 0.5
8438089 214853077 0.5
10914127 214853105 1
10914127 214853085 1
10914127 214573305 1
10914127 214819599 1
10914127 214829090 0.5
10914127 214854300 0.5
10914127 214853077 0.5
9156959 214853242 1
9156959 214853132 1
9156959 214849363 1
9156959 214851750 1
9156959 214685049 0.5
5818768 214845939 1
5818768 214849010 1
5818768 214846117 1
5818768 214846119 1
5818768 214601197 0.5
7831908 214851236 1
7831908 214846007 1
7831908 214838227 1
7831908 214849078 1
7831908 214826565 0.5
7831908 214839975 0.5
7831908 214573288 0.5
7831908 214573290 0.5
7831908 214820396 0.5
7831908 214716110 0.5
7831908 214820400 0.5
7831908 214587697 0.5
7831908 214848950 0.5
7831908 214849466 0.5
7831908 214573277 0.5
10597349 214854585 1
10597349 214854534 1
10597349 214854579 1
10597349 214854547 1
10597349 214850741 0.5
6254953 214710097 1
6254953 214848337 1
6254953 214848371 1
6254953 214835109 1
6254953 214848808 0.5
6254953 214848375 0.5
7061866 214850692 1
7061866 214850405 1
7061866 214832124 1
7061866 214848305 1
7061866 214850409 0.5
7061866 214848337 0.5
7061866 214557223 0.5
5106028 214839973 1
5106028 214839962 1
5106028 214839617 1
5106028 214838225 1
5106028 214601229 0.5
10877296 214846067 1
10877296 214706102 1
10877296 214849284 1
10877296 214857568 1
10877296 214561496 0.5
10877296 214680722 0.5
10877296 214850743 0.5
8514714 214851748 1
8514714 214853190 1
8514714 214853195 1
8514714 214853233 1
8514714 214853184 0.5
8514714 214850411 0.5
8514714 214853188 0.5
8514714 214835561 0.5
8514714 214853227 0.5
8514714 214853132 0.5
8514714 214849102 0.5
8514714 214851122 0.5
8514714 214835475 0.5
8514714 214706102 0.5
8514714 214851236 0.5
8514714 214714779 0.5
8514714 214853182 0.5
5478781 214846007 1
5478781 214846001 1
5478781 214845412 1
5478781 214844396 1
5478781 214845380 0.5
5478781 214839973 0.5
5478781 214586694 0.5
5478781 214601233 0.5
5478781 214684843 0.5
5478781 214687852 0.5
5478781 214839600 0.5
5478781 214845457 0.5
5478781 214819762 0.5
5478781 214717286 0.5
5478781 214553561 0.5
5478781 214844413 0.5
5478781 214831967 0.5
6310267 214826833 1
6310267 214846460 1
6310267 214846397 1
6310267 214846470 1
6310267 214846408 0.5
6310267 214848315 0.5
6310267 214820197 0.5
6310267 214846421 0.5
8442237 214716746 1
8442237 214851165 1
8442237 214684942 1
8442237 214851131 1
8442237 214851097 0.5
8442237 214716714 0.5
8442237 214851163 0.5
8442237 214851028 0.5
8442237 214851579 0.5
4835711 214829310 1
4835711 214839356 1
4835711 214832126 1
4835711 214839962 1
4835711 214832115 0.5
7590976 214835019 1
7590976 214850402 1
7590976 214849001 1
7590976 214845583 1
7590976 214543922 0.5
7590976 214845971 0.5
7590976 214709702 0.5
9458051 214853422 1
9458051 214853420 1
9458051 214850947 1
9458051 214711307 1
9458051 214850949 0.5
5568904 214849001 1
5568904 214845986 1
5568904 214846447 1
5568904 214845917 1
5568904 214839969 0.5
5568904 214845131 0.5
5568904 214845887 0.5
5568904 214846007 0.5
8345993 214851161 1
8345993 214685049 1
8345993 214716746 1
8345993 214851163 1
8345993 214848808 0.5
8345993 214851097 0.5
8345993 214743339 0.5
8345993 214684845 0.5
8345993 214716671 0.5
6699402 214849018 1
6699402 214711205 1
6699402 214848926 1
6699402 214848845 1
6699402 214835167 0.5
8974402 214851750 1
8974402 214853077 1
8974402 214853210 1
8974402 214853132 1
8974402 214853225 0.5
8974402 214853182 0.5
8255888 214853096 1
8255888 214853105 1
8255888 214853094 1
8255888 214851326 1
8255888 214853090 0.5
8255888 214567100 0.5
8255888 214853077 0.5
10275217 214854536 1
10275217 214853762 1
10275217 214556212 1
10275217 214854579 1
10275217 214851322 0.5
10275217 214850938 0.5
10275217 214854075 0.5
10275217 214854125 0.5
10275217 214678989 0.5
6480274 214848971 1
6480274 214848926 1
6480274 214850360 1
6480274 214848375 1
6480274 214546978 0.5
6480274 214586874 0.5
6480274 214684942 0.5
6480274 214827005 0.5
2561032 214714757 1
2561032 214831948 1
2561032 214829887 1
2561032 214829878 1
2561032 214831946 0.5
5386656 214836536 1
5386656 214837288 1
5386656 214834877 1
5386656 214845587 1
5386656 214820400 0.5
5386656 214845585 0.5
5386656 214840091 0.5
5386656 214835473 0.5
11278518 214857547 1
11278518 214864880 1
11278518 214857268 1
11278518 214857260 1
11278518 214857568 0.5
11278518 214602729 0.5
11278518 214714755 0.5
11278518 214854733 0.5
11278518 214854823 0.5
8846406 214853105 1
8846406 214848302 1
8846406 214846072 1
8846406 214821373 1
8846406 214846432 0.5
8846406 214853096 0.5
8846406 214846468 0.5
8846406 214853085 0.5
8846406 214851326 0.5
2988459 214837916 1
2988459 214835503 1
2988459 214831948 1
2988459 214819468 1
2988459 214831937 0.5
2988459 214831940 0.5
2988459 214753513 0.5
2988459 214716971 0.5
2988459 214717012 0.5
2988459 214829364 0.5
2988459 214717018 0.5
8130989 214850940 1
8130989 214850739 1
8130989 214819766 1
8130989 214850387 1
8130989 214850850 0.5
8130989 214850792 0.5
8130989 214820394 0.5
8130989 214849455 0.5
8130989 214849395 0.5
8130989 214850619 0.5
10867119 214864880 1
10867119 214853102 1
10867119 214854800 1
10867119 214854789 1
10867119 214687970 0.5
10867119 214711524 0.5
10867119 214854853 0.5
9811016 214853702 1
9811016 214853700 1
9811016 214853730 1
9811016 214853353 1
9811016 214854152 0.5
9811016 214574670 0.5
9811016 214853767 0.5
9072172 214853105 1
9072172 214853096 1
9072172 214853085 1
9072172 214849102 1
9072172 214853094 0.5
9072172 214850630 0.5
9072172 214853077 0.5
8354234 214851315 1
8354234 214849312 1
8354234 214851581 1
8354234 214850771 1
8354234 214853128 0.5
8354234 214849153 0.5
8354234 214850754 0.5
8354234 214668185 0.5
8354234 214851313 0.5
1886623 214832720 1
1886623 214829670 1
1886623 214829711 1
1886623 214836915 1
1886623 214826705 0.5
2144358 214829385 1
2144358 214835750 1
2144358 214829657 1
2144358 214835002 1
2144358 214826670 0.5
2144358 214716080 0.5
2144358 214587697 0.5
2144358 214826610 0.5
2144358 214826996 0.5
2144358 214834997 0.5
2144358 214826619 0.5
2144358 214829660 0.5
2144358 214573277 0.5
2144358 214711477 0.5
380491 214819719 1
380491 214821015 1
380491 214820812 1
380491 214820458 1
380491 214744779 0.5
380491 214821037 0.5
8421829 214716746 1
8421829 214851161 1
8421829 214851080 1
8421829 214685049 1
8421829 214851234 0.5
8421829 214851236 0.5
8421829 214716714 0.5
5073354 214829878 1
5073354 214845352 1
5073354 214845577 1
5073354 214845581 1
5073354 214845354 0.5
5073354 214838092 0.5
5073354 214829882 0.5
5073354 214829885 0.5
9675216 214677830 1
9675216 214851101 1
9675216 214851159 1
9675216 214853169 1
9675216 214851232 0.5
9675216 214851137 0.5
9675216 214851077 0.5
9675216 214853130 0.5
9675216 214678387 0.5
9675216 214573820 0.5
10047959 214853767 1
10047959 214853702 1
10047959 214850754 1
10047959 214854152 1
10047959 214853353 0.5
10047959 214853730 0.5
10047959 214718220 0.5
10673109 214854352 1
10673109 214853244 1
10673109 214854536 1
10673109 214854354 1
10673109 214853930 0.5
10673109 214854545 0.5
10673109 214854547 0.5
10673109 214854358 0.5
10673109 214847255 0.5
10673109 214854495 0.5
8731102 214853422 1
8731102 214853428 1
8731102 214853460 1
8731102 214853420 1
8731102 214831955 0.5
8731102 214711307 0.5
8731102 214853340 0.5
8731102 214850949 0.5
6808031 214839617 1
6808031 214846001 1
6808031 214848165 1
6808031 214844400 1
6808031 214845984 0.5
6808031 214819777 0.5
6808031 214667970 0.5
6808031 214829797 0.5
6808031 214718182 0.5
6808031 214849736 0.5
6808031 214846460 0.5
6808031 214849738 0.5
6808031 214601229 0.5
6808031 214561775 0.5
6808031 214836885 0.5
6808031 214711477 0.5
6808031 214836855 0.5
6808031 214705370 0.5
6808031 214849250 0.5
6808031 214829850 0.5
6808031 214717410 0.5
6808031 214850364 0.5
6808031 214849466 0.5
6808031 214846367 0.5
8055761 214686857 1
8055761 214716714 1
8055761 214851322 1
8055761 214716671 1
8055761 214564451 0.5
8055761 214819412 0.5
8055761 214827005 0.5
8055761 214716654 0.5
1187711 214829045 1
1187711 214821350 1
1187711 214826561 1
1187711 214821395 1
1187711 214826610 0.5
1187711 214826563 0.5
1187711 214820805 0.5
1710564 214829657 1
1710564 214829385 1
1710564 214829660 1
1710564 214819719 1
1710564 214586432 0.5
1710564 214563337 0.5
1710564 214800272 0.5
1710564 214601233 0.5
1710564 214717850 0.5
1710564 214706462 0.5
1710564 214748319 0.5
1710564 214819760 0.5
1710564 214743335 0.5
1710564 214684843 0.5
1710564 214819762 0.5
1710564 214826799 0.5
1710564 214839600 0.5
1710564 214587697 0.5
1710564 214820402 0.5
1710564 214706102 0.5
1710564 214819376 0.5
1710564 214835002 0.5
1710564 214834877 0.5
1710564 214587712 0.5
1710564 214835522 0.5
1710564 214829366 0.5
1710564 214743369 0.5
1710564 214820812 0.5
1710564 214827002 0.5
1710564 214829280 0.5
1710564 214555492 0.5
1710564 214820456 0.5
1710564 214687852 0.5
1710564 214826610 0.5
1710564 214612730 0.5
7518694 214846112 1
7518694 214846072 1
7518694 214850555 1
7518694 214850765 1
7518694 214850700 0.5
6398439 214848337 1
6398439 214846318 1
6398439 214849275 1
6398439 214848377 1
6398439 214848328 0.5
6398439 214826610 0.5
6398439 214846460 0.5
6398439 214846421 0.5
7918073 214651777 1
7918073 214561775 1
7918073 214850771 1
7918073 214676375 1
7918073 214556840 0.5
7918073 214676306 0.5
7918073 214829668 0.5
10179067 214567329 1
10179067 214854264 1
10179067 214837288 1
10179067 214854358 1
10179067 214853713 0.5
10179067 214853154 0.5
10179067 214853707 0.5
10179067 214846427 0.5
10179067 214567215 0.5
7402577 214849250 1
7402577 214849745 1
7402577 214819380 1
7402577 214819378 1
7402577 214850711 0.5
8671743 214853094 1
8671743 214853105 1
8671743 214853248 1
8671743 214852978 1
8671743 214853096 0.5
8671743 214851326 0.5
5628416 214846061 1
5628416 214846029 1
5628416 214835747 1
5628416 214845917 1
5628416 214849001 0.5
5628416 214835426 0.5
5628416 214846007 0.5
5628416 214845887 0.5
5628416 214846001 0.5
10580481 214853342 1
10580481 214848975 1
10580481 214853338 1
10580481 214853340 1
10580481 214849809 0.5
10580481 214711307 0.5
10265092 214854343 1
10265092 214853767 1
10265092 214854515 1
10265092 214687475 1
10265092 214854298 0.5
10265092 214854527 0.5
2216454 214829878 1
2216454 214836517 1
2216454 214829887 1
2216454 214829885 1
2216454 214829880 0.5
2216454 214829882 0.5
7143943 214850282 1
7143943 214850295 1
7143943 214849745 1
7143943 214850285 1
7143943 214850315 0.5
2573107 214829885 1
2573107 214829880 1
2573107 214831950 1
2573107 214686082 1
2573107 214831946 0.5
2573107 214831955 0.5
2573107 214831948 0.5
2573107 214831957 0.5
2573107 214829878 0.5
9744923 214853422 1
9744923 214853428 1
9744923 214853460 1
9744923 214850945 1
9744923 214711307 0.5
5820962 214846447 1
5820962 214846001 1
5820962 214846061 1
5820962 214845984 1
5820962 214748336 0.5
5820962 214698418 0.5
5820962 214846067 0.5
5820962 214848997 0.5
7639587 214850938 1
7639587 214850792 1
7639587 214564387 1
7639587 214850739 1
7639587 214850619 0.5
7639587 214850709 0.5
7639587 214573310 0.5
1376806 214834877 1
1376806 214826610 1
1376806 214829396 1
1376806 214821350 1
1376806 214821407 0.5
8421929 214853096 1
8421929 214852978 1
8421929 214853085 1
8421929 214853105 1
8421929 214853094 0.5
8010277 214851080 1
8010277 214851317 1
8010277 214851236 1
8010277 214849100 1
8010277 214851075 0.5
8010277 214849252 0.5
8010277 214851013 0.5
8010277 214850771 0.5
8010277 214849363 0.5
8010277 214851133 0.5
8010277 214851077 0.5
3041838 214834867 1
3041838 214835017 1
3041838 214835132 1
3041838 214835019 1
3041838 214842450 0.5
7094024 214849766 1
7094024 214849807 1
7094024 214716932 1
7094024 214832158 1
7094024 214716935 0.5
7094024 214849747 0.5
7094024 214695399 0.5
348722 214826876 1
348722 214821277 1
348722 214821292 1
348722 214826837 1
348722 214839995 0.5
348722 214717877 0.5
348722 214826702 0.5
5309253 214844398 1
5309253 214836932 1
5309253 214748336 1
5309253 214845583 1
5309253 214838225 0.5
10334776 214854268 1
10334776 214854510 1
10334776 214854264 1
10334776 214854262 1
10334776 214567329 0.5
10334776 214567327 0.5
10334776 214567333 0.5
10334776 214567215 0.5
8469052 214716714 1
8469052 214716746 1
8469052 214851131 1
8469052 214851165 1
8469052 214851097 0.5
8469052 214851315 0.5
8469052 214850790 0.5
5358141 214846065 1
5358141 214835167 1
5358141 214839969 1
5358141 214835745 1
5358141 214845131 0.5
5358141 214819430 0.5
8675903 214851017 1
8675903 214851071 1
8675903 214851287 1
8675903 214851148 1
8675903 214717288 0.5
8675903 214851129 0.5
8675903 214595139 0.5
8675903 214691540 0.5
8675903 214706473 0.5
4358722 214821315 1
4358722 214576892 1
4358722 214680515 1
4358722 214684108 1
4358722 214612706 0.5
4358722 214643036 0.5
4358722 214533022 0.5
4358722 214554950 0.5
2605774 214829366 1
2605774 214829882 1
2605774 214829880 1
2605774 214829394 1
2605774 214829885 0.5
2605774 214829878 0.5
9742922 214853707 1
9742922 214853722 1
9742922 214853700 1
9742922 214853709 1
9742922 214853713 0.5
9742922 214848185 0.5
9742922 214853702 0.5
9742922 214853767 0.5
6924399 214848337 1
6924399 214848410 1
6924399 214848380 1
6924399 214835109 1
6924399 214848328 0.5
6924399 214848656 0.5
6924399 214846535 0.5
5777996 214845887 1
5777996 214846007 1
5777996 214846001 1
5777996 214835747 1
5777996 214849001 0.5
5777996 214845917 0.5
3175522 214836795 1
3175522 214829773 1
3175522 214836870 1
3175522 214613741 1
3175522 214829771 0.5
10202563 214853454 1
10202563 214850945 1
10202563 214853424 1
10202563 214853353 1
10202563 214853154 0.5
10202563 214853702 0.5
10202563 214853767 0.5
10202563 214854152 0.5
10202563 214844396 0.5
10202563 214853698 0.5
10202563 214838094 0.5
10202563 214853713 0.5
10202563 214848185 0.5
10202563 214853722 0.5
98902 214839311 1
98902 214819387 1
98902 214826715 1
98902 214826955 1
98902 214819734 0.5
9980504 214837288 1
9980504 214854268 1
9980504 214854264 1
9980504 214853722 1
9980504 214854148 0.5
9980504 214854262 0.5
9980504 214684785 0.5
9980504 214853994 0.5
9980504 214853713 0.5
9980504 214850741 0.5
9980504 214854358 0.5
9980504 214853848 0.5
2842161 214835122 1
2842161 214836249 1
2842161 214832115 1
2842161 214832124 1
2842161 214837442 0.5
2842161 214829878 0.5
2842161 214642314 0.5
2842161 214585554 0.5
2842161 214676019 0.5
2842161 214583670 0.5
2842161 214821407 0.5
6969957 214845954 1
6969957 214846119 1
6969957 214845962 1
6969957 214680360 1
6969957 214849010 0.5
6969957 214845965 0.5
6969957 214811758 0.5
11004518 214854172 1
11004518 214684785 1
11004518 214853992 1
11004518 214853094 1
11004518 214684762 0.5
11004518 214853413 0.5
11004518 214853726 0.5
735852 214716746 1
735852 214716714 1
735852 214684942 1
735852 214826912 1
735852 214676066 0.5
735852 214684841 0.5
735852 214684845 0.5
735852 214558192 0.5
735852 214571188 0.5
735852 214556057 0.5
735852 214828987 0.5
735852 214563133 0.5
9472939 214844396 1
9472939 214849734 1
9472939 214844400 1
9472939 214651777 1
9472939 214853154 0.5
9472939 214850947 0.5
9472939 214850760 0.5
9472939 214850765 0.5
9472939 214846127 0.5
9472939 214848688 0.5
9472939 214850705 0.5
9472939 214553561 0.5
9472939 214851097 0.5
9472939 214846415 0.5
9472939 214854172 0.5
9472939 214850621 0.5
9472939 214836926 0.5
817778 214821277 1
817778 214826816 1
817778 214826608 1
817778 214821292 1
817778 214826801 0.5
817778 214826702 0.5
817778 214826705 0.5
8137337 214851099 1
8137337 214848630 1
8137337 214851159 1
8137337 214846404 1
8137337 214851232 0.5
8137337 214716645 0.5
8137337 214851238 0.5
8137337 214748334 0.5
8137337 214851290 0.5
8137337 214844347 0.5
8137337 214851133 0.5
8137337 214851135 0.5
5730938 214846001 1
5730938 214845954 1
5730938 214846033 1
5730938 214846014 1
5730938 214845986 0.5
5730938 214835747 0.5
5730938 214848997 0.5
5730938 214835017 0.5
5730938 214846061 0.5
5730938 214846447 0.5
5730938 214748336 0.5
5730938 214846007 0.5
5730938 214845917 0.5
9690559 214853996 1
9690559 214853852 1
9690559 214853848 1
9690559 214853846 1
9690559 214853992 0.5
9690559 214853994 0.5
10310272 214854720 1
10310272 214854782 1
10310272 214854840 1
10310272 214853102 1
10310272 214864880 0.5
10310272 214684730 0.5
11221633 214854720 1
11221633 214855209 1
11221633 214854860 1
11221633 214854780 1
11221633 214829394 0.5
11221633 214712132 0.5
11221633 214716645 0.5
9084293 214853090 1
9084293 214853094 1
9084293 214851326 1
9084293 214853248 1
9084293 214853096 0.5
9084293 214852978 0.5
9084293 214853077 0.5
9084293 214853085 0.5
6255241 214849333 1
6255241 214849192 1
6255241 214849320 1
6255241 214835473 1
6255241 214712244 0.5
6255241 214826990 0.5
6255241 214848695 0.5
9738891 214850947 1
9738891 214850949 1
9738891 214853338 1
9738891 214853340 1
9738891 214831955 0.5
8794767 214853210 1
8794767 214853242 1
8794767 214851750 1
8794767 214853132 1
8794767 214853222 0.5
11249432 214854840 1
11249432 214855016 1
11249432 214864880 1
11249432 214853102 1
11249432 214854787 0.5
3009171 214834867 1
3009171 214580814 1
3009171 214540597 1
3009171 214829728 1
3009171 214541355 0.5
3009171 214837918 0.5
9343642 214853454 1
9343642 214850942 1
9343642 214853424 1
9343642 214850621 1
9343642 214850720 0.5
9343642 214853992 0.5
9343642 214849365 0.5
9343642 214849464 0.5
9343642 214819577 0.5
9343642 214564382 0.5
770159 214827009 1
770159 214826617 1
770159 214826932 1
770159 214821401 1
770159 214826872 0.5
770159 214826876 0.5
770159 214826908 0.5
770159 214826837 0.5
10242719 214854352 1
10242719 214854300 1
10242719 214854515 1
10242719 214854517 1
10242719 214853094 0.5
1381031 214834880 1
1381031 214834877 1
1381031 214833755 1
1381031 214821399 1
1381031 214829366 0.5
4369066 214848178 1
4369066 214839960 1
4369066 214587317 1
4369066 214820220 1
4369066 214839967 0.5
6846578 214844396 1
6846578 214849344 1
6846578 214849312 1
6846578 214844400 1
6846578 214844402 0.5
6846578 214850788 0.5
6846578 214839973 0.5
6846578 214849333 0.5
5528238 214844342 1
5528238 214844347 1
5528238 214844345 1
5528238 214832150 1
5528238 214834880 0.5
5528238 214685857 0.5
5528238 214835109 0.5
5528238 214552522 0.5
5528238 214826990 0.5
5528238 214826621 0.5
5528238 214675890 0.5
5528238 214553844 0.5
5528238 214556025 0.5
5528238 214844340 0.5
5528238 214606972 0.5
5528238 214554973 0.5
5528238 214821022 0.5
11494064 214854853 1
11494064 214850315 1
11494064 214854787 1
11494064 214855151 1
11494064 214837873 0.5
4739767 214602598 1
4739767 214836855 1
4739767 214829775 1
4739767 214848176 1
4739767 214829280 0.5
4739767 214839617 0.5
4739767 214839973 0.5
4739767 214554950 0.5
4739767 214826977 0.5
4739767 214819691 0.5
4739767 214709638 0.5
4739767 214835469 0.5
4739767 214845806 0.5
4739767 214601229 0.5
4739767 214601233 0.5
4739767 214848178 0.5
4739767 214826932 0.5
4739767 214836853 0.5
4739767 214556342 0.5
4739767 214826934 0.5
4739767 214827007 0.5
4432568 214836857 1
4432568 214829775 1
4432568 214587317 1
4432568 214836853 1
4432568 214586694 0.5
9669307 214853420 1
9669307 214850942 1
9669307 214853422 1
9669307 214853342 1
9669307 214850949 0.5
5939912 214846117 1
5939912 214846119 1
5939912 214845962 1
5939912 214849010 1
5939912 214845971 0.5
5939912 214829739 0.5
5939912 214821035 0.5
6564553 214848375 1
6564553 214846466 1
6564553 214602600 1
6564553 214832792 1
6564553 214846305 0.5
6564553 214791688 0.5
6564553 214848688 0.5
6564553 214826994 0.5
6564553 214846419 0.5
6564553 214844372 0.5
4440786 214587317 1
4440786 214602598 1
4440786 214829280 1
4440786 214836855 1
4440786 214586694 0.5
4440786 214829775 0.5
6052727 214845982 1
6052727 214848165 1
6052727 214850872 1
6052727 214850870 1
6052727 214850880 0.5
6052727 214837483 0.5
5309142 214844370 1
5309142 214844372 1
5309142 214844355 1
5309142 214844398 1
5309142 214844396 0.5
10599138 214567329 1
10599138 214567215 1
10599138 214843875 1
10599138 214854313 1
10599138 214854264 0.5
10599138 214567333 0.5
5925616 214846031 1
5925616 214846029 1
5925616 214845478 1
5925616 214846014 1
5925616 214564320 0.5
5925616 214846466 0.5
5925616 214845480 0.5
5925616 214840907 0.5
5925616 214819640 0.5
5925616 214842482 0.5
5925616 214845493 0.5
5925616 214829880 0.5
709361 214709634 1
709361 214839313 1
709361 214827000 1
709361 214826925 1
709361 214827005 0.5
709361 214821279 0.5
11084532 214854767 1
11084532 214854770 1
11084532 214855209 1
11084532 214854512 1
11084532 214686864 0.5
11084532 214854497 0.5
11084532 214854502 0.5
11084532 214686879 0.5
8479477 214850630 1
8479477 214851017 1
8479477 214851287 1
8479477 214851294 1
8479477 214846475 0.5
8479477 214851583 0.5
8479477 214851071 0.5
2145018 214829657 1
2145018 214829385 1
2145018 214829887 1
2145018 214835002 1
2145018 214826563 0.5
2145018 214829660 0.5
1348351 214829366 1
1348351 214834877 1
1348351 214829387 1
1348351 214826610 1
1348351 214833755 0.5
11098883 214853102 1
11098883 214854840 1
11098883 214854782 1
11098883 214854532 1
11098883 214714755 0.5
11098883 214853732 0.5
11098883 214854118 0.5
11098883 214854731 0.5
11098883 214854860 0.5
11098883 214854733 0.5
11098883 214853707 0.5
11098883 214820345 0.5
11098883 214853724 0.5
8925956 214853096 1
8925956 214853105 1
8925956 214853085 1
8925956 214852978 1
8925956 214853248 0.5
8925956 214853094 0.5
2091781 214829878 1
2091781 214835124 1
2091781 214829664 1
2091781 214829051 1
2091781 214826977 0.5
2091781 214836328 0.5
2091781 214836330 0.5
2091781 214829882 0.5
2091781 214746427 0.5
2091781 214829850 0.5
5403399 214844396 1
5403399 214845587 1
5403399 214844370 1
5403399 214844398 1
5403399 214844345 0.5
103179 214821285 1
103179 214821290 1
103179 214691426 1
103179 214691390 1
103179 214839313 0.5
103179 214691428 0.5
103179 214691293 0.5
9528082 214850947 1
9528082 214850949 1
9528082 214853422 1
9528082 214711307 1
9528082 214850945 0.5
9528082 214853428 0.5
9528082 214850942 0.5
8061718 214846067 1
8061718 214851122 1
8061718 214849102 1
8061718 214845885 1
8061718 214851236 0.5
8061718 214851581 0.5
4521433 214839358 1
4521433 214839915 1
4521433 214674767 1
4521433 214832145 1
4521433 214839971 0.5
4521433 214576892 0.5
4521433 214829790 0.5
1737496 214819760 1
1737496 214819376 1
1737496 214744775 1
1737496 214753515 1
1737496 214684843 0.5
1737496 214716110 0.5
1737496 214743335 0.5
8980271 214852978 1
8980271 214853105 1
8980271 214853248 1
8980271 214853094 1
8980271 214853096 0.5
8980271 214853242 0.5
8980271 214853077 0.5
3687197 214836932 1
3687197 214835109 1
3687197 214826990 1
3687197 214820220 1
3687197 214838227 0.5
11035422 214854767 1
11035422 214854836 1
11035422 214854834 1
11035422 214686879 1
11035422 214854819 0.5
11035422 214538572 0.5
2450212 214829878 1
2450212 214829887 1
2450212 214835550 1
2450212 214835574 1
2450212 214829880 0.5
2450212 214600509 0.5
7840549 214850940 1
7840549 214850938 1
7840549 214850621 1
7840549 214564382 1
7840549 214850739 0.5
9224577 214665277 1
9224577 214847649 1
9224577 214853454 1
9224577 214716707 1
9224577 214853865 0.5
9224577 214853195 0.5
9224577 214832604 0.5
4083104 214845127 1
4083104 214838122 1
4083104 214702933 1
4083104 214839341 1
4083104 214541355 0.5
4083104 214583610 0.5
4083104 214839339 0.5
745951 214821020 1
745951 214819547 1
745951 214819550 1
745951 214718379 1
745951 214821390 0.5
4741943 214826951 1
4741943 214829364 1
4741943 214834867 1
4741943 214835021 1
4741943 214839971 0.5
4741943 214839973 0.5
4741943 214829287 0.5
4741943 214667912 0.5
4741943 214559660 0.5
4741943 214690796 0.5
4741943 214609325 0.5
4741943 214601233 0.5
4741943 214708370 0.5
4741943 214826563 0.5
4741943 214642805 0.5
4741943 214832126 0.5
4741943 214587697 0.5
4741943 214573310 0.5
2810683 214835747 1
2810683 214835017 1
2810683 214832792 1
2810683 214826977 1
2810683 214748289 0.5
2810683 214717286 0.5
2810683 214835019 0.5
2810683 214586668 0.5
2810683 214609325 0.5
2810683 214837455 0.5
2810683 214672944 0.5
2810683 214831959 0.5
2810683 214826711 0.5
5430082 214844349 1
5430082 214836956 1
5430082 214840091 1
5430082 214837288 1
5430082 214835473 0.5
5430082 214837442 0.5
5430082 214832124 0.5
5430082 214832156 0.5
5268294 214849001 1
5268294 214832145 1
5268294 214845917 1
5268294 214846001 1
5268294 214846033 0.5
5268294 214835019 0.5
5268294 214848997 0.5
5268294 214846007 0.5
8958433 214716714 1
8958433 214716746 1
8958433 214685049 1
8958433 214851161 1
8958433 214851080 0.5
8958433 214851234 0.5
8958433 214716671 0.5
8958433 214827005 0.5
8958433 214851575 0.5
9302858 214853422 1
9302858 214853428 1
9302858 214853420 1
9302858 214853460 1
9302858 214831946 0.5
9302858 214850310 0.5
9921356 214718220 1
9921356 214718160 1
9921356 214718169 1
9921356 214821020 1
9921356 214717888 0.5
9921356 214853330 0.5
9861603 214853994 1
9861603 214853730 1
9861603 214853852 1
9861603 214853848 1
9861603 214854176 0.5
9861603 214853698 0.5
9861603 214853707 0.5
9861603 214853700 0.5
9861603 214853765 0.5
9861603 214853702 0.5
9861603 214850855 0.5
9861603 214854152 0.5
9861603 214853353 0.5
9861603 214853767 0.5
9861603 214853709 0.5
9861603 214574672 0.5
9861603 214853713 0.5
9861603 214853430 0.5
9861603 214853722 0.5
9601879 214853420 1
9601879 214850949 1
9601879 214853707 1
9601879 214854148 1
9601879 214853321 0.5
9601879 214853340 0.5
8153057 214853107 1
8153057 214853075 1
8153057 214851328 1
8153057 214853165 1
8153057 214851742 0.5
4520081 214826983 1
4520081 214829887 1
4520081 214838105 1
4520081 214831955 1
4520081 214686082 0.5
4520081 214706437 0.5
4520081 214831944 0.5
4520081 214826891 0.5
4520081 214832143 0.5
4520081 214711312 0.5
4520081 214514261 0.5
4520081 214829878 0.5
4520081 214600475 0.5
142196 214832557 1
142196 214821024 1
142196 214748336 1
142196 214821380 1
142196 214674487 0.5
8751989 214851290 1
8751989 214853263 1
8751989 214851232 1
8751989 214845939 1
8751989 214853128 0.5
8751989 214852985 0.5
8751989 214552522 0.5
8751989 214564380 0.5
3041759 214835017 1
3041759 214837918 1
3041759 214642805 1
3041759 214826565 1
3041759 214587712 0.5
3041759 214835745 0.5
3041759 214834867 0.5
3041759 214554662 0.5
3041759 214587697 0.5
7031671 214846460 1
7031671 214849357 1
7031671 214850321 1
7031671 214748282 1
7031671 214848954 0.5
8681674 214853237 1
8681674 214853132 1
8681674 214851750 1
8681674 214853210 1
8681674 214853242 0.5
5531631 214844396 1
5531631 214844400 1
5531631 214844372 1
5531631 214844370 1
5531631 214835064 0.5
8029724 214853188 1
8029724 214853195 1
8029724 214853227 1
8029724 214853190 1
8029724 214552522 0.5
10640261 214819577 1
10640261 214648252 1
10640261 214648254 1
10640261 214854515 1
10640261 214854547 0.5
10640261 214854300 0.5
10640261 214854579 0.5
10640261 214853094 0.5
10640261 214648247 0.5
2151304 214820394 1
2151304 214829660 1
2151304 214829852 1
2151304 214829385 1
2151304 214744779 0.5
9077641 214853381 1
9077641 214853147 1
9077641 214853417 1
9077641 214853379 1
9077641 214853156 0.5
8453004 214851236 1
8453004 214851322 1
8453004 214851122 1
8453004 214851287 1
8453004 214851583 0.5
1424364 214828976 1
1424364 214695399 1
1424364 214821410 1
1424364 214834880 1
1424364 214833755 0.5
3423119 214832126 1
3423119 214832128 1
3423119 214835475 1
3423119 214691679 1
3423119 214691587 0.5
3423119 214829657 0.5
3423119 214826563 0.5
3423119 214691563 0.5
5235604 214844400 1
5235604 214847940 1
5235604 214844405 1
5235604 214844345 1
5235604 214582948 0.5
5235604 214542759 0.5
7728026 214849466 1
7728026 214846344 1
7728026 214839617 1
7728026 214845984 1
7728026 214848950 0.5
6294682 214848613 1
6294682 214848808 1
6294682 214848851 1
6294682 214848832 1
6294682 214827005 0.5
6294682 214552142 0.5
6294682 214684845 0.5
6294682 214684942 0.5
6294682 214556055 0.5
10946032 214854823 1
10946032 214714755 1
10946032 214854716 1
10946032 214849250 1
10946032 214854720 0.5
10946032 214854733 0.5
10946032 214826623 0.5
11047846 214854733 1
11047846 214854731 1
11047846 214854802 1
11047846 214855209 1
11047846 214714755 0.5
4506538 214819468 1
4506538 214832010 1
4506538 214836536 1
4506538 214669730 1
4506538 214826825 0.5
811948 214602605 1
811948 214601272 1
811948 214569714 1
811948 214684942 1
811948 214556057 0.5
2623986 214561997 1
2623986 214560187 1
2623986 214686082 1
2623986 214820450 1
2623986 214831948 0.5
2623986 214556210 0.5
2623986 214575665 0.5
2623986 214684498 0.5
2623986 214829878 0.5
2623986 214829880 0.5
5534639 214844396 1
5534639 214845587 1
5534639 214845984 1
5534639 214829797 1
5534639 214845412 0.5
2444299 214834867 1
2444299 214835017 1
2444299 214587712 1
2444299 214835745 1
2444299 214835747 0.5
6443954 214848337 1
6443954 214848656 1
6443954 214835109 1
6443954 214845131 1
6443954 214848380 0.5
8592307 214851748 1
8592307 214853195 1
8592307 214853233 1
8592307 214853237 1
8592307 214851236 0.5
8592307 214846119 0.5
8592307 214853225 0.5
8592307 214853227 0.5
8592307 214820237 0.5
8592307 214845521 0.5
11185077 214854840 1
11185077 214853381 1
11185077 214864880 1
11185077 214854782 1
11185077 214853102 0.5
4802777 214613741 1
4802777 214829769 1
4802777 214829773 1
4802777 214829366 1
4802777 214835012 0.5
4802777 214602598 0.5
4802777 214582374 0.5
4802777 214821032 0.5
4802777 214643657 0.5
4802777 214832747 0.5
4802777 214820454 0.5
4802777 214834867 0.5
4802777 214826998 0.5
4802777 214836855 0.5
4802777 214828985 0.5
4802777 214835002 0.5
4802777 214829385 0.5
4802777 214831967 0.5
6708159 214848845 1
6708159 214849018 1
6708159 214853197 1
6708159 214829762 1
6708159 214541679 0.5
9817024 214854268 1
9817024 214854264 1
9817024 214854495 1
9817024 214853930 1
9817024 214853435 0.5
9817024 214853767 0.5
9817024 214853707 0.5
9817024 214567215 0.5
9817024 214684785 0.5
9817024 214854358 0.5
9817024 214851099 0.5
9817024 214853726 0.5
9714629 214853321 1
9714629 214853460 1
9714629 214850942 1
9714629 214853428 1
9714629 214853165 0.5
9714629 214853422 0.5
11019206 214854512 1
11019206 214854770 1
11019206 214686879 1
11019206 214686864 1
11019206 214854497 0.5
3612833 214839939 1
3612833 214838096 1
3612833 214838105 1
3612833 214839639 1
3612833 214838107 0.5
3612833 214831942 0.5
8045521 214851028 1
8045521 214716746 1
8045521 214851161 1
8045521 214716671 1
8045521 214851234 0.5
8045521 214851579 0.5
8045521 214851080 0.5
8045521 214684942 0.5
8045521 214848851 0.5
8045521 214851317 0.5
8045521 214851575 0.5
8045521 214851163 0.5
9472269 214845962 1
9472269 214853128 1
9472269 214850366 1
9472269 214684715 1
9472269 214846312 0.5
9472269 214829880 0.5
9472269 214829878 0.5
5171022 214844340 1
5171022 214850402 1
5171022 214845587 1
5171022 214545575 1
5171022 214516048 0.5
5171022 214832150 0.5
5171022 214844342 0.5
2540506 214748295 1
2540506 214748291 1
2540506 214753505 1
2540506 214748302 1
2540506 214718248 0.5
2540506 214835111 0.5
5845981 214844370 1
5845981 214826563 1
5845981 214712126 1
5845981 214565720 1
5845981 214585633 0.5
5845981 214835002 0.5
5845981 214535985 0.5
5426684 214844396 1
5426684 214844402 1
5426684 214844370 1
5426684 214821277 1
5426684 214844400 0.5
5426684 214844355 0.5
5374462 214844370 1
5374462 214844402 1
5374462 214844396 1
5374462 214845131 1
5374462 214838225 0.5
5374462 214848997 0.5
5374462 214836926 0.5
5987318 214846367 1
5987318 214846460 1
5987318 214846397 1
5987318 214846472 1
5987318 214848992 0.5
5987318 214819779 0.5
5987318 214717087 0.5
8194559 214851122 1
8194559 214716671 1
8194559 214716746 1
8194559 214849155 1
8194559 214716714 0.5
8194559 214717003 0.5
8194559 214748334 0.5
8194559 214716654 0.5
721918 214821305 1
721918 214844357 1
721918 214828995 1
721918 214821307 1
721918 214821302 0.5
3032917 214829042 1
3032917 214829394 1
3032917 214512152 1
3032917 214835512 1
3032917 214826992 0.5
3032917 214550548 0.5
3032917 214829878 0.5
6775809 214835745 1
6775809 214834867 1
6775809 214835017 1
6775809 214849239 1
6775809 214839973 0.5
6775809 214657318 0.5
6775809 214848682 0.5
6775809 214600492 0.5
6775809 214845806 0.5
6775809 214844400 0.5
6775809 214848695 0.5
6775809 214553561 0.5
6775809 214834877 0.5
8381953 214851146 1
8381953 214849757 1
8381953 214851013 1
8381953 214851135 1
8381953 214595139 0.5
8381953 214686857 0.5
8381953 214717003 0.5
8381953 214844398 0.5
8381953 214844400 0.5
8381953 214844372 0.5
8381953 214849466 0.5
2921484 214835019 1
2921484 214826565 1
2921484 214602600 1
2921484 214831948 1
2921484 214835747 0.5
6081026 214848613 1
6081026 214835473 1
6081026 214848832 1
6081026 214848808 1
6081026 214601233 0.5
6081026 214837003 0.5
6081026 214848997 0.5
6081026 214706102 0.5
10538237 214854300 1
10538237 214854802 1
10538237 214714755 1
10538237 214854842 1
10538237 214849250 0.5
10538237 214854860 0.5
10538237 214859246 0.5
10538237 214855153 0.5
10538237 214850739 0.5
10538237 214854585 0.5
10538237 214826623 0.5
9927854 214853707 1
9927854 214853698 1
9927854 214853702 1
9927854 214853767 1
9927854 214853713 0.5
3535898 214820452 1
3535898 214836830 1
3535898 214836885 1
3535898 214738460 1
3535898 214569474 0.5
3535898 214836870 0.5
3535898 214836875 0.5
3535898 214586668 0.5
3535898 214718387 0.5
3535898 214836534 0.5
3535898 214839607 0.5
3535898 214829368 0.5
3535898 214702905 0.5
3535898 214826938 0.5
3535898 214836795 0.5
3535898 214537541 0.5
3535898 214829769 0.5
3535898 214829771 0.5
3535898 214829773 0.5
3535898 214718158 0.5
3535898 214582350 0.5
3535898 214538582 0.5
3535898 214826711 0.5
3535898 214595150 0.5
3535898 214582372 0.5
3535898 214538484 0.5
9486511 214850949 1
9486511 214850945 1
9486511 214853338 1
9486511 214711307 1
9486511 214744258 0.5
9486511 214701787 0.5
9486511 214853420 0.5
9486511 214853342 0.5
8757766 214853107 1
8757766 214853130 1
8757766 214853109 1
8757766 214678387 1
8757766 214853169 0.5
8757766 214853075 0.5
8757766 214846117 0.5
8757766 214851742 0.5
7469753 214850938 1
7469753 214850790 1
7469753 214850405 1
7469753 214849363 1
7469753 214850792 0.5
7469753 214850619 0.5
7469753 214849395 0.5
10599477 214854298 1
10599477 214854532 1
10599477 214854600 1
10599477 214854527 1
10599477 214845583 0.5
7895956 214850936 1
7895956 214836566 1
7895956 214845131 1
7895956 214850621 1
7895956 214836092 0.5
5737531 214849010 1
5737531 214821382 1
5737531 214676377 1
5737531 214845135 1
5737531 214845965 0.5
1651781 214836328 1
1651781 214829666 1
1651781 214821397 1
1651781 214829664 1
1651781 214826921 0.5
1651781 214836330 0.5
1651781 214829852 0.5
1651781 214832722 0.5
1651781 214821399 0.5
4439112 214836330 1
4439112 214602733 1
4439112 214836926 1
4439112 214697096 1
4439112 214706465 0.5
4439112 214569474 0.5
4439112 214717412 0.5
4439112 214839975 0.5
4439112 214832023 0.5
4439112 214835469 0.5
4439112 214848176 0.5
4439112 214553561 0.5
4439112 214554707 0.5
4439112 214706102 0.5
4439112 214826711 0.5
4439112 214702905 0.5
4439112 214829850 0.5
4439112 214829852 0.5
4439112 214837882 0.5
4439112 214690110 0.5
4439112 214831967 0.5
2634826 214586668 1
2634826 214674427 1
2634826 214667912 1
2634826 214791635 1
2634826 214829379 0.5
2634826 214718379 0.5
2634826 214821399 0.5
2634826 214826874 0.5
2634826 214554332 0.5
2634826 214717085 0.5
10046542 214854172 1
10046542 214853865 1
10046542 214853992 1
10046542 214854262 1
10046542 214854146 0.5
10046542 214853767 0.5
7032711 214849766 1
7032711 214849745 1
7032711 214844372 1
7032711 214826990 1
7032711 214696897 0.5
6310999 214848656 1
6310999 214846530 1
6310999 214832145 1
6310999 214846412 1
6310999 214850880 0.5
6310999 214839971 0.5
6310999 214839973 0.5
6310999 214846421 0.5
6310999 214850870 0.5
6310999 214850872 0.5
3842956 214835109 1
3842956 214826990 1
3842956 214835167 1
3842956 214829765 1
3842956 214820803 0.5
3842956 214845127 0.5
3842956 214558254 0.5
3842956 214716626 0.5
3842956 214826932 0.5
3842956 214705147 0.5
3842956 214581596 0.5
9559132 214853996 1
9559132 214854065 1
9559132 214853702 1
9559132 214853767 1
9559132 214853713 0.5
9559132 214850743 0.5
9559132 214853396 0.5
9559132 214853709 0.5
9559132 214674767 0.5
8895582 214851742 1
8895582 214678376 1
8895582 214849010 1
8895582 214853105 1
8895582 214853128 0.5
8895582 214853090 0.5
1109089 214820392 1
1109089 214587317 1
1109089 214826904 1
1109089 214826906 1
1109089 214586694 0.5
1109089 214829387 0.5
1109089 214828980 0.5
1109089 214586743 0.5
1109089 214557279 0.5
1109089 214833755 0.5
1109089 214835743 0.5
10258092 214854789 1
10258092 214854300 1
10258092 214854585 1
10258092 214854358 1
10258092 214853728 0.5
10258092 214837442 0.5
10258092 214853413 0.5
10258092 214837873 0.5
10258092 214853992 0.5
10258092 214854510 0.5
10258092 214677615 0.5
10258092 214854536 0.5
10258092 214850741 0.5
10258092 214854262 0.5
10258092 214819577 0.5
10258092 214567327 0.5
10258092 214709685 0.5
10663013 214854536 1
10663013 214854352 1
10663013 214854577 1
10663013 214820456 1
10663013 214854354 0.5
2274407 214829878 1
2274407 214831948 1
2274407 214829051 1
2274407 214819719 1
2274407 214836328 0.5
8283666 214853135 1
8283666 214853188 1
8283666 214853184 1
8283666 214853190 1
8283666 214851131 0.5
8283666 214851579 0.5
8283666 214853094 0.5
8283666 214716110 0.5
8283666 214716671 0.5
8283666 214851317 0.5
8283666 214850870 0.5
8283666 214851097 0.5
8283666 214851163 0.5
8283666 214853077 0.5
10691694 214854579 1
10691694 214854358 1
10691694 214853726 1
10691694 214854547 1
10691694 214684785 0.5
3843186 214838102 1
3843186 214838107 1
3843186 214839590 1
3843186 214829070 1
3843186 214829797 0.5
3843186 214826623 0.5
4724972 214587712 1
4724972 214839587 1
4724972 214587697 1
4724972 214829852 1
4724972 214819760 0.5
4724972 214832145 0.5
4724972 214839932 0.5
4724972 214829321 0.5
5692547 214844368 1
5692547 214844396 1
5692547 214844355 1
5692547 214844400 1
5692547 214579839 0.5
5045382 214832156 1
5045382 214837288 1
5045382 214837286 1
5045382 214845577 1
5045382 214837280 0.5
5045382 214819400 0.5
5045382 214829887 0.5
5045382 214838105 0.5
11426956 214854857 1
11426956 214854770 1
11426956 214686879 1
11426956 214844355 1
11426956 214686864 0.5
11426956 214848658 0.5
11426956 214854819 0.5
11426956 214854767 0.5
10501263 214854579 1
10501263 214854300 1
10501263 214854547 1
10501263 214820394 1
10501263 214854352 0.5
10501263 214849464 0.5
10501263 214854534 0.5
10501263 214819577 0.5
169107 214821017 1
169107 214821022 1
169107 214718160 1
169107 214832557 1
169107 214819552 0.5
169107 214821024 0.5
169107 214687685 0.5
169107 214554332 0.5
169107 214821037 0.5
169107 214832559 0.5
169107 214791635 0.5
169107 214717888 0.5
169107 214718169 0.5
169107 214840412 0.5
9213077 214853420 1
9213077 214567329 1
9213077 214853132 1
9213077 214850942 1
9213077 214743339 0.5
9213077 214850947 0.5
9213077 214579875 0.5
9213077 214853726 0.5
10477081 214854780 1
10477081 214854840 1
10477081 214854718 1
10477081 214853102 1
10477081 214854787 0.5
7832102 214564387 1
7832102 214850771 1
7832102 214850938 1
7832102 214850743 1
7832102 214850848 0.5
7832102 214849395 0.5
7832102 214850940 0.5
10394777 214854300 1
10394777 214854585 1
10394777 214840001 1
10394777 214854230 1
10394777 214854547 0.5
10394777 214846391 0.5
7591066 214821022 1
7591066 214850743 1
7591066 214850936 1
7591066 214850870 1
7591066 214850720 0.5
7591066 214850938 0.5
7591066 214850756 0.5
7591066 214850405 0.5
5817499 214845962 1
5817499 214811739 1
5817499 214845971 1
5817499 214835745 1
5817499 214835747 0.5
5817499 214839973 0.5
5817499 214709702 0.5
5817499 214846447 0.5
5817499 214846001 0.5
5817499 214582200 0.5
3921053 214835109 1
3921053 214832012 1
3921053 214836932 1
3921053 214838227 1
3921053 214744258 0.5
6384799 214848330 1
6384799 214846535 1
6384799 214848328 1
6384799 214716643 1
6384799 214717552 0.5
6384799 214531545 0.5
6384799 214835109 0.5
6384799 214644686 0.5
6384799 214848373 0.5
2550944 214829878 1
2550944 214829882 1
2550944 214829885 1
2550944 214831957 1
2550944 214831948 0.5
11119781 214714755 1
11119781 214854080 1
11119781 214854575 1
11119781 214854257 1
11119781 214854733 0.5
11119781 214583670 0.5
11070633 214854534 1
11070633 214854547 1
11070633 214854579 1
11070633 214854585 1
11070633 214849807 0.5
2344106 214829880 1
2344106 214826985 1
2344106 214712237 1
2344106 214829887 1
2344106 214829878 0.5
4053192 214640353 1
4053192 214847649 1
4053192 214838098 1
4053192 214832147 1
4053192 214554675 0.5
4053192 214662750 0.5
8844468 214853248 1
8844468 214853085 1
8844468 214852978 1
8844468 214853094 1
8844468 214853225 0.5
6003893 214839866 1
6003893 214705792 1
6003893 214839868 1
6003893 214839870 1
6003893 214849074 0.5
4799689 214601272 1
4799689 214819685 1
4799689 214839965 1
4799689 214832147 1
4799689 214844497 0.5
4799689 214584043 0.5
7953592 214844394 1
7953592 214850743 1
7953592 214850741 1
7953592 214850936 1
7953592 214850938 0.5
7953592 214849363 0.5
7953592 214716645 0.5
7953592 214853758 0.5
7953592 214844439 0.5
10275212 214854536 1
10275212 214853113 1
10275212 214567329 1
10275212 214819599 1
10275212 214567333 0.5
10275212 214854510 0.5
10275212 214748336 0.5
10275212 214854545 0.5
10275212 214854262 0.5
10275212 214854268 0.5
10275212 214567327 0.5
2254013 214717877 1
2254013 214826615 1
2254013 214826617 1
2254013 214573288 1
2254013 214556025 0.5
2254013 214573277 0.5
3261634 214832747 1
3261634 214836932 1
3261634 214835012 1
3261634 214832557 1
3261634 214676019 0.5
3261634 214836924 0.5
3261634 214829366 0.5
1251362 214699065 1
1251362 214712235 1
1251362 214821037 1
1251362 214826955 1
1251362 214828970 0.5
1251362 214684715 0.5
1504319 214712126 1
1504319 214711280 1
1504319 214821410 1
1504319 214834880 1
1504319 214834877 0.5
8311671 214849057 1
8311671 214848380 1
8311671 214844342 1
8311671 214851585 1
8311671 214826610 0.5
8311671 214838227 0.5
8311671 214564380 0.5
8311671 214835109 0.5
4476114 214831970 1
4476114 214839971 1
4476114 214835019 1
4476114 214845806 1
4476114 214835745 0.5
4476114 214839587 0.5
4476114 214657318 0.5
4476114 214711657 0.5
4476114 214753515 0.5
4476114 214600492 0.5
4476114 214748336 0.5
4476114 214826998 0.5
4476114 214828985 0.5
4476114 214829852 0.5
4476114 214831967 0.5
5770687 214845962 1
5770687 214845954 1
5770687 214849010 1
5770687 214846119 1
5770687 214845965 0.5
2288859 214829878 1
2288859 214829882 1
2288859 214820456 1
2288859 214829385 1
2288859 214819760 0.5
2288859 214819762 0.5
2288859 214819770 0.5
8093567 214851028 1
8093567 214851080 1
8093567 214851161 1
8093567 214716654 1
8093567 214564451 0.5
3630308 214829878 1
3630308 214826990 1
3630308 214709735 1
3630308 214711517 1
3630308 214717860 0.5
3630308 214708374 0.5
3630308 214554662 0.5
3630308 214743367 0.5
3630308 214829799 0.5
3630308 214709741 0.5
3630308 214836847 0.5
3630308 214838227 0.5
3630308 214642805 0.5
3630308 214743350 0.5
3095783 214831946 1
3095783 214829880 1
3095783 214831952 1
3095783 214829882 1
3095783 214831957 0.5
9125098 214853094 1
9125098 214851326 1
9125098 214853090 1
9125098 214853105 1
9125098 214853096 0.5
1555698 214834877 1
1555698 214826610 1
1555698 214833755 1
1555698 214829366 1
1555698 214826904 0.5
1555698 214826906 0.5
1555698 214828980 0.5
1555698 214587317 0.5
1555698 214586743 0.5
3693811 214835109 1
3693811 214829765 1
3693811 214836924 1
3693811 214835167 1
3693811 214836932 0.5
3693811 214707877 0.5
6960373 214848609 1
6960373 214829765 1
6960373 214848377 1
6960373 214709735 1
6960373 214848328 0.5
6960373 214585676 0.5
58616 214821290 1
58616 214821292 1
58616 214821285 1
58616 214826702 1
58616 214717003 0.5
58616 214579372 0.5
8590209 214851077 1
8590209 214851581 1
8590209 214851122 1
8590209 214851137 1
8590209 214846067 0.5
8590209 214851236 0.5
8590209 214848997 0.5
6341898 214848656 1
6341898 214846530 1
6341898 214835109 1
6341898 214848337 1
6341898 214845131 0.5
6341898 214848380 0.5
3134734 214836517 1
3134734 214829878 1
3134734 214829852 1
3134734 214831946 1
3134734 214826977 0.5
3134734 214534245 0.5
3134734 214748336 0.5
3134734 214819760 0.5
3134734 214601233 0.5
3134734 214819762 0.5
3134734 214835124 0.5
3134734 214829880 0.5
3134734 214829882 0.5
8537362 214851122 1
8537362 214851236 1
8537362 214851075 1
8537362 214851133 1
8537362 214845885 0.5
8537362 214846067 0.5
8537362 214848997 0.5
8537362 214716110 0.5
8537362 214851581 0.5
10128661 214853992 1
10128661 214850938 1
10128661 214853865 1
10128661 214853135 1
10128661 214853413 0.5
10128661 214584047 0.5
10128661 214849464 0.5
10128661 214854579 0.5
10128661 214850936 0.5
10128661 214821371 0.5
10128661 214850557 0.5
7142681 214849734 1
7142681 214849736 1
7142681 214850282 1
7142681 214850285 1
7142681 214831948 0.5
7142681 214718252 0.5
2166043 214829865 1
2166043 214829846 1
2166043 214829705 1
2166043 214832717 1
2166043 214832730 0.5
5354783 214819779 1
5354783 214748310 1
5354783 214834869 1
5354783 214839347 1
5354783 214845489 0.5
5354783 214705659 0.5
7892256 214839617 1
7892256 214844400 1
7892256 214844355 1
7892256 214848688 1
7892256 214850700 0.5
7892256 214849738 0.5
7892256 214844396 0.5
4101412 214845131 1
4101412 214839973 1
4101412 214839967 1
4101412 214716660 1
4101412 214839977 0.5
4101412 214829730 0.5
4101412 214829765 0.5
5699698 214848746 1
5699698 214832156 1
5699698 214844396 1
5699698 214821330 1
5699698 214642805 0.5
5699698 214578326 0.5
5306247 214844370 1
5306247 214844402 1
5306247 214844398 1
5306247 214845583 1
5306247 214844400 0.5
5306247 214829799 0.5
5306247 214746380 0.5
5306247 214846447 0.5
5306247 214800272 0.5
5306247 214845585 0.5
5306247 214820402 0.5
5306247 214827000 0.5
5306247 214827005 0.5
10571054 214854300 1
10571054 214854579 1
10571054 214854547 1
10571054 214600492 1
10571054 214854352 0.5
10571054 214853698 0.5
10571054 214665277 0.5
10571054 214854534 0.5
6889693 214848986 1
6889693 214849344 1
6889693 214848596 1
6889693 214850615 1
6889693 214849292 0.5
6889693 214849230 0.5
6550832 214846410 1
6550832 214829720 1
6550832 214846370 1
6550832 214846406 1
6550832 214846256 0.5
6092081 214844368 1
6092081 214844370 1
6092081 214831967 1
6092081 214738457 1
6092081 214716909 0.5
5752122 214835167 1
5752122 214829387 1
5752122 214834867 1
5752122 214845954 1
5752122 214557313 0.5
5752122 214845962 0.5
5752122 214826990 0.5
5752122 214561775 0.5
5752122 214558258 0.5
5752122 214826617 0.5
5752122 214835722 0.5
5752122 214826621 0.5
9944382 214853722 1
9944382 214853713 1
9944382 214853730 1
9944382 214853698 1
9944382 214853700 0.5
9944382 214853702 0.5
5602631 214849001 1
5602631 214848997 1
5602631 214845422 1
5602631 214846031 1
5602631 214753515 0.5
5602631 214829797 0.5
5602631 214716110 0.5
5602631 214573357 0.5
5802892 214846010 1
5802892 214845135 1
5802892 214821035 1
5802892 214848305 1
5802892 214846033 0.5
5802892 214829739 0.5
5099063 214746375 1
5099063 214835747 1
5099063 214835167 1
5099063 214549277 1
5099063 214834880 0.5
5099063 214829771 0.5
5099063 214677615 0.5
5099063 214558258 0.5
5099063 214718167 0.5
5099063 214575065 0.5
5099063 214826619 0.5
2358604 214753505 1
2358604 214748293 1
2358604 214829878 1
2358604 214829882 1
2358604 214819760 0.5
2358604 214829865 0.5
2358604 214753513 0.5
2358604 214748300 0.5
2358604 214835111 0.5
11367757 214851750 1
11367757 214854857 1
11367757 214853994 1
11367757 214849455 1
11367757 214820400 0.5
11367757 214556595 0.5
11367757 214851317 0.5
11367757 214854298 0.5
11367757 214853722 0.5
11367757 214853237 0.5
2469199 214834867 1
2469199 214829878 1
2469199 214819760 1
2469199 214829882 1
2469199 214829880 0.5
2469199 214819385 0.5
2469199 214687565 0.5
2489681 214829882 1
2489681 214829878 1
2489681 214829887 1
2489681 214831957 1
2489681 214829880 0.5
2489681 214829885 0.5
7773522 214850287 1
7773522 214848795 1
7773522 214711295 1
7773522 214845984 1
7773522 214710097 0.5
7773522 214849762 0.5
7773522 214820186 0.5
7773522 214820190 0.5
9641304 214853707 1
9641304 214821373 1
9641304 214853702 1
9641304 214853700 1
9641304 214853767 0.5
10466657 214684762 1
10466657 214854527 1
10466657 214855151 1
10466657 214854819 1
10466657 214538572 0.5
4535651 214587317 1
4535651 214838137 1
4535651 214609325 1
4535651 214826904 1
4535651 214845131 0.5
4535651 214836885 0.5
4535651 214839975 0.5
7175249 214850282 1
7175249 214850310 1
7175249 214849740 1
7175249 214849796 1
7175249 214849742 0.5
8719719 214851326 1
8719719 214853094 1
8719719 214853105 1
8719719 214852978 1
8719719 214853096 0.5
8719719 214853090 0.5
8719719 214853085 0.5
9639272 214853420 1
9639272 214853422 1
9639272 214853428 1
9639272 214850942 1
9639272 214717888 0.5
9639272 214853152 0.5
9639272 214850754 0.5
9639272 214850756 0.5
10076732 214853381 1
10076732 214853154 1
10076732 214853147 1
10076732 214853156 1
10076732 214587275 0.5
7502833 214850741 1
7502833 214850619 1
7502833 214850739 1
7502833 214564387 1
7502833 214850720 0.5
7502833 214587028 0.5
7502833 214850756 0.5
7502833 214564382 0.5
1361261 214834880 1
1361261 214826610 1
1361261 214821412 1
1361261 214829387 1
1361261 214829366 0.5
740721 214826927 1
740721 214826932 1
740721 214526083 1
740721 214826998 1
740721 214839600 0.5
740721 214586694 0.5
740721 214717286 0.5
740721 214820392 0.5
740721 214829321 0.5
740721 214832780 0.5
740721 214819430 0.5
740721 214748336 0.5
740721 214821300 0.5
740721 214826837 0.5
740721 214828982 0.5
740721 214826807 0.5
740721 214828980 0.5
740721 214717562 0.5
740721 214826908 0.5
740721 214829053 0.5
2008437 214829878 1
2008437 214829882 1
2008437 214831946 1
2008437 214835512 1
2008437 214743335 0.5
2008437 214791688 0.5
2008437 214563337 0.5
2008437 214820810 0.5
2008437 214579372 0.5
2008437 214673295 0.5
2008437 214711408 0.5
2008437 214712120 0.5
2008437 214829852 0.5
2008437 214585695 0.5
869609 214827026 1
869609 214826925 1
869609 214827000 1
869609 214834865 1
869609 214826912 0.5
869609 214748291 0.5
869609 214827007 0.5
869609 214828987 0.5
869609 214827005 0.5
4910457 214826833 1
4910457 214832156 1
4910457 214837288 1
4910457 214838092 1
4910457 214837280 0.5
4910457 214826818 0.5
4910457 214848324 0.5
4910457 214837494 0.5
4910457 214569707 0.5
4910457 214981102 0.5
4910457 214832147 0.5
4910457 214684502 0.5
7104258 214850325 1
7104258 214829362 1
7104258 214849736 1
7104258 214849760 1
7104258 214849389 0.5
7104258 214849757 0.5
7599338 214848641 1
7599338 214846070 1
7599338 214846475 1
7599338 214582380 1
7599338 214554585 0.5
3761544 214836795 1
3761544 214829773 1
3761544 214826938 1
3761544 214540127 1
3761544 214829769 0.5
3761544 214540125 0.5
3761544 214540175 0.5
8840587 214851161 1
8840587 214685049 1
8840587 214851163 1
8840587 214684942 1
8840587 214851080 0.5
8840587 214851131 0.5
8840587 214848613 0.5
10890638 214700000 1
10890638 214853340 1
10890638 214853160 1
10890638 214643036 1
10890638 214585616 0.5
10890638 214700002 0.5
10890638 214643060 0.5
1666447 214834880 1
1666447 214826610 1
1666447 214821412 1
1666447 214821410 1
1666447 214753515 0.5
1666447 214834877 0.5
1666447 214829366 0.5
7525799 214716671 1
7525799 214716746 1
7525799 214851163 1
7525799 214851073 1
7525799 214848613 0.5
9051566 214853094 1
9051566 214853085 1
9051566 214844347 1
9051566 214821315 1
9051566 214853096 0.5
9051566 214853077 0.5
9051566 214580790 0.5
9521053 214854176 1
9521053 214853852 1
9521053 214854148 1
9521053 214850855 1
9521053 214850792 0.5
9521053 214853848 0.5
7513523 214851294 1
7513523 214851150 1
7513523 214851148 1
7513523 214851590 1
7513523 214851017 0.5
7513523 214851287 0.5
11187638 214853102 1
11187638 214854782 1
11187638 214854787 1
11187638 214854793 1
11187638 214864880 0.5
11187638 214854840 0.5
5277123 214844345 1
5277123 214844342 1
5277123 214844340 1
5277123 214835109 1
5277123 214748336 0.5
5277123 214838225 0.5
2821576 214587712 1
2821576 214835017 1
2821576 214602600 1
2821576 214832792 1
2821576 214835747 0.5
10139084 214853707 1
10139084 214853700 1
10139084 214853713 1
10139084 214853730 1
10139084 214853765 0.5
10139084 214853709 0.5
11171039 214854785 1
11171039 214853102 1
11171039 214854842 1
11171039 214854840 1
11171039 214714755 0.5
3137101 214835107 1
3137101 214835128 1
3137101 214832126 1
3137101 214826818 1
3137101 214832555 0.5
3137101 214835019 0.5
3137101 214645708 0.5
3137101 214836527 0.5
3137101 214743350 0.5
3137101 214538747 0.5
3137101 214835132 0.5
3137101 214831935 0.5
9508306 214850945 1
9508306 214851313 1
9508306 214853132 1
9508306 214853237 1
9508306 214851080 0.5
9508306 214853420 0.5
9508306 214853077 0.5
9508306 214685049 0.5
9508306 214853210 0.5
9508306 214844347 0.5
5166548 214845577 1
5166548 214845352 1
5166548 214845502 1
5166548 214845581 1
5166548 214530729 0.5
5166548 214845579 0.5
6438362 214849097 1
6438362 214849003 1
6438362 214849342 1
6438362 214849286 1
6438362 214696777 0.5
6438362 214656380 0.5
6438362 214696781 0.5
6438362 214675982 0.5
6438362 214849245 0.5
10610143 214853724 1
10610143 214854585 1
10610143 214648247 1
10610143 214854335 1
10610143 214854720 0.5
10610143 214714755 0.5
10610143 214853732 0.5
10610143 214819410 0.5
10610143 214854547 0.5
10610143 214821397 0.5
10610143 214854495 0.5
10679778 214854300 1
10679778 214819599 1
10679778 214850741 1
10679778 214854534 1
10679778 214854146 0.5
10679778 214854536 0.5
10679778 214854345 0.5
10679778 214820394 0.5
10679778 214684785 0.5
10679778 214854547 0.5
10679778 214854549 0.5
10679778 214854358 0.5
10679778 214849464 0.5
10679778 214684762 0.5
10679778 214853930 0.5
10679778 214854579 0.5
10679778 214853726 0.5
10679778 214854495 0.5
1801699 214835124 1
1801699 214832780 1
1801699 214821397 1
1801699 214826668 1
1801699 214753505 0.5
1801699 214743495 0.5
1801699 214705736 0.5
1801699 214829850 0.5
1801699 214829882 0.5
1801699 214826664 0.5
1801699 214819762 0.5
1801699 214831959 0.5
1801699 214835002 0.5
1801699 214829852 0.5
1801699 214826874 0.5
11124208 214853321 1
11124208 214853722 1
11124208 214844402 1
11124208 214853700 1
11124208 214854857 0.5
11124208 214854819 0.5
11124208 214849734 0.5
11124208 214854585 0.5
8331859 214716928 1
8331859 214717003 1
8331859 214717007 1
8331859 214854630 1
8331859 214716926 0.5
8331859 214717005 0.5
8331859 214716982 0.5
4486647 214821020 1
4486647 214821024 1
4486647 214587384 1
4486647 214651777 1
4486647 214821015 0.5
2051577 214587317 1
2051577 214828985 1
2051577 214829321 1
2051577 214640017 1
2051577 214712130 0.5
2051577 214743495 0.5
2051577 214819721 0.5
2051577 214687852 0.5
2051577 214748336 0.5
2051577 214832722 0.5
2051577 214826998 0.5
2051577 214743497 0.5
2051577 214829852 0.5
2051577 214821407 0.5
6338044 214835109 1
6338044 214838227 1
6338044 214848337 1
6338044 214846535 1
6338044 214848328 0.5
6338044 214848377 0.5
5650468 214844370 1
5650468 214826833 1
5650468 214846007 1
5650468 214839971 1
5650468 214836330 0.5
5650468 214848997 0.5
5650468 214845917 0.5
5961217 214848384 1
5961217 214848845 1
5961217 214836924 1
5961217 214711438 1
5961217 214829765 0.5
11162753 214854793 1
11162753 214854787 1
11162753 214854782 1
11162753 214853100 1
11162753 214854853 0.5
11162753 214859246 0.5
4724228 214839973 1
4724228 214839969 1
4724228 214845131 1
4724228 214839967 1
4724228 214839600 0.5
4724228 214839960 0.5
4724228 214839975 0.5
6753797 214849331 1
6753797 214849333 1
6753797 214849239 1
6753797 214667859 1
6753797 214849312 0.5
6753797 214665277 0.5
6555148 214848971 1
6555148 214848795 1
6555148 214849076 1
6555148 214668667 1
6555148 214849070 0.5
10079762 214853730 1
10079762 214853707 1
10079762 214853702 1
10079762 214853713 1
10079762 214853698 0.5
10079762 214853700 0.5
6244611 214846530 1
6244611 214848337 1
6244611 214848380 1
6244611 214848847 1
6244611 214849012 0.5
6244611 214848845 0.5
10645013 214854268 1
10645013 214567329 1
10645013 214854585 1
10645013 214854579 1
10645013 214684785 0.5
10645013 214850741 0.5
10645013 214854358 0.5
10645013 214854264 0.5
10645013 214684762 0.5
10645013 214850621 0.5
10645013 214853726 0.5
10188311 214854165 1
10188311 214854146 1
10188311 214853865 1
10188311 214854032 1
10188311 214850760 0.5
10188311 214853996 0.5
9639452 214853330 1
9639452 214853420 1
9639452 214853152 1
9639452 214850942 1
9639452 214850949 0.5
355874 214821022 1
355874 214821017 1
355874 214718169 1
355874 214821015 1
355874 214587384 0.5
355874 214832559 0.5
10051111 214854510 1
10051111 214854262 1
10051111 214854264 1
10051111 214854268 1
10051111 214853848 0.5
10051111 214853865 0.5
10051111 214854358 0.5
11204138 214853102 1
11204138 214854836 1
11204138 214854782 1
11204138 214712242 1
11204138 214854808 0.5
11204138 214854840 0.5
10638892 214854583 1
10638892 214687475 1
10638892 214687845 1
10638892 214853930 1
10638892 214854495 0.5
5279349 214844402 1
5279349 214829797 1
5279349 214826610 1
5279349 214835426 1
5279349 214835473 0.5
5279349 214835428 0.5
5279349 214578326 0.5
5279349 214844345 0.5
5924404 214844396 1
5924404 214844370 1
5924404 214839617 1
5924404 214848165 1
5924404 214845984 0.5
5924404 214846419 0.5
5924404 214583670 0.5
5924404 214687565 0.5
5924404 214844398 0.5
9911863 214567215 1
9911863 214567329 1
9911863 214854358 1
9911863 214853852 1
9911863 214567327 0.5
9911863 214507365 0.5
9911863 214851317 0.5
5678648 214846031 1
5678648 214846012 1
5678648 214846014 1
5678648 214838102 1
5678648 214838098 0.5
5678648 214831948 0.5
5678648 214673295 0.5
5058106 214836924 1
5058106 214845352 1
5058106 214845577 1
5058106 214838094 1
5058106 214835012 0.5
2608701 214829878 1
2608701 214829887 1
2608701 214829882 1
2608701 214831957 1
2608701 214819760 0.5
2608701 214827035 0.5
2608701 214831950 0.5
7919066 214748295 1
7919066 214748304 1
7919066 214850739 1
7919066 214850741 1
7919066 214748291 0.5
7919066 214849395 0.5
9952836 214854510 1
9952836 214854262 1
9952836 214854358 1
9952836 214854155 1
9952836 214567333 0.5
10743734 214853113 1
10743734 214854579 1
10743734 214854585 1
10743734 214849464 1
10743734 214850741 0.5
6381132 214848596 1
6381132 214848384 1
6381132 214849018 1
6381132 214835167 1
6381132 214829765 0.5
10657359 214850760 1
10657359 214714755 1
10657359 214854146 1
10657359 214851097 1
10657359 214854172 0.5
10657359 214567333 0.5
10307152 214684785 1
10307152 214854264 1
10307152 214853735 1
10307152 214853767 1
10307152 214567329 0.5
10307152 214567333 0.5
10307152 214696897 0.5
10307152 214845131 0.5
10307152 214567215 0.5
10307152 214698418 0.5
10307152 214854262 0.5
10307152 214684762 0.5
10307152 214567327 0.5
10307152 214854268 0.5
10307152 214853726 0.5
10307152 214853855 0.5
5617237 214846014 1
5617237 214836572 1
5617237 214844413 1
5617237 214838872 1
5617237 214834880 0.5
5617237 214835745 0.5
5617237 214657318 0.5
5617237 214600492 0.5
5617237 214609325 0.5
5617237 214834867 0.5
5617237 214844345 0.5
5617237 214665277 0.5
2410071 214826662 1
2410071 214829887 1
2410071 214831946 1
2410071 214829878 1
2410071 214573612 0.5
1648236 214834880 1
1648236 214829387 1
1648236 214826610 1
1648236 214821410 1
1648236 214821412 0.5
1648236 214829861 0.5
1648236 214826589 0.5
2498163 214829887 1
2498163 214829885 1
2498163 214829878 1
2498163 214829882 1
2498163 214829880 0.5
728692 214827009 1
728692 214829100 1
728692 214826615 1
728692 214826621 1
728692 214826612 0.5
10137211 214853730 1
10137211 214853767 1
10137211 214853698 1
10137211 214853702 1
10137211 214574672 0.5
10137211 214696897 0.5
10137211 214696899 0.5
10137211 214574670 0.5
10905214 214857551 1
10905214 214854716 1
10905214 214854782 1
10905214 214854720 1
10905214 214712240 0.5
10905214 214853083 0.5
10905214 214835004 0.5
10905214 214853102 0.5
10905214 214853079 0.5
1454016 214826589 1
1454016 214826610 1
1454016 214833755 1
1454016 214834877 1
1454016 214829366 0.5
9412226 214851740 1
9412226 214853130 1
9412226 214645987 1
9412226 214853169 1
9412226 214846117 0.5
9412226 214677830 0.5
9412226 214553257 0.5
9412226 214678387 0.5
9412226 214582200 0.5
9412226 214536187 0.5
6850179 214848941 1
6850179 214848658 1
6850179 214851009 1
6850179 214844396 1
6850179 214848945 0.5
6850179 214848757 0.5
6850179 214848952 0.5
6850179 214848954 0.5
6850179 214849020 0.5
6850179 214849022 0.5
7282308 214849757 1
7282308 214844355 1
7282308 214849762 1
7282308 214850285 1
7282308 214849740 0.5
7282308 214849738 0.5
7282308 214849764 0.5
7282308 214844398 0.5
5670849 214846127 1
5670849 214849252 1
5670849 214850880 1
5670849 214846067 1
5670849 214846427 0.5
5670849 214850870 0.5
9115272 214853096 1
9115272 214853090 1
9115272 214851326 1
9115272 214853105 1
9115272 214853085 0.5
6034028 214845806 1
6034028 214846530 1
6034028 214820400 1
6034028 214845587 1
6034028 214846447 0.5
9909898 214567333 1
9909898 214853735 1
9909898 214854262 1
9909898 214853865 1
9909898 214854579 0.5
9909898 214854165 0.5
9909898 214854510 0.5
5444888 214844368 1
5444888 214835428 1
5444888 214835426 1
5444888 214835064 1
5444888 214826874 0.5
5464686 214844482 1
5464686 214836566 1
5464686 214836075 1
5464686 214836146 1
5464686 214836050 0.5
5464686 214838227 0.5
5464686 214836084 0.5
5464686 214835109 0.5
1691288 214834880 1
1691288 214826610 1
1691288 214826561 1
1691288 214834877 1
1691288 214821350 0.5
6069913 214848656 1
6069913 214848622 1
6069913 214848630 1
6069913 214710097 1
6069913 214834880 0.5
6069913 214820402 0.5
6069913 214844372 0.5
6069913 214829799 0.5
8478363 214684942 1
8478363 214716714 1
8478363 214716671 1
8478363 214851592 1
8478363 214851028 0.5
8478363 214851131 0.5
8478363 214849252 0.5
8478363 214851579 0.5
8478363 214853135 0.5
2794778 214832792 1
2794778 214835745 1
2794778 214835017 1
2794778 214835019 1
2794778 214587712 0.5
2794778 214601233 0.5
2794778 214826565 0.5
3537861 214820263 1
3537861 214820231 1
3537861 214820261 1
3537861 214820233 1
3537861 214844825 0.5
3537861 214829707 0.5
1693344 214834877 1
1693344 214834880 1
1693344 214826610 1
1693344 214821410 1
1693344 214711280 0.5
1693344 214833755 0.5
3862184 214829773 1
3862184 214613741 1
3862184 214582378 1
3862184 214651517 1
3862184 214839600 0.5
3862184 214829765 0.5
3862184 214831974 0.5
3862184 214745317 0.5
5808071 214829739 1
5808071 214821035 1
5808071 214848300 1
5808071 214848305 1
5808071 214846061 0.5
8577992 214853096 1
8577992 214853105 1
8577992 214853094 1
8577992 214853085 1
8577992 214853248 0.5
8577992 214853090 0.5
8577992 214853210 0.5
8577992 214853225 0.5
8577992 214716746 0.5
8577992 214836536 0.5
8577992 214853242 0.5
8577992 214851165 0.5
8577992 214851326 0.5
2264691 214829878 1
2264691 214829887 1
2264691 214831946 1
2264691 214829880 1
2264691 214831948 0.5
3876127 214836932 1
3876127 214835167 1
3876127 214836924 1
3876127 214826990 1
3876127 214708029 0.5
10262207 214854536 1
10262207 214854352 1
10262207 214854538 1
10262207 214819599 1
10262207 214700002 0.5
10262207 214714755 0.5
10262207 214820394 0.5
10262207 214854722 0.5
10262207 214851757 0.5
10262207 214853113 0.5
10262207 214854718 0.5
6665924 214849245 1
6665924 214849322 1
6665924 214849185 1
6665924 214718372 1
6665924 214849076 0.5
10669767 214854802 1
10669767 214854579 1
10669767 214854300 1
10669767 214717522 1
10669767 214853353 0.5
10669767 214854515 0.5
10669767 214819577 0.5
10669767 214853135 0.5
5400267 214676010 1
5400267 214646612 1
5400267 214828963 1
5400267 214646617 1
5400267 214554384 0.5
6833868 214684108 1
6833868 214849230 1
6833868 214832619 1
6833868 214848945 1
6833868 214851009 0.5
6833868 214554371 0.5
6833868 214848757 0.5
6833868 214845585 0.5
480977 214716973 1
480977 214820184 1
480977 214820190 1
480977 214826955 1
480977 214712120 0.5
480977 214584092 0.5
480977 214711318 0.5
888531 214826925 1
888531 214827000 1
888531 214827005 1
888531 214834865 1
888531 214827007 0.5
434809 214832557 1
434809 214821024 1
434809 214821020 1
434809 214819547 1
434809 214819552 0.5
434809 214587384 0.5
10256092 214567329 1
10256092 214854264 1
10256092 214854268 1
10256092 214854358 1
10256092 214556216 0.5
6176478 214846468 1
6176478 214848165 1
6176478 214846425 1
6176478 214845958 1
6176478 214846067 0.5
6319847 214836956 1
6319847 214838094 1
6319847 214837288 1
6319847 214837286 1
6319847 214581536 0.5
6319847 214826947 0.5
6319847 214849286 0.5
6319847 214557551 0.5
6319847 214832156 0.5
6319847 214711903 0.5
9742056 214853428 1
9742056 214853422 1
9742056 214853420 1
9742056 214632146 1
9742056 214514240 0.5
9742056 214514265 0.5
9742056 214853242 0.5
9742056 214668667 0.5
9742056 214853460 0.5
5799658 214819528 1
5799658 214845954 1
5799658 214846119 1
5799658 214845135 1
5799658 214676377 0.5
5799658 214845962 0.5
5799658 214819427 0.5
5799658 214559660 0.5
4697836 214839971 1
4697836 214839973 1
4697836 214839943 1
4697836 214602733 1
4697836 214829280 0.5
4697836 214586694 0.5
4697836 214839975 0.5
4697836 214845131 0.5
4697836 214836855 0.5
4697836 214839960 0.5
4697836 214836857 0.5
2311277 214829878 1
2311277 214831946 1
2311277 214831950 1
2311277 214829885 1
2311277 214829882 0.5
2311277 214831957 0.5
6463216 214848613 1
6463216 214848851 1
6463216 214848656 1
6463216 214848682 1
6463216 214684942 0.5
6463216 214577518 0.5
9199359 214853420 1
9199359 214853767 1
9199359 214853156 1
9199359 214853379 1
9199359 214850942 0.5
9199359 214853422 0.5
9199359 214853158 0.5
11144962 214850366 1
11144962 214849809 1
11144962 214854335 1
11144962 214853456 1
11144962 214848300 0.5
11144962 214848298 0.5
11144962 214744260 0.5
11144962 214853094 0.5
11144962 214848975 0.5
8834819 214853077 1
8834819 214852978 1
8834819 214852980 1
8834819 214853105 1
8834819 214851326 0.5
8834819 214853090 0.5
8834819 214853085 0.5
8834819 214853094 0.5
10352392 214567329 1
10352392 214567215 1
10352392 214854264 1
10352392 214854268 1
10352392 214684785 0.5
10352392 214854358 0.5
10352392 214853855 0.5
9520913 214853420 1
9520913 214853422 1
9520913 214711307 1
9520913 214850947 1
9520913 214851073 0.5
9520913 214851750 0.5
9520913 214851161 0.5
10745618 214854262 1
10745618 214567327 1
10745618 214853735 1
10745618 214854358 1
10745618 214819577 0.5
10745618 214854579 0.5
10745618 214567333 0.5
10745618 214854510 0.5
9406227 214853420 1
9406227 214853325 1
9406227 214853767 1
9406227 214853321 1
9406227 214853379 0.5
9406227 214853154 0.5
9406227 214850947 0.5
8754964 214829045 1
8754964 214712237 1
8754964 214853111 1
8754964 214853109 1
8754964 214853321 0.5
8754964 214700002 0.5
8754964 214853075 0.5
8754964 214743515 0.5
8754964 214853107 0.5
884697 214821401 1
884697 214826872 1
884697 214837485 1
884697 214826908 1
884697 214837442 0.5
884697 214826619 0.5
884697 214837490 0.5
884697 214826837 0.5
884697 214837487 0.5
9218078 214850942 1
9218078 214853342 1
9218078 214849796 1
9218078 214853420 1
9218078 214850315 0.5
9218078 214850947 0.5
9218078 214850949 0.5
9218078 214850310 0.5
1554211 214834880 1
1554211 214834877 1
1554211 214821410 1
1554211 214826610 1
1554211 214826589 0.5
386852 214826908 1
386852 214826837 1
386852 214821401 1
386852 214826872 1
386852 214839313 0.5
386852 214826835 0.5
386852 214826955 0.5
386852 214821300 0.5
10514219 214853700 1
10514219 214853722 1
10514219 214853698 1
10514219 214853767 1
10514219 214854174 0.5
10514219 214853726 0.5
2353117 214835087 1
2353117 214744775 1
2353117 214826977 1
2353117 214831967 1
2353117 214819760 0.5
2353117 214819762 0.5
2811696 214753513 1
2811696 214716110 1
2811696 214748338 1
2811696 214748293 1
2811696 214834880 0.5
2811696 214819691 0.5
2811696 214826932 0.5
2811696 214718117 0.5
10565426 214854300 1
10565426 214714755 1
10565426 214854733 1
10565426 214854838 1
10565426 214849464 0.5
10565426 214573305 0.5
10565426 214690749 0.5
10565426 214698446 0.5
2113502 214829861 1
2113502 214829865 1
2113502 214829711 1
2113502 214829707 1
2113502 214587388 0.5
10008374 214853702 1
10008374 214853730 1
10008374 214853722 1
10008374 214853154 1
10008374 214854152 0.5
10008374 214853713 0.5
10008374 214853891 0.5
10008374 214684093 0.5
10008374 214854118 0.5
3823417 214836926 1
3823417 214836577 1
3823417 214839932 1
3823417 214829852 1
3823417 214532107 0.5
3823417 214832780 0.5
3823417 214746382 0.5
3823417 214829102 0.5
8732239 214853077 1
8732239 214851750 1
8732239 214853242 1
8732239 214853210 1
8732239 214853225 0.5
8732239 214853130 0.5
8732239 214853237 0.5
2522941 214829878 1
2522941 214829882 1
2522941 214831948 1
2522941 214836330 1
2522941 214746427 0.5
2522941 214831946 0.5
2522941 214753515 0.5
2522941 214819468 0.5
5404641 214844370 1
5404641 214835167 1
5404641 214847649 1
5404641 214829765 1
5404641 214583190 0.5
4727724 214538820 1
4727724 214587384 1
4727724 214651777 1
4727724 214821024 1
4727724 214718160 0.5
4727724 214829282 0.5
4727724 214832557 0.5
798542 214821339 1
798542 214821307 1
798542 214821309 1
798542 214821305 1
798542 214551617 0.5
798542 214551626 0.5
10664931 214854579 1
10664931 214648247 1
10664931 214819577 1
10664931 214854585 1
10664931 214854547 0.5
10664931 214850741 0.5
5539669 214844398 1
5539669 214835426 1
5539669 214835473 1
5539669 214845412 1
5539669 214748336 0.5
5539669 214838225 0.5
5539669 214826949 0.5
5539669 214835462 0.5
5539669 214743335 0.5
5539669 214836328 0.5
5539669 214582380 0.5
5539669 214602733 0.5
5539669 214574672 0.5
5539669 214601233 0.5
5539669 214835064 0.5
10872901 214854148 1
10872901 214853846 1
10872901 214853715 1
10872901 214854017 1
10872901 214854322 0.5
10872901 214854165 0.5
10872901 214857253 0.5
10872901 214567215 0.5
11208543 214854262 1
11208543 214567327 1
11208543 214853135 1
11208543 214854300 1
11208543 214857257 0.5
11208543 214684502 0.5
11208543 214684762 0.5
11208543 214850621 0.5
11208543 214853726 0.5
11208543 214854527 0.5
9576289 214852985 1
9576289 214853420 1
9576289 214829887 1
9576289 214853422 1
9576289 214850670 0.5
2361192 214686082 1
2361192 214829887 1
2361192 214831946 1
2361192 214678987 1
2361192 214718398 0.5
2361192 214831967 0.5
9006956 214853242 1
9006956 214851750 1
9006956 214853132 1
9006956 214853210 1
9006956 214853182 0.5
9006956 214853237 0.5
9006956 214853222 0.5
409459 214832657 1
409459 214791635 1
409459 214832557 1
409459 214826874 1
409459 214718387 0.5
409459 214819526 0.5
4782059 214602598 1
4782059 214587317 1
4782059 214826833 1
4782059 214828952 1
4782059 214826818 0.5
4782059 214845380 0.5
4782059 214586694 0.5
4782059 214575206 0.5
4782059 214819468 0.5
4782059 214845131 0.5
4782059 214746380 0.5
4782059 214829775 0.5
4782059 214836855 0.5
4782059 214714586 0.5
4782059 214845435 0.5
9953159 214853698 1
9953159 214853767 1
9953159 214853430 1
9953159 214853702 1
9953159 214854152 0.5
9953159 214854118 0.5
9572234 214853422 1
9572234 214853420 1
9572234 214850947 1
9572234 214850942 1
9572234 214684730 0.5
9572234 214831948 0.5
9463698 214853347 1
9463698 214848596 1
9463698 214851577 1
9463698 214851292 1
9463698 214848384 0.5
9463698 214845954 0.5
9463698 214558258 0.5
9463698 214853158 0.5
4593557 214832147 1
4593557 214839962 1
4593557 214602598 1
4593557 214587317 1
4593557 214839975 0.5
1472406 214834877 1
1472406 214828974 1
1472406 214826610 1
1472406 214834880 1
1472406 214833755 0.5
6121369 214821384 1
6121369 214846010 1
6121369 214820443 1
6121369 214849010 1
6121369 214676377 0.5
5939101 214846382 1
5939101 214846374 1
5939101 214848371 1
5939101 214848375 1
5939101 214850880 0.5
11495331 214854853 1
11495331 214864880 1
11495331 214854793 1
11495331 214854787 1
11495331 214854840 0.5
11495331 214853102 0.5
7368612 214849344 1
7368612 214850615 1
7368612 214848641 1
7368612 214850786 1
7368612 214851009 0.5
7368612 214848954 0.5
7368612 214848945 0.5
3710886 214826990 1
3710886 214836932 1
3710886 214613741 1
3710886 214838227 1
3710886 214836870 0.5
3645363 214838227 1
3645363 214829765 1
3645363 214835167 1
3645363 214835109 1
3645363 214829769 0.5
3645363 214826938 0.5
3645363 214829773 0.5
9799606 214675888 1
9799606 214853435 1
9799606 214853865 1
9799606 214853767 1
9799606 214853852 0.5
9799606 214854148 0.5
9799606 214853413 0.5
9799606 214854118 0.5
9808011 214853715 1
9808011 214851163 1
9808011 214854262 1
9808011 214854510 1
9808011 214848808 0.5
9808011 214837003 0.5
9808011 214684942 0.5
9808011 214850760 0.5
9808011 214571188 0.5
9808011 214854165 0.5
9808011 214851097 0.5
9808011 214851579 0.5
9808011 214851165 0.5
9808011 214821407 0.5
10822303 214857570 1
10822303 214857568 1
10822303 214857260 1
10822303 214857268 1
10822303 214857257 0.5
5572228 214846031 1
5572228 214845954 1
5572228 214846029 1
5572228 214846119 1
5572228 214846061 0.5
8622994 214853105 1
8622994 214852980 1
8622994 214853096 1
8622994 214853085 1
8622994 214696897 0.5
8622994 214851236 0.5
8622994 214851077 0.5
8622994 214585644 0.5
8622994 214748334 0.5
8622994 214845885 0.5
8622994 214846067 0.5
8622994 214698420 0.5
8622994 214851069 0.5
8622994 214851581 0.5
2299842 214826983 1
2299842 214829878 1
2299842 214829882 1
2299842 214831957 1
2299842 214829880 0.5
10127299 214854352 1
10127299 214854354 1
10127299 214850702 1
10127299 214846305 1
10127299 214853113 0.5
10127299 214674427 0.5
5336054 214845412 1
5336054 214844400 1
5336054 214844396 1
5336054 214844402 1
5336054 214845583 0.5
10391496 214854515 1
10391496 214854298 1
10391496 214854600 1
10391496 214854538 1
10391496 214854532 0.5
10391496 214602793 0.5
10391496 214845131 0.5
10391496 214567215 0.5
10391496 214554675 0.5
10391496 214854581 0.5
10391496 214854358 0.5
10391496 214684762 0.5
10391496 214845583 0.5
10391496 214854174 0.5
341966 214826621 1
341966 214826612 1
341966 214826619 1
341966 214826615 1
341966 214717877 0.5
341966 214712126 0.5
3618767 214820263 1
3618767 214820231 1
3618767 214820233 1
3618767 214820261 1
3618767 214820270 0.5
7352272 214839617 1
7352272 214850771 1
7352272 214850936 1
7352272 214850743 1
7352272 214851011 0.5
7352272 214850405 0.5
7352272 214850790 0.5
7352272 214850762 0.5
7352272 214850621 0.5
7352272 214564382 0.5
3289044 214836830 1
3289044 214836885 1
3289044 214684513 1
3289044 214586668 1
3289044 214829666 0.5
3289044 214586469 0.5
3289044 214561775 0.5
3289044 214826711 0.5
3289044 214553561 0.5
3289044 214837882 0.5
3872731 214835167 1
3872731 214829765 1
3872731 214826990 1
3872731 214835109 1
3872731 214838227 0.5
6092869 214846460 1
6092869 214846457 1
6092869 214850872 1
6092869 214845980 1
6092869 214846472 0.5
7237603 214850291 1
7237603 214849757 1
7237603 214849136 1
7237603 214849250 1
7237603 214849102 0.5
5045926 214837280 1
5045926 214838092 1
5045926 214837288 1
5045926 214837286 1
5045926 214746380 0.5
6729706 214848658 1
6729706 214849342 1
6729706 214849318 1
6729706 214849322 1
6729706 214851009 0.5
6729706 214839973 0.5
6729706 214849286 0.5
6729706 214849185 0.5
6729706 214849100 0.5
6729706 214850285 0.5
6729706 214838094 0.5
6729706 214846031 0.5
6729706 214826835 0.5
6729706 214849179 0.5
6729706 214849093 0.5
1747623 214821410 1
1747623 214834877 1
1747623 214829366 1
1747623 214826996 1
1747623 214834880 0.5
1747623 214833755 0.5
1747623 214826589 0.5
4642797 214826990 1
4642797 214711205 1
4642797 214829799 1
4642797 214835167 1
4642797 214834880 0.5
4642797 214819760 0.5
4642797 214571010 0.5
4642797 214744779 0.5
4642797 214835109 0.5
4642797 214582374 0.5
4642797 214613705 0.5
4642797 214684843 0.5
4642797 214832557 0.5
4642797 214675890 0.5
4642797 214800272 0.5
4642797 214820402 0.5
4642797 214571006 0.5
4642797 214829321 0.5
4642797 214819770 0.5
4642797 214706462 0.5
4642797 214829765 0.5
5160943 214839311 1
5160943 214844327 1
5160943 214844330 1
5160943 214585631 1
5160943 214828952 0.5
5160943 214835167 0.5
2226164 214826565 1
2226164 214600492 1
2226164 214835747 1
2226164 214587697 1
2226164 214602600 0.5
2226164 214835745 0.5
2226164 214832792 0.5
2226164 214835017 0.5
3315706 214706180 1
3315706 214836851 1
3315706 214835109 1
3315706 214826990 1
3315706 214838227 0.5
3315706 214836534 0.5
3315706 214836847 0.5
5978107 214581761 1
5978107 214845962 1
5978107 214846119 1
5978107 214846312 1
5978107 214845971 0.5
2663082 214831948 1
2663082 214829878 1
2663082 214831950 1
2663082 214829885 1
2663082 214829882 0.5
1355774 214587266 1
1355774 214657642 1
1355774 214829752 1
1355774 214828965 1
1355774 214584969 0.5
440319 214827000 1
440319 214827007 1
440319 214827005 1
440319 214826925 1
440319 214826912 0.5
