11501568 214853767 1
11501568 214854855 1
11501568 214854731 1
11501568 214853698 1
11501568 214848658 0.5
11501568 214846061 0.5
11501568 214854517 0.5
3971073 214835017 1
3971073 214820452 1
3971073 214835019 1
3971073 214819410 1
3971073 214819760 0.5
3971073 214839587 0.5
3971073 214829799 0.5
2818051 214835019 1
2818051 214835107 1
2818051 214835017 1
2818051 214832555 1
2818051 214832128 0.5
2818051 214831959 0.5
10676228 214556212 1
10676228 214854842 1
10676228 214854540 1
10676228 214846393 1
10676228 214556216 0.5
10676228 214854731 0.5
10676228 214850947 0.5
11515916 214853147 1
11515916 214853381 1
11515916 214854855 1
11515916 214849736 1
11515916 214844400 0.5
11515916 214854819 0.5
11515916 214854731 0.5
11515916 214854767 0.5
11515916 214849136 0.5
11515916 214849155 0.5
8327181 214850760 1
8327181 214851748 1
8327181 214853135 1
8327181 214853227 1
8327181 214850405 0.5
8327181 214851592 0.5
8327181 214684942 0.5
8327181 214578350 0.5
8327181 214851097 0.5
8327181 214851131 0.5
10864658 214853102 1
10864658 214854782 1
10864658 214864880 1
10864658 214854793 1
10864658 214854840 0.5
10856468 214854264 1
10856468 214854536 1
10856468 214851099 1
10856468 214854268 1
10856468 214567329 0.5
10856468 214853855 0.5
10856468 214694156 0.5
10856468 214849132 0.5
10856468 214712242 0.5
10856468 214854510 0.5
10856468 214567215 0.5
10856468 214854352 0.5
10856468 214854354 0.5
10856468 214854707 0.5
10856468 214854682 0.5
10856468 214684762 0.5
10856468 214567327 0.5
10856468 214854300 0.5
10856468 214854579 0.5
10856468 214853244 0.5
10178581 214717888 1
10178581 214714721 1
10178581 214821377 1
10178581 214850758 1
10178581 214853105 0.5
10178581 214854178 0.5
10178581 214846468 0.5
10178581 214852980 0.5
10682394 214572452 1
10682394 214854536 1
10682394 214853852 1
10682394 214853994 1
10682394 214853113 0.5
40993 214826835 1
40993 214826715 1
40993 214826606 1
40993 214827026 1
40993 214829737 0.5
40993 214826955 0.5
8028194 214850282 1
8028194 214850295 1
8028194 214632146 1
8028194 214850291 1
8028194 214832012 0.5
9123878 214853094 1
9123878 214853085 1
9123878 214853105 1
9123878 214853248 1
9123878 214853096 0.5
1417256 214834877 1
1417256 214834880 1
1417256 214829366 1
1417256 214705740 1
1417256 214826610 0.5
1417256 214829387 0.5
8681519 214853077 1
8681519 214853105 1
8681519 214852978 1
8681519 214852980 1
8681519 214853225 0.5
8681519 214853094 0.5
10916631 214853102 1
10916631 214854782 1
10916631 214855016 1
10916631 214854840 1
10916631 214854787 0.5
4595768 214829730 1
4595768 214716660 1
4595768 214716639 1
4595768 214716512 1
4595768 214836330 0.5
4595768 214602733 0.5
9584699 214853135 1
9584699 214853420 1
9584699 214853865 1
9584699 214853992 1
9584699 214837442 0.5
6561852 214849076 1
6561852 214848615 1
6561852 214848605 1
6561852 214848973 1
6561852 214687457 0.5
6561852 214668667 0.5
6561852 214848692 0.5
6561852 214848975 0.5
8156677 214845958 1
8156677 214850792 1
8156677 214851161 1
8156677 214851080 1
8156677 214849395 0.5
8156677 214851317 0.5
8603727 214853132 1
8603727 214851750 1
8603727 214853242 1
8603727 214853210 1
8603727 214853225 0.5
8603727 214851748 0.5
8603727 214853237 0.5
8603727 214850855 0.5
10598481 214854536 1
10598481 214854354 1
10598481 214853244 1
10598481 214854577 1
10598481 214854352 0.5
10598481 214559960 0.5
10598481 214820394 0.5
10598481 214854579 0.5
10598481 214853113 0.5
5305077 214844398 1
5305077 214845587 1
5305077 214846447 1
5305077 214846012 1
5305077 214849001 0.5
5305077 214829797 0.5
9723988 214853722 1
9723988 214853700 1
9723988 214854060 1
9723988 214853709 1
9723988 214853730 0.5
5662807 214849010 1
5662807 214845962 1
5662807 214846119 1
5662807 214846117 1
5662807 214821382 0.5
5662807 214845965 0.5
5662807 214846447 0.5
5662807 214844400 0.5
5662807 214846033 0.5
5662807 214845971 0.5
5662807 214845879 0.5
5855321 214846415 1
5855321 214846427 1
5855321 214846468 1
5855321 214844402 1
5855321 214844400 0.5
5855321 214846425 0.5
5855321 214846479 0.5
7671602 214844413 1
7671602 214850402 1
7671602 214844400 1
7671602 214849252 1
7671602 214821401 0.5
7671602 214835475 0.5
7671602 214820396 0.5
7671602 214586694 0.5
7676006 214850282 1
7676006 214850315 1
7676006 214850743 1
7676006 214850295 1
7676006 214850285 0.5
3831939 214826623 1
3831939 214835109 1
3831939 214832015 1
3831939 214838227 1
3831939 214832012 0.5
3831939 214836932 0.5
3831939 214826990 0.5
9731929 214853422 1
9731929 214853338 1
9731929 214850949 1
9731929 214850945 1
9731929 214848977 0.5
9731929 214850947 0.5
9731929 214853428 0.5
9731929 214662742 0.5
9731929 214710062 0.5
11544702 214857557 1
11544702 214857555 1
11544702 214853102 1
11544702 214864880 1
11544702 214857562 0.5
10306218 214684762 1
10306218 214853735 1
10306218 214854545 1
10306218 214853724 1
10306218 214853730 0.5
10306218 214853732 0.5
10306218 214854358 0.5
10306218 214559960 0.5
10306218 214820345 0.5
10306218 214854495 0.5
6958784 214845980 1
6958784 214845958 1
6958784 214844396 1
6958784 214849127 1
6958784 214849312 0.5
6958784 214819464 0.5
6958784 214826825 0.5
6958784 214846258 0.5
6958784 214668185 0.5
6958784 214849275 0.5
6958784 214827005 0.5
1749123 214829366 1
1749123 214834880 1
1749123 214821320 1
1749123 214834877 1
1749123 214826921 0.5
1749123 214821407 0.5
2125956 214829711 1
2125956 214829855 1
2125956 214829846 1
2125956 214829865 1
2125956 214829861 0.5
2125956 214832717 0.5
2596997 214829882 1
2596997 214829885 1
2596997 214831957 1
2596997 214748304 1
2596997 214829878 0.5
8138888 214851236 1
8138888 214851317 1
8138888 214851133 1
8138888 214851238 1
8138888 214851090 0.5
7338121 214850295 1
7338121 214850291 1
7338121 214850310 1
7338121 214850304 1
7338121 214850285 0.5
4589722 214831970 1
4589722 214845131 1
4589722 214839971 1
4589722 214839973 1
4589722 214829280 0.5
4589722 214839600 0.5
9070618 214716935 1
9070618 214851287 1
9070618 214851238 1
9070618 214819412 1
9070618 214716977 0.5
9070618 214844347 0.5
4757189 214602598 1
4757189 214587317 1
4757189 214836512 1
4757189 214839973 1
4757189 214835747 0.5
4757189 214586469 0.5
4757189 214819464 0.5
4757189 214845806 0.5
4757189 214601233 0.5
4757189 214821401 0.5
4757189 214828985 0.5
11555184 214853730 1
11555184 214853102 1
11555184 214854600 1
11555184 214853722 1
11555184 214854356 0.5
8319736 214851238 1
8319736 214684942 1
8319736 214685049 1
8319736 214851131 1
8319736 214851234 0.5
8319736 214851163 0.5
8319736 214716746 0.5
8319736 214853190 0.5
8319736 214716671 0.5
8274098 214851131 1
8274098 214716714 1
8274098 214851163 1
8274098 214851028 1
8274098 214851097 0.5
8274098 214851579 0.5
8274098 214684942 0.5
11143352 214855016 1
11143352 214854797 1
11143352 214853102 1
11143352 214854785 1
11143352 214854840 0.5
11143352 214714755 0.5
1097917 214838831 1
1097917 214837442 1
1097917 214837483 1
1097917 214837485 1
1097917 214837490 0.5
1097917 214828987 0.5
1097917 214698446 0.5
1097917 214837487 0.5
9502973 214850945 1
9502973 214853454 1
9502973 214835004 1
9502973 214853381 1
9502973 214853242 0.5
9502973 214853147 0.5
9502973 214853156 0.5
9502973 214844398 0.5
9502973 214853222 0.5
9816257 214853698 1
9816257 214853767 1
9816257 214853454 1
9816257 214853700 1
9816257 214853707 0.5
9816257 214853702 0.5
2740421 214609325 1
2740421 214834867 1
2740421 214832126 1
2740421 214832792 1
2740421 214832128 0.5
2740421 214685152 0.5
2740421 214602600 0.5
2740421 214613705 0.5
2740421 214550072 0.5
2740421 214554675 0.5
2740421 214662776 0.5
9986248 214854264 1
9986248 214684785 1
9986248 214854510 1
9986248 214567333 1
9986248 214854262 0.5
9986248 214580424 0.5
9986248 214853996 0.5
9986248 214854358 0.5
9986248 214853726 0.5
9986248 214853855 0.5
9257836 214850947 1
9257836 214853454 1
9257836 214853402 1
9257836 214853422 1
9257836 214711307 0.5
9257836 214853420 0.5
6117582 214850880 1
6117582 214850870 1
6117582 214850872 1
6117582 214850876 1
6117582 214837442 0.5
6117582 214839962 0.5
5634256 214846117 1
5634256 214846119 1
5634256 214845962 1
5634256 214845971 1
5634256 214835473 0.5
5634256 214819586 0.5
5634256 214835428 0.5
5634256 214733919 0.5
10799321 214838124 1
10799321 214854080 1
10799321 214854575 1
10799321 214854221 1
10799321 214854257 0.5
10799321 214853077 0.5
10199258 214853130 1
10199258 214677830 1
10199258 214853109 1
10199258 214853111 1
10199258 214581611 0.5
6965467 214849292 1
6965467 214849179 1
6965467 214582346 1
6965467 214849342 1
6965467 214820184 0.5
6965467 214576890 0.5
6965467 214820190 0.5
6965467 214853887 0.5
10326236 214854842 1
10326236 214854227 1
10326236 214853735 1
10326236 214854502 1
10326236 214854065 0.5
10326236 214848658 0.5
10326236 214854527 0.5
10326236 214853767 0.5
11496826 214864880 1
11496826 214854787 1
11496826 214854840 1
11496826 214855016 1
11496826 214854827 0.5
8196318 214849031 1
8196318 214851236 1
8196318 214851133 1
8196318 214717003 1
8196318 214574672 0.5
8196318 214846067 0.5
8196318 214851581 0.5
8196318 214851099 0.5
9437409 214853424 1
9437409 214853154 1
9437409 214853454 1
9437409 214853381 1
9437409 214848795 0.5
9437409 214835109 0.5
9437409 214850287 0.5
782563 214837487 1
782563 214838831 1
782563 214819509 1
782563 214837485 1
782563 214837490 0.5
782563 214690995 0.5
782563 214698446 0.5
5913297 214846460 1
5913297 214846367 1
5913297 214846393 1
5913297 214846470 1
5913297 214846425 0.5
5913297 214630042 0.5
5913297 214846421 0.5
4724972 214587712 1
4724972 214839587 1
4724972 214587697 1
4724972 214829852 1
4724972 214819760 0.5
4724972 214832145 0.5
4724972 214839932 0.5
4724972 214829321 0.5
1656858 214829325 1
1656858 214821407 1
1656858 214821350 1
1656858 214820803 1
1656858 214833755 0.5
694514 214827026 1
694514 214826912 1
694514 214684841 1
694514 214716710 1
694514 214827000 0.5
694514 214834865 0.5
694514 214828987 0.5
694514 214827007 0.5
6033653 214552522 1
6033653 214846412 1
6033653 214846466 1
6033653 214846427 1
6033653 214612730 0.5
6033653 214553844 0.5
6033653 214836855 0.5
10005398 214853195 1
10005398 214851090 1
10005398 214567333 1
10005398 214853865 1
10005398 214853413 0.5
10005398 214850790 0.5
10005398 214686857 0.5
10005398 214853227 0.5
10005398 214853996 0.5
10005398 214853364 0.5
10005398 214853366 0.5
10005398 214854172 0.5
10005398 214853726 0.5
3721464 214835167 1
3721464 214838227 1
3721464 214835109 1
3721464 214826990 1
3721464 214646745 0.5
3721464 214829765 0.5
3721464 214718199 0.5
205277 214821290 1
205277 214826702 1
205277 214826623 1
205277 214826889 1
205277 214645871 0.5
205277 214532107 0.5
205277 214548103 0.5
205277 214691390 0.5
205277 214560615 0.5
5317674 214845577 1
5317674 214845352 1
5317674 214748310 1
5317674 214718255 1
5317674 214717738 0.5
6893824 214848609 1
6893824 214712126 1
6893824 214826990 1
6893824 214711205 1
6893824 214848337 0.5
4182273 214842735 1
4182273 214839103 1
4182273 214587062 1
4182273 214690779 1
4182273 214560420 0.5
1467436 214834877 1
1467436 214834880 1
1467436 214829387 1
1467436 214821410 1
1467436 214820394 0.5
1467436 214833755 0.5
1467436 214826610 0.5
1467436 214819770 0.5
1468682 214829390 1
1468682 214834877 1
1468682 214834880 1
1468682 214834873 1
1468682 214833755 0.5
10047762 214743515 1
10047762 214835000 1
10047762 214835004 1
10047762 214853325 1
10047762 214859240 0.5
10047762 214700002 0.5
10047762 214744258 0.5
10047762 214712237 0.5
6825347 214846061 1
6825347 214835426 1
6825347 214848986 1
6825347 214595150 1
6825347 214819721 0.5
6825347 214554707 0.5
6825347 214846035 0.5
6825347 214706102 0.5
8722709 214850282 1
8722709 214850295 1
8722709 214846014 1
8722709 214850945 1
8722709 214718255 0.5
10676503 214845986 1
10676503 214853713 1
10676503 214850741 1
10676503 214853767 1
10676503 214850936 0.5
10676503 214718169 0.5
10676503 214853698 0.5
10676503 214851133 0.5
10676503 214677615 0.5
8364319 214684942 1
8364319 214851131 1
8364319 214851592 1
8364319 214851165 1
8364319 214851097 0.5
8364319 214716714 0.5
8364319 214716671 0.5
8364319 214851167 0.5
9251113 214853420 1
9251113 214853428 1
9251113 214850942 1
9251113 214853460 1
9251113 214850947 0.5
9251113 214850700 0.5
9251113 214829885 0.5
575786 214828987 1
575786 214826872 1
575786 214821401 1
575786 214716583 1
575786 214820405 0.5
10584363 214567329 1
10584363 214567327 1
10584363 214854343 1
10584363 214684785 1
10584363 214854358 0.5
10584363 214687475 0.5
10584363 214567333 0.5
10584363 214854510 0.5
10584363 214854583 0.5
11215148 214853156 1
11215148 214854785 1
11215148 214853381 1
11215148 214853102 1
11215148 214854840 0.5
11215148 214853147 0.5
11215148 214854491 0.5
8286518 214851122 1
8286518 214851013 1
8286518 214850630 1
8286518 214851285 1
8286518 214853130 0.5
8286518 214578350 0.5
8286518 214748334 0.5
8286518 214716110 0.5
8286518 214564380 0.5
8286518 214851133 0.5
8286518 214851167 0.5
5578121 214845420 1
5578121 214820377 1
5578121 214845939 1
5578121 214849072 1
5578121 214845962 0.5
5578121 214845971 0.5
10170682 214567215 1
10170682 214854264 1
10170682 214567329 1
10170682 214854268 1
10170682 214684785 0.5
10170682 214853855 0.5
815424 214821015 1
815424 214826612 1
815424 214826615 1
815424 214826621 1
815424 214717877 0.5
3647814 214826990 1
3647814 214832017 1
3647814 214826951 1
3647814 214831967 1
3647814 214828985 0.5
3647814 214836926 0.5
4464969 214839962 1
4464969 214839969 1
4464969 214839975 1
4464969 214832147 1
4464969 214839973 0.5
5798226 214845984 1
5798226 214848997 1
5798226 214844398 1
5798226 214845939 1
5798226 214849001 0.5
5798226 214845971 0.5
5798226 214846061 0.5
5798226 214846447 0.5
5425496 214839587 1
5425496 214835475 1
5425496 214748336 1
5425496 214846061 1
5425496 214835428 0.5
5425496 214848997 0.5
5425496 214743495 0.5
5425496 214835473 0.5
5425496 214706102 0.5
5425496 214829852 0.5
5425496 214845917 0.5
5634394 214849001 1
5634394 214848997 1
5634394 214845418 1
5634394 214601233 1
5634394 214829797 0.5
5634394 214846033 0.5
5634394 214716746 0.5
5634394 214846065 0.5
5634394 214850870 0.5
5634394 214850872 0.5
5634394 214836330 0.5
5634394 214839973 0.5
8151388 214684942 1
8151388 214851592 1
8151388 214851579 1
8151388 214832567 1
8151388 214850692 0.5
8151388 214851097 0.5
8151388 214839962 0.5
8151388 214564382 0.5
8151388 214846112 0.5
8151388 214840483 0.5
8151388 214557223 0.5
8151388 214585644 0.5
8151388 214850741 0.5
8151388 214850870 0.5
8151388 214844347 0.5
8151388 214846404 0.5
8151388 214580424 0.5
8151388 214848851 0.5
8151388 214851028 0.5
8151388 214851159 0.5
8151388 214851163 0.5
8151388 214851165 0.5
8151388 214829666 0.5
8151388 214851131 0.5
8151388 214850936 0.5
8151388 214851322 0.5
8151388 214853758 0.5
8151388 214716671 0.5
9032031 214853422 1
9032031 214853379 1
9032031 214850947 1
9032031 214853420 1
9032031 214850949 0.5
5214561 214838092 1
5214561 214845581 1
5214561 214837286 1
5214561 214837288 1
5214561 214837280 0.5
5214561 214845352 0.5
5214561 214845579 0.5
5214561 214829885 0.5
5214561 214718255 0.5
5550434 214845579 1
5550434 214838107 1
5550434 214845577 1
5550434 214540127 1
5550434 214829880 0.5
5550434 214826835 0.5
5550434 214839596 0.5
5550434 214540125 0.5
5550434 214718398 0.5
9222203 214853422 1
9222203 214853428 1
9222203 214853454 1
9222203 214853424 1
9222203 214850945 0.5
9222203 214850947 0.5
9222203 214850942 0.5
2275046 214821397 1
2275046 214826994 1
2275046 214829880 1
2275046 214826921 1
2275046 214829882 0.5
11202922 214854853 1
11202922 214848967 1
11202922 214854894 1
11202922 214854780 1
11202922 214848977 0.5
1773931 214821020 1
1773931 214819547 1
1773931 214820803 1
1773931 214819550 1
1773931 214834880 0.5
1773931 214717085 0.5
10226424 214853730 1
10226424 214684785 1
10226424 214854268 1
10226424 214854264 1
10226424 214854118 0.5
10226424 214854152 0.5
10226424 214820394 0.5
10226424 214853996 0.5
10226424 214854352 0.5
10226424 214853726 0.5
1683828 214829387 1
1683828 214834877 1
1683828 214826589 1
1683828 214826610 1
1683828 214833755 0.5
7592311 214716935 1
7592311 214848695 1
7592311 214849734 1
7592311 214850364 1
7592311 214839971 0.5
7592311 214716932 0.5
7592311 214557095 0.5
7592311 214819464 0.5
7592311 214835017 0.5
7592311 214849738 0.5
7592311 214835019 0.5
7592311 214819760 0.5
7592311 214601233 0.5
7592311 214844402 0.5
7592311 214849046 0.5
7592311 214839932 0.5
6087033 214850872 1
6087033 214706203 1
6087033 214848165 1
6087033 214832128 1
6087033 214848992 0.5
6087033 214743497 0.5
6087033 214845980 0.5
6087033 214832126 0.5
6087033 214717742 0.5
4053372 214836932 1
4053372 214826990 1
4053372 214820220 1
4053372 214845129 1
4053372 214847968 0.5
4053372 214573288 0.5
4053372 214553700 0.5
4053372 214573277 0.5
6166909 214848613 1
6166909 214848808 1
6166909 214848851 1
6166909 214848832 1
6166909 214716671 0.5
4835711 214829310 1
4835711 214839356 1
4835711 214832126 1
4835711 214839962 1
4835711 214832115 0.5
6027649 214829739 1
6027649 214821384 1
6027649 214845962 1
6027649 214846119 1
6027649 214845954 0.5
9345412 214851077 1
9345412 214851013 1
9345412 214853722 1
9345412 214850940 1
9345412 214744779 0.5
9345412 214853420 0.5
9345412 214555438 0.5
9345412 214820402 0.5
9345412 214849102 0.5
9345412 214573590 0.5
9345412 214703801 0.5
10027397 214850743 1
10027397 214850771 1
10027397 214853767 1
10027397 214561775 1
10027397 214849046 0.5
10027397 214854152 0.5
10027397 214677615 0.5
10027397 214718160 0.5
10027397 214845590 0.5
10027397 214718169 0.5
10043784 214853698 1
10043784 214853767 1
10043784 214839596 1
10043784 214850947 1
10043784 214853707 0.5
1538029 214829657 1
1538029 214829385 1
1538029 214829392 1
1538029 214695399 1
1538029 214692849 0.5
1538029 214712126 0.5
1538029 214829855 0.5
7181081 214587317 1
7181081 214829775 1
7181081 214849247 1
7181081 214820345 1
7181081 214586694 0.5
4526478 214834877 1
4526478 214826906 1
4526478 214839962 1
4526478 214835109 1
4526478 214582346 0.5
4526478 214829387 0.5
4526478 214582348 0.5
9400724 214846119 1
9400724 214853165 1
9400724 214845962 1
9400724 214853115 1
9400724 214853128 0.5
9400724 214678376 0.5
9400724 214553810 0.5
9400724 214846312 0.5
9400724 214849010 0.5
9400724 214853075 0.5
9400724 214852985 0.5
9400724 214851326 0.5
3881504 214838227 1
3881504 214835109 1
3881504 214832023 1
3881504 214829799 1
3881504 214826938 0.5
3881504 214545879 0.5
9462168 214844398 1
9462168 214844372 1
9462168 214853379 1
9462168 214853156 1
9462168 214853381 0.5
9316597 214853195 1
9316597 214853132 1
9316597 214854172 1
9316597 214850790 1
9316597 214557701 0.5
9316597 214853227 0.5
9316597 214851317 0.5
9316597 214559960 0.5
9316597 214851097 0.5
9316597 214853435 0.5
8284574 214851322 1
8284574 214851579 1
8284574 214573350 1
8284574 214851131 1
8284574 214851097 0.5
8284574 214851165 0.5
6189472 214710097 1
6189472 214848656 1
6189472 214848695 1
6189472 214846530 1
6189472 214844400 0.5
6189472 214844372 0.5
6189472 214846127 0.5
6269347 214848380 1
6269347 214848337 1
6269347 214848596 1
6269347 214848328 1
6269347 214849012 0.5
7096744 214832158 1
7096744 214849357 1
7096744 214850743 1
7096744 214850852 1
7096744 214850351 0.5
11149737 214819599 1
11149737 214854352 1
11149737 214854577 1
11149737 214716645 1
11149737 214564387 0.5
11149737 214573310 0.5
7773409 214850758 1
7773409 214850304 1
7773409 214850940 1
7773409 214851120 1
7773409 214850754 0.5
7773409 214850756 0.5
6136247 214849252 1
6136247 214846127 1
6136247 214839975 1
6136247 214846460 1
6136247 214846472 0.5
6136247 214836926 0.5
10363324 214853420 1
10363324 214850291 1
10363324 214849245 1
10363324 214849734 1
10363324 214853994 0.5
10363324 214844402 0.5
10363324 214853702 0.5
10363324 214600470 0.5
8315328 214851131 1
8315328 214716746 1
8315328 214851165 1
8315328 214851028 1
8315328 214851163 0.5
8315328 214716671 0.5
9142721 214850945 1
9142721 214651517 1
9142721 214850949 1
9142721 214831955 1
9142721 214853192 0.5
9142721 214836536 0.5
9142721 214602806 0.5
9142721 214849327 0.5
6826443 214849762 1
6826443 214849466 1
6826443 214849738 1
6826443 214849734 1
6826443 214849736 0.5
6826443 214850282 0.5
6826443 214849389 0.5
6826443 214844398 0.5
6826443 214844400 0.5
6826443 214848952 0.5
6826443 214849022 0.5
2544077 214835574 1
2544077 214829887 1
2544077 214835550 1
2544077 214829880 1
2544077 214829878 0.5
10093173 214853702 1
10093173 214853713 1
10093173 214853767 1
10093173 214853730 1
10093173 214853707 0.5
10597112 214854549 1
10597112 214853992 1
10597112 214854545 1
10597112 214853113 1
10597112 214854300 0.5
9361878 214853420 1
9361878 214853422 1
9361878 214850947 1
9361878 214711307 1
9361878 214850949 0.5
10566104 214851317 1
10566104 214854352 1
10566104 214849333 1
10566104 214854354 1
10566104 214851073 0.5
10566104 214570871 0.5
10566104 214846001 0.5
5337562 214844396 1
5337562 214844372 1
5337562 214844400 1
5337562 214844402 1
5337562 214844398 0.5
5566941 214835473 1
5566941 214835426 1
5566941 214844396 1
5566941 214835064 1
5566941 214844400 0.5
5566941 214844370 0.5
5566941 214826949 0.5
6521312 214848371 1
6521312 214848808 1
6521312 214848851 1
6521312 214848375 1
6521312 214561674 0.5
6521312 214848613 0.5
6521312 214717742 0.5
9888226 214853852 1
9888226 214853848 1
9888226 214853994 1
9888226 214853846 1
9888226 214854148 0.5
9888226 214848165 0.5
9888226 214853413 0.5
7918054 214849395 1
7918054 214850767 1
7918054 214850739 1
7918054 214540597 1
7918054 214561457 0.5
7918054 214820345 0.5
1761361 214829366 1
1761361 214834880 1
1761361 214826610 1
1761361 214829387 1
1761361 214833755 0.5
10039789 214853435 1
10039789 214853700 1
10039789 214684762 1
10039789 214853722 1
10039789 214695350 0.5
10039789 214848165 0.5
10039789 214854118 0.5
10039789 214853767 0.5
10039789 214853996 0.5
10039789 214853707 0.5
10039789 214854060 0.5
10039789 214684785 0.5
10039789 214849460 0.5
10039789 214684725 0.5
10039789 214854358 0.5
10039789 214853848 0.5
10039789 214854268 0.5
10039789 214853726 0.5
10039789 214853852 0.5
1483246 214826589 1
1483246 214833755 1
1483246 214826874 1
1483246 214791635 1
1483246 214834880 0.5
1483246 214826610 0.5
9978358 214853722 1
9978358 214853996 1
9978358 214853846 1
9978358 214853852 1
9978358 214854148 0.5
9978358 214853413 0.5
9978358 214853767 0.5
9978358 214853865 0.5
9978358 214853994 0.5
9978358 214717867 0.5
5868024 214839932 1
5868024 214838225 1
5868024 214835747 1
5868024 214838227 1
5868024 214850402 0.5
5868024 214845587 0.5
5868024 214836926 0.5
5868024 214846535 0.5
11066377 214854857 1
11066377 214854785 1
11066377 214854770 1
11066377 214853147 1
11066377 214714755 0.5
11066377 214854855 0.5
11066377 214854733 0.5
11066377 214853102 0.5
11066377 214686864 0.5
11066377 214848658 0.5
11066377 214710013 0.5
2730069 214829379 1
2730069 214821399 1
2730069 214826711 1
2730069 214748302 1
2730069 214753505 0.5
2730069 214820805 0.5
2730069 214748300 0.5
2730069 214717005 0.5
2730069 214717007 0.5
2730069 214832655 0.5
2730069 214716926 0.5
8927744 214851742 1
8927744 214853075 1
8927744 214853107 1
8927744 214845879 1
8927744 214853128 0.5
8927744 214853109 0.5
8927744 214853111 0.5
2156288 214835754 1
2156288 214832773 1
2156288 214826711 1
2156288 214829379 1
2156288 214667912 0.5
2156288 214826874 0.5
2156288 214821399 0.5
2156288 214712229 0.5
2156288 214829863 0.5
1417731 214826610 1
1417731 214834880 1
1417731 214705740 1
1417731 214821328 1
1417731 214554371 0.5
3529814 214829769 1
3529814 214826938 1
3529814 214826977 1
3529814 214838137 1
3529814 214835109 0.5
7721479 214840378 1
7721479 214835126 1
7721479 214853143 1
7721479 214716982 1
7721479 214832655 0.5
7455243 214844340 1
7455243 214849312 1
7455243 214667857 1
7455243 214848330 1
7455243 214821410 0.5
7455243 214849284 0.5
7455243 214846535 0.5
7455243 214665277 0.5
7455243 214849331 0.5
7455243 214849275 0.5
7455243 214851101 0.5
7455243 214838227 0.5
7455243 214820383 0.5
4667599 214845131 1
4667599 214848178 1
4667599 214839971 1
4667599 214839973 1
4667599 214829280 0.5
4667599 214829852 0.5
8294933 214716714 1
8294933 214851131 1
8294933 214716671 1
8294933 214851163 1
8294933 214851133 0.5
8294933 214851579 0.5
8294933 214851165 0.5
8294933 214851071 0.5
5484633 214832012 1
5484633 214840091 1
5484633 214650632 1
5484633 214536307 1
5484633 214717511 0.5
5484633 214831946 0.5
5484633 214845356 0.5
5484633 214835025 0.5
5484633 214583670 0.5
5484633 214826621 0.5
8591896 214716714 1
8591896 214684942 1
8591896 214851131 1
8591896 214851163 1
8591896 214716746 0.5
10448304 214854538 1
10448304 214854515 1
10448304 214853767 1
10448304 214854517 1
10448304 214853994 0.5
3865124 214826990 1
3865124 214836932 1
3865124 214835109 1
3865124 214838227 1
3865124 214829762 0.5
2488753 214829878 1
2488753 214831946 1
2488753 214819374 1
2488753 214821015 1
2488753 214819762 0.5
2488753 214819550 0.5
3435048 214835745 1
3435048 214834877 1
3435048 214836830 1
3435048 214587317 1
3435048 214835019 0.5
3435048 214600492 0.5
3435048 214826998 0.5
8622634 214853263 1
8622634 214853160 1
8622634 214678387 1
8622634 214846117 1
8622634 214848302 0.5
8622634 214709702 0.5
1767649 214844458 1
1767649 214612751 1
1767649 214844394 1
1767649 214821339 1
1767649 214844441 0.5
1767649 214821309 0.5
1767649 214821302 0.5
956972 214586743 1
956972 214829008 1
956972 214587317 1
956972 214820807 1
956972 214819382 0.5
956972 214586694 0.5
956972 214826927 0.5
956972 214601233 0.5
956972 214826998 0.5
956972 214717562 0.5
956972 214829053 0.5
10406449 214567333 1
10406449 214854510 1
10406449 214567327 1
10406449 214854262 1
10406449 214853728 0.5
10406449 214684762 0.5
10406449 214854358 0.5
10406449 214853735 0.5
9329213 214846475 1
9329213 214706473 1
9329213 214846391 1
9329213 214851071 1
9329213 214642089 0.5
9329213 214716579 0.5
9329213 214840412 0.5
6962272 214849331 1
6962272 214849284 1
6962272 214849228 1
6962272 214849297 1
6962272 214667859 0.5
7047947 214564382 1
7047947 214850720 1
7047947 214850621 1
7047947 214850405 1
7047947 214850848 0.5
7047947 214850936 0.5
7047947 214853177 0.5
2824772 214835019 1
2824772 214835747 1
2824772 214587712 1
2824772 214826617 1
2824772 214680705 0.5
2824772 214826565 0.5
2824772 214602600 0.5
2824772 214835017 0.5
2824772 214609325 0.5
2824772 214819374 0.5
2824772 214587697 0.5
2824772 214834867 0.5
2824772 214556334 0.5
2824772 214556025 0.5
2824772 214832792 0.5
2824772 214553561 0.5
2824772 214837882 0.5
2824772 214831967 0.5
3563309 214612706 1
3563309 214612704 1
3563309 214551626 1
3563309 214551624 1
3563309 214821315 0.5
3563309 214533022 0.5
9482823 214853162 1
9482823 214819577 1
9482823 214851581 1
9482823 214851236 1
9482823 214850720 0.5
9482823 214850872 0.5
9482823 214852987 0.5
9482823 214705757 0.5
9482823 214820345 0.5
10914381 214555987 1
10914381 214853321 1
10914381 214839596 1
10914381 214850304 1
10914381 214578350 0.5
10914381 214819472 0.5
10914381 214849747 0.5
10914381 214579545 0.5
10914381 214832156 0.5
10914381 214849342 0.5
9900627 214853992 1
9900627 214853852 1
9900627 214853724 1
9900627 214853732 1
9900627 214853994 0.5
9900627 214853996 0.5
9900627 214854510 0.5
9900627 214853848 0.5
9900627 214684762 0.5
9900627 214853435 0.5
9900627 214854172 0.5
11405908 214854853 1
11405908 214853102 1
11405908 214864880 1
11405908 214854785 1
11405908 214853100 0.5
8718939 214853105 1
8718939 214853075 1
8718939 214851742 1
8718939 214853107 1
8718939 214853096 0.5
8718939 214853085 0.5
4153948 214829792 1
4153948 214838096 1
4153948 214829852 1
4153948 214540127 1
4153948 214839587 0.5
4153948 214510757 0.5
4153948 214540070 0.5
4153948 214712237 0.5
4153948 214711284 0.5
4153948 214706452 0.5
4153948 214684702 0.5
4153948 214820255 0.5
10383966 214854579 1
10383966 214854536 1
10383966 214854300 1
10383966 214853113 1
10383966 214819577 0.5
3250434 214832115 1
3250434 214832126 1
3250434 214835475 1
3250434 214832128 1
3250434 214587712 0.5
3250434 214586668 0.5
3250434 214821407 0.5
9402811 214850282 1
9402811 214853420 1
9402811 214853422 1
9402811 214849809 1
9402811 214848688 0.5
4698724 214845131 1
4698724 214839971 1
4698724 214836855 1
4698724 214587317 1
4698724 214839600 0.5
4698724 214602598 0.5
2605103 214829880 1
2605103 214516723 1
2605103 214844094 1
2605103 214829885 1
2605103 214829878 0.5
5708392 214849001 1
5708392 214846447 1
5708392 214829739 1
5708392 214846415 1
5708392 214846007 0.5
5449148 214844396 1
5449148 214844398 1
5449148 214844345 1
5449148 214844347 1
5449148 214845587 0.5
5449148 214844340 0.5
6034028 214845806 1
6034028 214846530 1
6034028 214820400 1
6034028 214845587 1
6034028 214846447 0.5
3734386 214836932 1
3734386 214838111 1
3734386 214829765 1
3734386 214836947 1
3734386 214836924 0.5
2054073 214829846 1
2054073 214587388 1
2054073 214829707 1
2054073 214829863 1
2054073 214831948 0.5
348023 214826799 1
348023 214826627 1
348023 214826927 1
348023 214826934 1
348023 214826932 0.5
348023 214680718 0.5
348023 214827007 0.5
5915253 214848630 1
5915253 214845435 1
5915253 214846417 1
5915253 214850788 1
5915253 214586432 0.5
5915253 214839932 0.5
5915253 214662692 0.5
5915253 214826949 0.5
5915253 214819430 0.5
5915253 214820199 0.5
5915253 214563337 0.5
5915253 214835469 0.5
5915253 214845583 0.5
5915253 214835473 0.5
5915253 214602804 0.5
5915253 214849046 0.5
5915253 214828980 0.5
5915253 214650609 0.5
5915253 214845380 0.5
5915253 214845885 0.5
5915253 214849022 0.5
5915253 214557279 0.5
8504462 214853242 1
8504462 214853225 1
8504462 214851080 1
8504462 214716746 1
8504462 214553537 0.5
11434618 214853102 1
11434618 214854782 1
11434618 214854840 1
11434618 214853100 1
11434618 214854785 0.5
11434618 214854731 0.5
11434618 214853094 0.5
4130239 214845129 1
4130239 214831970 1
4130239 214829775 1
4130239 214587317 1
4130239 214838107 0.5
4130239 214839973 0.5
8172156 214853096 1
8172156 214853212 1
8172156 214851744 1
8172156 214851013 1
8172156 214851101 0.5
5898878 214848832 1
5898878 214848851 1
5898878 214848808 1
5898878 214848613 1
5898878 214558192 0.5
9462399 214853420 1
9462399 214853422 1
9462399 214705734 1
9462399 214850947 1
9462399 214576890 0.5
2570882 214835111 1
2570882 214600492 1
2570882 214836517 1
2570882 214831967 1
2570882 214826977 0.5
2570882 214831940 0.5
2570882 214835745 0.5
2570882 214831976 0.5
2570882 214819762 0.5
2570882 214835574 0.5
2570882 214831959 0.5
2570882 214831965 0.5
5147268 214845380 1
5147268 214839969 1
5147268 214839973 1
5147268 214844402 1
5147268 214836857 0.5
5147268 214714779 0.5
5147268 214690110 0.5
9263749 214853420 1
9263749 214853428 1
9263749 214850945 1
9263749 214853422 1
9263749 214831946 0.5
9263749 214673295 0.5
9263749 214717511 0.5
4747911 214839960 1
4747911 214602598 1
4747911 214839975 1
4747911 214587317 1
4747911 214839973 0.5
9738891 214850947 1
9738891 214850949 1
9738891 214853338 1
9738891 214853340 1
9738891 214831955 0.5
4854412 214835012 1
4854412 214839973 1
4854412 214845806 1
4854412 214835745 1
4854412 214680729 0.5
4854412 214603138 0.5
2267794 214831948 1
2267794 214829882 1
2267794 214829878 1
2267794 214831957 1
2267794 214831946 0.5
10617283 214853113 1
10617283 214854352 1
10617283 214854536 1
10617283 214854579 1
10617283 214854547 0.5
2218644 214829882 1
2218644 214829887 1
2218644 214829880 1
2218644 214829878 1
2218644 214829885 0.5
2923159 214835747 1
2923159 214834880 1
2923159 214836050 1
2923159 214836075 1
2923159 214587712 0.5
2923159 214833755 0.5
2923159 214835019 0.5
2923159 214819430 0.5
2923159 214831959 0.5
9187993 214716714 1
9187993 214716746 1
9187993 214684942 1
9187993 214851163 1
9187993 214851234 0.5
9187993 214851579 0.5
9187993 214851750 0.5
9187993 214853186 0.5
9187993 214853242 0.5
9187993 214851131 0.5
9187993 214716671 0.5
8929946 214850938 1
8929946 214850936 1
8929946 214853135 1
8929946 214853242 1
8929946 214853225 0.5
6421148 214846530 1
6421148 214839973 1
6421148 214829765 1
6421148 214848656 1
6421148 214574670 0.5
9656989 214846029 1
9656989 214829882 1
9656989 214845581 1
9656989 214850947 1
9656989 214853424 0.5
9656989 214829880 0.5
9656989 214829887 0.5
9656989 214853422 0.5
9656989 214850295 0.5
10323739 214854264 1
10323739 214567215 1
10323739 214854354 1
10323739 214854358 1
10323739 214748336 0.5
10323739 214854298 0.5
10323739 214854517 0.5
10323739 214854527 0.5
3664553 214836924 1
3664553 214820400 1
3664553 214836932 1
3664553 214835109 1
3664553 214820392 0.5
3664553 214711280 0.5
8805034 214853096 1
8805034 214853085 1
8805034 214851326 1
8805034 214853105 1
8805034 214819772 0.5
6762951 214849312 1
6762951 214849344 1
6762951 214849179 1
6762951 214849284 1
6762951 214849185 0.5
6762951 214849314 0.5
6762951 214563335 0.5
8884908 214851326 1
8884908 214853094 1
8884908 214848302 1
8884908 214853248 1
8884908 214853105 0.5
9472686 214851750 1
9472686 214853237 1
9472686 214851161 1
9472686 214851028 1
9472686 214853210 0.5
10504121 214854300 1
10504121 214854579 1
10504121 214854534 1
10504121 214854547 1
10504121 214854720 0.5
10504121 214819577 0.5
9890498 214853700 1
9890498 214853767 1
9890498 214853722 1
9890498 214853702 1
9890498 214696897 0.5
9890498 214853698 0.5
9890498 214853765 0.5
9890498 214854152 0.5
9890498 214853707 0.5
9890498 214853730 0.5
9890498 214574670 0.5
9890498 214574672 0.5
9890498 214853713 0.5
9890498 214698418 0.5
9890498 214853430 0.5
7835766 214678987 1
7835766 214575193 1
7835766 214849393 1
7835766 214849762 1
7835766 214849766 0.5
7835766 214849031 0.5
7835766 214849738 0.5
7835766 214850315 0.5
7835766 214850295 0.5
7835766 214849753 0.5
7684808 214850285 1
7684808 214632146 1
7684808 214850295 1
7684808 214850291 1
7684808 214850287 0.5
6243018 214848626 1
6243018 214848375 1
6243018 214843680 1
6243018 214848371 1
6243018 214576890 0.5
6243018 214835747 0.5
6243018 214848620 0.5
10109643 214717888 1
10109643 214718160 1
10109643 214581611 1
10109643 214853111 1
10109643 214819427 0.5
10109643 214718220 0.5
10109643 214675888 0.5
10109643 214853075 0.5
10109643 214582200 0.5
10109643 214718169 0.5
10109643 214678387 0.5
10109643 214851740 0.5
8776392 214678387 1
8776392 214853169 1
8776392 214853115 1
8776392 214853109 1
8776392 214819393 0.5
8776392 214507331 0.5
8776392 214853130 0.5
8776392 214849010 0.5
8776392 214853107 0.5
8776392 214853111 0.5
8776392 214820443 0.5
10801873 214718169 1
10801873 214861464 1
10801873 214850743 1
10801873 214848380 1
10801873 214851585 0.5
10801873 214856550 0.5
10801873 214642100 0.5
10801873 214561494 0.5
10801873 214553844 0.5
10801873 214821022 0.5
8620756 214851750 1
8620756 214853242 1
8620756 214853135 1
8620756 214851748 1
8620756 214853210 0.5
8620756 214853188 0.5
8620756 214853182 0.5
8620756 214853190 0.5
10040023 214510445 1
10040023 214851326 1
10040023 214853085 1
10040023 214853094 1
10040023 214853090 0.5
3955417 214826990 1
3955417 214835109 1
3955417 214838227 1
3955417 214835167 1
3955417 214829765 0.5
11143903 214854791 1
11143903 214853100 1
11143903 214854782 1
11143903 214853102 1
11143903 214854815 0.5
9435872 214853325 1
9435872 214853321 1
9435872 214850947 1
9435872 214850945 1
9435872 214680371 0.5
9435872 214853420 0.5
7799521 214850743 1
7799521 214850936 1
7799521 214850790 1
7799521 214851317 1
7799521 214851097 0.5
7799521 214743339 0.5
7799521 214557701 0.5
9921253 214853700 1
9921253 214853707 1
9921253 214853730 1
9921253 214853767 1
9921253 214853709 0.5
2562797 214829882 1
2562797 214829885 1
2562797 214831948 1
2562797 214600509 1
2562797 214829878 0.5
3871471 214632146 1
3871471 214684513 1
3871471 214834877 1
3871471 214743495 1
3871471 214748336 0.5
3871471 214554982 0.5
4633336 214587317 1
4633336 214836887 1
4633336 214829775 1
4633336 214829280 1
4633336 214577057 0.5
4633336 214586694 0.5
4633336 214820392 0.5
4633336 214836075 0.5
4633336 214821401 0.5
4633336 214826623 0.5
4479742 214838102 1
4479742 214831948 1
4479742 214838227 1
4479742 214829878 1
4479742 214838105 0.5
9417473 214850945 1
9417473 214853342 1
9417473 214850947 1
9417473 214853340 1
9417473 214853338 0.5
6720091 214849312 1
6720091 214846119 1
6720091 214845971 1
6720091 214846117 1
6720091 214835167 0.5
10191626 214853722 1
10191626 214853700 1
10191626 214853730 1
10191626 214853767 1
10191626 214854152 0.5
4477708 214832143 1
4477708 214829797 1
4477708 214829790 1
4477708 214826942 1
4477708 214847968 0.5
4477708 214831944 0.5
4477708 214838098 0.5
4477708 214673295 0.5
9337986 214853460 1
9337986 214853321 1
9337986 214853325 1
9337986 214853379 1
9337986 214700002 0.5
9337986 214764748 0.5
8757037 214564380 1
8757037 214851290 1
8757037 214851101 1
8757037 214851232 1
8757037 214844347 0.5
4661637 214738457 1
4661637 214836887 1
4661637 214826623 1
4661637 214839962 1
4661637 214836855 0.5
4661637 214826951 0.5
6238994 214848980 1
6238994 214848973 1
6238994 214840421 1
6238994 214848971 1
6238994 214838225 0.5
6238994 214844402 0.5
6238994 214846477 0.5
7045251 214850285 1
7045251 214850295 1
7045251 214849745 1
7045251 214849742 1
7045251 214844355 0.5
7045251 214844396 0.5
7045251 214850287 0.5
3664669 214832780 1
3664669 214595150 1
3664669 214650592 1
3664669 214717562 1
3664669 214554637 0.5
3664669 214574670 0.5
3664669 214574672 0.5
3664669 214680722 0.5
3664669 214680725 0.5
3664669 214829850 0.5
3711774 214836932 1
3711774 214826990 1
3711774 214835109 1
3711774 214836947 1
3711774 214838227 0.5
9009958 214853165 1
9009958 214845962 1
9009958 214853075 1
9009958 214846119 1
9009958 214853128 0.5
9009958 214849010 0.5
9009958 214852987 0.5
9009958 214851742 0.5
9009958 214848926 0.5
8534824 214716671 1
8534824 214851131 1
8534824 214851097 1
8534824 214851163 1
8534824 214851592 0.5
8534824 214716746 0.5
6556463 214848315 1
6556463 214848337 1
6556463 214848845 1
6556463 214849012 1
6556463 214835747 0.5
6556463 214849252 0.5
1346352 214821412 1
1346352 214711280 1
1346352 214826589 1
1346352 214821410 1
1346352 214820392 0.5
1346352 214833755 0.5
1346352 214554277 0.5
1346352 214819430 0.5
1346352 214586743 0.5
4018312 214836932 1
4018312 214826990 1
4018312 214838227 1
4018312 214835109 1
4018312 214712124 0.5
4018312 214829762 0.5
4018312 214832747 0.5
4018312 214820220 0.5
4018312 214831974 0.5
5399347 214844482 1
5399347 214836358 1
5399347 214836133 1
5399347 214836146 1
5399347 214836352 0.5
5399347 214836339 0.5
5399347 214836075 0.5
5399347 214836092 0.5
6128436 214581761 1
6128436 214846010 1
6128436 214564320 1
6128436 214718216 1
6128436 214820377 0.5
6128436 214600140 0.5
4933086 214835745 1
4933086 214826565 1
4933086 214845435 1
4933086 214826949 1
4933086 214839969 0.5
4933086 214845131 0.5
4933086 214845380 0.5
4933086 214839973 0.5
4933086 214820810 0.5
4933086 214554283 0.5
4933086 214600492 0.5
4933086 214845806 0.5
4933086 214838137 0.5
4933086 214839600 0.5
4933086 214844372 0.5
4933086 214821401 0.5
4933086 214582948 0.5
4933086 214606972 0.5
4933086 214553572 0.5
4933086 214555262 0.5
8636896 214853222 1
8636896 214853132 1
8636896 214853242 1
8636896 214853094 1
8636896 214716714 0.5
8636896 214853210 0.5
8636896 214853237 0.5
10378051 214853195 1
10378051 214853992 1
10378051 214850405 1
10378051 214853094 1
10378051 214837494 0.5
10378051 214853227 0.5
10378051 214854545 0.5
10378051 214852978 0.5
10378051 214684502 0.5
10378051 214854549 0.5
10378051 214854358 0.5
10378051 214684762 0.5
10378051 214853726 0.5
10262326 214854579 1
10262326 214854585 1
10262326 214854536 1
10262326 214854300 1
10262326 214573305 0.5
10262326 214853113 0.5
8289096 214748336 1
8289096 214850711 1
8289096 214850700 1
8289096 214839617 1
8289096 214835019 0.5
8289096 214609325 0.5
8289096 214846035 0.5
8289096 214829850 0.5
8289096 214829852 0.5
8289096 214840378 0.5
404301 214843432 1
404301 214691681 1
404301 214691632 1
404301 214691679 1
404301 214843901 0.5
404301 214691630 0.5
4277074 214582374 1
4277074 214582385 1
4277074 214582382 1
4277074 214582380 1
4277074 214826938 0.5
4277074 214564708 0.5
4277074 214595150 0.5
707414 214837487 1
707414 214837483 1
707414 214837442 1
707414 214838831 1
707414 214698446 0.5
11146072 214854819 1
11146072 214854356 1
11146072 214854857 1
11146072 214853702 1
11146072 214848658 0.5
11146072 214853700 0.5
11146072 214853722 0.5
11146072 214854855 0.5
4058596 214632146 1
4058596 214832015 1
4058596 214831944 1
4058596 214836887 1
4058596 214839973 0.5
4058596 214829070 0.5
8751969 214853094 1
8751969 214853105 1
8751969 214853107 1
8751969 214853128 1
8751969 214678376 0.5
11510428 214857568 1
11510428 214857562 1
11510428 214857570 1
11510428 214857260 1
11510428 214857257 0.5
2108262 214829385 1
2108262 214829657 1
2108262 214832563 1
2108262 214829660 1
2108262 214829664 0.5
2108262 214829666 0.5
2108262 214744779 0.5
2108262 214835002 0.5
8173957 214684108 1
8173957 214612738 1
8173957 214667857 1
8173957 214665277 1
8173957 214845410 0.5
8173957 214850310 0.5
8173957 214844394 0.5
8173957 214563182 0.5
8173957 214850767 0.5
8173957 214716982 0.5
4372284 214829797 1
4372284 214845131 1
4372284 214836887 1
4372284 214832147 1
4372284 214839973 0.5
4372284 214602598 0.5
4372284 214587317 0.5
4372284 214836855 0.5
4372284 214826623 0.5
4372284 214716671 0.5
3990087 214838227 1
3990087 214826990 1
3990087 214573350 1
3990087 214836932 1
3990087 214829012 0.5
11015021 214854352 1
11015021 214854300 1
11015021 214854536 1
11015021 214854579 1
11015021 214854547 0.5
11015021 214854583 0.5
5404136 214844402 1
5404136 214844372 1
5404136 214844400 1
5404136 214835070 1
5404136 214845577 0.5
5404136 214834877 0.5
5404136 214829878 0.5
9931634 214853767 1
9931634 214854118 1
9931634 214853420 1
9931634 214850949 1
9931634 214586743 0.5
9931634 214853702 0.5
9931634 214577450 0.5
9931634 214738455 0.5
9931634 214687565 0.5
9931634 214716110 0.5
9931634 214718385 0.5
9931634 214832023 0.5
9931634 214820938 0.5
807796 214826872 1
807796 214826837 1
807796 214821307 1
807796 214826908 1
807796 214717286 0.5
6780039 214849331 1
6780039 214849284 1
6780039 214826610 1
6780039 214849093 1
6780039 214834880 0.5
6780039 214849097 0.5
6780039 214849100 0.5
7930759 214850743 1
7930759 214850771 1
7930759 214850758 1
7930759 214821020 1
7930759 214821024 0.5
7930759 214748336 0.5
7930759 214561485 0.5
3023753 214819430 1
3023753 214835017 1
3023753 214835019 1
3023753 214819382 1
3023753 214601233 0.5
3023753 214819691 0.5
3023753 214834867 0.5
3880087 214836947 1
3880087 214838227 1
3880087 214836932 1
3880087 214835109 1
3880087 214820220 0.5
3880087 214836926 0.5
3880087 214832023 0.5
4987789 214834877 1
4987789 214834880 1
4987789 214839973 1
4987789 214844345 1
4987789 214601233 0.5
4987789 214826610 0.5
4987789 214845806 0.5
4987789 214827007 0.5
7936918 214850758 1
7936918 214538870 1
7936918 214842735 1
7936918 214850754 1
7936918 214850756 0.5
7936918 214717003 0.5
7936918 214725551 0.5
7936918 214676306 0.5
7936918 214716982 0.5
7936918 214850743 0.5
7936918 214826750 0.5
6046873 214850872 1
6046873 214850870 1
6046873 214850876 1
6046873 214845960 1
6046873 214850880 0.5
6046873 214837483 0.5
6046873 214845980 0.5
8841253 214853105 1
8841253 214852980 1
8841253 214853077 1
8841253 214852978 1
8841253 214820345 0.5
8841253 214848159 0.5
2349983 214829880 1
2349983 214829882 1
2349983 214831946 1
2349983 214829878 1
2349983 214829090 0.5
4912283 214845577 1
4912283 214831955 1
4912283 214845581 1
4912283 214844319 1
4912283 214819760 0.5
4912283 214829882 0.5
10802086 214853100 1
10802086 214854767 1
10802086 214864880 1
10802086 214853102 1
10802086 214854853 0.5
6400936 214848377 1
6400936 214848337 1
6400936 214848330 1
6400936 214711247 1
6400936 214848328 0.5
6400936 214846535 0.5
11230122 214853100 1
11230122 214864880 1
11230122 214854489 1
11230122 214854542 1
11230122 214854785 0.5
11230122 214714755 0.5
11230122 214854731 0.5
11230122 214854733 0.5
11230122 214850735 0.5
11230122 214854840 0.5
11230122 214854815 0.5
11430828 214854800 1
11430828 214854791 1
11430828 214853100 1
11430828 214714755 1
11430828 214854733 0.5
7273391 214846112 1
7273391 214846072 1
7273391 214850291 1
7273391 214849745 1
7273391 214819378 0.5
7273391 214850295 0.5
7273391 214850285 0.5
7273391 214850287 0.5
6443954 214848337 1
6443954 214848656 1
6443954 214835109 1
6443954 214845131 1
6443954 214848380 0.5
1268662 214829387 1
1268662 214820392 1
1268662 214820396 1
1268662 214684730 1
1268662 214748336 0.5
1268662 214706102 0.5
8844216 214853212 1
8844216 214851750 1
8844216 214853132 1
8844216 214853242 1
8844216 214853210 0.5
8844216 214853222 0.5
11103161 214854300 1
11103161 214854547 1
11103161 214854579 1
11103161 214854534 1
11103161 214849464 0.5
8133791 214850938 1
8133791 214684942 1
8133791 214716671 1
8133791 214850619 1
8133791 214850848 0.5
8133791 214851073 0.5
8133791 214564387 0.5
8133791 214851748 0.5
8133791 214851592 0.5
8133791 214853135 0.5
8133791 214850792 0.5
8133791 214851165 0.5
8235964 214851080 1
8235964 214851161 1
8235964 214685049 1
8235964 214716714 1
8235964 214851234 0.5
8235964 214851587 0.5
8235964 214714794 0.5
6800317 214846119 1
6800317 214559660 1
6800317 214845962 1
6800317 214536193 1
6800317 214668249 0.5
6425534 214845131 1
6425534 214839971 1
6425534 214835745 1
6425534 214844396 1
6425534 214848613 0.5
6425534 214839975 0.5
6425534 214714794 0.5
6425534 214848695 0.5
6425534 214845806 0.5
6425534 214558192 0.5
6425534 214848851 0.5
6425534 214586743 0.5
6425534 214553735 0.5
4129729 214602598 1
4129729 214540127 1
4129729 214836857 1
4129729 214831942 1
4129729 214586694 0.5
4129729 214819430 0.5
4129729 214821350 0.5
4129729 214600492 0.5
4129729 214574670 0.5
4129729 214826927 0.5
4129729 214717286 0.5
1526722 214834877 1
1526722 214821350 1
1526722 214829396 1
1526722 214821332 1
1526722 214826561 0.5
1526722 214821407 0.5
5891018 214835017 1
5891018 214835745 1
5891018 214829878 1
5891018 214826833 1
5891018 214835747 0.5
5891018 214836330 0.5
5891018 214846447 0.5
5891018 214829882 0.5
5891018 214840091 0.5
5891018 214829885 0.5
2507418 214743495 1
2507418 214748336 1
2507418 214831965 1
2507418 214826623 1
2507418 214826563 0.5
2507418 214835111 0.5
2507418 214717742 0.5
2507418 214819762 0.5
2507418 214835124 0.5
2507418 214558807 0.5
10802139 214567215 1
10802139 214853848 1
10802139 214853182 1
10802139 214853184 1
10802139 214687905 0.5
10802139 214572452 0.5
10802139 214695525 0.5
10802139 214570871 0.5
10802139 214854264 0.5
10802139 214684762 0.5
5605541 214849001 1
5605541 214846001 1
5605541 214846121 1
5605541 214845986 1
5605541 214643362 0.5
5605541 214845131 0.5
5438434 214844370 1
5438434 214844396 1
5438434 214711348 1
5438434 214844368 1
5438434 214844400 0.5
11181029 214853102 1
11181029 214854840 1
11181029 214854785 1
11181029 214855016 1
11181029 214854819 0.5
1733457 214821410 1
1733457 214821412 1
1733457 214828976 1
1733457 214829752 1
1733457 214834880 0.5
1733457 214834877 0.5
1733457 214826589 0.5
5787132 214641412 1
5787132 214820377 1
5787132 214848990 1
5787132 214845418 1
5787132 214851090 0.5
5787132 214843322 0.5
5698594 214845984 1
5698594 214848185 1
5698594 214845954 1
5698594 214846312 1
5698594 214845418 0.5
5698594 214846065 0.5
5698594 214835786 0.5
5698594 214851090 0.5
5698594 214676377 0.5
3101682 214826893 1
3101682 214829887 1
3101682 214829882 1
3101682 214829878 1
3101682 214831957 0.5
3101682 214829885 0.5
2081781 214829865 1
2081781 214829855 1
2081781 214829861 1
2081781 214829707 1
2081781 214832720 0.5
2081781 214829711 0.5
2081781 214829846 0.5
2081781 214829863 0.5
1178452 214829321 1
1178452 214601233 1
1178452 214587317 1
1178452 214586743 1
1178452 214839600 0.5
1178452 214586694 0.5
1178452 214819430 0.5
1178452 214748336 0.5
1178452 214640017 0.5
1178452 214842450 0.5
1178452 214826837 0.5
1178452 214821401 0.5
7619579 214851159 1
7619579 214851013 1
7619579 214851122 1
7619579 214849102 1
7619579 214851290 0.5
7619579 214712124 0.5
7921123 214819380 1
7921123 214651777 1
7921123 214819378 1
7921123 214586743 1
7921123 214846112 0.5
8696321 214853135 1
8696321 214678376 1
8696321 214852987 1
8696321 214853162 1
8696321 214853233 0.5
8696321 214853130 0.5
8696321 214853227 0.5
8696321 214851748 0.5
8696321 214852982 0.5
629932 214826615 1
629932 214827009 1
629932 214800272 1
629932 214748336 1
629932 214711297 0.5
629932 214581954 0.5
629932 214718379 0.5
629932 214820392 0.5
629932 214580171 0.5
629932 214826612 0.5
629932 214717877 0.5
629932 214553844 0.5
629932 214826619 0.5
7247491 214849031 1
7247491 214850621 1
7247491 214849078 1
7247491 214850405 1
7247491 214849153 0.5
648204 214535042 1
648204 214826705 1
648204 214820441 1
648204 214536311 1
648204 214557041 0.5
648204 214826801 0.5
2882577 214835745 1
2882577 214835019 1
2882577 214587712 1
2882577 214835747 1
2882577 214834867 0.5
2882577 214600492 0.5
10538237 214854300 1
10538237 214854802 1
10538237 214714755 1
10538237 214854842 1
10538237 214849250 0.5
10538237 214854860 0.5
10538237 214859246 0.5
10538237 214855153 0.5
10538237 214850739 0.5
10538237 214854585 0.5
10538237 214826623 0.5
10270501 214854354 1
10270501 214854352 1
10270501 214854536 1
10270501 214853767 1
10270501 214684785 0.5
10270501 214854547 0.5
10270501 214854268 0.5
10270501 214820345 0.5
6915101 214845962 1
6915101 214846117 1
6915101 214845971 1
6915101 214846119 1
6915101 214582200 0.5
8897567 214853195 1
8897567 214853135 1
8897567 214844372 1
8897567 214853105 1
8897567 214844400 0.5
8897567 214850700 0.5
8897567 214853094 0.5
5773477 214838225 1
5773477 214845412 1
5773477 214846033 1
5773477 214837918 1
5773477 214829878 0.5
10509347 214853705 1
10509347 214854515 1
10509347 214854538 1
10509347 214854298 1
10509347 214854785 0.5
10509347 214567329 0.5
10509347 214854731 0.5
10509347 214650508 0.5
10509347 214853709 0.5
10509347 214850735 0.5
10509347 214854549 0.5
10509347 214706102 0.5
10509347 214854264 0.5
10509347 214584047 0.5
10509347 214854268 0.5
7940273 214850938 1
7940273 214850848 1
7940273 214845958 1
7940273 214850792 1
7940273 214832147 0.5
7940273 214850726 0.5
4015144 214835109 1
4015144 214836932 1
4015144 214820220 1
4015144 214829762 1
4015144 214560587 0.5
4015144 214707877 0.5
4015144 214838227 0.5
4085596 214684513 1
4085596 214826990 1
4085596 214820452 1
4085596 214835109 1
4085596 214829762 0.5
4085596 214836947 0.5
4085596 214836932 0.5
4085596 214839982 0.5
9843758 214853722 1
9843758 214853700 1
9843758 214853698 1
9843758 214853767 1
9843758 214853413 0.5
9843758 214853702 0.5
2253872 214829880 1
2253872 214829885 1
2253872 214831948 1
2253872 214831950 1
2253872 214831965 0.5
6071348 214846119 1
6071348 214845480 1
6071348 214845962 1
6071348 214849010 1
6071348 214582200 0.5
6071348 214559660 0.5
6071348 214845954 0.5
6071348 214650564 0.5
9935927 214846391 1
9935927 214561481 1
9935927 214851750 1
9935927 214845489 1
9935927 214687685 0.5
9935927 214853677 0.5
9935927 214712272 0.5
9935927 214554675 0.5
9935927 214853848 0.5
9935927 214848986 0.5
5481529 214827026 1
5481529 214826833 1
5481529 214828961 1
5481529 214717620 1
5481529 214717828 0.5
2828619 214712079 1
2828619 214829390 1
2828619 214835503 1
2828619 214829745 1
2828619 214580190 0.5
4672576 214839969 1
4672576 214602733 1
4672576 214848178 1
4672576 214836857 1
4672576 214836330 0.5
4672576 214845131 0.5
7575392 214716746 1
7575392 214851163 1
7575392 214851131 1
7575392 214716671 1
7575392 214851073 0.5
7575392 214850938 0.5
7575392 214851579 0.5
7575392 214851165 0.5
6784523 214602735 1
6784523 214667857 1
6784523 214845917 1
6784523 214587317 1
6784523 214839969 0.5
6784523 214850402 0.5
6784523 214845435 0.5
6784523 214602598 0.5
6784523 214602731 0.5
6784523 214698418 0.5
6784523 214846061 0.5
6784523 214845583 0.5
6784523 214848337 0.5
6784523 214848658 0.5
6784523 214846067 0.5
6784523 214838137 0.5
6784523 214849239 0.5
6784523 214828985 0.5
6784523 214829775 0.5
6784523 214839932 0.5
6784523 214834877 0.5
6784523 214831967 0.5
8254532 214685049 1
8254532 214851080 1
8254532 214851317 1
8254532 214851161 1
8254532 214851587 0.5
8254532 214509525 0.5
10562629 214854821 1
10562629 214854770 1
10562629 214854527 1
10562629 214854532 1
10562629 214853713 0.5
10562629 214820210 0.5
10562629 214687845 0.5
10562629 214716110 0.5
10562629 214846007 0.5
3023944 214551780 1
3023944 214836515 1
3023944 214711271 1
3023944 214821326 1
3023944 214539112 0.5
3023944 214821322 0.5
3023944 214820214 0.5
6616138 214848845 1
6616138 214711247 1
6616138 214839973 1
6616138 214849284 1
6616138 214849012 0.5
6616138 214848695 0.5
8070221 214853135 1
8070221 214853210 1
8070221 214853184 1
8070221 214853227 1
8070221 214832747 0.5
8070221 214850405 0.5
8070221 214850790 0.5
8070221 214743339 0.5
8070221 214684942 0.5
8070221 214829366 0.5
8070221 214556057 0.5
8070221 214844347 0.5
7402577 214849250 1
7402577 214849745 1
7402577 214819380 1
7402577 214819378 1
7402577 214850711 0.5
8301651 214851122 1
8301651 214846391 1
8301651 214851135 1
8301651 214850767 1
8301651 214821313 0.5
8301651 214851146 0.5
8301651 214687685 0.5
8301651 214851287 0.5
6331481 214848808 1
6331481 214848613 1
6331481 214848832 1
6331481 214848851 1
6331481 214577518 0.5
6331481 214556055 0.5
8139867 214850739 1
8139867 214850741 1
8139867 214564387 1
8139867 214819599 1
8139867 214851592 0.5
8139867 214844396 0.5
8139867 214564382 0.5
8139867 214717247 0.5
8527696 214716714 1
8527696 214716671 1
8527696 214851163 1
8527696 214851131 1
8527696 214832604 0.5
7980137 214850938 1
7980137 214850621 1
7980137 214850792 1
7980137 214850741 1
7980137 214850720 0.5
7980137 214564382 0.5
2303082 214829880 1
2303082 214831950 1
2303082 214829885 1
2303082 214831946 1
2303082 214711408 0.5
2303082 214826835 0.5
2303082 214829878 0.5
2303082 214707830 0.5
2113761 214834880 1
2113761 214829385 1
2113761 214829657 1
2113761 214829660 1
2113761 214557009 0.5
2113761 214821410 0.5
400493 214716980 1
400493 214744779 1
400493 214826702 1
400493 214819719 1
400493 214712130 0.5
400493 214716937 0.5
400493 214716941 0.5
400493 214819376 0.5
400493 214821397 0.5
400493 214819721 0.5
4540639 214835544 1
4540639 214835167 1
4540639 214839971 1
4540639 214567331 1
4540639 214819770 0.5
4540639 214833780 0.5
4540639 214829773 0.5
8012911 214851163 1
8012911 214844394 1
8012911 214716973 1
8012911 214716939 1
8012911 214716746 0.5
8012911 214851028 0.5
9043371 214849010 1
9043371 214581611 1
9043371 214851737 1
9043371 214853165 1
9043371 214853128 0.5
9043371 214819393 0.5
2167928 214831967 1
2167928 214743495 1
2167928 214717562 1
2167928 214820392 1
2167928 214828985 0.5
2167928 214821300 0.5
1578106 214829321 1
1578106 214834877 1
1578106 214826610 1
1578106 214834880 1
1578106 214800272 0.5
1578106 214833755 0.5
1578106 214829366 0.5
1578106 214819430 0.5
8443004 214716714 1
8443004 214716671 1
8443004 214851028 1
8443004 214851131 1
8443004 214665283 0.5
8443004 214716581 0.5
8443004 214851592 0.5
8443004 214716746 0.5
8443004 214717867 0.5
8443004 214684942 0.5
8443004 214685049 0.5
8443004 214851163 0.5
8443004 214832604 0.5
8443004 214851165 0.5
10256576 214854298 1
10256576 214694156 1
10256576 214845583 1
10256576 214556212 1
10256576 214556216 0.5
9032834 214677830 1
9032834 214851742 1
9032834 214853130 1
9032834 214853128 1
9032834 214851077 0.5
5692547 214844368 1
5692547 214844396 1
5692547 214844355 1
5692547 214844400 1
5692547 214579839 0.5
3738756 214836795 1
3738756 214829773 1
3738756 214836870 1
3738756 214829799 1
3738756 214839600 0.5
3738756 214613741 0.5
7626833 214551626 1
7626833 214844456 1
7626833 214844394 1
7626833 214844462 1
7626833 214844441 0.5
7626833 214844439 0.5
6340801 214846530 1
6340801 214848950 1
6340801 214844396 1
6340801 214848845 1
6340801 214848688 0.5
6340801 214832145 0.5
6340801 214829765 0.5
6533996 214848337 1
6533996 214849012 1
6533996 214845971 1
6533996 214848605 1
6533996 214849312 0.5
6533996 214849179 0.5
2756119 214826608 1
2756119 214831946 1
2756119 214829878 1
2756119 214820807 1
2756119 214834880 0.5
2756119 214687565 0.5
2756119 214716110 0.5
2756119 214716752 0.5
2756119 214835124 0.5
2756119 214583670 0.5
2756119 214744535 0.5
2756119 214831965 0.5
7664782 214850792 1
7664782 214850938 1
7664782 214850936 1
7664782 214850790 1
7664782 214564387 0.5
7664782 214850756 0.5
7664782 214820394 0.5
7664782 214851317 0.5
7664782 214685049 0.5
7664782 214819770 0.5
498617 214828987 1
498617 214827005 1
498617 214684841 1
498617 214826925 1
498617 214826912 0.5
498617 214714794 0.5
901926 214819374 1
901926 214561402 1
901926 214826615 1
901926 214826619 1
901926 214556025 0.5
3800217 214836932 1
3800217 214835109 1
3800217 214839984 1
3800217 214826990 1
3800217 214838227 0.5
10140826 214853677 1
10140826 214853852 1
10140826 214853994 1
10140826 214853848 1
10140826 214853435 0.5
8004766 214836330 1
8004766 214848159 1
8004766 214850767 1
8004766 214849762 1
8004766 214850630 0.5
8004766 214838225 0.5
8004766 214849738 0.5
8004766 214710097 0.5
8004766 214846007 0.5
8004766 214851133 0.5
9056453 214853242 1
9056453 214851750 1
9056453 214853210 1
9056453 214853132 1
9056453 214850792 0.5
9056453 214553537 0.5
9056453 214849363 0.5
9056453 214853237 0.5
9056453 214853182 0.5
8593848 214851097 1
8593848 214851317 1
8593848 214851161 1
8593848 214851163 1
8593848 214851234 0.5
8593848 214851028 0.5
8593848 214851165 0.5
5573797 214676377 1
5573797 214846119 1
5573797 214845962 1
5573797 214845954 1
5573797 214835426 0.5
5573797 214845965 0.5
5573797 214845585 0.5
5573797 214845971 0.5
5573797 214820377 0.5
5573797 214832019 0.5
11067781 214850949 1
11067781 214853100 1
11067781 214854720 1
11067781 214864880 1
11067781 214854785 0.5
11067781 214849100 0.5
11067781 214846031 0.5
11067781 214558258 0.5
11067781 214854682 0.5
11067781 214829880 0.5
11067781 214853722 0.5
11067781 214820186 0.5
11067781 214684734 0.5
8789162 214851742 1
8789162 214853128 1
8789162 214853165 1
8789162 214853107 1
8789162 214515830 0.5
3525804 214836830 1
3525804 214829030 1
3525804 214840412 1
3525804 214829750 1
3525804 214642016 0.5
3525804 214687685 0.5
2550642 214829878 1
2550642 214829882 1
2550642 214831950 1
2550642 214829885 1
2550642 214829737 0.5
2550642 214743497 0.5
9258161 214853420 1
9258161 214853422 1
9258161 214850945 1
9258161 214853426 1
9258161 214687457 0.5
9258161 214684730 0.5
9942194 214853698 1
9942194 214853702 1
9942194 214853700 1
9942194 214853850 1
9942194 214853707 0.5
7181491 214849762 1
7181491 214836407 1
7181491 214820345 1
7181491 214846530 1
7181491 214556595 0.5
7181491 214846127 0.5
9061556 214851755 1
9061556 214853160 1
9061556 214680356 1
9061556 214677733 1
9061556 214836536 0.5
9061556 214844321 0.5
9061556 214853250 0.5
9061556 214790957 0.5
2254013 214717877 1
2254013 214826615 1
2254013 214826617 1
2254013 214573288 1
2254013 214556025 0.5
2254013 214573277 0.5
5317822 214844370 1
5317822 214846447 1
5317822 214844398 1
5317822 214829799 1
5317822 214585633 0.5
5317822 214821410 0.5
5317822 214821032 0.5
5317822 214839311 0.5
5317822 214844340 0.5
5317822 214832150 0.5
10144961 214849284 1
10144961 214851585 1
10144961 214853383 1
10144961 214675888 1
10144961 214707875 0.5
10144961 214835109 0.5
10144961 214573288 0.5
10144961 214853385 0.5
10144961 214677615 0.5
10144961 214848337 0.5
10144961 214667859 0.5
10144961 214606792 0.5
10144961 214707830 0.5
10144961 214851159 0.5
10144961 214851290 0.5
10144961 214854491 0.5
10144961 214573277 0.5
10144961 214555262 0.5
150723 214821024 1
150723 214832557 1
150723 214821020 1
150723 214587384 1
150723 214717888 0.5
150723 214718160 0.5
2297029 214829878 1
2297029 214831946 1
2297029 214829882 1
2297029 214829885 1
2297029 214831965 0.5
2297029 214710062 0.5
9491654 214711307 1
9491654 214850942 1
9491654 214853428 1
9491654 214853460 1
9491654 214850945 0.5
9491654 214850947 0.5
3797537 214836924 1
3797537 214835109 1
3797537 214835167 1
3797537 214836947 1
3797537 214836932 0.5
1053897 214586743 1
1053897 214828980 1
1053897 214587317 1
1053897 214554283 1
1053897 214582948 0.5
1053897 214553572 0.5
1053897 214828982 0.5
1053897 214586694 0.5
1053897 214557279 0.5
2866379 214835017 1
2866379 214837916 1
2866379 214835019 1
2866379 214835747 1
2866379 214587712 0.5
2866379 214835475 0.5
8061719 214851579 1
8061719 214716714 1
8061719 214851131 1
8061719 214851165 1
8061719 214716581 0.5
8061719 214716746 0.5
8061719 214716110 0.5
8061719 214851028 0.5
8061719 214716654 0.5
8061719 214851099 0.5
8061719 214827005 0.5
1131043 214839600 1
1131043 214820807 1
1131043 214829321 1
1131043 214820810 1
1131043 214748336 0.5
1131043 214819430 0.5
3535054 214836795 1
3535054 214829771 1
3535054 214712124 1
3535054 214711280 1
3535054 214571010 0.5
3535054 214820803 0.5
3535054 214831974 0.5
3535054 214582348 0.5
3535054 214582350 0.5
3535054 214836885 0.5
3535054 214829368 0.5
8004824 214849252 1
8004824 214716746 1
8004824 214832567 1
8004824 214748334 1
8004824 214716928 0.5
8004824 214717003 0.5
5553372 214850402 1
5553372 214845917 1
5553372 214844396 1
5553372 214845587 1
5553372 214844345 0.5
5553372 214845887 0.5
5553372 214839973 0.5
5553372 214846007 0.5
3026148 214835019 1
3026148 214835747 1
3026148 214834867 1
3026148 214835017 1
3026148 214609325 0.5
8363237 214564387 1
8363237 214573350 1
8363237 214851122 1
8363237 214717247 1
8363237 214850848 0.5
8363237 214851290 0.5
8363237 214716110 0.5
8363237 214851159 0.5
8905962 214853094 1
8905962 214853077 1
8905962 214852978 1
8905962 214852980 1
8905962 214853248 0.5
8905962 214853096 0.5
8905962 214853090 0.5
8905962 214851326 0.5
8905962 214853105 0.5
7195887 214850304 1
7195887 214850295 1
7195887 214849033 1
7195887 214846112 1
7195887 214820345 0.5
7038192 214846112 1
7038192 214846072 1
7038192 214849796 1
7038192 214849136 1
7038192 214849312 0.5
7038192 214820345 0.5
7038192 214850364 0.5
10095857 214853698 1
10095857 214853713 1
10095857 214853702 1
10095857 214853767 1
10095857 214837286 0.5
10183922 214853707 1
10183922 214853722 1
10183922 214853767 1
10183922 214853700 1
10183922 214853713 0.5
1914102 214829850 1
1914102 214831965 1
1914102 214826979 1
1914102 214826977 1
1914102 214557217 0.5
2811129 214829880 1
2811129 214829878 1
2811129 214829887 1
2811129 214714757 1
2811129 214834873 0.5
2811129 214514293 0.5
419071 214827007 1
419071 214827000 1
419071 214834865 1
419071 214827005 1
419071 214826912 0.5
10960128 214854733 1
10960128 214854838 1
10960128 214855016 1
10960128 214854219 1
10960128 214853154 0.5
10960128 214714755 0.5
10960128 214854860 0.5
10960128 214853102 0.5
10960128 214854705 0.5
10960128 214854840 0.5
10960128 214854332 0.5
4621571 214839973 1
4621571 214845131 1
4621571 214587317 1
4621571 214836853 1
4621571 214836512 0.5
4621571 214836857 0.5
4621571 214577450 0.5
4621571 214828985 0.5
8652037 214850949 1
8652037 214853422 1
8652037 214853428 1
8652037 214850945 1
8652037 214853402 0.5
8672518 214853248 1
8672518 214853085 1
8672518 214851326 1
8672518 214852982 1
8672518 214853094 0.5
9899273 214600464 1
9899273 214600470 1
9899273 214600475 1
9899273 214853342 1
9899273 214851714 0.5
982286 214613743 1
982286 214826619 1
982286 214820392 1
982286 214820807 1
982286 214539110 0.5
10166147 214853767 1
10166147 214853698 1
10166147 214853700 1
10166147 214853722 1
10166147 214853730 0.5
4472088 214839975 1
4472088 214826990 1
4472088 214839617 1
4472088 214839971 1
4472088 214826998 0.5
4472088 214602598 0.5
4472088 214601229 0.5
4472088 214848176 0.5
4472088 214835475 0.5
4472088 214835124 0.5
4472088 214583670 0.5
4472088 214553561 0.5
4472088 214668185 0.5
4472088 214836926 0.5
4472088 214829797 0.5
2362652 214829885 1
2362652 214819526 1
2362652 214834880 1
2362652 214580424 1
2362652 214829090 0.5
2362652 214826563 0.5
2362652 214744779 0.5
2362652 214835111 0.5
2362652 214836328 0.5
2362652 214826953 0.5
2362652 214743339 0.5
2362652 214832780 0.5
2362652 214680722 0.5
2362652 214717742 0.5
2362652 214826610 0.5
2362652 214791635 0.5
2362652 214678839 0.5
2362652 214652216 0.5
2362652 214569714 0.5
2362652 214826874 0.5
2362652 214573820 0.5
2362652 214705117 0.5
5293342 214838137 1
5293342 214839969 1
5293342 214835428 1
5293342 214845590 1
5293342 214826949 0.5
5293342 214602598 0.5
5293342 214667912 0.5
5293342 214844398 0.5
5293342 214844396 0.5
5293342 214602733 0.5
5293342 214582382 0.5
5293342 214829775 0.5
5293342 214844400 0.5
5293342 214820392 0.5
5293342 214553561 0.5
5293342 214846035 0.5
5293342 214587317 0.5
5293342 214668281 0.5
5293342 214835064 0.5
5293342 214821401 0.5
5293342 214826906 0.5
5293342 214835167 0.5
5293342 214845917 0.5
5293342 214829765 0.5
10745129 214854352 1
10745129 214854549 1
10745129 214854545 1
10745129 214850945 1
10745129 214853413 0.5
10745129 214853992 0.5
10745129 214560534 0.5
10745129 214854358 0.5
10745129 214850743 0.5
10745129 214849464 0.5
10745129 214850938 0.5
10745129 214684762 0.5
7208748 214844400 1
7208748 214844396 1
7208748 214844398 1
7208748 214668281 1
7208748 214829280 0.5
7208748 214849001 0.5
7208748 214836330 0.5
6889693 214848986 1
6889693 214849344 1
6889693 214848596 1
6889693 214850615 1
6889693 214849292 0.5
6889693 214849230 0.5
8358451 214848602 1
8358451 214851581 1
8358451 214851236 1
8358451 214851075 1
8358451 214851290 0.5
9305403 214853338 1
9305403 214850942 1
9305403 214850949 1
9305403 214853420 1
9305403 214821371 0.5
10478908 214854358 1
10478908 214853735 1
10478908 214567329 1
10478908 214854504 1
10478908 214684785 0.5
10775869 214854300 1
10775869 214854354 1
10775869 214854262 1
10775869 214819577 1
10775869 214853992 0.5
10775869 214853865 0.5
10923326 214854791 1
10923326 214853100 1
10923326 214854800 1
10923326 214864880 1
10923326 214854819 0.5
5199169 214826990 1
5199169 214557095 1
5199169 214844407 1
5199169 214840091 1
5199169 214835122 0.5
4947267 214844400 1
4947267 214844372 1
4947267 214845587 1
4947267 214845583 1
4947267 214838225 0.5
4947267 214844402 0.5
4947267 214845131 0.5
4947267 214844396 0.5
5453127 214845583 1
5453127 214845585 1
5453127 214844402 1
5453127 214844400 1
5453127 214844345 0.5
5453127 214558258 0.5
5453127 214845587 0.5
5453127 214844396 0.5
10986827 214854860 1
10986827 214837873 1
10986827 214709685 1
10986827 214850387 1
10986827 214854802 0.5
5870927 214712130 1
5870927 214845412 1
5870927 214820392 1
5870927 214844340 1
5870927 214839969 0.5
5870927 214839587 0.5
5870927 214819721 0.5
5870927 214846061 0.5
5870927 214846447 0.5
5870927 214748336 0.5
5870927 214832150 0.5
5870927 214838137 0.5
5870927 214845917 0.5
6360402 214849275 1
6360402 214587697 1
6360402 214839617 1
6360402 214846530 1
6360402 214845984 0.5
6360402 214846466 0.5
6360402 214846535 0.5
6360402 214848328 0.5
6360402 214846344 0.5
6360402 214849076 0.5
6360402 214848630 0.5
6360402 214845885 0.5
6360402 214826623 0.5
1842403 214829666 1
1842403 214829664 1
1842403 214826994 1
1842403 214837485 1
1842403 214744528 0.5
1842403 214554675 0.5
1842403 214826563 0.5
1842403 214677821 0.5
3003732 214835017 1
3003732 214835019 1
3003732 214609325 1
3003732 214835747 1
3003732 214587712 0.5
10179812 214853698 1
10179812 214853702 1
10179812 214853722 1
10179812 214853767 1
10179812 214853713 0.5
10179812 214853707 0.5
8825402 214853090 1
8825402 214851326 1
8825402 214853248 1
8825402 214853105 1
8825402 214853096 0.5
8825402 214853094 0.5
8365406 214716746 1
8365406 214685049 1
8365406 214851161 1
8365406 214851163 1
8365406 214851080 0.5
8365406 214851234 0.5
8365406 214851131 0.5
8365406 214716671 0.5
2409823 214829880 1
2409823 214831946 1
2409823 214829882 1
2409823 214835087 1
2409823 214835124 0.5
2381154 214829887 1
2381154 214831948 1
2381154 214829878 1
2381154 214840483 1
2381154 214821032 0.5
10079588 214675888 1
10079588 214853422 1
10079588 214850945 1
10079588 214853366 1
10079588 214848185 0.5
10079588 214854172 0.5
6094181 214846425 1
6094181 214846479 1
6094181 214846466 1
6094181 214846412 1
6094181 214846127 0.5
9256294 214853420 1
9256294 214853381 1
9256294 214853342 1
9256294 214853156 1
9256294 214853147 0.5
9256294 214853158 0.5
6955921 214849331 1
6955921 214849284 1
6955921 214819612 1
6955921 214667859 1
6955921 214574672 0.5
6955921 214848952 0.5
6955921 214834877 0.5
6955921 214849239 0.5
4661149 214839973 1
4661149 214839975 1
4661149 214839943 1
4661149 214836330 1
4661149 214748336 0.5
4661149 214845129 0.5
1963369 214826668 1
1963369 214826662 1
1963369 214820394 1
1963369 214829878 1
1963369 214826664 0.5
1963369 214829657 0.5
1963369 214829882 0.5
1963369 214826670 0.5
1963369 214743495 0.5
8617322 214851750 1
8617322 214853210 1
8617322 214853242 1
8617322 214849764 1
8617322 214850739 0.5
8617322 214853237 0.5
8617322 214850855 0.5
9401564 214853428 1
9401564 214850947 1
9401564 214850949 1
9401564 214853422 1
9401564 214850942 0.5
2743669 214829887 1
2743669 214831946 1
2743669 214829878 1
2743669 214829657 1
2743669 214821032 0.5
2743669 214829882 0.5
2743669 214644317 0.5
4795779 214839975 1
4795779 214826951 1
4795779 214602733 1
4795779 214839971 1
4795779 214839973 0.5
4787094 214829775 1
4787094 214836855 1
4787094 214587317 1
4787094 214602598 1
4787094 214839969 0.5
4787094 214602733 0.5
4787094 214586694 0.5
4787094 214821401 0.5
10329488 214581611 1
10329488 214851585 1
10329488 214678387 1
10329488 214853109 1
10329488 214819393 0.5
5609547 214846065 1
5609547 214846033 1
5609547 214845917 1
5609547 214846121 1
5609547 214846460 0.5
5609547 214829878 0.5
5609547 214846127 0.5
2967171 214831959 1
2967171 214835747 1
2967171 214835017 1
2967171 214826610 1
2967171 214552522 0.5
2967171 214835019 0.5
2967171 214835572 0.5
2967171 214675890 0.5
2967171 214695285 0.5
5266837 214845887 1
5266837 214845583 1
5266837 214844398 1
5266837 214835426 1
5266837 214839587 0.5
5266837 214845412 0.5
5266837 214838225 0.5
5266837 214846061 0.5
5266837 214846447 0.5
5266837 214845457 0.5
5266837 214835475 0.5
5266837 214846007 0.5
5266837 214845917 0.5
5266837 214844355 0.5
7181719 214849320 1
7181719 214849768 1
7181719 214684715 1
7181719 214848982 1
7181719 214849192 0.5
7181719 214548866 0.5
7181719 214532955 0.5
7181719 214839596 0.5
7181719 214819410 0.5
1676701 214834877 1
1676701 214826610 1
1676701 214834880 1
1676701 214829387 1
1676701 214819430 0.5
8754592 214853077 1
8754592 214678387 1
8754592 214853195 1
8754592 214848602 1
8754592 214853169 0.5
8754592 214853130 0.5
10743202 214853767 1
10743202 214853722 1
10743202 214853702 1
10743202 214853730 1
10743202 214696897 0.5
10743202 214853698 0.5
10743202 214853700 0.5
10743202 214853353 0.5
10743202 214854159 0.5
10743202 214850771 0.5
10743202 214853430 0.5
10743202 214850743 0.5
10743202 214854491 0.5
1611789 214828989 1
1611789 214826610 1
1611789 214829366 1
1611789 214834877 1
1611789 214826992 0.5
1611789 214828995 0.5
1611789 214711556 0.5
1611789 214828991 0.5
10663343 214854230 1
10663343 214849807 1
10663343 214848658 1
10663343 214853767 1
10663343 214567329 0.5
10663343 214839587 0.5
10663343 214580424 0.5
10663343 214748336 0.5
10663343 214854545 0.5
10663343 214854354 0.5
10663343 214846067 0.5
10663343 214854358 0.5
10663343 214819577 0.5
10663343 214854352 0.5
10663343 214851581 0.5
10663343 214854527 0.5
8943028 214853242 1
8943028 214851750 1
8943028 214853210 1
8943028 214853132 1
8943028 214853233 0.5
8943028 214851748 0.5
8943028 214853237 0.5
3988917 214829387 1
3988917 214829797 1
3988917 214526083 1
3988917 214712559 1
3988917 214711040 0.5
3988917 214606948 0.5
3988917 214845127 0.5
3988917 214838227 0.5
3988917 214829366 0.5
3988917 214836932 0.5
11398047 214853865 1
11398047 214853184 1
11398047 214859300 1
11398047 214859126 1
11398047 214684785 0.5
11398047 214851097 0.5
6022588 214846127 1
6022588 214829852 1
6022588 214846067 1
6022588 214829850 1
6022588 214748336 0.5
6022588 214819721 0.5
6022588 214800272 0.5
6022588 214835473 0.5
6022588 214846007 0.5
6022588 214836857 0.5
6022588 214612730 0.5
6022588 214846427 0.5
6022588 214845885 0.5
2284789 214514295 1
2284789 214540125 1
2284789 214831946 1
2284789 214831950 1
2284789 214826977 0.5
2284789 214717867 0.5
2284789 214554358 0.5
2284789 214748327 0.5
2284789 214748336 0.5
2284789 214819760 0.5
2284789 214832657 0.5
2284789 214716982 0.5
2284789 214831967 0.5
2284789 214676319 0.5
9461187 214853340 1
9461187 214850947 1
9461187 214853342 1
9461187 214821373 1
9461187 214846112 0.5
10561779 214854352 1
10561779 214854536 1
10561779 214854354 1
10561779 214853244 1
10561779 214850739 0.5
10561779 214854268 0.5
10561779 214857167 0.5
1877134 214829865 1
1877134 214829861 1
1877134 214829863 1
1877134 214829707 1
1877134 214829857 0.5
1877134 214829855 0.5
8316369 214851131 1
8316369 214684942 1
8316369 214851163 1
8316369 214716671 1
8316369 214851592 0.5
8316369 214716746 0.5
8316369 214716714 0.5
9586133 214853698 1
9586133 214853702 1
9586133 214853707 1
9586133 214853730 1
9586133 214854152 0.5
9586133 214853767 0.5
5907927 214846067 1
5907927 214846479 1
5907927 214846468 1
5907927 214846535 1
5907927 214846472 0.5
5907927 214572234 0.5
5907927 214846460 0.5
5907927 214585554 0.5
8185628 214716714 1
8185628 214851080 1
8185628 214851161 1
8185628 214851317 1
8185628 214851575 0.5
8732239 214853077 1
8732239 214851750 1
8732239 214853242 1
8732239 214853210 1
8732239 214853225 0.5
8732239 214853130 0.5
8732239 214853237 0.5
9934302 214853698 1
9934302 214853700 1
9934302 214849325 1
9934302 214853767 1
9934302 214853730 0.5
9934302 214853722 0.5
9934302 214853702 0.5
6419939 214848656 1
6419939 214710097 1
6419939 214844402 1
6419939 214839971 1
6419939 214844400 0.5
6419939 214838225 0.5
6419939 214848695 0.5
10315236 214853428 1
10315236 214853460 1
10315236 214853225 1
10315236 214850291 1
10315236 214820192 0.5
10315236 214854148 0.5
10315236 214854793 0.5
10315236 214853994 0.5
10315236 214851317 0.5
10315236 214685049 0.5
10315236 214853242 0.5
10315236 214853852 0.5
5453287 214835109 1
5453287 214835167 1
5453287 214844398 1
5453287 214844396 1
5453287 214829387 0.5
5453287 214581485 0.5
5453287 214838227 0.5
8455656 214853096 1
8455656 214853105 1
8455656 214850936 1
8455656 214852980 1
8455656 214573305 0.5
8455656 214850771 0.5
8455656 214820345 0.5
10946032 214854823 1
10946032 214714755 1
10946032 214854716 1
10946032 214849250 1
10946032 214854720 0.5
10946032 214854733 0.5
10946032 214826623 0.5
6773074 214839969 1
6773074 214845917 1
6773074 214667857 1
6773074 214848384 1
6773074 214844340 0.5
3799294 214826938 1
3799294 214836924 1
3799294 214829773 1
3799294 214836795 1
3799294 214835012 0.5
3799294 214832557 0.5
8771068 214849155 1
8771068 214851099 1
8771068 214851069 1
8771068 214651517 1
8771068 214849080 0.5
8771068 214849153 0.5
8771068 214849102 0.5
8771068 214573350 0.5
10622461 214854585 1
10622461 214853735 1
10622461 214854536 1
10622461 214854579 1
10622461 214849464 0.5
10622461 214853113 0.5
10622461 214854354 0.5
10622461 214684762 0.5
10622461 214850741 0.5
8906239 214853165 1
8906239 214851742 1
8906239 214853263 1
8906239 214853128 1
8906239 214853087 0.5
4918788 214612738 1
4918788 214820233 1
4918788 214840082 1
4918788 214819468 1
4918788 214843320 0.5
4918788 214821305 0.5
6753797 214849331 1
6753797 214849333 1
6753797 214849239 1
6753797 214667859 1
6753797 214849312 0.5
6753797 214665277 0.5
10479111 214850735 1
10479111 214854542 1
10479111 214854174 1
10479111 214853497 1
10479111 214675888 0.5
8672779 214850315 1
8672779 214846029 1
8672779 214850304 1
8672779 214850295 1
8672779 214850947 0.5
8672779 214831948 0.5
8672779 214829887 0.5
4711948 214839973 1
4711948 214836857 1
4711948 214835469 1
4711948 214839960 1
4711948 214839971 0.5
7734797 214716671 1
7734797 214850402 1
7734797 214851579 1
7734797 214851592 1
7734797 214716654 0.5
7734797 214684942 0.5
7000096 214667857 1
7000096 214848641 1
7000096 214844400 1
7000096 214846303 1
7000096 214838137 0.5
7000096 214849322 0.5
7000096 214829387 0.5
7000096 214848954 0.5
7000096 214849239 0.5
2448922 214829880 1
2448922 214831946 1
2448922 214831950 1
2448922 214829885 1
2448922 214601233 0.5
2448922 214835124 0.5
10100252 214854148 1
10100252 214853242 1
10100252 214853846 1
10100252 214853852 1
10100252 214853698 0.5
10100252 214853700 0.5
10100252 214854152 0.5
10100252 214853994 0.5
10100252 214853996 0.5
10100252 214853848 0.5
8136221 214851579 1
8136221 214851163 1
8136221 214716714 1
8136221 214851131 1
8136221 214850720 0.5
8136221 214716746 0.5
8136221 214684942 0.5
8136221 214851165 0.5
8136221 214564382 0.5
8136221 214716671 0.5
8919301 214853077 1
8919301 214852980 1
8919301 214853105 1
8919301 214853085 1
8919301 214853096 0.5
5170723 214844462 1
5170723 214844394 1
5170723 214844458 1
5170723 214821313 1
5170723 214551624 0.5
5170723 214844465 0.5
5170723 214821341 0.5
5170723 214844454 0.5
5170723 214844439 0.5
5170724 214840082 1
5170724 214826987 1
5170724 214844407 1
5170724 214743367 1
5170724 214829882 0.5
5170724 214684702 0.5
7357991 214850713 1
7357991 214850767 1
7357991 214850711 1
7357991 214850700 1
7357991 214845984 0.5
7357991 214839617 0.5
7357991 214829799 0.5
7357991 214800272 0.5
7357991 214850705 0.5
7357991 214850709 0.5
7357991 214849466 0.5
7357991 214648254 0.5
10853928 214854731 1
10853928 214854819 1
10853928 214854542 1
10853928 214854332 1
10853928 214701787 0.5
10638892 214854583 1
10638892 214687475 1
10638892 214687845 1
10638892 214853930 1
10638892 214854495 0.5
9340467 214853342 1
9340467 214850947 1
9340467 214711307 1
9340467 214853426 1
9340467 214831955 0.5
9340467 214850949 0.5
5705267 214844396 1
5705267 214844400 1
5705267 214844398 1
5705267 214834877 1
5705267 214845380 0.5
390708 214743341 1
390708 214819762 1
390708 214748336 1
390708 214839311 1
390708 214839752 0.5
390708 214684843 0.5
390708 214819760 0.5
390708 214601233 0.5
390708 214586743 0.5
390708 214826715 0.5
390708 214706462 0.5
5441082 214844370 1
5441082 214845585 1
5441082 214835428 1
5441082 214586668 1
5441082 214835426 0.5
5441082 214612730 0.5
2926142 214837918 1
2926142 214573612 1
2926142 214829364 1
2926142 214835019 1
2926142 214837916 0.5
5748287 214829739 1
5748287 214676377 1
5748287 214846001 1
5748287 214846121 1
5748287 214845962 0.5
5748287 214709702 0.5
10931297 214854767 1
10931297 214854542 1
10931297 214855209 1
10931297 214850702 1
10931297 214854352 0.5
10931297 214686879 0.5
10931297 214850735 0.5
8664644 214853242 1
8664644 214853210 1
8664644 214853135 1
8664644 214851750 1
8664644 214851748 0.5
8664644 214853237 0.5
3841612 214835109 1
3841612 214829765 1
3841612 214835167 1
3841612 214826990 1
3841612 214838227 0.5
9472269 214845962 1
9472269 214853128 1
9472269 214850366 1
9472269 214684715 1
9472269 214846312 0.5
9472269 214829880 0.5
9472269 214829878 0.5
6776007 214849082 1
6776007 214845943 1
6776007 214849123 1
6776007 214849290 1
6776007 214706147 0.5
5068371 214826825 1
5068371 214844400 1
5068371 214844372 1
5068371 214844402 1
5068371 214839587 0.5
5068371 214839973 0.5
5068371 214835473 0.5
5068371 214743335 0.5
5068371 214845806 0.5
5068371 214838225 0.5
5068371 214826998 0.5
5068371 214706102 0.5
5068371 214612730 0.5
5068371 214535985 0.5
8514489 214716746 1
8514489 214851161 1
8514489 214851080 1
8514489 214851317 1
8514489 214851587 0.5
8514489 214851028 0.5
9993817 214853244 1
9993817 214567327 1
9993817 214684762 1
9993817 214567333 1
9993817 214829090 0.5
9993817 214853732 0.5
9993817 214853865 0.5
9993817 214854510 0.5
9993817 214854352 0.5
9993817 214684785 0.5
9993817 214854354 0.5
9993817 214821397 0.5
9993817 214854358 0.5
9993817 214556216 0.5
9993817 214853113 0.5
9993817 214854300 0.5
9993817 214853855 0.5
9047643 214845962 1
9047643 214853107 1
9047643 214853075 1
9047643 214853165 1
9047643 214851748 0.5
9047643 214853128 0.5
9047643 214853162 0.5
9047643 214853195 0.5
9047643 214848302 0.5
9047643 214678376 0.5
2295389 214835745 1
2295389 214835019 1
2295389 214835132 1
2295389 214831967 1
2295389 214600492 0.5
2295389 214609325 0.5
6053473 214845885 1
6053473 214846067 1
6053473 214846417 1
6053473 214849252 1
6053473 214838225 0.5
6053473 214836926 0.5
6053473 214846127 0.5
11011686 214854840 1
11011686 214853102 1
11011686 214854785 1
11011686 214854836 1
11011686 214861314 0.5
1869417 214829861 1
1869417 214829865 1
1869417 214820231 1
1869417 214710328 1
1869417 214821277 0.5
1034514 214551630 1
1034514 214844447 1
1034514 214828995 1
1034514 214612738 1
1034514 214612751 0.5
7745138 214850938 1
7745138 214835017 1
7745138 214826565 1
7745138 214850936 1
7745138 214850720 0.5
7745138 214587697 0.5
7745138 214845435 0.5
7745138 214839932 0.5
7745138 214564382 0.5
1783414 214554277 1
1783414 214834877 1
1783414 214711556 1
1783414 214834880 1
1783414 214826992 0.5
1783414 214826563 0.5
1783414 214829660 0.5
1783414 214677821 0.5
4542072 214839977 1
4542072 214836855 1
4542072 214845131 1
4542072 214845435 1
4542072 214826977 0.5
4542072 214557217 0.5
4542072 214600492 0.5
4542072 214832147 0.5
4542072 214711477 0.5
4542072 214838137 0.5
4542072 214839960 0.5
4542072 214668281 0.5
10552959 214854262 1
10552959 214854549 1
10552959 214854510 1
10552959 214684785 1
10552959 214853865 0.5
10552959 214567327 0.5
10552959 214704180 0.5
10552959 214847255 0.5
3483267 214836847 1
3483267 214829773 1
3483267 214836795 1
3483267 214829799 1
3483267 214589735 0.5
3483267 214832780 0.5
3483267 214613741 0.5
3483267 214746382 0.5
3483267 214601233 0.5
3483267 214835475 0.5
3483267 214829786 0.5
3483267 214836926 0.5
4953732 214832126 1
4953732 214826833 1
4953732 214829287 1
4953732 214844347 1
4953732 214832128 0.5
4953732 214829850 0.5
4953732 214836932 0.5
8870157 214853085 1
8870157 214851326 1
8870157 214853090 1
8870157 214853105 1
8870157 214853096 0.5
2168456 214820233 1
2168456 214826816 1
2168456 214842553 1
2168456 214826608 1
2168456 214835021 0.5
5308044 214692581 1
5308044 214846033 1
5308044 214829317 1
5308044 214820255 1
5308044 214844340 0.5
5308044 214510757 0.5
5308044 214584821 0.5
11532909 214854819 1
11532909 214854731 1
11532909 214848658 1
11532909 214686864 1
11532909 214854770 0.5
11532909 214686879 0.5
6141587 214846417 1
6141587 214846412 1
6141587 214846425 1
6141587 214846479 1
6141587 214846464 0.5
6141587 214846466 0.5
6141587 214577450 0.5
6141587 214574670 0.5
6141587 214705145 0.5
6141587 214582170 0.5
10176149 214854538 1
10176149 214854515 1
10176149 214853700 1
10176149 214853767 1
10176149 214853707 0.5
10176149 214853683 0.5
10176149 214853420 0.5
10176149 214854517 0.5
10176149 214829878 0.5
9504411 214853420 1
9504411 214853422 1
9504411 214850945 1
9504411 214853381 1
9504411 214850947 0.5
7810716 214684715 1
7810716 214649730 1
7810716 214702927 1
7810716 214850366 1
7810716 214849796 0.5
6241953 214848613 1
6241953 214848851 1
6241953 214716710 1
6241953 214716707 1
6241953 214760897 0.5
10131106 214854264 1
10131106 214854268 1
10131106 214854358 1
10131106 214854159 1
10131106 214567329 0.5
10131106 214854262 0.5
10131106 214567333 0.5
10131106 214854510 0.5
10131106 214567327 0.5
8722083 214853085 1
8722083 214853105 1
8722083 214853094 1
8722083 214851326 1
8722083 214853096 0.5
8722083 214853090 0.5
8722083 214853077 0.5
7433893 214850936 1
7433893 214850938 1
7433893 214564382 1
7433893 214716645 1
7433893 214851011 0.5
7433893 214850405 0.5
7433893 214850790 0.5
7433893 214850760 0.5
7433893 214748304 0.5
7433893 214748291 0.5
7433893 214850621 0.5
6022822 214684702 1
6022822 214712237 1
6022822 214846029 1
6022822 214712235 1
6022822 214700000 0.5
6022822 214850953 0.5
6022822 214700002 0.5
6022822 214680371 0.5
6022822 214846033 0.5
10815144 214853102 1
10815144 214854785 1
10815144 214854800 1
10815144 214853263 1
10815144 214854840 0.5
2320041 214748295 1
2320041 214829887 1
2320041 214831948 1
2320041 214829880 1
2320041 214753505 0.5
7610028 214853173 1
7610028 214850936 1
7610028 214853758 1
7610028 214850621 1
7610028 214851120 0.5
7610028 214853122 0.5
7610028 214850743 0.5
3978928 214829773 1
3978928 214826938 1
3978928 214836795 1
3978928 214836870 1
3978928 214829769 0.5
6248927 214848337 1
6248927 214846535 1
6248927 214848615 1
6248927 214849076 1
6248927 214848328 0.5
6248927 214845410 0.5
6248927 214848692 0.5
6248927 214846530 0.5
6248927 214848605 0.5
2404023 214829880 1
2404023 214831948 1
2404023 214829882 1
2404023 214829885 1
2404023 214826985 0.5
6205113 214845958 1
6205113 214829730 1
6205113 214842555 1
6205113 214832147 1
6205113 214848992 0.5
6205113 214700992 0.5
6205113 214846029 0.5
6205113 214847968 0.5
4964981 214837280 1
4964981 214838092 1
4964981 214829321 1
4964981 214845583 1
4964981 214837288 0.5
4964981 214845435 0.5
4964981 214706102 0.5
4964981 214845806 0.5
4964981 214831967 0.5
9371328 214854508 1
9371328 214836877 1
9371328 214563182 1
9371328 214851324 1
9371328 214554234 0.5
7655111 214853177 1
7655111 214849393 1
7655111 214853175 1
7655111 214602598 1
7655111 214696897 0.5
7655111 214743339 0.5
7655111 214848656 0.5
7655111 214587317 0.5
7655111 214696824 0.5
7655111 214853758 0.5
5600971 214579226 1
5600971 214845939 1
5600971 214848185 1
5600971 214845135 1
5600971 214838105 0.5
5600971 214536307 0.5
5600971 214673295 0.5
5600971 214846014 0.5
5600971 214717511 0.5
10909394 214853102 1
10909394 214854827 1
10909394 214854785 1
10909394 214712242 1
10909394 214854682 0.5
10909394 214854797 0.5
10909394 214853735 0.5
10643156 214684785 1
10643156 214567333 1
10643156 214853735 1
10643156 214854358 1
10643156 214567329 0.5
10643156 214684762 0.5
10643156 214853732 0.5
10643156 214853726 0.5
10643156 214854262 0.5
10723889 214854354 1
10723889 214853244 1
10723889 214854536 1
10723889 214854352 1
10723889 214853113 0.5
5387556 214844372 1
5387556 214844396 1
5387556 214844402 1
5387556 214526083 1
5387556 214748336 0.5
5387556 214838225 0.5
5387556 214839973 0.5
9457374 214853846 1
9457374 214853852 1
9457374 214854148 1
9457374 214850947 1
9457374 214854176 0.5
9457374 214846112 0.5
9457374 214853158 0.5
9457374 214851750 0.5
9457374 214849363 0.5
9457374 214853237 0.5
9457374 214853242 0.5
9457374 214853210 0.5
9457374 214678526 0.5
5703391 214839973 1
5703391 214832145 1
5703391 214846065 1
5703391 214846033 1
5703391 214846031 0.5
10831584 214853090 1
10831584 214851326 1
10831584 214853094 1
10831584 214853085 1
10831584 214852978 0.5
10215142 214854268 1
10215142 214854532 1
10215142 214854264 1
10215142 214853353 1
10215142 214853726 0.5
10215142 214853237 0.5
10215142 214854358 0.5
10215142 214567215 0.5
9480888 214576982 1
9480888 214849747 1
9480888 214850940 1
9480888 214849455 1
9480888 214819599 0.5
9480888 214850411 0.5
9480888 214849391 0.5
9848561 214853846 1
9848561 214853852 1
9848561 214838094 1
9848561 214854118 1
9848561 214850938 0.5
9848561 214854148 0.5
2456261 214829880 1
2456261 214829878 1
2456261 214831946 1
2456261 214831948 1
2456261 214829887 0.5
8509181 214716671 1
8509181 214716714 1
8509181 214716746 1
8509181 214714794 1
8509181 214851131 0.5
8509181 214851579 0.5
8509181 214716654 0.5
5532769 214826949 1
5532769 214835473 1
5532769 214835064 1
5532769 214844370 1
5532769 214844396 0.5
5532769 214835070 0.5
5522117 214844398 1
5522117 214844372 1
5522117 214844355 1
5522117 214844368 1
5522117 214844400 0.5
5522117 214845583 0.5
10188418 214853767 1
10188418 214854358 1
10188418 214853846 1
10188418 214853994 1
10188418 214580424 0.5
10188418 214853852 0.5
10188418 214854230 0.5
10188418 214853855 0.5
7183242 214850621 1
7183242 214850295 1
7183242 214850405 1
7183242 214850720 1
7183242 214835137 0.5
7183242 214849766 0.5
7183242 214850700 0.5
7183242 214850287 0.5
7183242 214849136 0.5
7183242 214849747 0.5
7183242 214820345 0.5
7183242 214849363 0.5
7183242 214849247 0.5
9078546 214851236 1
9078546 214851122 1
9078546 214848682 1
9078546 214717247 1
9078546 214565473 0.5
9078546 214851077 0.5
9078546 214718385 0.5
9078546 214586743 0.5
9078546 214705370 0.5
9078546 214714779 0.5
9078546 214829850 0.5
10299011 214684762 1
10299011 214854352 1
10299011 214854536 1
10299011 214859062 1
10299011 214853930 0.5
10299011 214854545 0.5
10299011 214854549 0.5
10299011 214847255 0.5
10299011 214853855 0.5
10299011 214854495 0.5
10549209 214567329 1
10549209 214853724 1
10549209 214567215 1
10549209 214854358 1
10549209 214854354 0.5
8281883 214851028 1
8281883 214716671 1
8281883 214684942 1
8281883 214851163 1
8281883 214851579 0.5
8281883 214848613 0.5
8281883 214848808 0.5
8281883 214716746 0.5
8281883 214561674 0.5
8281883 214848851 0.5
8281883 214851097 0.5
8281883 214561402 0.5
8281883 214851131 0.5
8281883 214834877 0.5
10152071 214573310 1
10152071 214675888 1
10152071 214854118 1
10152071 214718160 1
10152071 214718169 0.5
1543966 214834880 1
1543966 214828995 1
1543966 214821407 1
1543966 214834877 1
1543966 214821350 0.5
3800863 214835786 1
3800863 214820392 1
3800863 214717522 1
3800863 214577443 1
3800863 214820810 0.5
3800863 214832780 0.5
3800863 214826927 0.5
3800863 214836249 0.5
3800863 214832124 0.5
3800863 214573629 0.5
7262171 214826990 1
7262171 214849284 1
7262171 214667859 1
7262171 214667857 1
7262171 214844345 0.5
7262171 214665277 0.5
7262171 214849239 0.5
7954212 214844402 1
7954212 214850771 1
7954212 214850758 1
7954212 214850852 1
7954212 214850762 0.5
7954212 214849466 0.5
7954212 214850743 0.5
10538789 214857830 1
10538789 214853420 1
10538789 214853143 1
10538789 214600468 1
10538789 214835713 0.5
10538789 214712235 0.5
2871078 214602600 1
2871078 214835019 1
2871078 214835747 1
2871078 214600492 1
2871078 214832792 0.5
2871078 214835745 0.5
2871078 214834867 0.5
2871078 214835017 0.5
1345841 214826610 1
1345841 214829366 1
1345841 214821294 1
1345841 214821410 1
1345841 214829387 0.5
1345841 214821412 0.5
11063082 214853735 1
11063082 214854585 1
11063082 214857557 1
11063082 214854836 1
11063082 214714755 0.5
11063082 214583670 0.5
11063082 214698446 0.5
6501682 214848337 1
6501682 214848596 1
6501682 214835167 1
6501682 214846530 1
6501682 214838225 0.5
8980271 214852978 1
8980271 214853105 1
8980271 214853248 1
8980271 214853094 1
8980271 214853096 0.5
8980271 214853242 0.5
8980271 214853077 0.5
6780721 214587712 1
6780721 214832792 1
6780721 214835017 1
6780721 214602600 1
6780721 214587697 0.5
8946373 214853094 1
8946373 214853085 1
8946373 214851326 1
8946373 214853248 1
8946373 214853090 0.5
10755892 214854257 1
10755892 214839995 1
10755892 214839999 1
10755892 214861498 1
10755892 214854313 0.5
7893228 214821020 1
7893228 214846035 1
7893228 214850771 1
7893228 214651777 1
7893228 214667912 0.5
7893228 214850555 0.5
7601974 214851101 1
7601974 214850765 1
7601974 214850758 1
7601974 214850713 1
7601974 214850754 0.5
7601974 214846421 0.5
4702009 214612706 1
4702009 214839973 1
4702009 214748336 1
4702009 214839600 1
4702009 214828985 0.5
3481402 214829321 1
3481402 214820402 1
3481402 214828980 1
3481402 214586694 1
3481402 214839600 0.5
3481402 214800272 0.5
3481402 214826908 0.5
3481402 214819430 0.5
3481402 214717286 0.5
10925883 214854772 1
10925883 214686879 1
10925883 214686864 1
10925883 214854767 1
10925883 214854347 0.5
10925883 214854821 0.5
8456842 214851080 1
8456842 214685049 1
8456842 214716746 1
8456842 214851161 1
8456842 214851234 0.5
8456842 214851028 0.5
11140929 214854840 1
11140929 214854853 1
11140929 214864880 1
11140929 214854787 1
11140929 214854860 0.5
4929346 214835548 1
4929346 214835552 1
4929346 214826818 1
4929346 214641967 1
4929346 214836956 0.5
4929346 214845577 0.5
4929346 214845356 0.5
4929346 214844336 0.5
4929346 214844405 0.5
4929346 214829878 0.5
4929346 214684108 0.5
6289219 214710097 1
6289219 214848682 1
6289219 214849239 1
6289219 214667857 1
6289219 214848328 0.5
6289219 214848330 0.5
6289219 214848656 0.5
6289219 214826610 0.5
6289219 214849275 0.5
6289219 214665277 0.5
3698506 214829878 1
3698506 214829885 1
3698506 214838098 1
3698506 214556212 1
3698506 214829880 0.5
3698506 214838105 0.5
3698506 214829882 0.5
798542 214821339 1
798542 214821307 1
798542 214821309 1
798542 214821305 1
798542 214551617 0.5
798542 214551626 0.5
8154961 214849031 1
8154961 214851165 1
8154961 214716977 1
8154961 214851163 1
8154961 214851592 0.5
8154961 214851097 0.5
8154961 214851131 0.5
8154961 214851579 0.5
3399478 214835745 1
3399478 214834867 1
3399478 214837918 1
3399478 214587697 1
3399478 214835019 0.5
3399478 214600492 0.5
3399478 214826565 0.5
3968852 214838227 1
3968852 214838137 1
3968852 214748336 1
3968852 214838225 1
3968852 214835109 0.5
3968852 214743335 0.5
3968852 214791688 0.5
3968852 214829385 0.5
3968852 214836330 0.5
3968852 214835019 0.5
3968852 214832780 0.5
3968852 214826927 0.5
3968852 214839600 0.5
3968852 214820392 0.5
3968852 214601233 0.5
3968852 214829850 0.5
3968852 214819382 0.5
3968852 214826934 0.5
3968852 214837882 0.5
3968852 214820810 0.5
7026521 214849738 1
7026521 214844398 1
7026521 214849740 1
7026521 214846072 1
7026521 214846112 0.5
7026521 214849757 0.5
8286044 214853105 1
8286044 214853096 1
8286044 214853094 1
8286044 214853085 1
8286044 214853248 0.5
9383777 214853435 1
9383777 214853848 1
9383777 214853846 1
9383777 214854148 1
9383777 214854176 0.5
9383777 214853852 0.5
9383777 214850855 0.5
1871714 214744779 1
1871714 214829660 1
1871714 214829385 1
1871714 214835750 1
1871714 214829657 0.5
1871714 214826670 0.5
10846052 214853100 1
10846052 214854840 1
10846052 214854827 1
10846052 214854782 1
10846052 214855016 0.5
10846052 214686879 0.5
10846052 214861895 0.5
10043249 214853698 1
10043249 214853702 1
10043249 214853722 1
10043249 214853767 1
10043249 214854152 0.5
10043249 214853353 0.5
7415674 214849807 1
7415674 214850366 1
7415674 214748289 1
7415674 214849766 1
7415674 214850848 0.5
7415674 214850726 0.5
7415674 214850792 0.5
7415674 214820394 0.5
7415674 214849775 0.5
7415674 214850417 0.5
7415674 214819412 0.5
2662378 214831948 1
2662378 214748295 1
2662378 214600509 1
2662378 214753505 1
2662378 214829852 0.5
11161473 214853100 1
11161473 214864880 1
11161473 214854853 1
11161473 214854785 1
11161473 214854857 0.5
11161473 214854772 0.5
3116932 214826565 1
3116932 214835019 1
3116932 214829364 1
3116932 214820400 1
3116932 214839617 0.5
3116932 214646306 0.5
3116932 214820803 0.5
3116932 214826623 0.5
10102764 214853435 1
10102764 214853852 1
10102764 214853994 1
10102764 214854148 1
10102764 214854176 0.5
10102764 214851073 0.5
10102764 214850792 0.5
10102764 214854032 0.5
10102764 214851080 0.5
10102764 214853846 0.5
10102764 214851131 0.5
10291082 214854534 1
10291082 214854547 1
10291082 214854579 1
10291082 214850947 1
10291082 214854545 0.5
10291082 214849076 0.5
6446991 214848384 1
6446991 214848596 1
6446991 214829765 1
6446991 214835167 1
6446991 214845962 0.5
11392914 214854787 1
11392914 214854793 1
11392914 214853102 1
11392914 214854785 1
11392914 214854853 0.5
10549143 214567333 1
10549143 214567327 1
10549143 214684785 1
10549143 214854495 1
10549143 214714755 0.5
10549143 214850700 0.5
10549143 214854262 0.5
10549143 214854510 0.5
6827933 214849318 1
6827933 214849322 1
6827933 214832156 1
6827933 214849312 1
6827933 214849179 0.5
6827933 214665277 0.5
6827933 214834877 0.5
6827933 214849239 0.5
24478 214828987 1
24478 214821300 1
24478 214826927 1
24478 214826932 1
24478 214819490 0.5
24478 214684942 0.5
7163807 214846119 1
7163807 214846312 1
7163807 214845962 1
7163807 214848384 1
7163807 214667912 0.5
7163807 214559660 0.5
7163807 214846035 0.5
7163807 214845971 0.5
7163807 214832019 0.5
7163807 214536189 0.5
6017897 214846460 1
6017897 214846367 1
6017897 214846470 1
6017897 214846472 1
6017897 214839587 0.5
653217 214709634 1
653217 214820192 1
653217 214820201 1
653217 214820240 1
653217 214820237 0.5
3119012 214829882 1
3119012 214556212 1
3119012 214829878 1
3119012 214711280 1
3119012 214684730 0.5
9421468 214853420 1
9421468 214850947 1
9421468 214853340 1
9421468 214853396 1
9421468 214850949 0.5
10120433 214853702 1
10120433 214853381 1
10120433 214853156 1
10120433 214853147 1
10120433 214853353 0.5
10120433 214853154 0.5
10120433 214844396 0.5
10120433 214844372 0.5
5414831 214844372 1
5414831 214844400 1
5414831 214844396 1
5414831 214844398 1
5414831 214836328 0.5
5414831 214835426 0.5
5414831 214835428 0.5
5414831 214835462 0.5
4904947 214832010 1
4904947 214845577 1
4904947 214839962 1
4904947 214845352 1
4904947 214738457 0.5
4904947 214848770 0.5
4904947 214836887 0.5
6635444 214849297 1
6635444 214849228 1
6635444 214820345 1
6635444 214849301 1
6635444 214848945 0.5
6635444 214848954 0.5
6635444 214665277 0.5
6635444 214602598 0.5
6635444 214587317 0.5
7892921 214632146 1
7892921 214846404 1
7892921 214829885 1
7892921 214850625 1
7892921 214850291 0.5
10074044 214853767 1
10074044 214853702 1
10074044 214853713 1
10074044 214853722 1
10074044 214854152 0.5
10074044 214853353 0.5
10074044 214853707 0.5
10074044 214853132 0.5
10074044 214853709 0.5
10074044 214848185 0.5
1130429 214828995 1
1130429 214819430 1
1130429 214819374 1
1130429 214717522 1
1130429 214839600 0.5
1130429 214583670 0.5
1130429 214743495 0.5
1130429 214826623 0.5
1130429 214826610 0.5
1130429 214601229 0.5
1130429 214680718 0.5
1130429 214680720 0.5
1130429 214680722 0.5
1130429 214556334 0.5
1130429 214832786 0.5
1130429 214680725 0.5
1130429 214828982 0.5
1130429 214826617 0.5
1130429 214574672 0.5
1130429 214553844 0.5
1130429 214833755 0.5
1130429 214587317 0.5
7927747 214850936 1
7927747 214850771 1
7927747 214850621 1
7927747 214849365 1
7927747 214821032 0.5
7927747 214573305 0.5
7927747 214716645 0.5
7927747 214850790 0.5
7653319 214712237 1
7653319 214840378 1
7653319 214835126 1
7653319 214850732 1
7653319 214853143 0.5
6236106 214846258 1
6236106 214846432 1
6236106 214846344 1
6236106 214848688 1
6236106 214846065 0.5
6236106 214848622 0.5
6236106 214846470 0.5
7600079 214850368 1
7600079 214850366 1
7600079 214850287 1
7600079 214850310 1
7600079 214849736 0.5
7600079 214849738 0.5
7600079 214850295 0.5
10592248 214854579 1
10592248 214854300 1
10592248 214819577 1
10592248 214850741 1
10592248 214678710 0.5
10592248 214854534 0.5
10715091 214853767 1
10715091 214850771 1
10715091 214854585 1
10715091 214854527 1
10715091 214850741 0.5
10974926 214854300 1
10974926 214684942 1
10974926 214854579 1
10974926 214853767 1
10974926 214850720 0.5
7048013 214850936 1
7048013 214850405 1
7048013 214564382 1
7048013 214850720 1
7048013 214850409 0.5
7048013 214579875 0.5
7048013 214850876 0.5
7048013 214556057 0.5
8574972 214716746 1
8574972 214851163 1
8574972 214851131 1
8574972 214684942 1
8574972 214851028 0.5
8574972 214851165 0.5
8574972 214716110 0.5
5355498 214835473 1
5355498 214829887 1
5355498 214844370 1
5355498 214844400 1
5355498 214828952 0.5
5355498 214725506 0.5
5355498 214836075 0.5
5355498 214743335 0.5
6313964 214848973 1
6313964 214848980 1
6313964 214848971 1
6313964 214848975 1
6313964 214848977 0.5
10997742 214854819 1
10997742 214714755 1
10997742 214864880 1
10997742 214853102 1
10997742 214854585 0.5
10997742 214848658 0.5
10997742 214854860 0.5
10997742 214859246 0.5
10997742 214854510 0.5
11124723 214853102 1
11124723 214854785 1
11124723 214854819 1
11124723 214854699 1
11124723 214854731 0.5
10956788 214854819 1
10956788 214853702 1
10956788 214853700 1
10956788 214853698 1
10956788 214853767 0.5
10280949 214854354 1
10280949 214854352 1
10280949 214853113 1
10280949 214819599 1
10280949 214854536 0.5
5375179 214845412 1
5375179 214845917 1
5375179 214844398 1
5375179 214844355 1
5375179 214835473 0.5
5375179 214668281 0.5
5375179 214820807 0.5
9385976 214853420 1
9385976 214850942 1
9385976 214853156 1
9385976 214853154 1
9385976 214850949 0.5
2378831 214829880 1
2378831 214831952 1
2378831 214831967 1
2378831 214826979 1
2378831 214557217 0.5
2378831 214829090 0.5
2378831 214821285 0.5
2378831 214829385 0.5
2378831 214601229 0.5
2378831 214819760 0.5
2378831 214819762 0.5
2378831 214819382 0.5
2378831 214832773 0.5
