7940096 214850936 1
7940096 214850938 1
7940096 214850792 1
7940096 214845958 1
7940096 214850720 0.5
7940096 214850771 0.5
7940096 214850743 0.5
4497412 214839967 1
4497412 214837286 1
4497412 214835552 1
4497412 214834877 1
4497412 214837288 0.5
4497412 214560585 0.5
4497412 214839960 0.5
4497412 214602598 0.5
4497412 214829287 0.5
1382407 214834877 1
1382407 214834880 1
1382407 214826610 1
1382407 214711280 1
1382407 214833755 0.5
7702544 214850282 1
7702544 214850304 1
7702544 214846072 1
7702544 214849745 1
7702544 214846112 0.5
7702544 214849466 0.5
3026264 214832115 1
3026264 214832124 1
3026264 214836885 1
3026264 214836875 1
3026264 214835122 0.5
3026264 214821407 0.5
10864658 214853102 1
10864658 214854782 1
10864658 214864880 1
10864658 214854793 1
10864658 214854840 0.5
9525271 214853242 1
9525271 214853210 1
9525271 214744779 1
9525271 214854176 1
9525271 214853094 0.5
9525271 214851750 0.5
9525271 214850855 0.5
9525271 214853096 0.5
9525271 214849460 0.5
9525271 214853237 0.5
9525271 214849462 0.5
9525271 214853848 0.5
4980762 214540127 1
4980762 214835109 1
4980762 214840091 1
4980762 214826990 1
4980762 214835107 0.5
4980762 214714757 0.5
4980762 214832555 0.5
4980762 214826563 0.5
4980762 214832147 0.5
4980762 214550072 0.5
4980762 214832126 0.5
8310813 214853094 1
8310813 214853096 1
8310813 214853105 1
8310813 214853085 1
8310813 214852980 0.5
40993 214826835 1
40993 214826715 1
40993 214826606 1
40993 214827026 1
40993 214829737 0.5
40993 214826955 0.5
9639972 214848688 1
9639972 214849742 1
9639972 214853379 1
9639972 214853454 1
9639972 214850945 0.5
9639972 214848185 0.5
9639972 214850287 0.5
9639972 214853767 0.5
2578471 214831946 1
2578471 214829878 1
2578471 214829885 1
2578471 214831950 1
2578471 214829882 0.5
2578471 214554954 0.5
2953256 214833755 1
2953256 214829387 1
2953256 214834877 1
2953256 214826610 1
2953256 214826617 0.5
2953256 214716667 0.5
2953256 214821015 0.5
7344172 214850936 1
7344172 214850621 1
7344172 214849408 1
7344172 214850720 1
7344172 214744779 0.5
9074737 214851326 1
9074737 214853090 1
9074737 214853085 1
9074737 214853094 1
9074737 214853096 0.5
9074737 214853105 0.5
9228339 214853730 1
9228339 214853767 1
9228339 214853707 1
9228339 214853698 1
9228339 214854152 0.5
9228339 214853385 0.5
9228339 214853700 0.5
9228339 214853702 0.5
9228339 214853713 0.5
6473781 214848980 1
6473781 214848975 1
6473781 214848973 1
6473781 214848688 1
6473781 214846530 0.5
10743863 214854352 1
10743863 214854536 1
10743863 214853113 1
10743863 214850739 1
10743863 214854577 0.5
10743863 214853244 0.5
10743863 214819599 0.5
10158136 214850765 1
10158136 214717888 1
10158136 214718220 1
10158136 214850754 1
10158136 214850756 0.5
2068148 214831948 1
2068148 214748291 1
2068148 214836517 1
2068148 214691467 1
2068148 214834880 0.5
2068148 214826610 0.5
2068148 214829882 0.5
2068148 214835021 0.5
9674813 214849284 1
9674813 214837288 1
9674813 214854163 1
9674813 214665277 1
9674813 214843410 0.5
9674813 214853707 0.5
9674813 214832156 0.5
9674813 214840914 0.5
11164016 214851757 1
11164016 214854722 1
11164016 214853248 1
11164016 214712242 1
11164016 214846112 0.5
11164016 214535985 0.5
11164016 214854682 0.5
11164016 214853083 0.5
11164016 214854716 0.5
11164016 214851326 0.5
11520079 214685049 1
11520079 214851161 1
11520079 214851080 1
11520079 214856707 1
11520079 214854176 0.5
11520079 214853225 0.5
11520079 214853237 0.5
11520079 214856713 0.5
7718992 214849031 1
7718992 214846530 1
7718992 214851013 1
7718992 214587697 1
7718992 214577025 0.5
7718992 214829799 0.5
7718992 214600492 0.5
7718992 214849389 0.5
7718992 214800272 0.5
7718992 214601233 0.5
7718992 214820402 0.5
7718992 214556595 0.5
7718992 214850647 0.5
7718992 214849153 0.5
7831908 214851236 1
7831908 214846007 1
7831908 214838227 1
7831908 214849078 1
7831908 214826565 0.5
7831908 214839975 0.5
7831908 214573288 0.5
7831908 214573290 0.5
7831908 214820396 0.5
7831908 214716110 0.5
7831908 214820400 0.5
7831908 214587697 0.5
7831908 214848950 0.5
7831908 214849466 0.5
7831908 214573277 0.5
8423516 214851099 1
8423516 214716110 1
8423516 214849057 1
8423516 214819412 1
8423516 214851125 0.5
10342493 214854585 1
10342493 214854300 1
10342493 214853113 1
10342493 214849464 1
10342493 214684785 0.5
10342493 214684762 0.5
10342493 214850741 0.5
2566238 214826977 1
2566238 214829368 1
2566238 214831967 1
2566238 214839600 1
2566238 214748336 0.5
2566238 214717850 0.5
2566238 214586743 0.5
2566238 214743495 0.5
5111909 214837286 1
5111909 214836956 1
5111909 214837288 1
5111909 214829887 1
5111909 214836857 0.5
5111909 214836853 0.5
2144358 214829385 1
2144358 214835750 1
2144358 214829657 1
2144358 214835002 1
2144358 214826670 0.5
2144358 214716080 0.5
2144358 214587697 0.5
2144358 214826610 0.5
2144358 214826996 0.5
2144358 214834997 0.5
2144358 214826619 0.5
2144358 214829660 0.5
2144358 214573277 0.5
2144358 214711477 0.5
2629737 214831950 1
2629737 214829885 1
2629737 214835165 1
2629737 214691321 1
2629737 214829882 0.5
11372562 214853102 1
11372562 214829880 1
11372562 214829878 1
11372562 214718372 1
11372562 214849747 0.5
11372562 214829102 0.5
5337199 214826833 1
5337199 214845581 1
5337199 214844372 1
5337199 214640015 1
5337199 214640520 0.5
5337199 214845577 0.5
5337199 214839947 0.5
5337199 214829878 0.5
5337199 214657305 0.5
5337199 214706460 0.5
5337199 214845407 0.5
1974393 214667912 1
1974393 214829368 1
1974393 214835124 1
1974393 214829379 1
1974393 214819760 0.5
1974393 214832780 0.5
9550527 214853195 1
9550527 214853135 1
9550527 214848157 1
9550527 214851581 1
9550527 214700002 0.5
9550527 214851077 0.5
9550527 214853222 0.5
9550527 214853227 0.5
9550527 214853132 0.5
9550527 214853454 0.5
6758524 214849333 1
6758524 214849312 1
6758524 214849275 1
6758524 214849314 1
6758524 214849344 0.5
6758524 214849230 0.5
6758524 214667857 0.5
6758524 214849331 0.5
6758524 214849239 0.5
6758524 214848954 0.5
6758524 214834877 0.5
10795133 214854840 1
10795133 214853102 1
10795133 214854785 1
10795133 214854789 1
10795133 214849468 0.5
10795133 214853100 0.5
10251444 214567215 1
10251444 214854262 1
10251444 214567329 1
10251444 214684762 1
10251444 214567333 0.5
10251444 214854510 0.5
10251444 214684785 0.5
10251444 214854358 0.5
10251444 214853724 0.5
10251444 214853726 0.5
2125956 214829711 1
2125956 214829855 1
2125956 214829846 1
2125956 214829865 1
2125956 214829861 0.5
2125956 214832717 0.5
5537926 214845583 1
5537926 214846121 1
5537926 214850402 1
5537926 214845587 1
5537926 214836328 0.5
8536087 214851150 1
8536087 214851294 1
8536087 214829045 1
8536087 214849337 1
8536087 214851324 0.5
1523852 214834877 1
1523852 214834880 1
1523852 214829366 1
1523852 214826589 1
1523852 214833755 0.5
1523852 214829387 0.5
1523852 214821412 0.5
9136274 214853242 1
9136274 214853210 1
9136274 214851750 1
9136274 214853132 1
9136274 214850940 0.5
9136274 214853237 0.5
8801646 214853090 1
8801646 214851326 1
8801646 214853248 1
8801646 214748336 1
8801646 214853096 0.5
8801646 214716746 0.5
9672864 214850411 1
9672864 214849363 1
9672864 214848658 1
9672864 214748336 1
9672864 214854146 0.5
9672864 214579875 0.5
9672864 214851748 0.5
9672864 214850405 0.5
9672864 214743495 0.5
9672864 214853865 0.5
9672864 214853707 0.5
9672864 214837442 0.5
9672864 214846061 0.5
9672864 214853233 0.5
9672864 214564387 0.5
9672864 214839587 0.5
9672864 214851581 0.5
10548251 214853244 1
10548251 214854536 1
10548251 214853113 1
10548251 214854352 1
10548251 214854354 0.5
10548251 214853726 0.5
6422694 214848851 1
6422694 214848808 1
6422694 214849097 1
6422694 214849100 1
6422694 214848832 0.5
6422694 214571188 0.5
6422694 214848613 0.5
6422694 214684942 0.5
6422694 214846535 0.5
5839022 214846117 1
5839022 214845971 1
5839022 214849010 1
5839022 214846318 1
5839022 214676377 0.5
5839022 214845939 0.5
5839022 214850332 0.5
3426481 214835747 1
3426481 214587697 1
3426481 214829012 1
3426481 214836847 1
3426481 214587712 0.5
3426481 214561472 0.5
3426481 214821410 0.5
3426481 214821412 0.5
3426481 214667912 0.5
3426481 214835017 0.5
3426481 214586668 0.5
3426481 214820400 0.5
3426481 214835475 0.5
3426481 214829657 0.5
3426481 214826589 0.5
8276146 214716714 1
8276146 214716746 1
8276146 214684942 1
8276146 214851165 1
8276146 214851579 0.5
8276146 214716654 0.5
8276146 214558192 0.5
8276146 214848851 0.5
8276146 214851131 0.5
8276146 214716671 0.5
9419858 214651777 1
9419858 214852987 1
9419858 214853342 1
9419858 214858680 1
9419858 214717412 0.5
9419858 214537541 0.5
9419858 214851750 0.5
9419858 214853128 0.5
9419858 214853165 0.5
9419858 214718158 0.5
9419858 214678376 0.5
9419858 214831955 0.5
9419858 214853077 0.5
9419858 214834871 0.5
9419858 214853210 0.5
9419858 214853340 0.5
9419858 214701309 0.5
9419858 214835070 0.5
6965467 214849292 1
6965467 214849179 1
6965467 214582346 1
6965467 214849342 1
6965467 214820184 0.5
6965467 214576890 0.5
6965467 214820190 0.5
6965467 214853887 0.5
9450527 214850949 1
9450527 214850947 1
9450527 214853460 1
9450527 214853428 1
9450527 214850942 0.5
7643324 214850700 1
7643324 214850771 1
7643324 214849247 1
7643324 214698420 1
7643324 214819721 0.5
7643324 214698418 0.5
7643324 214829852 0.5
7643324 214850743 0.5
1097917 214838831 1
1097917 214837442 1
1097917 214837483 1
1097917 214837485 1
1097917 214837490 0.5
1097917 214828987 0.5
1097917 214698446 0.5
1097917 214837487 0.5
10862783 214857568 1
10862783 214857570 1
10862783 214857562 1
10862783 214857260 1
10862783 214857547 0.5
5707968 214541582 1
5707968 214848305 1
5707968 214846033 1
5707968 214846029 1
5707968 214848300 0.5
7000096 214667857 1
7000096 214848641 1
7000096 214844400 1
7000096 214846303 1
7000096 214838137 0.5
7000096 214849322 0.5
7000096 214829387 0.5
7000096 214848954 0.5
7000096 214849239 0.5
10064067 214684785 1
10064067 214854510 1
10064067 214854549 1
10064067 214854262 1
10064067 214850945 0.5
10064067 214854146 0.5
10064067 214567333 0.5
10064067 214853420 0.5
10064067 214853730 0.5
10064067 214684762 0.5
10985668 214857257 1
10985668 214857557 1
10985668 214857262 1
10985668 214854579 1
10985668 214846391 0.5
10985668 214855151 0.5
10444998 214853100 1
10444998 214854840 1
10444998 214854787 1
10444998 214854782 1
10444998 214846393 0.5
10444998 214854174 0.5
10444998 214853702 0.5
6047777 214846119 1
6047777 214845962 1
6047777 214676377 1
6047777 214846010 1
6047777 214819586 0.5
6047777 214846117 0.5
6047777 214821382 0.5
6047777 214846312 0.5
6047777 214553257 0.5
6047777 214845965 0.5
6047777 214821384 0.5
6047777 214849010 0.5
6047777 214582200 0.5
4311242 214838109 1
4311242 214836879 1
4311242 214838105 1
4311242 214836512 1
4311242 214838107 0.5
4311242 214829100 0.5
4311242 214692590 0.5
18639 214832557 1
18639 214832559 1
18639 214572234 1
18639 214821020 1
18639 214819550 0.5
18639 214674487 0.5
5615827 214845984 1
5615827 214846014 1
5615827 214845410 1
5615827 214845422 1
5615827 214819397 0.5
11137237 214853102 1
11137237 214864880 1
11137237 214854840 1
11137237 214854532 1
11137237 214854785 0.5
11137237 214714755 0.5
11137237 214717286 0.5
11137237 214853435 0.5
11137237 214849001 0.5
11137237 214853100 0.5
11137237 214857549 0.5
11137237 214716110 0.5
11137237 214854733 0.5
11137237 214686864 0.5
11137237 214851317 0.5
11137237 214854330 0.5
11137237 214652207 0.5
8521943 214851290 1
8521943 214851101 1
8521943 214853225 1
8521943 214853186 1
8521943 214849312 0.5
8521943 214849250 0.5
8521943 214832747 0.5
8521943 214800272 0.5
8521943 214820402 0.5
8521943 214853237 0.5
8521943 214853210 0.5
8521943 214850938 0.5
3999962 214836924 1
3999962 214829765 1
3999962 214835167 1
3999962 214641590 1
3999962 214826711 0.5
3999962 214836870 0.5
3999962 214718199 0.5
2499621 214829878 1
2499621 214831946 1
2499621 214829887 1
2499621 214829885 1
2499621 214829882 0.5
2631907 214829880 1
2631907 214829878 1
2631907 214831946 1
2631907 214829882 1
2631907 214831950 0.5
5497061 214838107 1
5497061 214846031 1
5497061 214838102 1
5497061 214846012 1
5497061 214712120 0.5
5497061 214829880 0.5
5497061 214820186 0.5
5497061 214829885 0.5
5497061 214684734 0.5
1523942 214834877 1
1523942 214826610 1
1523942 214829387 1
1523942 214833755 1
1523942 214826589 0.5
8622314 214853210 1
8622314 214853242 1
8622314 214853225 1
8622314 214853135 1
8622314 214853184 0.5
8622314 214852978 0.5
8622314 214853077 0.5
8622314 214853182 0.5
489511 214826801 1
489511 214829285 1
489511 214826627 1
489511 214826955 1
489511 214821275 0.5
3164399 214835745 1
3164399 214718385 1
3164399 214835017 1
3164399 214835019 1
3164399 214835747 0.5
3164399 214600492 0.5
3164399 214657318 0.5
3164399 214586743 0.5
9847026 214850947 1
9847026 214853865 1
9847026 214853732 1
9847026 214853730 1
9847026 214854352 0.5
9847026 214561496 0.5
9847026 214853724 0.5
7469779 214851581 1
7469779 214851133 1
7469779 214850940 1
7469779 214850411 1
7469779 214564387 0.5
7469779 214850756 0.5
7469779 214849395 0.5
7469779 214851290 0.5
7469779 214850619 0.5
7469779 214821020 0.5
9322747 214846061 1
9322747 214851581 1
9322747 214853767 1
9322747 214848986 1
9322747 214839587 0.5
9322747 214851750 0.5
9322747 214819721 0.5
9322747 214718387 0.5
9322747 214717562 0.5
9322747 214684734 0.5
10567933 214853730 1
10567933 214853700 1
10567933 214853698 1
10567933 214853722 1
10567933 214853094 0.5
10567933 214854118 0.5
10567933 214853102 0.5
10567933 214854517 0.5
10567933 214853430 0.5
10567933 214854840 0.5
10567933 214853702 0.5
9560763 214853422 1
9560763 214853420 1
9560763 214839913 1
9560763 214853454 1
9560763 214853428 0.5
10557706 214854300 1
10557706 214819577 1
10557706 214854585 1
10557706 214854547 1
10557706 214696897 0.5
10557706 214854545 0.5
10557706 214821397 0.5
10557706 214648247 0.5
10557706 214573305 0.5
10557706 214854174 0.5
10557706 214854527 0.5
8870157 214853085 1
8870157 214851326 1
8870157 214853090 1
8870157 214853105 1
8870157 214853096 0.5
1513744 214748336 1
1513744 214819721 1
1513744 214743495 1
1513744 214826610 1
1513744 214829321 0.5
1513744 214706102 0.5
5107986 214837286 1
5107986 214838092 1
5107986 214838094 1
5107986 214840091 1
5107986 214837280 0.5
5204252 214837288 1
5204252 214838094 1
5204252 214829887 1
5204252 214829878 1
5204252 214831946 0.5
5204252 214845581 0.5
5656862 214845131 1
5656862 214835019 1
5656862 214845917 1
5656862 214845418 1
5656862 214849001 0.5
5656862 214851090 0.5
5656862 214846007 0.5
5656862 214832145 0.5
9998628 214853722 1
9998628 214853702 1
9998628 214853767 1
9998628 214853698 1
9998628 214853730 0.5
9998628 214853700 0.5
8211957 214848165 1
8211957 214851317 1
8211957 214716581 1
8211957 214851028 1
8211957 214845958 0.5
8211957 214850855 0.5
8211957 214850792 0.5
8211957 214716941 0.5
8211957 214851152 0.5
8211957 214851283 0.5
8211957 214685049 0.5
8211957 214696824 0.5
8211957 214851097 0.5
8211957 214850940 0.5
9004902 214853077 1
9004902 214852980 1
9004902 214853212 1
9004902 214853135 1
9004902 214853085 0.5
9004902 214853094 0.5
860474 214748300 1
860474 214753507 1
860474 214748338 1
860474 214748297 1
860474 214753513 0.5
860474 214748293 0.5
8800574 214851748 1
8800574 214677830 1
8800574 214678387 1
8800574 214851131 1
8800574 214837027 0.5
8800574 214851163 0.5
8800574 214837014 0.5
6388031 214848682 1
6388031 214848971 1
6388031 214844345 1
6388031 214849275 1
6388031 214834880 0.5
6388031 214829387 0.5
6388031 214846535 0.5
6388031 214848330 0.5
6388031 214845131 0.5
6388031 214848656 0.5
6388031 214665277 0.5
3021122 214835017 1
3021122 214587712 1
3021122 214602802 1
3021122 214835019 1
3021122 214575298 0.5
3021122 214835747 0.5
5308811 214844370 1
5308811 214844372 1
5308811 214844342 1
5308811 214844398 1
5308811 214835473 0.5
5308811 214601233 0.5
10593334 214854579 1
10593334 214854300 1
10593334 214854585 1
10593334 214854534 1
10593334 214849464 0.5
10593334 214854358 0.5
5390663 214835012 1
5390663 214835109 1
5390663 214835167 1
5390663 214847936 1
5390663 214832747 0.5
10355016 214854358 1
10355016 214853728 1
10355016 214853735 1
10355016 214567329 1
10355016 214854264 0.5
10355016 214684785 0.5
10355016 214854549 0.5
8302648 214851122 1
8302648 214850700 1
8302648 214851581 1
8302648 214851024 1
8302648 214851137 0.5
8302648 214851236 0.5
2558292 214748293 1
2558292 214753513 1
2558292 214748338 1
2558292 214748297 1
2558292 214748302 0.5
7961998 214850310 1
7961998 214850711 1
7961998 214850713 1
7961998 214850709 1
7961998 214849736 0.5
7961998 214853657 0.5
9417046 214853428 1
9417046 214850949 1
9417046 214853460 1
9417046 214853420 1
9417046 214853456 0.5
9417046 214854125 0.5
9417046 214838094 0.5
9417046 214853077 0.5
1761626 214834877 1
1761626 214833755 1
1761626 214820803 1
1761626 214820810 1
1761626 214843905 0.5
1761626 214821410 0.5
1761626 214691557 0.5
1761626 214843526 0.5
1761626 214829387 0.5
1761626 214826610 0.5
1761626 214587317 0.5
1761626 214828982 0.5
1761626 214586743 0.5
1761626 214826589 0.5
9943392 214853698 1
9943392 214853713 1
9943392 214853702 1
9943392 214853767 1
9943392 214853707 0.5
2812257 214837918 1
2812257 214835132 1
2812257 214553732 1
2812257 214831937 1
2812257 214836050 0.5
2812257 214691471 0.5
10670436 214854819 1
10670436 214853362 1
10670436 214854815 1
10670436 214854720 1
10670436 214854857 0.5
10670436 214848658 0.5
10670436 214854731 0.5
10670436 214854555 0.5
9462123 214853128 1
9462123 214845962 1
9462123 214846312 1
9462123 214846119 1
9462123 214849010 0.5
9462123 214853115 0.5
3348281 214821315 1
3348281 214844458 1
3348281 214844447 1
3348281 214844394 1
3348281 214821309 0.5
9067581 214853242 1
9067581 214853210 1
9067581 214851750 1
9067581 214850792 1
9067581 214850848 0.5
9067581 214564387 0.5
9067581 214853222 0.5
9067581 214853225 0.5
9067581 214853162 0.5
9067581 214851317 0.5
9067581 214851097 0.5
9067581 214677401 0.5
11555184 214853730 1
11555184 214853102 1
11555184 214854600 1
11555184 214853722 1
11555184 214854356 0.5
5448052 214826608 1
5448052 214833802 1
5448052 214836067 1
5448052 214820265 1
5448052 214842553 0.5
5448052 214716947 0.5
5448052 214594678 0.5
5695867 214846033 1
5695867 214848298 1
5695867 214846031 1
5695867 214846029 1
5695867 214848305 0.5
9922613 214567333 1
9922613 214567327 1
9922613 214684785 1
9922613 214838111 1
9922613 214716645 0.5
9922613 214853135 0.5
9922613 214710097 0.5
9922613 214854264 0.5
9922613 214854268 0.5
9922613 214848159 0.5
9458051 214853422 1
9458051 214853420 1
9458051 214850947 1
9458051 214711307 1
9458051 214850949 0.5
3840748 214836932 1
3840748 214836776 1
3840748 214836845 1
3840748 214836924 1
3840748 214696667 0.5
11008397 214686879 1
11008397 214850702 1
11008397 214854770 1
11008397 214854497 1
11008397 214574672 0.5
11008397 214848658 0.5
11008397 214582942 0.5
10523373 214854517 1
10523373 214854515 1
10523373 214854300 1
10523373 214854547 1
10523373 214853767 0.5
10275217 214854536 1
10275217 214853762 1
10275217 214556212 1
10275217 214854579 1
10275217 214851322 0.5
10275217 214850938 0.5
10275217 214854075 0.5
10275217 214854125 0.5
10275217 214678989 0.5
10322323 214861498 1
10322323 214839999 1
10322323 214839995 1
10322323 214839997 1
10322323 214839313 0.5
3871471 214632146 1
3871471 214684513 1
3871471 214834877 1
3871471 214743495 1
3871471 214748336 0.5
3871471 214554982 0.5
9560476 214850949 1
9560476 214711307 1
9560476 214853422 1
9560476 214853338 1
9560476 214850285 0.5
8692128 214853242 1
8692128 214853132 1
8692128 214852987 1
8692128 214851750 1
8692128 214580424 0.5
8692128 214853182 0.5
8692128 214853237 0.5
8692128 214853094 0.5
5669289 214846001 1
5669289 214846447 1
5669289 214845984 1
5669289 214848185 1
5669289 214846007 0.5
4653483 214839967 1
4653483 214839973 1
4653483 214832792 1
4653483 214602600 1
4653483 214839960 0.5
4653483 214839975 0.5
4653483 214845131 0.5
4653483 214836519 0.5
5704108 214556477 1
5704108 214551907 1
5704108 214843367 1
5704108 214551902 1
5704108 214849072 0.5
7129519 214850353 1
7129519 214850325 1
7129519 214850351 1
7129519 214849357 1
7129519 214849301 0.5
10205623 214853848 1
10205623 214853846 1
10205623 214854176 1
10205623 214853996 1
10205623 214850792 0.5
10205623 214853994 0.5
10205623 214853435 0.5
4489742 214587317 1
4489742 214836853 1
4489742 214839967 1
4489742 214602733 1
4489742 214839960 0.5
4489742 214839962 0.5
4489742 214837494 0.5
4489742 214602598 0.5
4489742 214836855 0.5
4876733 214712235 1
4876733 214826942 1
4876733 214587028 1
4876733 214827015 1
4876733 214640353 0.5
4876733 214835015 0.5
504254 214826934 1
504254 214826932 1
504254 214691632 1
504254 214826908 1
504254 214821401 0.5
504254 214826876 0.5
10734019 214854515 1
10734019 214854527 1
10734019 214854857 1
10734019 214854517 1
10734019 214851581 0.5
10734019 214846007 0.5
9431497 214853865 1
9431497 214853190 1
9431497 214829312 1
9431497 214567333 1
9431497 214853347 0.5
8911306 214853347 1
8911306 214853156 1
8911306 214853420 1
8911306 214853422 1
8911306 214853152 0.5
8911306 214846256 0.5
8911306 214553702 0.5
8911306 214853158 0.5
8911306 214826987 0.5
8911306 214844398 0.5
8911306 214844400 0.5
1968588 214829368 1
1968588 214819577 1
1968588 214835124 1
1968588 214826561 1
1968588 214586432 0.5
1968588 214826977 0.5
1968588 214821350 0.5
1968588 214835750 0.5
1968588 214819719 0.5
1968588 214832722 0.5
1968588 214826799 0.5
1968588 214819762 0.5
1968588 214543922 0.5
8330658 214851080 1
8330658 214685049 1
8330658 214851161 1
8330658 214851317 1
8330658 214556840 0.5
8330658 214850936 0.5
8330658 214851587 0.5
8330658 214850771 0.5
10818892 214854722 1
10818892 214854785 1
10818892 214714755 1
10818892 214854804 1
10818892 214853083 0.5
10818892 214854733 0.5
7500246 214850762 1
7500246 214850304 1
7500246 214850295 1
7500246 214850291 1
7500246 214850405 0.5
5231064 214835426 1
5231064 214835473 1
5231064 214844396 1
5231064 214831948 1
5231064 214836868 0.5
5231064 214839973 0.5
5231064 214845352 0.5
5231064 214832557 0.5
5231064 214556334 0.5
5231064 214601233 0.5
5231064 214844402 0.5
5231064 214716952 0.5
5231064 214835012 0.5
11303389 214696532 1
11303389 214859034 1
11303389 214858903 1
11303389 214858850 1
11303389 214859306 0.5
11303389 214858691 0.5
11303389 214858914 0.5
11303389 214859126 0.5
3645923 214836932 1
3645923 214829788 1
3645923 214826990 1
3645923 214836924 1
3645923 214838227 0.5
5835239 214846312 1
5835239 214849010 1
5835239 214821382 1
5835239 214845939 1
5835239 214845965 0.5
5835239 214645871 0.5
3789289 214826990 1
3789289 214838227 1
3789289 214832015 1
3789289 214831942 1
3789289 214581536 0.5
3789289 214718396 0.5
3789289 214835109 0.5
3789289 214678839 0.5
5478892 214836328 1
5478892 214835426 1
5478892 214835473 1
5478892 214835462 1
5478892 214835428 0.5
5478892 214826949 0.5
10504121 214854300 1
10504121 214854579 1
10504121 214854534 1
10504121 214854547 1
10504121 214854720 0.5
10504121 214819577 0.5
3617266 214829765 1
3617266 214835167 1
3617266 214575065 1
3617266 214826990 1
3617266 214835012 0.5
3109349 214831959 1
3109349 214602600 1
3109349 214600492 1
3109349 214837916 1
3109349 214835111 0.5
10170869 214854300 1
10170869 214854534 1
10170869 214854585 1
10170869 214849464 1
10170869 214853698 0.5
10170869 214853413 0.5
10170869 214850760 0.5
10170869 214854146 0.5
10170869 214854547 0.5
10170869 214854172 0.5
3054074 214835747 1
3054074 214587712 1
3054074 214835019 1
3054074 214834867 1
3054074 214835017 0.5
9693691 214850938 1
9693691 214703801 1
9693691 214783350 1
9693691 214850739 1
9693691 214613705 0.5
9693691 214854577 0.5
10461692 214854549 1
10461692 214854495 1
10461692 214853930 1
10461692 214684785 1
10461692 214684762 0.5
10461692 214853726 0.5
10461692 214847261 0.5
10461692 214854358 0.5
6111741 214845980 1
6111741 214848165 1
6111741 214845958 1
6111741 214846462 1
6111741 214848317 0.5
5628416 214846061 1
5628416 214846029 1
5628416 214835747 1
5628416 214845917 1
5628416 214849001 0.5
5628416 214835426 0.5
5628416 214846007 0.5
5628416 214845887 0.5
5628416 214846001 0.5
3298776 214839982 1
3298776 214820227 1
3298776 214829079 1
3298776 214836932 1
3298776 214541355 0.5
3298776 214836534 0.5
9746949 214853420 1
9746949 214850947 1
9746949 214711307 1
9746949 214853422 1
9746949 214850942 0.5
7721479 214840378 1
7721479 214835126 1
7721479 214853143 1
7721479 214716982 1
7721479 214832655 0.5
9728522 214853402 1
9728522 214853338 1
9728522 214850949 1
9728522 214850947 1
9728522 214831948 0.5
7051788 214849762 1
7051788 214849734 1
7051788 214850282 1
7051788 214850304 1
7051788 214849738 0.5
4889102 214845579 1
4889102 214829880 1
4889102 214845356 1
4889102 214835552 1
4889102 214831946 0.5
4889102 214835548 0.5
6253071 214848656 1
6253071 214848615 1
6253071 214845131 1
6253071 214846477 1
6253071 214839973 0.5
6253071 214700885 0.5
5012669 214839617 1
5012669 214819502 1
5012669 214838225 1
5012669 214826833 1
5012669 214561453 0.5
5012669 214850402 0.5
5012669 214684843 0.5
5012669 214819430 0.5
5012669 214557095 0.5
5012669 214836330 0.5
5012669 214845131 0.5
5012669 214603138 0.5
5012669 214826990 0.5
5012669 214834877 0.5
5012669 214819760 0.5
5012669 214819762 0.5
5012669 214844413 0.5
9722386 214853454 1
9722386 214853422 1
9722386 214850287 1
9722386 214850711 1
9722386 214854065 0.5
9722386 214853711 0.5
9722386 214845579 0.5
9722386 214716909 0.5
9722386 214738457 0.5
8031144 214567089 1
8031144 214846012 1
8031144 214829887 1
8031144 214831946 1
8031144 214850315 0.5
8031144 214838102 0.5
9835028 214849747 1
9835028 214850291 1
9835028 214514317 1
9835028 214854075 1
9835028 214830557 0.5
9835028 214578350 0.5
9835028 214851167 0.5
7927556 214564382 1
7927556 214850621 1
7927556 214850936 1
7927556 214677512 1
7927556 214851097 0.5
7927556 214848986 0.5
7927556 214849363 0.5
7927556 214850405 0.5
7927556 214850790 0.5
4045344 214839962 1
4045344 214839965 1
4045344 214832124 1
4045344 214832115 1
4045344 214743497 0.5
4045344 214832722 0.5
4045344 214579875 0.5
4045344 214835107 0.5
4045344 214829657 0.5
6900258 214836566 1
6900258 214836084 1
6900258 214835019 1
6900258 214844482 1
6900258 214846530 0.5
6900258 214602804 0.5
6900258 214849018 0.5
6900258 214848695 0.5
10453539 214853724 1
10453539 214567333 1
10453539 214854358 1
10453539 214567327 1
10453539 214854262 0.5
4462342 214839973 1
4462342 214845131 1
4462342 214839975 1
4462342 214845435 1
4462342 214839600 0.5
4462342 214839960 0.5
4462342 214835475 0.5
4462342 214819430 0.5
5323302 214602733 1
5323302 214844370 1
5323302 214844400 1
5323302 214844345 1
5323302 214601233 0.5
5323302 214835426 0.5
5323302 214835473 0.5
5349927 214844370 1
5349927 214844355 1
5349927 214844398 1
5349927 214844396 1
5349927 214835426 0.5
5349927 214835428 0.5
3435048 214835745 1
3435048 214834877 1
3435048 214836830 1
3435048 214587317 1
3435048 214835019 0.5
3435048 214600492 0.5
3435048 214826998 0.5
5216393 214838092 1
5216393 214836956 1
5216393 214837286 1
5216393 214832156 1
5216393 214837280 0.5
3563581 214839607 1
3563581 214836527 1
3563581 214832126 1
3563581 214832128 1
3563581 214835107 0.5
2640431 214686082 1
2640431 214829878 1
2640431 214835165 1
2640431 214835132 1
2640431 214826977 0.5
2640431 214820394 0.5
2640431 214835019 0.5
2640431 214835087 0.5
2640431 214819760 0.5
2640431 214819762 0.5
2640431 214831955 0.5
2640431 214831959 0.5
2640431 214831967 0.5
11506224 214854789 1
11506224 214854800 1
11506224 214854797 1
11506224 214854787 1
11506224 214854840 0.5
11506224 214848980 0.5
11506224 214854823 0.5
6697523 214602600 1
6697523 214832792 1
6697523 214849318 1
6697523 214849322 1
6697523 214849185 0.5
5556788 214844342 1
5556788 214684734 1
5556788 214835109 1
5556788 214834880 1
5556788 214820184 0.5
5556788 214707875 0.5
5556788 214829765 0.5
5556788 214716967 0.5
5556788 214707853 0.5
5556788 214573277 0.5
5556788 214832657 0.5
5556788 214716984 0.5
5556788 214838107 0.5
5556788 214606749 0.5
5556788 214581566 0.5
5556788 214707941 0.5
4471352 214839965 1
4471352 214832147 1
4471352 214835107 1
4471352 214832555 1
4471352 214836330 0.5
3621434 214829797 1
3621434 214839617 1
3621434 214712237 1
3621434 214684702 1
3621434 214553565 0.5
3621434 214552687 0.5
3621434 214601229 0.5
3621434 214820807 0.5
277054 214748291 1
277054 214753505 1
277054 214748300 1
277054 214753507 1
277054 214748304 0.5
277054 214748295 0.5
5618241 214846033 1
5618241 214846029 1
5618241 214829878 1
5618241 214846014 1
5618241 214845984 0.5
5618241 214829887 0.5
8231497 214716671 1
8231497 214851575 1
8231497 214851080 1
8231497 214851234 1
8231497 214851161 0.5
8231497 214716714 0.5
8231497 214851587 0.5
8231497 214851165 0.5
8542797 214716714 1
8542797 214851080 1
8542797 214851161 1
8542797 214848375 1
8542797 214851234 0.5
8542797 214716746 0.5
8542797 214561674 0.5
6412879 214835167 1
6412879 214848845 1
6412879 214849018 1
6412879 214849312 1
6412879 214839973 0.5
6412879 214849239 0.5
6412879 214848656 0.5
6412879 214829765 0.5
6412879 214849046 0.5
6412879 214848695 0.5
6412879 214849020 0.5
6412879 214834877 0.5
6412879 214748293 0.5
6441554 214848980 1
6441554 214848656 1
6441554 214846530 1
6441554 214834877 1
6441554 214561402 0.5
9646683 214853212 1
9646683 214851744 1
9646683 214839958 1
9646683 214851759 1
9646683 214850372 0.5
9130426 214852987 1
9130426 214851742 1
9130426 214678376 1
9130426 214853128 1
9130426 214849010 0.5
9130426 214848302 0.5
7318116 214850405 1
7318116 214850936 1
7318116 214844340 1
7318116 214850743 1
7318116 214606980 0.5
7318116 214850760 0.5
7318116 214829387 0.5
7318116 214601049 0.5
7318116 214839962 0.5
7318116 214606779 0.5
7318116 214846333 0.5
7318116 214849022 0.5
4832134 214839971 1
4832134 214845131 1
4832134 214835745 1
4832134 214839962 1
4832134 214600492 0.5
4832134 214839973 0.5
4832134 214587317 0.5
5302033 214844398 1
5302033 214845495 1
5302033 214846033 1
5302033 214846029 1
5302033 214846121 0.5
5302033 214845917 0.5
2349087 214829887 1
2349087 214835132 1
2349087 214835019 1
2349087 214829270 1
2349087 214587028 0.5
10676842 214851581 1
10676842 214684762 1
10676842 214854352 1
10676842 214854517 1
10676842 214848658 0.5
10676842 214543922 0.5
10676842 214743495 0.5
4784753 214839973 1
4784753 214839969 1
4784753 214845131 1
4784753 214838872 1
4784753 214829730 0.5
4784753 214680356 0.5
4784753 214848178 0.5
2760467 214820214 1
2760467 214826587 1
2760467 214835550 1
2760467 214705736 1
2760467 214829051 0.5
2760467 214821326 0.5
3025526 214829878 1
3025526 214829885 1
3025526 214831950 1
3025526 214826893 1
3025526 214831946 0.5
3025526 214831948 0.5
3025526 214829882 0.5
5770687 214845962 1
5770687 214845954 1
5770687 214849010 1
5770687 214846119 1
5770687 214845965 0.5
6886013 214821382 1
6886013 214845971 1
6886013 214846117 1
6886013 214848941 1
6886013 214845962 0.5
6886013 214848302 0.5
6886013 214848945 0.5
6886013 214832019 0.5
6886013 214846318 0.5
6886013 214848954 0.5
6886013 214849022 0.5
7735936 214850743 1
7735936 214850936 1
7735936 214850621 1
7735936 214564382 1
7735936 214851011 0.5
6276544 214848384 1
6276544 214835167 1
6276544 214848596 1
6276544 214848847 1
6276544 214676377 0.5
6276544 214848609 0.5
6276544 214848926 0.5
6276544 214710097 0.5
7269198 214821315 1
7269198 214832015 1
7269198 214850291 1
7269198 214849357 1
7269198 214850315 0.5
7269198 214846012 0.5
7269198 214668667 0.5
7269198 214533022 0.5
7238278 214850282 1
7238278 214850295 1
7238278 214849734 1
7238278 214850321 1
7238278 214533022 0.5
5231041 214845587 1
5231041 214845412 1
5231041 214845583 1
5231041 214845585 1
5231041 214744775 0.5
5325448 214835473 1
5325448 214844402 1
5325448 214835426 1
5325448 214835428 1
5325448 214676945 0.5
5325448 214842474 0.5
5325448 214845356 0.5
5325448 214725506 0.5
5460618 214820443 1
5460618 214846119 1
5460618 214832019 1
5460618 214845962 1
5460618 214821382 0.5
8411791 214851131 1
8411791 214684942 1
8411791 214853188 1
8411791 214853190 1
8411791 214851163 0.5
8411791 214851165 0.5
8411791 214853135 0.5
9083331 214853128 1
9083331 214853165 1
9083331 214853107 1
9083331 214725508 1
9083331 214687457 0.5
9083331 214849318 0.5
9083331 214831946 0.5
9083331 214532107 0.5
9083331 214853454 0.5
9083331 214846031 0.5
9083331 214853426 0.5
9083331 214684734 0.5
9083331 214853087 0.5
8845677 214853165 1
8845677 214852987 1
8845677 214845879 1
8845677 214853160 1
8845677 214853128 0.5
8845677 214677830 0.5
10005144 214819577 1
10005144 214567327 1
10005144 214567333 1
10005144 214684762 1
10005144 214837442 0.5
10005144 214853413 0.5
10005144 214853702 0.5
10005144 214557223 0.5
10005144 214853992 0.5
10005144 214853865 0.5
10005144 214853767 0.5
10005144 214853698 0.5
10005144 214684785 0.5
10005144 214854165 0.5
10005144 214853430 0.5
10005144 214853722 0.5
10005144 214854300 0.5
10005144 214853724 0.5
10005144 214854172 0.5
7893666 214850936 1
7893666 214850771 1
7893666 214850743 1
7893666 214850938 1
7893666 214556840 0.5
10676678 214559960 1
10676678 214854536 1
10676678 214853113 1
10676678 214854178 1
10676678 214854352 0.5
10166954 214853700 1
10166954 214853702 1
10166954 214853713 1
10166954 214853767 1
10166954 214853707 0.5
8123051 214716671 1
8123051 214684942 1
8123051 214851099 1
8123051 214851097 1
8123051 214839943 0.5
3820317 214838107 1
3820317 214826990 1
3820317 214835109 1
3820317 214838105 1
3820317 214829765 0.5
3820317 214836870 0.5
3820317 214553844 0.5
3820317 214821015 0.5
3820317 214826938 0.5
3820317 214835167 0.5
6918832 214845885 1
6918832 214602733 1
6918832 214667857 1
6918832 214839969 1
6918832 214668281 0.5
6918832 214829387 0.5
6918832 214849333 0.5
6918832 214849239 0.5
6918832 214829775 0.5
11016307 214665277 1
11016307 214849284 1
11016307 214587032 1
11016307 214846305 1
11016307 214857568 0.5
11016307 214848941 0.5
11016307 214853158 0.5
7045819 214849132 1
7045819 214849093 1
7045819 214849322 1
7045819 214632146 1
7045819 214849185 0.5
7045819 214821410 0.5
7045819 214831955 0.5
7045819 214556025 0.5
7045819 214829885 0.5
7045819 214850366 0.5
5313213 214846065 1
5313213 214845984 1
5313213 214838094 1
5313213 214844402 1
5313213 214748336 0.5
5313213 214844345 0.5
5313213 214846061 0.5
5313213 214844342 0.5
5313213 214846447 0.5
10250943 214854536 1
10250943 214853767 1
10250943 214854352 1
10250943 214853244 1
10250943 214580424 0.5
10250943 214854699 0.5
10250943 214851581 0.5
10250943 214854354 0.5
10250943 214853113 0.5
10250943 214848157 0.5
6449856 214848380 1
6449856 214848337 1
6449856 214849012 1
6449856 214712126 1
6449856 214553844 0.5
6449856 214836932 0.5
9069249 214851101 1
9069249 214851135 1
9069249 214835167 1
9069249 214851315 1
9069249 214826990 0.5
6130124 214846033 1
6130124 214846029 1
6130124 214845984 1
6130124 214846256 1
6130124 214748336 0.5
6130124 214839600 0.5
6130124 214846031 0.5
6130124 214839587 0.5
6130124 214743495 0.5
10037964 214854060 1
10037964 214854118 1
10037964 214854065 1
10037964 214853722 1
10037964 214853430 0.5
7274274 214839947 1
7274274 214849757 1
7274274 214844396 1
7274274 214850411 1
7274274 214744779 0.5
3807956 214838227 1
3807956 214836924 1
3807956 214826990 1
3807956 214835109 1
3807956 214836932 0.5
3807956 214829765 0.5
3807956 214835167 0.5
6308569 214846457 1
6308569 214826904 1
6308569 214848313 1
6308569 214846460 1
6308569 214848992 0.5
6308569 214846472 0.5
6308569 214846421 0.5
6308569 214846367 0.5
1784538 214834877 1
1784538 214826610 1
1784538 214821317 1
1784538 214826895 1
1784538 214833755 0.5
1784538 214829100 0.5
11252644 214854840 1
11252644 214864880 1
11252644 214854853 1
11252644 214854311 1
11252644 214854787 0.5
11252644 214854493 0.5
10142428 214853707 1
10142428 214853702 1
10142428 214853713 1
10142428 214853730 1
10142428 214853767 0.5
5987039 214846425 1
5987039 214846412 1
5987039 214668667 1
5987039 214846419 1
5987039 214844396 0.5
5987039 214846415 0.5
8534753 214844342 1
8534753 214851101 1
8534753 214851290 1
8534753 214851232 1
8534753 214552522 0.5
8534753 214564380 0.5
10560226 214849320 1
10560226 214850945 1
10560226 214848157 1
10560226 214853381 1
10560226 214711267 0.5
10560226 214705734 0.5
10560226 214837286 0.5
10560226 214853420 0.5
10560226 214854125 0.5
10560226 214853330 0.5
10560226 214748310 0.5
10560226 214848185 0.5
9460453 214853420 1
9460453 214850315 1
9460453 214853360 1
9460453 214853400 1
9460453 214846033 0.5
9460453 214684730 0.5
9460453 214853342 0.5
9460453 214829878 0.5
4513916 214711312 1
4513916 214684715 1
4513916 214839594 1
4513916 214839596 1
4513916 214826945 0.5
4513916 214717507 0.5
4513916 214560170 0.5
4513916 214684717 0.5
4513916 214711408 0.5
4513916 214650641 0.5
4513916 214829878 0.5
4513916 214556216 0.5
4513916 214838105 0.5
4513916 214838107 0.5
4513916 214826942 0.5
10439402 214854268 1
10439402 214850420 1
10439402 214686864 1
10439402 214850735 1
10439402 214853732 0.5
10439402 214820396 0.5
10439402 214854510 0.5
10439402 214854767 0.5
10439402 214684785 0.5
10439402 214854770 0.5
10439402 214850739 0.5
10439402 214854165 0.5
10439402 214854358 0.5
10439402 214851236 0.5
10439402 214684762 0.5
10439402 214853852 0.5
10439402 214854579 0.5
10439402 214853855 0.5
6501102 214848626 1
6501102 214829390 1
6501102 214558192 1
6501102 214714794 1
6501102 214848808 0.5
6501102 214547081 0.5
6501102 214844323 0.5
6501102 214714790 0.5
9703208 214853222 1
9703208 214850700 1
9703208 214853225 1
9703208 214848688 1
9703208 214850945 0.5
9703208 214853154 0.5
9703208 214853237 0.5
7930616 214850940 1
7930616 214850711 1
7930616 214845958 1
7930616 214839617 1
7930616 214850792 0.5
7930616 214712235 0.5
7930616 214850700 0.5
7930616 214851279 0.5
7930616 214849363 0.5
7930616 214853657 0.5
7930616 214853145 0.5
7930616 214850619 0.5
6395693 214848656 1
6395693 214849076 1
6395693 214848808 1
6395693 214849012 1
6395693 214848832 0.5
6215853 214848808 1
6215853 214848626 1
6215853 214848701 1
6215853 214848832 1
6215853 214849018 0.5
6215853 214848851 0.5
6215853 214853887 0.5
11439502 214858850 1
11439502 214696532 1
11439502 214859126 1
11439502 214858903 1
11439502 214859859 0.5
6613791 214848954 1
6613791 214849022 1
6613791 214846072 1
6613791 214849020 1
6613791 214851009 0.5
6613791 214835747 0.5
6613791 214848945 0.5
6613791 214848941 0.5
6613791 214848849 0.5
6613791 214848658 0.5
6613791 214848947 0.5
6613791 214849046 0.5
6613791 214848986 0.5
10457888 214853848 1
10457888 214854060 1
10457888 214829790 1
10457888 214845885 1
10457888 214853996 0.5
4868899 214839587 1
4868899 214820392 1
4868899 214832145 1
4868899 214845131 1
4868899 214820402 0.5
4868899 214839932 0.5
4868899 214691246 0.5
3560228 214820452 1
3560228 214831974 1
3560228 214839982 1
3560228 214712124 1
3560228 214571010 0.5
3560228 214712126 0.5
3560228 214702933 0.5
3560228 214826662 0.5
10879452 214864880 1
10879452 214854853 1
10879452 214850942 1
10879452 214854785 1
10879452 214848605 0.5
10879452 214838102 0.5
3754797 214836926 1
3754797 214829765 1
3754797 214821315 1
3754797 214819760 1
3754797 214826818 0.5
3754797 214836924 0.5
3754797 214836932 0.5
3754797 214829797 0.5
3754797 214743335 0.5
3754797 214600492 0.5
3754797 214832780 0.5
3754797 214832143 0.5
3754797 214829850 0.5
3754797 214832015 0.5
3754797 214839932 0.5
2741038 214831950 1
2741038 214839866 1
2741038 214839868 1
2741038 214705790 1
2741038 214839870 0.5
8221498 214844347 1
8221498 214849012 1
8221498 214846404 1
8221498 214851313 1
8221498 214849312 0.5
8221498 214836932 0.5
8221498 214829366 0.5
7603004 214851290 1
7603004 214850621 1
7603004 214564380 1
7603004 214851133 1
7603004 214850936 0.5
7603004 214712124 0.5
8657726 214853085 1
8657726 214853105 1
8657726 214853096 1
8657726 214853248 1
8657726 214853225 0.5
8657726 214853182 0.5
8657726 214853237 0.5
8657726 214851750 0.5
8880959 214851137 1
8880959 214851075 1
8880959 214851013 1
8880959 214849155 1
8880959 214851122 0.5
8880959 214851133 0.5
8880959 214651517 0.5
5430082 214844349 1
5430082 214836956 1
5430082 214840091 1
5430082 214837288 1
5430082 214835473 0.5
5430082 214837442 0.5
5430082 214832124 0.5
5430082 214832156 0.5
2344758 214829878 1
2344758 214831946 1
2344758 214829880 1
2344758 214829882 1
2344758 214748304 0.5
2344758 214819762 0.5
2344758 214748291 0.5
11113288 214854815 1
11113288 214854819 1
11113288 214849468 1
11113288 214850735 1
11113288 214853381 0.5
11113288 214854731 0.5
11113288 214567215 0.5
11113288 214857555 0.5
11113288 214819412 0.5
11113288 214857596 0.5
11113288 214854877 0.5
1616714 214834877 1
1616714 214834880 1
1616714 214826610 1
1616714 214587266 1
1616714 214829366 0.5
9227086 214854017 1
9227086 214853992 1
9227086 214853422 1
9227086 214853420 1
9227086 214854146 0.5
707414 214837487 1
707414 214837483 1
707414 214837442 1
707414 214838831 1
707414 214698446 0.5
8538967 214851579 1
8538967 214851163 1
8538967 214851592 1
8538967 214851165 1
8538967 214716714 0.5
8538967 214848851 0.5
8538967 214851575 0.5
8538967 214853657 0.5
8538967 214851131 0.5
8538967 214716671 0.5
11146072 214854819 1
11146072 214854356 1
11146072 214854857 1
11146072 214853702 1
11146072 214848658 0.5
11146072 214853700 0.5
11146072 214853722 0.5
11146072 214854855 0.5
8999397 214853278 1
8999397 214835070 1
8999397 214609325 1
8999397 214602600 1
8999397 214834867 0.5
8999397 214717412 0.5
8999397 214826711 0.5
4877152 214845131 1
4877152 214839975 1
4877152 214602733 1
4877152 214839971 1
4877152 214839600 0.5
4877152 214839960 0.5
5743458 214846033 1
5743458 214846014 1
5743458 214846031 1
5743458 214846001 1
5743458 214835745 0.5
5743458 214845506 0.5
5743458 214657318 0.5
5743458 214686860 0.5
5743458 214846029 0.5
5743458 214846447 0.5
5743458 214845587 0.5
5743458 214556212 0.5
5743458 214668185 0.5
5743458 214836506 0.5
5743458 214839965 0.5
8633192 214853105 1
8633192 214853135 1
8633192 214852978 1
8633192 214853195 1
8633192 214853233 0.5
8786793 214853210 1
8786793 214851750 1
8786793 214717498 1
8786793 214853242 1
8786793 214853225 0.5
8786793 214606980 0.5
8786793 214853182 0.5
8557418 214851748 1
8557418 214853135 1
8557418 214853188 1
8557418 214853227 1
8557418 214853184 0.5
8557418 214850936 0.5
8557418 214853190 0.5
10824559 214854840 1
10824559 214864880 1
10824559 214853102 1
10824559 214854782 1
10824559 214854705 0.5
10824559 214714755 0.5
10824559 214859246 0.5
6258494 214836568 1
6258494 214838872 1
6258494 214748295 1
6258494 214753505 1
6258494 214714697 0.5
6258494 214836339 0.5
6258494 214836084 0.5
6258494 214836566 0.5
6258494 214836249 0.5
3470198 214829887 1
3470198 214831950 1
3470198 214829885 1
3470198 214829878 1
3470198 214829880 0.5
3470198 214829882 0.5
3470198 214583670 0.5
5315452 214844372 1
5315452 214835428 1
5315452 214835426 1
5315452 214845405 1
5315452 214844345 0.5
10397749 214854536 1
10397749 214853113 1
10397749 214853244 1
10397749 214854352 1
10397749 214854354 0.5
10397749 214850739 0.5
4465541 214602733 1
4465541 214832147 1
4465541 214835021 1
4465541 214839962 1
4465541 214839969 0.5
4465541 214571188 0.5
4465541 214553565 0.5
3361943 214829852 1
3361943 214829850 1
3361943 214835124 1
3361943 214831967 1
3361943 214831959 0.5
2522614 214831948 1
2522614 214829878 1
2522614 214600509 1
2522614 214829051 1
2522614 214835512 0.5
2522614 214826587 0.5
2522614 214821324 0.5
2522614 214829270 0.5
8176527 214850938 1
8176527 214850619 1
8176527 214850936 1
8176527 214851011 1
8176527 214850743 0.5
9653136 214853420 1
9653136 214850949 1
9653136 214853422 1
9653136 214850947 1
9653136 214853428 0.5
10038163 214853381 1
10038163 214853156 1
10038163 214844372 1
10038163 214848185 1
10038163 214553544 0.5
10038163 214844398 0.5
5860244 214846029 1
5860244 214845416 1
5860244 214831946 1
5860244 214829887 1
5860244 214584992 0.5
5860244 214846065 0.5
5860244 214695167 0.5
3083157 214835745 1
3083157 214835475 1
3083157 214835747 1
3083157 214717562 1
3083157 214574672 0.5
3083157 214667970 0.5
3083157 214586469 0.5
3083157 214657318 0.5
3083157 214680720 0.5
3083157 214819382 0.5
3083157 214831959 0.5
3083157 214829850 0.5
3083157 214826876 0.5
10527642 214556840 1
10527642 214854583 1
10527642 214687845 1
10527642 214832473 1
10527642 214854489 0.5
10527642 214687475 0.5
11395998 214855209 1
11395998 214853100 1
11395998 214854782 1
11395998 214855016 1
11395998 214854842 0.5
11395998 214854819 0.5
11395998 214854332 0.5
11395998 214854853 0.5
11395998 214854815 0.5
3070879 214835745 1
3070879 214835019 1
3070879 214600492 1
3070879 214834867 1
3070879 214587697 0.5
3070879 214826565 0.5
2337697 214831948 1
2337697 214829887 1
2337697 214829878 1
2337697 214711903 1
2337697 214831946 0.5
2337697 214829882 0.5
2337697 214831950 0.5
10593199 214854268 1
10593199 214854358 1
10593199 214854549 1
10593199 214854264 1
10593199 214567329 0.5
10593199 214567215 0.5
10593199 214684785 0.5
10593199 214853726 0.5
10593199 214854545 0.5
10359152 214854579 1
10359152 214854536 1
10359152 214820456 1
10359152 214854585 1
10359152 214853094 0.5
10359152 214819599 0.5
10359152 214854545 0.5
10359152 214852978 0.5
10359152 214850739 0.5
10359152 214556212 0.5
10359152 214854549 0.5
10359152 214837494 0.5
10359152 214854264 0.5
10359152 214819577 0.5
10359152 214854495 0.5
10359152 214854268 0.5
10359152 214850741 0.5
8844217 214853263 1
8844217 214853242 1
8844217 214853237 1
8844217 214651517 1
8844217 214716671 0.5
8844217 214851161 0.5
8844217 214587099 0.5
8844217 214853132 0.5
8844217 214685049 0.5
8235964 214851080 1
8235964 214851161 1
8235964 214685049 1
8235964 214716714 1
8235964 214851234 0.5
8235964 214851587 0.5
8235964 214714794 0.5
10392509 214853767 1
10392509 214854527 1
10392509 214853210 1
10392509 214854538 1
10392509 214572448 0.5
10392509 214839587 0.5
10392509 214743495 0.5
10392509 214854352 0.5
10392509 214854517 0.5
10392509 214717562 0.5
10392509 214851581 0.5
10392509 214849247 0.5
4785087 214845131 1
4785087 214839973 1
4785087 214602733 1
4785087 214839960 1
4785087 214835002 0.5
4785087 214835107 0.5
4785087 214602598 0.5
4785087 214839975 0.5
10103746 214567327 1
10103746 214854549 1
10103746 214567333 1
10103746 214567215 1
10103746 214567329 0.5
10103746 214853996 0.5
9125366 214853132 1
9125366 214853242 1
9125366 214851750 1
9125366 214852987 1
9125366 214853237 0.5
9125366 214853222 0.5
10752966 214684785 1
10752966 214851163 1
10752966 214854510 1
10752966 214854262 1
10752966 214853225 0.5
10752966 214567333 0.5
10752966 214567327 0.5
8383434 214851163 1
8383434 214684942 1
8383434 214716654 1
8383434 214716671 1
8383434 214716746 0.5
8383434 214851579 0.5
8383434 214851165 0.5
396241 214826627 1
396241 214826835 1
396241 214821292 1
396241 214826816 1
396241 214826955 0.5
6421667 214848658 1
6421667 214846085 1
6421667 214849239 1
6421667 214849284 1
6421667 214848656 0.5
6421667 214849076 0.5
6421667 214848692 0.5
6421667 214852044 0.5
6421667 214849020 0.5
5422036 214844402 1
5422036 214845587 1
5422036 214845585 1
5422036 214844398 1
5422036 214602731 0.5
9245654 214853707 1
9245654 214850942 1
9245654 214850945 1
9245654 214853420 1
9245654 214850949 0.5
9245654 214853702 0.5
910297 214839313 1
910297 214839999 1
910297 214840001 1
910297 214839997 1
910297 214705792 0.5
7688357 214849740 1
7688357 214849389 1
7688357 214843449 1
7688357 214748289 1
7688357 214551780 0.5
7688357 214612901 0.5
9886689 214853700 1
9886689 214853722 1
9886689 214853713 1
9886689 214836956 1
9886689 214854152 0.5
9886689 214848185 0.5
9886689 214853698 0.5
9886689 214853430 0.5
2696168 214835017 1
2696168 214835747 1
2696168 214832792 1
2696168 214826565 1
2696168 214587712 0.5
2696168 214587697 0.5
2696168 214837918 0.5
1657838 214826610 1
1657838 214833755 1
1657838 214834877 1
1657838 214821410 1
1657838 214829387 0.5
1203184 214821315 1
1203184 214821305 1
1203184 214821302 1
1203184 214821309 1
1203184 214612706 0.5
1203184 214821341 0.5
6222833 214571188 1
6222833 214848956 1
6222833 214848607 1
6222833 214848613 1
6222833 214848851 0.5
8702964 214853265 1
8702964 214553810 1
8702964 214853385 1
8702964 214844372 1
8702964 214849312 0.5
8702964 214832747 0.5
8702964 214849764 0.5
8702964 214851077 0.5
8702964 214849736 0.5
8702964 214853417 0.5
8702964 214850411 0.5
8702964 214844398 0.5
8702964 214844400 0.5
8702964 214829366 0.5
8702964 214844347 0.5
8702964 214850940 0.5
6485161 214848615 1
6485161 214848977 1
6485161 214849070 1
6485161 214848973 1
6485161 214848692 0.5
8432633 214716671 1
8432633 214716714 1
8432633 214851080 1
8432633 214851592 1
8432633 214851587 0.5
8432633 214851579 0.5
2757626 214602600 1
2757626 214609325 1
2757626 214826947 1
2757626 214820197 1
2757626 214832792 0.5
2757626 214834867 0.5
6654689 214849312 1
6654689 214850786 1
6654689 214848335 1
6654689 214848641 1
6654689 214532107 0.5
10324991 214854536 1
10324991 214854585 1
10324991 214854300 1
10324991 214850739 1
10324991 214854148 0.5
10324991 214854547 0.5
10324991 214850741 0.5
10324991 214850870 0.5
10324991 214850872 0.5
10324991 214573305 0.5
10324991 214573310 0.5
537601 214837490 1
537601 214837485 1
537601 214837487 1
537601 214837483 1
537601 214837442 0.5
5426179 214845412 1
5426179 214844370 1
5426179 214567404 1
5426179 214844398 1
5426179 214640098 0.5
5426179 214527519 0.5
5426179 214698418 0.5
5426179 214844405 0.5
10490899 214854579 1
10490899 214854300 1
10490899 214854585 1
10490899 214819577 1
10490899 214854527 0.5
10490899 214853767 0.5
6251546 214536311 1
6251546 214848847 1
6251546 214509206 1
6251546 214848596 1
6251546 214829739 0.5
4023327 214835109 1
4023327 214835167 1
4023327 214838227 1
4023327 214836924 1
4023327 214829765 0.5
4023327 214826990 0.5
6063137 214850870 1
6063137 214848313 1
6063137 214845960 1
6063137 214850880 1
6063137 214848992 0.5
6063137 214712272 0.5
6063137 214705747 0.5
6063137 214850876 0.5
6063137 214850872 0.5
2506587 214829878 1
2506587 214831946 1
2506587 214829885 1
2506587 214826893 1
2506587 214829880 0.5
2506587 214686082 0.5
2614308 214829878 1
2614308 214831948 1
2614308 214831950 1
2614308 214829885 1
2614308 214829887 0.5
2554922 214829887 1
2554922 214829882 1
2554922 214829878 1
2554922 214600509 1
2554922 214826912 0.5
2554922 214716746 0.5
7164972 214850295 1
7164972 214849194 1
7164972 214850282 1
7164972 214829775 1
7164972 214849153 0.5
7164972 214845986 0.5
7164972 214586743 0.5
7164972 214586694 0.5
7164972 214849745 0.5
4277298 214602733 1
4277298 214839975 1
4277298 214845131 1
4277298 214839973 1
4277298 214839960 0.5
4277298 214839971 0.5
4838993 214840091 1
4838993 214838092 1
4838993 214837286 1
4838993 214832156 1
4838993 214746380 0.5
4838993 214838094 0.5
9935927 214846391 1
9935927 214561481 1
9935927 214851750 1
9935927 214845489 1
9935927 214687685 0.5
9935927 214853677 0.5
9935927 214712272 0.5
9935927 214554675 0.5
9935927 214853848 0.5
9935927 214848986 0.5
3540031 214829880 1
3540031 214829882 1
3540031 214829885 1
3540031 214831946 1
3540031 214829878 0.5
6501443 214848622 1
6501443 214710097 1
6501443 214848630 1
6501443 214848656 1
6501443 214848165 0.5
6501443 214717286 0.5
7244878 214836084 1
7244878 214838227 1
7244878 214849284 1
7244878 214667857 1
7244878 214844345 0.5
7244878 214848658 0.5
7244878 214665277 0.5
10650706 214854358 1
10650706 214684762 1
10650706 214567327 1
10650706 214567333 1
10650706 214567329 0.5
10650706 214854268 0.5
10650706 214567215 0.5
9598036 214743515 1
9598036 214853422 1
9598036 214711307 1
9598036 214853428 1
9598036 214712237 0.5
7930966 214564387 1
7930966 214850940 1
7930966 214850619 1
7930966 214850739 1
7930966 214850848 0.5
7930966 214850792 0.5
7930966 214820394 0.5
7930966 214849395 0.5
3722328 214820274 1
3722328 214829788 1
3722328 214748300 1
3722328 214820231 1
3722328 214826608 0.5
3722328 214842553 0.5
3722328 214836067 0.5
3722328 214748295 0.5
2930676 214832722 1
2930676 214829660 1
2930676 214829385 1
2930676 214835002 1
2930676 214821032 0.5
2930676 214829666 0.5
2930676 214832115 0.5
1891424 214711312 1
1891424 214829887 1
1891424 214711438 1
1891424 214829878 1
1891424 214686082 0.5
1891424 214691426 0.5
1891424 214556210 0.5
1891424 214831955 0.5
1891424 214717524 0.5
1891424 214691321 0.5
1891424 214711314 0.5
1891424 214710013 0.5
9649258 214853702 1
9649258 214853707 1
9649258 214853730 1
9649258 214853722 1
9649258 214853698 0.5
9649258 214853700 0.5
9649258 214853709 0.5
9649258 214853767 0.5
10040427 214853713 1
10040427 214853430 1
10040427 214853767 1
10040427 214853707 1
10040427 214853698 0.5
9213036 214853420 1
9213036 214853422 1
9213036 214850947 1
9213036 214846033 1
9213036 214684730 0.5
9213036 214584092 0.5
9213036 214829878 0.5
5302224 214838111 1
5302224 214601233 1
5302224 214829850 1
5302224 214845917 1
5302224 214819770 0.5
5302224 214586469 0.5
5302224 214711657 0.5
5302224 214744779 0.5
5302224 214819599 0.5
5302224 214717850 0.5
5302224 214612730 0.5
5302224 214819550 0.5
9835636 214853698 1
9835636 214853700 1
9835636 214853722 1
9835636 214853713 1
9835636 214854152 0.5
9835636 214849322 0.5
9835636 214853707 0.5
9835636 214853702 0.5
9835636 214853767 0.5
7586597 214850743 1
7586597 214850938 1
7586597 214850936 1
7586597 214850621 1
7586597 214853758 0.5
6152443 214844355 1
6152443 214846421 1
6152443 214846425 1
6152443 214846457 1
6152443 214846067 0.5
8711291 214851077 1
8711291 214851122 1
8711291 214849312 1
8711291 214850788 1
8711291 214586432 0.5
8711291 214744775 0.5
8711291 214832747 0.5
8711291 214829366 0.5
8711291 214714779 0.5
8711291 214851069 0.5
10370176 214854352 1
10370176 214556212 1
10370176 214854538 1
10370176 214853244 1
10370176 214556216 0.5
10370176 214854515 0.5
10370176 214854555 0.5
9337986 214853460 1
9337986 214853321 1
9337986 214853325 1
9337986 214853379 1
9337986 214700002 0.5
9337986 214764748 0.5
5905542 214835017 1
5905542 214835019 1
5905542 214845457 1
5905542 214848337 1
5905542 214846001 0.5
5905542 214606948 0.5
5905542 214836926 0.5
5905542 214831967 0.5
2366599 214829880 1
2366599 214829885 1
2366599 214829882 1
2366599 214831946 1
2366599 214829878 0.5
10905338 214854853 1
10905338 214854782 1
10905338 214855016 1
10905338 214854787 1
10905338 214854699 0.5
9133343 214853263 1
9133343 214853242 1
9133343 214851750 1
9133343 214850739 1
9133343 214850792 0.5
9133343 214853210 0.5
9133343 214853237 0.5
4600983 214839969 1
4600983 214602733 1
4600983 214839971 1
4600983 214839965 1
4600983 214838105 0.5
4600983 214838107 0.5
6294682 214848613 1
6294682 214848808 1
6294682 214848851 1
6294682 214848832 1
6294682 214827005 0.5
6294682 214552142 0.5
6294682 214684845 0.5
6294682 214684942 0.5
6294682 214556055 0.5
2825371 214600492 1
2825371 214835019 1
2825371 214832792 1
2825371 214834867 1
2825371 214835745 0.5
2825371 214676019 0.5
2825371 214829366 0.5
10921117 214857562 1
10921117 214561481 1
10921117 214857260 1
10921117 214857568 1
10921117 214857596 0.5
10921117 214857810 0.5
10921117 214819412 0.5
10005701 214853992 1
10005701 214853702 1
10005701 214853865 1
10005701 214853413 1
10005701 214854146 0.5
10005701 214853767 0.5
10005701 214854152 0.5
10005701 214557223 0.5
10005701 214854165 0.5
10005701 214839962 0.5
10005701 214854172 0.5
6289444 214848980 1
6289444 214848975 1
6289444 214846530 1
6289444 214848971 1
6289444 214848973 0.5
6289444 214846447 0.5
6289444 214848656 0.5
6289444 214587317 0.5
6289444 214668667 0.5
6289444 214834877 0.5
10460323 214853677 1
10460323 214643036 1
10460323 214854065 1
10460323 214854155 1
10460323 214848326 0.5
5405861 214696899 1
5405861 214531074 1
5405861 214829325 1
5405861 214602377 1
5405861 214585586 0.5
5405861 214846035 0.5
5405861 214718387 0.5
11166886 214854836 1
11166886 214854787 1
11166886 214864880 1
11166886 214714755 1
11166886 214854542 0.5
4977832 214835428 1
4977832 214743367 1
4977832 214835426 1
4977832 214835473 1
4977832 214844400 0.5
4977832 214838225 0.5
4977832 214602733 0.5
4977832 214844398 0.5
4977832 214601233 0.5
2462236 214831948 1
2462236 214835512 1
2462236 214836519 1
2462236 214829394 1
2462236 214835132 0.5
2462236 214829390 0.5
9222203 214853422 1
9222203 214853428 1
9222203 214853454 1
9222203 214853424 1
9222203 214850945 0.5
9222203 214850947 0.5
9222203 214850942 0.5
9598131 214853420 1
9598131 214853422 1
9598131 214850945 1
9598131 214850947 1
9598131 214853210 0.5
9598131 214705734 0.5
8092858 214821377 1
8092858 214851077 1
8092858 214849031 1
8092858 214853092 1
8092858 214851069 0.5
7892157 214850938 1
7892157 214850743 1
7892157 214850756 1
7892157 214850771 1
7892157 214850936 0.5
7892157 214850754 0.5
7892157 214821022 0.5
8199712 214716581 1
8199712 214851163 1
8199712 214853233 1
8199712 214850790 1
8199712 214851097 0.5
8199712 214851290 0.5
8199712 214846127 0.5
738499 214820402 1
738499 214829321 1
738499 214800272 1
738499 214820400 1
738499 214706102 0.5
738499 214657318 0.5
738499 214600492 0.5
738499 214687852 0.5
738499 214826998 0.5
738499 214717847 0.5
7630024 214850625 1
7630024 214850730 1
7630024 214651777 1
7630024 214677615 1
7630024 214850552 0.5
7630024 214850555 0.5
7630024 214652207 0.5
10294473 214854352 1
10294473 214684762 1
10294473 214854527 1
10294473 214853855 1
10294473 214853732 0.5
10294473 214854545 0.5
10294473 214854577 0.5
10294473 214854549 0.5
10294473 214684785 0.5
10294473 214853724 0.5
6204618 214846417 1
6204618 214846427 1
6204618 214845885 1
6204618 214846466 1
6204618 214839969 0.5
6204618 214846530 0.5
6204618 214848330 0.5
6204618 214846412 0.5
6204618 214846479 0.5
6204618 214848656 0.5
6204618 214848377 0.5
6204618 214848605 0.5
634064 214827009 1
634064 214820237 1
634064 214826912 1
634064 214828987 1
634064 214826705 0.5
8260817 214851326 1
8260817 214853094 1
8260817 214853085 1
8260817 214853096 1
8260817 214852978 0.5
1131043 214839600 1
1131043 214820807 1
1131043 214829321 1
1131043 214820810 1
1131043 214748336 0.5
1131043 214819430 0.5
7927001 214850692 1
7927001 214557223 1
7927001 214850760 1
7927001 214850405 1
7927001 214839962 0.5
7927001 214850876 0.5
6442533 214844396 1
6442533 214848688 1
6442533 214848658 1
6442533 214839311 1
6442533 214687457 0.5
6442533 214839973 0.5
6442533 214848969 0.5
6442533 214844400 0.5
6442533 214698418 0.5
6442533 214849076 0.5
6442533 214848695 0.5
6442533 214668667 0.5
7509216 214849796 1
7509216 214684717 1
7509216 214850758 1
7509216 214849312 1
7509216 214844347 0.5
7509216 214829366 0.5
3683196 214577057 1
3683196 214836924 1
3683196 214836932 1
3683196 214829765 1
3683196 214836870 0.5
3683196 214835167 0.5
9342843 214853347 1
9342843 214831955 1
9342843 214853428 1
9342843 214853460 1
9342843 214853340 0.5
2819308 214835503 1
2819308 214835132 1
2819308 214834867 1
2819308 214835019 1
2819308 214680705 0.5
2819308 214609325 0.5
2819308 214680710 0.5
5371118 214850402 1
5371118 214845585 1
5371118 214844342 1
5371118 214846012 1
5371118 214844400 0.5
5371118 214838137 0.5
5371118 214845412 0.5
7886064 214850295 1
7886064 214850700 1
7886064 214687792 1
7886064 214850792 1
7886064 214587937 0.5
7886064 214850743 0.5
174009 214717005 1
174009 214717003 1
174009 214832655 1
174009 214716984 1
174009 214716928 0.5
174009 214832657 0.5
174009 214716926 0.5
174009 214716982 0.5
174009 214717007 0.5
5369077 214844345 1
5369077 214844400 1
5369077 214829387 1
5369077 214834877 1
5369077 214844340 0.5
5369077 214844402 0.5
5369077 214553844 0.5
5369077 214844342 0.5
5369077 214556025 0.5
3755633 214842735 1
3755633 214845129 1
3755633 214560587 1
3755633 214826990 1
3755633 214716930 0.5
3755633 214838227 0.5
3755633 214716932 0.5
4197626 214838137 1
4197626 214702933 1
4197626 214836877 1
4197626 214714663 1
4197626 214839969 0.5
4197626 214550610 0.5
4197626 214646555 0.5
4197626 214639132 0.5
4197626 214557009 0.5
7894269 214850726 1
7894269 214850938 1
7894269 214850940 1
7894269 214564387 1
7894269 214850411 0.5
7605504 214716977 1
7605504 214853122 1
7605504 214850932 1
7605504 214595139 1
7605504 214678987 0.5
9590863 214853460 1
9590863 214853428 1
9590863 214853422 1
9590863 214850949 1
9590863 214850700 0.5
8066323 214851080 1
8066323 214685049 1
8066323 214851161 1
8066323 214684942 1
8066323 214849745 0.5
8066323 214716746 0.5
4472088 214839975 1
4472088 214826990 1
4472088 214839617 1
4472088 214839971 1
4472088 214826998 0.5
4472088 214602598 0.5
4472088 214601229 0.5
4472088 214848176 0.5
4472088 214835475 0.5
4472088 214835124 0.5
4472088 214583670 0.5
4472088 214553561 0.5
4472088 214668185 0.5
4472088 214836926 0.5
4472088 214829797 0.5
3876127 214836932 1
3876127 214835167 1
3876127 214836924 1
3876127 214826990 1
3876127 214708029 0.5
2476592 214829880 1
2476592 214829887 1
2476592 214686082 1
2476592 214540127 1
2476592 214831955 0.5
2476592 214540125 0.5
6460706 214848980 1
6460706 214848975 1
6460706 214846033 1
6460706 214846029 1
6460706 214829882 0.5
6460706 214829878 0.5
6460706 214829887 0.5
843048 214821401 1
843048 214826908 1
843048 214826927 1
843048 214826615 1
843048 214821300 0.5
843048 214826934 0.5
6173993 214846119 1
6173993 214845962 1
6173993 214846312 1
6173993 214676377 1
6173993 214668249 0.5
6173993 214845971 0.5
10556719 214853083 1
10556719 214854716 1
10556719 214854722 1
10556719 214854707 1
10556719 214690839 0.5
9774389 214567327 1
9774389 214854510 1
9774389 214854262 1
9774389 214567333 1
9774389 214684762 0.5
9774389 214853726 0.5
888121 214827002 1
888121 214826927 1
888121 214826932 1
888121 214821401 1
888121 214828989 0.5
888121 214826908 0.5
888121 214826837 0.5
888121 214744775 0.5
5659962 214829878 1
5659962 214831946 1
5659962 214832143 1
5659962 214632146 1
5659962 214829885 0.5
5949022 214848832 1
5949022 214848613 1
5949022 214848808 1
5949022 214832126 1
5949022 214832128 0.5
5949022 214832147 0.5
5949022 214743497 0.5
5949022 214743339 0.5
5949022 214552142 0.5
5949022 214848851 0.5
5949022 214717742 0.5
5949022 214556055 0.5
1426752 214833755 1
1426752 214834877 1
1426752 214826610 1
1426752 214834880 1
1426752 214826992 0.5
5772619 214845962 1
5772619 214849010 1
5772619 214845939 1
5772619 214846010 1
5772619 214581761 0.5
554316 214838831 1
554316 214837483 1
554316 214826615 1
554316 214837485 1
554316 214837490 0.5
554316 214698446 0.5
554316 214837487 0.5
6008141 214846382 1
6008141 214846406 1
6008141 214846464 1
6008141 214846457 1
6008141 214846472 0.5
6008141 214846256 0.5
6008141 214846408 0.5
6008141 214846421 0.5
6008141 214846425 0.5
6008141 214846462 0.5
2192721 214832722 1
2192721 214821397 1
2192721 214829666 1
2192721 214826670 1
2192721 214829664 0.5
2192721 214834997 0.5
1842403 214829666 1
1842403 214829664 1
1842403 214826994 1
1842403 214837485 1
1842403 214744528 0.5
1842403 214554675 0.5
1842403 214826563 0.5
1842403 214677821 0.5
4841358 214838109 1
4841358 214847649 1
4841358 214651777 1
4841358 214836519 1
4841358 214831970 0.5
4841358 214587028 0.5
4841358 214829765 0.5
949591 214820938 1
949591 214826996 1
949591 214712137 1
949591 214829321 1
949591 214535985 0.5
949591 214652970 0.5
949591 214556212 0.5
949591 214706102 0.5
949591 214820345 0.5
7959896 214716671 1
7959896 214716746 1
7959896 214851579 1
7959896 214851165 1
7959896 214850720 0.5
7959896 214851073 0.5
9608539 214676306 1
9608539 214854148 1
9608539 214853846 1
9608539 214853848 1
9608539 214853210 0.5
9608539 214554675 0.5
9608539 214853237 0.5
6653278 214839617 1
6653278 214849466 1
6653278 214844400 1
6653278 214844396 1
6653278 214845984 0.5
6653278 214846112 0.5
6653278 214557095 0.5
6653278 214845583 0.5
6653278 214819760 0.5
6653278 214845585 0.5
6653278 214543922 0.5
6653278 214836947 0.5
6653278 214847255 0.5
6653278 214846072 0.5
6653278 214837918 0.5
456031 214811756 1
456031 214820261 1
456031 214835739 1
456031 214835694 1
456031 214819438 0.5
10079588 214675888 1
10079588 214853422 1
10079588 214850945 1
10079588 214853366 1
10079588 214848185 0.5
10079588 214854172 0.5
9057638 214853130 1
9057638 214846117 1
9057638 214849010 1
9057638 214581611 1
9057638 214581761 0.5
9057638 214848926 0.5
9057638 214851326 0.5
10890206 214854733 1
10890206 214714755 1
10890206 214854840 1
10890206 214853102 1
10890206 214854785 0.5
10890206 214850700 0.5
10890206 214853100 0.5
10890206 214854853 0.5
10890206 214854356 0.5
3093867 214835017 1
3093867 214835019 1
3093867 214835132 1
3093867 214835475 1
3093867 214826818 0.5
3093867 214836330 0.5
3093867 214746380 0.5
3093867 214836534 0.5
3093867 214826623 0.5
3093867 214582175 0.5
7828849 214850743 1
7828849 214850771 1
7828849 214851313 1
7828849 214850765 1
7828849 214850754 0.5
7828849 214844347 0.5
1175443 214821315 1
1175443 214821341 1
1175443 214821313 1
1175443 214821305 1
1175443 214684513 0.5
1175443 214551617 0.5
1175443 214551626 0.5
1175443 214840483 0.5
1175443 214551607 0.5
2965397 214835017 1
2965397 214600492 1
2965397 214835745 1
2965397 214835019 1
2965397 214826565 0.5
3360129 214835747 1
3360129 214835019 1
3360129 214826990 1
3360129 214834867 1
3360129 214680705 0.5
8831523 214851326 1
8831523 214852980 1
8831523 214853077 1
8831523 214853105 1
8831523 214853096 0.5
7755144 214819412 1
7755144 214850855 1
7755144 214551626 1
7755144 214845958 1
7755144 214850402 0.5
7755144 214850726 0.5
8531346 214853225 1
8531346 214853242 1
8531346 214853182 1
8531346 214853186 1
8531346 214853210 0.5
8531346 214851750 0.5
8531346 214853222 0.5
8531346 214853237 0.5
5284419 214839932 1
5284419 214844400 1
5284419 214844345 1
5284419 214844396 1
5284419 214836932 0.5
5284419 214837286 0.5
5284419 214574670 0.5
5284419 214748336 0.5
5284419 214680722 0.5
5284419 214844340 0.5
3063188 214826818 1
3063188 214836534 1
3063188 214835122 1
3063188 214837882 1
3063188 214832128 0.5
3063188 214835107 0.5
3063188 214820805 0.5
3063188 214836358 0.5
3063188 214684108 0.5
3063188 214835505 0.5
3063188 214832115 0.5
3063188 214827035 0.5
3063188 214643036 0.5
5266837 214845887 1
5266837 214845583 1
5266837 214844398 1
5266837 214835426 1
5266837 214839587 0.5
5266837 214845412 0.5
5266837 214838225 0.5
5266837 214846061 0.5
5266837 214846447 0.5
5266837 214845457 0.5
5266837 214835475 0.5
5266837 214846007 0.5
5266837 214845917 0.5
5266837 214844355 0.5
4289434 214826990 1
4289434 214836947 1
4289434 214835109 1
4289434 214836924 1
4289434 214836932 0.5
4289434 214829387 0.5
4289434 214838225 0.5
4289434 214826610 0.5
4289434 214821015 0.5
4289434 214838137 0.5
10861984 214850752 1
10861984 214854770 1
10861984 214854720 1
10861984 214853083 1
10861984 214853079 0.5
10861984 214854855 0.5
3421602 214835019 1
3421602 214642560 1
3421602 214832128 1
3421602 214832126 1
3421602 214832115 0.5
3421602 214557223 0.5
3524014 214837918 1
3524014 214833755 1
3524014 214573123 1
3524014 214821401 1
3524014 214835745 0.5
3524014 214532867 0.5
3524014 214839617 0.5
3524014 214839600 0.5
3524014 214553844 0.5
3524014 214831959 0.5
5336498 214844345 1
5336498 214845587 1
5336498 214845583 1
5336498 214844370 1
5336498 214844400 0.5
5336498 214850402 0.5
5336498 214844396 0.5
8793523 214851750 1
8793523 214853210 1
8793523 214853242 1
8793523 214853132 1
8793523 214851748 0.5
8793523 214853222 0.5
8793523 214853225 0.5
8793523 214853135 0.5
8793523 214853237 0.5
8793523 214853182 0.5
3660702 214582348 1
3660702 214582378 1
3660702 214718385 1
3660702 214717522 1
3660702 214558080 0.5
3660702 214582372 0.5
3660702 214836870 0.5
3660702 214561775 0.5
3660702 214697096 0.5
3660702 214829771 0.5
3660702 214836877 0.5
3660702 214582350 0.5
3660702 214642031 0.5
3660702 214800272 0.5
3660702 214582385 0.5
3660702 214717427 0.5
3660702 214836885 0.5
3660702 214829079 0.5
3660702 214826904 0.5
3660702 214714779 0.5
3660702 214690110 0.5
2651039 214829878 1
2651039 214829885 1
2651039 214831950 1
2651039 214831946 1
2651039 214800272 0.5
2651039 214821032 0.5
2651039 214821392 0.5
2651039 214820402 0.5
2651039 214695285 0.5
2651039 214831967 0.5
2651039 214826876 0.5
2651039 214829887 0.5
2297014 214831946 1
2297014 214829882 1
2297014 214831957 1
2297014 214829880 1
2297014 214829051 0.5
2297014 214829878 0.5
7517634 214850848 1
7517634 214564382 1
7517634 214850940 1
7517634 214850621 1
7517634 214850619 0.5
10571209 214861498 1
10571209 214839995 1
10571209 214840001 1
10571209 214857167 1
10571209 214859715 0.5
10571209 214854075 0.5
10571209 214839999 0.5
8830417 214678387 1
8830417 214828952 1
8830417 214848926 1
8830417 214844321 1
8830417 214852982 0.5
8830417 214677830 0.5
7558613 214850936 1
7558613 214829825 1
7558613 214850557 1
7558613 214850741 1
7558613 214850720 0.5
7558613 214850872 0.5
7558613 214850876 0.5
7558613 214821022 0.5
5029336 214835747 1
5029336 214835124 1
5029336 214839617 1
5029336 214848178 1
5029336 214587712 0.5
5029336 214839973 0.5
5029336 214835017 0.5
5029336 214602733 0.5
5029336 214848176 0.5
5029336 214845457 0.5
5029336 214845587 0.5
5029336 214553561 0.5
5029336 214837882 0.5
5029336 214832126 0.5
5029336 214831967 0.5
7323409 214849745 1
7323409 214849466 1
7323409 214844372 1
7323409 214850315 1
7323409 214844396 0.5
2590181 214828970 1
2590181 214835572 1
2590181 214835574 1
2590181 214835550 1
2590181 214705736 0.5
2590181 214575266 0.5
2590181 214836517 0.5
2590181 214709807 0.5
6970854 214849012 1
6970854 214848701 1
6970854 214849312 1
6970854 214848958 1
6970854 214836517 0.5
10890737 214854853 1
10890737 214864880 1
10890737 214854836 1
10890737 214853154 1
10890737 214853072 0.5
7321076 214710101 1
7321076 214846447 1
7321076 214844372 1
7321076 214849738 1
7321076 214849185 0.5
7321076 214849250 0.5
7321076 214849757 0.5
7321076 214800272 0.5
7321076 214820402 0.5
7321076 214573629 0.5
7321076 214839101 0.5
9160181 214849312 1
9160181 214848337 1
9160181 214849239 1
9160181 214844342 1
9160181 214849284 0.5
9160181 214832747 0.5
9160181 214848656 0.5
9160181 214667857 0.5
9160181 214849012 0.5
9160181 214836932 0.5
9160181 214851290 0.5
9160181 214844347 0.5
9160181 214665277 0.5
5650468 214844370 1
5650468 214826833 1
5650468 214846007 1
5650468 214839971 1
5650468 214836330 0.5
5650468 214848997 0.5
5650468 214845917 0.5
8381953 214851146 1
8381953 214849757 1
8381953 214851013 1
8381953 214851135 1
8381953 214595139 0.5
8381953 214686857 0.5
8381953 214717003 0.5
8381953 214844398 0.5
8381953 214844400 0.5
8381953 214844372 0.5
8381953 214849466 0.5
9815554 214853700 1
9815554 214853722 1
9815554 214853730 1
9815554 214853992 1
9815554 214854262 0.5
9815554 214854510 0.5
5249478 214845352 1
5249478 214844345 1
5249478 214844342 1
5249478 214844347 1
5249478 214845577 0.5
587274 214826876 1
587274 214826998 1
587274 214826872 1
587274 214821401 1
587274 214826908 0.5
587274 214800262 0.5
10643957 214853113 1
10643957 214854354 1
10643957 214854352 1
10643957 214853767 1
10643957 214854536 0.5
10643957 214853353 0.5
10643957 214853730 0.5
10643957 214853722 0.5
10643957 214848695 0.5
4711948 214839973 1
4711948 214836857 1
4711948 214835469 1
4711948 214839960 1
4711948 214839971 0.5
6839821 214848596 1
6839821 214848384 1
6839821 214849018 1
6839821 214846119 1
6839821 214848832 0.5
6839821 214665283 0.5
6839821 214848613 0.5
1592849 214834880 1
1592849 214833755 1
1592849 214826936 1
1592849 214826996 1
1592849 214839600 0.5
1592849 214826610 0.5
1592849 214829660 0.5
1592849 214821317 0.5
8283666 214853135 1
8283666 214853188 1
8283666 214853184 1
8283666 214853190 1
8283666 214851131 0.5
8283666 214851579 0.5
8283666 214853094 0.5
8283666 214716110 0.5
8283666 214716671 0.5
8283666 214851317 0.5
8283666 214850870 0.5
8283666 214851097 0.5
8283666 214851163 0.5
8283666 214853077 0.5
10321431 214854782 1
10321431 214854785 1
10321431 214854840 1
10321431 214853102 1
10321431 214684736 0.5
7237147 214849762 1
7237147 214849734 1
7237147 214849738 1
7237147 214849736 1
7237147 214844400 0.5
7237147 214849757 0.5
7237147 214844398 0.5
1867294 214829878 1
1867294 214829882 1
1867294 214829885 1
1867294 214831946 1
1867294 214829880 0.5
1867294 214559317 0.5
11266309 214854785 1
11266309 214854540 1
11266309 214853100 1
11266309 214849136 1
11266309 214748336 0.5
11266309 214844347 0.5
11266309 214714755 0.5
11266309 214832747 0.5
11270471 214848658 1
11270471 214856550 1
11270471 214854332 1
11270471 214853700 1
11270471 214574672 0.5
11270471 214717562 0.5
597541 214744779 1
597541 214748287 1
597541 214783357 1
597541 214716116 1
597541 214820394 0.5
597541 214711477 0.5
597541 214698446 0.5
10647084 214854534 1
10647084 214854579 1
10647084 214854585 1
10647084 214819577 1
10647084 214854547 0.5
10647084 214854300 0.5
8818223 214677830 1
8818223 214853130 1
8818223 214848926 1
8818223 214851737 1
8818223 214846117 0.5
8818223 214819393 0.5
8818223 214848302 0.5
8818223 214709702 0.5
8818223 214853111 0.5
5839167 214821382 1
5839167 214819528 1
5839167 214821384 1
5839167 214676377 1
5839167 214846010 0.5
10956341 214854782 1
10956341 214854840 1
10956341 214854787 1
10956341 214853100 1
10956341 214855016 0.5
10956341 214854705 0.5
10956341 214854802 0.5
10956341 214854853 0.5
7747126 214844439 1
7747126 214716645 1
7747126 214850771 1
7747126 214850767 1
7747126 214821022 0.5
9117244 214853115 1
9117244 214853130 1
9117244 214677830 1
9117244 214678387 1
9117244 214853169 0.5
2481726 214829880 1
2481726 214829882 1
2481726 214831946 1
2481726 214829878 1
2481726 214829885 0.5
7552577 214853173 1
7552577 214851120 1
7552577 214853758 1
7552577 214850402 1
7552577 214828882 0.5
7552577 214557095 0.5
7149127 214849762 1
7149127 214849736 1
7149127 214844396 1
7149127 214849757 1
7149127 214849738 0.5
7149127 214844402 0.5
8896072 214853130 1
8896072 214853128 1
8896072 214678387 1
8896072 214677830 1
8896072 214853169 0.5
3569231 214832124 1
3569231 214832115 1
3569231 214839600 1
3569231 214820392 1
3569231 214587712 0.5
3569231 214826977 0.5
3569231 214835747 0.5
3569231 214717286 0.5
3569231 214602802 0.5
3569231 214835017 0.5
3569231 214748336 0.5
3569231 214835122 0.5
3569231 214819376 0.5
3569231 214828985 0.5
3569231 214819378 0.5
3569231 214587317 0.5
3569231 214826998 0.5
3569231 214838137 0.5
3569231 214821401 0.5
3569231 214831959 0.5
6286929 214848615 1
6286929 214846462 1
6286929 214839617 1
6286929 214846530 1
6286929 214848950 0.5
5039703 214832015 1
5039703 214845579 1
5039703 214845356 1
5039703 214845581 1
5039703 214819395 0.5
5039703 214831948 0.5
5039703 214845806 0.5
5039703 214673295 0.5
5039703 214838102 0.5
5039703 214829880 0.5
5039703 214829885 0.5
8130137 214677615 1
8130137 214667857 1
8130137 214848380 1
8130137 214835109 1
8130137 214851232 0.5
8130137 214829387 0.5
8130137 214564380 0.5
8130137 214838227 0.5
6112427 214846479 1
6112427 214846412 1
6112427 214849252 1
6112427 214846127 1
6112427 214846427 0.5
6112427 214846061 0.5
8787549 214851326 1
8787549 214853248 1
8787549 214852980 1
8787549 214853077 1
8787549 214853090 0.5
8787549 214853096 0.5
8787549 214853227 0.5
8787549 214853422 0.5
8787549 214852978 0.5
8787549 214853182 0.5
9823847 214850291 1
9823847 214854352 1
9823847 214853113 1
9823847 214853460 1
9823847 214819599 0.5
9823847 214854577 0.5
9823847 214854354 0.5
9823847 214684725 0.5
9823847 214850619 0.5
9823847 214853855 0.5
3206767 214561775 1
3206767 214819777 1
3206767 214714760 1
3206767 214717412 1
3206767 214821020 0.5
3206767 214560615 0.5
811672 214820383 1
811672 214821285 1
811672 214826715 1
811672 214826801 1
811672 214826606 0.5
7237233 214820345 1
7237233 214849031 1
7237233 214849157 1
7237233 214849389 1
7237233 214849331 0.5
7237233 214820402 0.5
7237233 214829387 0.5
7237233 214826610 0.5
4906614 214844355 1
4906614 214844402 1
4906614 214844398 1
4906614 214835426 1
4906614 214640353 0.5
4906614 214835473 0.5
9385591 214853420 1
9385591 214850947 1
9385591 214853340 1
9385591 214853422 1
9385591 214850945 0.5
9385591 214853722 0.5
9385591 214831955 0.5
9385591 214853454 0.5
9385591 214829887 0.5
2582136 214820392 1
2582136 214835165 1
2582136 214748336 1
2582136 214835002 1
2582136 214821300 0.5
2582136 214831965 0.5
2582136 214819430 0.5
10722937 214854352 1
10722937 214854545 1
10722937 214853113 1
10722937 214850739 1
10722937 214753515 0.5
10722937 214854536 0.5
10722937 214569707 0.5
10722937 214716110 0.5
10722937 214854549 0.5
10722937 214573590 0.5
10722937 214853722 0.5
9655931 214853454 1
9655931 214850942 1
9655931 214853342 1
9655931 214853340 1
9655931 214673295 0.5
9655931 214846012 0.5
9655931 214853422 0.5
9655931 214850287 0.5
8535676 214851080 1
8535676 214851161 1
8535676 214851234 1
8535676 214685049 1
8535676 214851587 0.5
8535676 214850282 0.5
8535676 214846033 0.5
8535676 214851317 0.5
8535676 214829878 0.5
8535676 214851097 0.5
8535676 214851131 0.5
8535676 214845980 0.5
5808064 214846014 1
5808064 214579837 1
5808064 214846007 1
5808064 214844372 1
5808064 214844400 0.5
5808064 214835745 0.5
5808064 214582170 0.5
5808064 214829850 0.5
5883196 214846425 1
5883196 214839971 1
5883196 214848165 1
5883196 214845982 1
5883196 214845958 0.5
9909894 214854358 1
9909894 214567327 1
9909894 214567333 1
9909894 214848157 1
9909894 214853456 0.5
9909894 214837442 0.5
9909894 214854180 0.5
9909894 214684785 0.5
9909894 214837288 0.5
9909894 214853865 0.5
9909894 214853996 0.5
9909894 214854510 0.5
9909894 214844400 0.5
9909894 214854545 0.5
9909894 214850741 0.5
9909894 214849464 0.5
9909894 214854172 0.5
5193354 214718207 1
5193354 214845435 1
5193354 214845380 1
5193354 214716110 1
5193354 214602598 0.5
5193354 214586694 0.5
5193354 214845806 0.5
5193354 214840082 0.5
5193354 214821401 0.5
5193354 214829850 0.5
824258 214821307 1
824258 214821309 1
824258 214551607 1
824258 214844357 1
824258 214551617 0.5
824258 214551626 0.5
824258 214612721 0.5
7945873 214849250 1
7945873 214850364 1
7945873 214819464 1
7945873 214849136 1
7945873 214846112 0.5
5629591 214846029 1
5629591 214846121 1
5629591 214844396 1
5629591 214845495 1
5629591 214846033 0.5
5629591 214844370 0.5
5629591 214829797 0.5
5629591 214845493 0.5
9776796 214853707 1
9776796 214853702 1
9776796 214853698 1
9776796 214853722 1
9776796 214854152 0.5
9776796 214845986 0.5
9776796 214854060 0.5
9776796 214851133 0.5
9776796 214853767 0.5
8580571 214716714 1
8580571 214851131 1
8580571 214851028 1
8580571 214851163 1
8580571 214716746 0.5
8580571 214716671 0.5
7079591 214668667 1
7079591 214846072 1
7079591 214849745 1
7079591 214850304 1
7079591 214632146 0.5
5579482 214845465 1
5579482 214849001 1
5579482 214846001 1
5579482 214845917 1
5579482 214845416 0.5
10910322 214853077 1
10910322 214852980 1
10910322 214853090 1
10910322 214851326 1
10910322 214853094 0.5
5598902 214835019 1
5598902 214845465 1
5598902 214826610 1
5598902 214845587 1
5598902 214717410 0.5
5598902 214537541 0.5
5598902 214560615 0.5
5598902 214577387 0.5
5598902 214826711 0.5
5598902 214642031 0.5
5598902 214717522 0.5
5598902 214846007 0.5
5598902 214836536 0.5
5598902 214845495 0.5
2451128 214831957 1
2451128 214829887 1
2451128 214835550 1
2451128 214826587 1
2451128 214831946 0.5
2451128 214834867 0.5
2451128 214709996 0.5
2451128 214835574 0.5
2451128 214831950 0.5
7278267 214676375 1
7278267 214850765 1
7278267 214850771 1
7278267 214821024 1
7278267 214850762 0.5
7278267 214819438 0.5
7229117 214684715 1
7229117 214849766 1
7229117 214850366 1
7229117 214850692 1
7229117 214850876 0.5
7229117 214850405 0.5
999103 214748304 1
999103 214753505 1
999103 214753513 1
999103 214748338 1
999103 214753507 0.5
4697793 214602733 1
4697793 214839971 1
4697793 214826951 1
4697793 214836857 1
4697793 214829280 0.5
4697793 214848176 0.5
4697793 214837286 0.5
4697793 214837280 0.5
4697793 214838092 0.5
4697793 214839600 0.5
4697793 214828985 0.5
4697793 214839960 0.5
4697793 214668281 0.5
4697793 214829850 0.5
4697793 214829852 0.5
9977542 214853711 1
9977542 214853722 1
9977542 214853700 1
9977542 214853767 1
9977542 214853992 0.5
9977542 214854165 0.5
9977542 214557223 0.5
3798647 214836924 1
3798647 214835167 1
3798647 214838227 1
3798647 214826990 1
3798647 214839587 0.5
3798647 214836932 0.5
3798647 214829765 0.5
3798647 214829799 0.5
3798647 214820392 0.5
3798647 214839600 0.5
3798647 214829852 0.5
5795893 214846457 1
5795893 214846425 1
5795893 214846419 1
5795893 214844368 1
5795893 214844370 0.5
7188429 214849777 1
7188429 214846318 1
7188429 214839947 1
7188429 214850315 1
7188429 214850304 0.5
7188429 214850786 0.5
7188429 214850282 0.5
8750807 214853105 1
8750807 214852987 1
8750807 214846119 1
8750807 214845962 1
8750807 214851080 0.5
8750807 214582200 0.5
8750807 214851326 0.5
8750807 214709702 0.5
2389727 214831946 1
2389727 214829882 1
2389727 214705155 1
2389727 214829878 1
2389727 214829880 0.5
2389727 214829887 0.5
1109736 214829021 1
1109736 214586743 1
1109736 214821401 1
1109736 214571188 1
1109736 214716714 0.5
8856216 214853135 1
8856216 214851748 1
8856216 214853195 1
8856216 214853227 1
8856216 214853233 0.5
515822 214826837 1
515822 214826908 1
515822 214640017 1
515822 214587317 1
515822 214826872 0.5
515822 214716902 0.5
515822 214717286 0.5
5977841 214705787 1
5977841 214705790 1
5977841 214705792 1
5977841 214839868 1
5977841 214846408 0.5
5977841 214846029 0.5
10458871 214819577 1
10458871 214854767 1
10458871 214854770 1
10458871 214854347 1
10458871 214854502 0.5
10458871 214854855 0.5
2852602 214829878 1
2852602 214829885 1
2852602 214831946 1
2852602 214829882 1
2852602 214831948 0.5
2852602 214829887 0.5
6977276 214848952 1
6977276 214848945 1
6977276 214851009 1
6977276 214848941 1
6977276 214848954 0.5
8324862 214716671 1
8324862 214851163 1
8324862 214684942 1
8324862 214851131 1
8324862 214851234 0.5
8324862 214851592 0.5
8324862 214851161 0.5
8324862 214851579 0.5
8324862 214851165 0.5
8324862 214835167 0.5
10778369 214831946 1
10778369 214853422 1
10778369 214850295 1
10778369 214831948 1
10778369 214850949 0.5
10778369 214850310 0.5
10778369 214717511 0.5
10778369 214819400 0.5
10778369 214850315 0.5
10778369 214850285 0.5
10778369 214846031 0.5
8832772 214849153 1
8832772 214851101 1
8832772 214849102 1
8832772 214851232 1
8832772 214844347 0.5
8832772 214846067 0.5
8832772 214851581 0.5
8832772 214853094 0.5
8832772 214848630 0.5
8711941 214678376 1
8711941 214851742 1
8711941 214853263 1
8711941 214845962 1
8711941 214853165 0.5
8079114 214853105 1
8079114 214853094 1
8079114 214853085 1
8079114 214853096 1
8079114 214852978 0.5
6011663 214846427 1
6011663 214846415 1
6011663 214846475 1
6011663 214848322 1
6011663 214834880 0.5
9531153 214850947 1
9531153 214844398 1
9531153 214853381 1
9531153 214853420 1
9531153 214848176 0.5
9078546 214851236 1
9078546 214851122 1
9078546 214848682 1
9078546 214717247 1
9078546 214565473 0.5
9078546 214851077 0.5
9078546 214718385 0.5
9078546 214586743 0.5
9078546 214705370 0.5
9078546 214714779 0.5
9078546 214829850 0.5
2643732 214829885 1
2643732 214829882 1
2643732 214831948 1
2643732 214829878 1
2643732 214829880 0.5
11173654 214853100 1
11173654 214854782 1
11173654 214854857 1
11173654 214854699 1
11173654 214854332 0.5
11173654 214854356 0.5
11173654 214853102 0.5
8312599 214851097 1
8312599 214851592 1
8312599 214851317 1
8312599 214851163 1
8312599 214851137 0.5
8312599 214665283 0.5
8312599 214849747 0.5
8312599 214716707 0.5
8312599 214714794 0.5
8312599 214662763 0.5
8312599 214827005 0.5
8312599 214851587 0.5
8312599 214851131 0.5
8312599 214716714 0.5
8312599 214851165 0.5
7540507 214850936 1
7540507 214849365 1
7540507 214850621 1
7540507 214850720 1
7540507 214677512 0.5
7540507 214558192 0.5
7540507 214850405 0.5
7540507 214850557 0.5
2578206 214753505 1
2578206 214836330 1
2578206 214748300 1
2578206 214748304 1
2578206 214819762 0.5
6280992 214849046 1
6280992 214848851 1
6280992 214849020 1
6280992 214849022 1
6280992 214848832 0.5
6280992 214848613 0.5
6280992 214848808 0.5
6280992 214849132 0.5
6280992 214710097 0.5
6280992 214848947 0.5
6280992 214848695 0.5
6280992 214695167 0.5
8687396 214851013 1
8687396 214820396 1
8687396 214850700 1
8687396 214849250 1
8687396 214557217 0.5
1616518 214836328 1
1616518 214826563 1
1616518 214821412 1
1616518 214829390 1
1616518 214831931 0.5
2357032 214829885 1
2357032 214829878 1
2357032 214831946 1
2357032 214829882 1
2357032 214829880 0.5
2357032 214837918 0.5
2357032 214840526 0.5
2357032 214829887 0.5
6145833 214837483 1
6145833 214850872 1
6145833 214850876 1
6145833 214845980 1
6145833 214850880 0.5
6145833 214850870 0.5
6145833 214845958 0.5
10768901 214854579 1
10768901 214854300 1
10768901 214854585 1
10768901 214854298 1
10768901 214854352 0.5
3785693 214836330 1
3785693 214836947 1
3785693 214829762 1
3785693 214832747 1
3785693 214707995 0.5
3785693 214714697 0.5
3785693 214819562 0.5
3785693 214835469 0.5
3785693 214821397 0.5
3785693 214829366 0.5
3785693 214561402 0.5
3785693 214826619 0.5
3785693 214835002 0.5
2895664 214835019 1
2895664 214580190 1
2895664 214602802 1
2895664 214553621 1
2895664 214835745 0.5
2895664 214580188 0.5
2895664 214668270 0.5
2895664 214657318 0.5
2895664 214831959 0.5
11040564 214717522 1
11040564 214854819 1
11040564 214854152 1
11040564 214854815 1
11040564 214743495 0.5
8615734 214850848 1
8615734 214820394 1
8615734 214564387 1
8615734 214853135 1
8615734 214677401 0.5
8615734 214851748 0.5
8615734 214850692 0.5
8615734 214850405 0.5
8615734 214853077 0.5
5411124 214844398 1
5411124 214844396 1
5411124 214844400 1
5411124 214844402 1
5411124 214835473 0.5
10776379 214567215 1
10776379 214854268 1
10776379 214854264 1
10776379 214567329 1
10776379 214853728 0.5
10776379 214684785 0.5
10776379 214684762 0.5
10776379 214853726 0.5
10776379 214854510 0.5
5580604 214845917 1
5580604 214844396 1
5580604 214844398 1
5580604 214844402 1
5580604 214846033 0.5
5580604 214846447 0.5
11267722 214854782 1
11267722 214854823 1
11267722 214714755 1
11267722 214853102 1
11267722 214556210 0.5
11267722 214743495 0.5
9082686 214829878 1
9082686 214848980 1
9082686 214853340 1
9082686 214850310 1
9082686 214829882 0.5
2355012 214829878 1
2355012 214829882 1
2355012 214829887 1
2355012 214716110 1
2355012 214831952 0.5
2355012 214819762 0.5
2355012 214831967 0.5
2355012 214835087 0.5
8628041 214852978 1
8628041 214853248 1
8628041 214853085 1
8628041 214853105 1
8628041 214853096 0.5
8628041 214853090 0.5
8628041 214853077 0.5
8628041 214853094 0.5
9405381 214853454 1
9405381 214711307 1
9405381 214850945 1
9405381 214853340 1
9405381 214853422 0.5
8152918 214716746 1
8152918 214716671 1
8152918 214851165 1
8152918 214684942 1
8152918 214851579 0.5
8152918 214851236 0.5
8152918 214851592 0.5
8152918 214851028 0.5
8152918 214851097 0.5
8152918 214685049 0.5
8152918 214851131 0.5
11067233 214854733 1
11067233 214854823 1
11067233 214854785 1
11067233 214854840 1
11067233 214848658 0.5
11067233 214714755 0.5
1871714 214744779 1
1871714 214829660 1
1871714 214829385 1
1871714 214835750 1
1871714 214829657 0.5
1871714 214826670 0.5
9305403 214853338 1
9305403 214850942 1
9305403 214850949 1
9305403 214853420 1
9305403 214821371 0.5
5969764 214846460 1
5969764 214846457 1
5969764 214846067 1
5969764 214846470 1
5969764 214846472 0.5
5969764 214717087 0.5
5969764 214846007 0.5
8019814 214716746 1
8019814 214685049 1
8019814 214851587 1
8019814 214853195 1
8019814 214848613 0.5
8019814 214716714 0.5
8019814 214684845 0.5
8019814 214558192 0.5
8019814 214851575 0.5
8019814 214850936 0.5
8019814 214850938 0.5
8019814 214853242 0.5
2240362 214821294 1
2240362 214829878 1
2240362 214602600 1
2240362 214829887 1
2240362 214829880 0.5
2240362 214832792 0.5
2240362 214829882 0.5
2240362 214829885 0.5
1695611 214826610 1
1695611 214834880 1
1695611 214826921 1
1695611 214826994 1
1695611 214716939 0.5
1695611 214716977 0.5
1695611 214829387 0.5
1695611 214829366 0.5
9006956 214853242 1
9006956 214851750 1
9006956 214853132 1
9006956 214853210 1
9006956 214853182 0.5
9006956 214853237 0.5
9006956 214853222 0.5
5107568 214839943 1
5107568 214844330 1
5107568 214848174 1
5107568 214843367 1
5107568 214837288 0.5
5107568 214837286 0.5
6135556 214844402 1
6135556 214844370 1
6135556 214844355 1
6135556 214561453 1
6135556 214846530 0.5
6135556 214582179 0.5
6135556 214835012 0.5
6135556 214582181 0.5
6135556 214846447 0.5
6135556 214836924 0.5
4525947 214826662 1
4525947 214712507 1
4525947 214839973 1
4525947 214687792 1
4525947 214845806 0.5
216964 214820456 1
216964 214819599 1
216964 214820458 1
216964 214819378 1
216964 214744779 0.5
216964 214820812 0.5
216964 214748287 0.5
4683659 214839973 1
4683659 214839975 1
4683659 214601233 1
4683659 214845806 1
4683659 214819760 0.5
4683659 214602598 0.5
4683659 214831967 0.5
1691288 214834880 1
1691288 214826610 1
1691288 214826561 1
1691288 214834877 1
1691288 214821350 0.5
10219414 214853730 1
10219414 214854352 1
10219414 214854555 1
10219414 214854735 1
10219414 214853113 0.5
10219414 214853930 0.5
10219414 214853707 0.5
6449051 214828982 1
6449051 214848330 1
6449051 214835747 1
6449051 214846535 1
6449051 214839617 0.5
6449051 214821410 0.5
6449051 214848950 0.5
6449051 214849001 0.5
6449051 214583670 0.5
6449051 214849275 0.5
6449051 214829797 0.5
8697756 214851577 1
8697756 214853128 1
8697756 214846119 1
8697756 214853165 1
8697756 214678376 0.5
8697756 214853162 0.5
8697756 214852987 0.5
8697756 214848926 0.5
8169373 214851748 1
8169373 214853233 1
8169373 214853227 1
8169373 214853195 1
8169373 214853135 0.5
10786722 214854720 1
10786722 214712244 1
10786722 214712242 1
10786722 214710013 1
10786722 214849132 0.5
10786722 214690839 0.5
10786722 214849100 0.5
10786722 214854804 0.5
10786722 214853079 0.5
10786722 214854682 0.5
10786722 214714715 0.5
10786722 214854716 0.5
7825316 214840378 1
7825316 214835126 1
7825316 214600464 1
7825316 214853145 1
7825316 214850282 0.5
7825316 214853143 0.5
10012231 214853698 1
10012231 214853722 1
10012231 214853767 1
10012231 214853713 1
10012231 214853707 0.5
10012231 214853702 0.5
10012231 214677615 0.5
9342892 214853707 1
9342892 214853767 1
9342892 214846468 1
9342892 214849764 1
9342892 214846432 0.5
9342892 214850938 0.5
9342892 214822082 0.5
9342892 214585586 0.5
9342892 214853158 0.5
8597426 214849102 1
8597426 214851099 1
8597426 214845885 1
8597426 214851290 1
8597426 214851232 0.5
8597426 214844342 0.5
8597426 214851122 0.5
8597426 214851133 0.5
8597426 214852978 0.5
8597426 214848630 0.5
8597426 214564380 0.5
8597426 214851101 0.5
8597426 214717247 0.5
5400267 214676010 1
5400267 214646612 1
5400267 214828963 1
5400267 214646617 1
5400267 214554384 0.5
8470458 214851317 1
8470458 214851575 1
8470458 214851587 1
8470458 214851080 1
8470458 214846404 0.5
8470458 214850405 0.5
8470458 214850726 0.5
7391164 214665277 1
7391164 214849252 1
7391164 214846127 1
7391164 214839932 1
7391164 214849284 0.5
9510848 214853420 1
9510848 214850947 1
9510848 214853428 1
9510848 214853460 1
9510848 214848185 0.5
8722763 214846117 1
8722763 214853111 1
8722763 214678387 1
8722763 214853109 1
8722763 214678376 0.5
8722763 214677830 0.5
8722763 214853128 0.5
8722763 214853130 0.5
8722763 214586443 0.5
8722763 214853165 0.5
8722763 214853107 0.5
8722763 214853169 0.5
8722763 214849010 0.5
8722763 214853075 0.5
8722763 214851742 0.5
8722763 214853087 0.5
4795594 214847261 1
4795594 214837494 1
4795594 214847255 1
4795594 214836847 1
4795594 214554285 0.5
5103558 214838092 1
5103558 214837280 1
5103558 214836956 1
5103558 214837286 1
5103558 214845352 0.5
5103558 214845577 0.5
5103558 214838094 0.5
5103558 214829878 0.5
5103558 214839962 0.5
5103558 214829887 0.5
8681416 214853242 1
8681416 214853225 1
8681416 214851750 1
8681416 214853132 1
8681416 214851748 0.5
960461 214691452 1
960461 214842422 1
960461 214821309 1
960461 214843871 1
960461 214827017 0.5
960461 214827005 0.5
960461 214827007 0.5
42958 214821017 1
42958 214718160 1
42958 214821020 1
42958 214819547 1
42958 214821024 0.5
42958 214587384 0.5
11106256 214853102 1
11106256 214854840 1
11106256 214854787 1
11106256 214854733 1
11106256 214854707 0.5
11106256 214586805 0.5
9744347 214711307 1
9744347 214853460 1
9744347 214853428 1
9744347 214853422 1
9744347 214850295 0.5
3315706 214706180 1
3315706 214836851 1
3315706 214835109 1
3315706 214826990 1
3315706 214838227 0.5
3315706 214836534 0.5
3315706 214836847 0.5
5324767 214844347 1
5324767 214535042 1
5324767 214711348 1
5324767 214844342 1
5324767 214844345 0.5
5324767 214845939 0.5
8748066 214851101 1
8748066 214677830 1
8748066 214554982 1
8748066 214678387 1
8748066 214853128 0.5
8748066 214849010 0.5
8748066 214853107 0.5
8748066 214851742 0.5
8748066 214853075 0.5
11194342 214864880 1
11194342 214854836 1
11194342 214854720 1
11194342 214712244 1
11194342 214854731 0.5
9877491 214687845 1
9877491 214853713 1
9877491 214853722 1
9877491 214853700 1
9877491 214853730 0.5
9877491 214853767 0.5
9877491 214854540 0.5
9877491 214845986 0.5
9877491 214853430 0.5
9877491 214851133 0.5
5267451 214844396 1
5267451 214844402 1
5267451 214846447 1
5267451 214826949 1
5267451 214743335 0.5
5267451 214844400 0.5
5267451 214717286 0.5
5267451 214829799 0.5
5267451 214820392 0.5
5267451 214849001 0.5
5267451 214684843 0.5
5267451 214820400 0.5
5267451 214819762 0.5
5267451 214826998 0.5
5267451 214836857 0.5
5267451 214612730 0.5
7528444 214716671 1
7528444 214716714 1
7528444 214851575 1
7528444 214851234 1
7528444 214716581 0.5
7528444 214580424 0.5
7528444 214851028 0.5
7528444 214851290 0.5
7528444 214564380 0.5
7528444 214851167 0.5
4369066 214848178 1
4369066 214839960 1
4369066 214587317 1
4369066 214820220 1
4369066 214839967 0.5
