9498624 214853342 1
9498624 214853340 1
9498624 214853420 1
9498624 214850945 1
9498624 214850947 0.5
876548 214829332 1
876548 214829325 1
876548 214839600 1
876548 214702933 1
876548 214829327 0.5
2822154 214829878 1
2822154 214829887 1
2822154 214829882 1
2822154 214831946 1
2822154 214716984 0.5
2822154 214829880 0.5
2822154 214686082 0.5
2822154 214829885 0.5
1611789 214828989 1
1611789 214826610 1
1611789 214829366 1
1611789 214834877 1
1611789 214826992 0.5
1611789 214828995 0.5
1611789 214711556 0.5
1611789 214828991 0.5
8519694 214851013 1
8519694 214853184 1
8519694 214853227 1
8519694 214853190 1
8519694 214850880 0.5
8519694 214851163 0.5
8519694 214850692 0.5
8519694 214684942 0.5
8519694 214853105 0.5
8519694 214851748 0.5
8519694 214851131 0.5
11372562 214853102 1
11372562 214829880 1
11372562 214829878 1
11372562 214718372 1
11372562 214849747 0.5
11372562 214829102 0.5
7118867 214846127 1
7118867 214845457 1
7118867 214836926 1
7118867 214826565 1
7118867 214831967 0.5
7118867 214829852 0.5
7118867 214826951 0.5
4980762 214540127 1
4980762 214835109 1
4980762 214840091 1
4980762 214826990 1
4980762 214835107 0.5
4980762 214714757 0.5
4980762 214832555 0.5
4980762 214826563 0.5
4980762 214832147 0.5
4980762 214550072 0.5
4980762 214832126 0.5
10252316 214854536 1
10252316 214684762 1
10252316 214854354 1
10252316 214853113 1
10252316 214850848 0.5
10252316 214850739 0.5
10252316 214854300 0.5
10252316 214853726 0.5
10252316 214854358 0.5
3033117 214834867 1
3033117 214835017 1
3033117 214832017 1
3033117 214835019 1
3033117 214836532 0.5
3033117 214580190 0.5
6217758 214826990 1
6217758 214846535 1
6217758 214848380 1
6217758 214848337 1
6217758 214848377 0.5
6217758 214848330 0.5
5281826 214845583 1
5281826 214602806 1
5281826 214844402 1
5281826 214844400 1
5281826 214835012 0.5
5281826 214554450 0.5
5281826 214844398 0.5
5281826 214844370 0.5
5281826 214561402 0.5
5281826 214579837 0.5
10115109 214684785 1
10115109 214567215 1
10115109 214854264 1
10115109 214854549 1
10115109 214567329 0.5
10115109 214854268 0.5
10115109 214854358 0.5
10115109 214837494 0.5
10115109 214853726 0.5
5749302 214829882 1
5749302 214829878 1
5749302 214845581 1
5749302 214845577 1
5749302 214846033 0.5
5749302 214848298 0.5
5749302 214556212 0.5
5749302 214838105 0.5
1021996 214821315 1
1021996 214821339 1
1021996 214551607 1
1021996 214821309 1
1021996 214821313 0.5
1021996 214612706 0.5
1021996 214821307 0.5
4948317 214845457 1
4948317 214837882 1
4948317 214836926 1
4948317 214836956 1
4948317 214821017 0.5
4948317 214838092 0.5
4948317 214844405 0.5
4948317 214829852 0.5
5967921 214849010 1
5967921 214845962 1
5967921 214846119 1
5967921 214845131 1
5967921 214553257 0.5
5967921 214559660 0.5
5967921 214845135 0.5
5967921 214748336 0.5
5967921 214846033 0.5
5967921 214832023 0.5
6294537 214848980 1
6294537 214848969 1
6294537 214848384 1
6294537 214848596 1
6294537 214708037 0.5
2867259 214587712 1
2867259 214835747 1
2867259 214826565 1
2867259 214834867 1
2867259 214835017 0.5
9825699 214853994 1
9825699 214853413 1
9825699 214853852 1
9825699 214853848 1
9825699 214854176 0.5
10641483 214533810 1
10641483 214854585 1
10641483 214854300 1
10641483 214854547 1
10641483 214854545 0.5
10641483 214854534 0.5
4432568 214836857 1
4432568 214829775 1
4432568 214587317 1
4432568 214836853 1
4432568 214586694 0.5
7204947 214850366 1
7204947 214850304 1
7204947 214850940 1
7204947 214850938 1
7204947 214850848 0.5
10352733 214864880 1
10352733 214854808 1
10352733 214854815 1
10352733 214854770 1
10352733 214854787 0.5
10352733 214854347 0.5
10352733 214854735 0.5
9705567 214853195 1
9705567 214853135 1
9705567 214849337 1
9705567 214853865 1
9705567 214854146 0.5
9705567 214753515 0.5
9705567 214850692 0.5
9705567 214835475 0.5
9705567 214579875 0.5
9705567 214851748 0.5
9705567 214706102 0.5
9705567 214853184 0.5
9705567 214853698 0.5
9705567 214853700 0.5
9705567 214716110 0.5
9705567 214838225 0.5
9705567 214849252 0.5
9705567 214853722 0.5
9705567 214845917 0.5
9705567 214850402 0.5
9705567 214845412 0.5
9705567 214850405 0.5
9705567 214853227 0.5
9705567 214844396 0.5
9705567 214826610 0.5
9705567 214716667 0.5
9705567 214851581 0.5
9705567 214850942 0.5
9727921 214853454 1
9727921 214850942 1
9727921 214849320 1
9727921 214711307 1
9727921 214853096 0.5
9727921 214554662 0.5
9727921 214849318 0.5
9727921 214850949 0.5
9727921 214553702 0.5
10675899 214853094 1
10675899 214853096 1
10675899 214853846 1
10675899 214853722 1
10675899 214853715 0.5
10675899 214853085 0.5
8333412 214853105 1
8333412 214852980 1
8333412 214685049 1
8333412 214851080 1
8333412 214851161 0.5
8333412 214716909 0.5
3084389 214835019 1
3084389 214835017 1
3084389 214587712 1
3084389 214835132 1
3084389 214835747 0.5
10582122 214853713 1
10582122 214853767 1
10582122 214849245 1
10582122 214853722 1
10582122 214853698 0.5
10582122 214853700 0.5
10582122 214850743 0.5
9089131 214850370 1
9089131 214551900 1
9089131 214850372 1
9089131 214712242 1
9089131 214850578 0.5
9089131 214853252 0.5
9545836 214853698 1
9545836 214853707 1
9545836 214853702 1
9545836 214853730 1
9545836 214853709 0.5
8084498 214853094 1
8084498 214853248 1
8084498 214852980 1
8084498 214853085 1
8084498 214853227 0.5
8084498 214851748 0.5
8084498 214853077 0.5
8542323 214852987 1
8542323 214853263 1
8542323 214852985 1
8542323 214853128 1
8542323 214851328 0.5
8542323 214845135 0.5
3905657 214835109 1
3905657 214826990 1
3905657 214835167 1
3905657 214829765 1
3905657 214838227 0.5
6011004 214845960 1
6011004 214848313 1
6011004 214850870 1
6011004 214846468 1
6011004 214850880 0.5
6011004 214846470 0.5
11114626 214853102 1
11114626 214854797 1
11114626 214854733 1
11114626 214854785 1
11114626 214854731 0.5
11114626 214854860 0.5
10152071 214573310 1
10152071 214675888 1
10152071 214854118 1
10152071 214718160 1
10152071 214718169 0.5
10743944 214853244 1
10743944 214854536 1
10743944 214854352 1
10743944 214854354 1
10743944 214854577 0.5
10743944 214850739 0.5
10743944 214853113 0.5
10610826 214854536 1
10610826 214853113 1
10610826 214850739 1
10610826 214854352 1
10610826 214690796 0.5
10610826 214854577 0.5
10610826 214854354 0.5
10610826 214684725 0.5
10610826 214558397 0.5
10610826 214853855 0.5
5018989 214845579 1
5018989 214845356 1
5018989 214845581 1
5018989 214845352 1
5018989 214845577 0.5
10436974 214567333 1
10436974 214567327 1
10436974 214567329 1
10436974 214567215 1
10436974 214718160 0.5
10436974 214684785 0.5
10436974 214850771 0.5
10436974 214854165 0.5
10436974 214854262 0.5
10436974 214854264 0.5
10436974 214684762 0.5
10436974 214854268 0.5
10436974 214850938 0.5
10436974 214853726 0.5
7927133 214850739 1
7927133 214850792 1
7927133 214850726 1
7927133 214819599 1
7927133 214849363 0.5
7927133 214564387 0.5
7927133 214850938 0.5
7927133 214850411 0.5
4061336 214820400 1
4061336 214602598 1
4061336 214587697 1
4061336 214836330 1
4061336 214819760 0.5
4061336 214838225 0.5
4061336 214839587 0.5
4061336 214819430 0.5
4061336 214839975 0.5
4061336 214826990 0.5
4061336 214835111 0.5
4061336 214845131 0.5
4061336 214687852 0.5
4061336 214829799 0.5
4061336 214835087 0.5
4061336 214800272 0.5
4061336 214832145 0.5
4061336 214820402 0.5
4061336 214835475 0.5
4061336 214839971 0.5
4061336 214839600 0.5
4061336 214838137 0.5
4061336 214839932 0.5
4061336 214836926 0.5
6221977 214849239 1
6221977 214665277 1
6221977 214849314 1
6221977 214849275 1
6221977 214848328 0.5
6221977 214556055 0.5
11063723 214854540 1
11063723 214853102 1
11063723 214829878 1
11063723 214684710 1
11063723 214829880 0.5
3354783 214835475 1
3354783 214839617 1
3354783 214553561 1
3354783 214836851 1
3354783 214832128 0.5
3354783 214835505 0.5
3354783 214837882 0.5
3354783 214706180 0.5
3354783 214836534 0.5
5378208 214709814 1
5378208 214837288 1
5378208 214836956 1
5378208 214832156 1
5378208 214845579 0.5
5378208 214838092 0.5
6430747 214849252 1
6430747 214846530 1
6430747 214846412 1
6430747 214846427 1
6430747 214846415 0.5
10665329 214854300 1
10665329 214853702 1
10665329 214714755 1
10665329 214854504 1
10665329 214853992 0.5
10665329 214854547 0.5
10665329 214854733 0.5
1577128 214834880 1
1577128 214587317 1
1577128 214684046 1
1577128 214829664 1
1577128 214826561 0.5
1577128 214829666 0.5
1577128 214840419 0.5
1577128 214821032 0.5
1577128 214826921 0.5
1577128 214828985 0.5
1577128 214834877 0.5
1577128 214691390 0.5
3647657 214838225 1
3647657 214836795 1
3647657 214595150 1
3647657 214826938 1
3647657 214613741 0.5
9601203 214853850 1
9601203 214846029 1
9601203 214853683 1
9601203 214854163 1
9601203 214846033 0.5
9601203 214684730 0.5
9601203 214838107 0.5
9601203 214853420 0.5
9601203 214853422 0.5
10523678 214854534 1
10523678 214854300 1
10523678 214850741 1
10523678 214854547 1
10523678 214648254 0.5
4847798 214845131 1
4847798 214826994 1
4847798 214829775 1
4847798 214836857 1
4847798 214829280 0.5
4847798 214839600 0.5
7719096 214677615 1
7719096 214850758 1
7719096 214849740 1
7719096 214844372 1
7719096 214821017 0.5
7719096 214718165 0.5
5736636 214846012 1
5736636 214846031 1
5736636 214848307 1
5736636 214684702 1
5736636 214846033 0.5
6967487 214849046 1
6967487 214848849 1
6967487 214848658 1
6967487 214848641 1
6967487 214849020 0.5
6967487 214849022 0.5
4718787 214836924 1
4718787 214587317 1
4718787 214844445 1
4718787 214651777 1
4718787 214819562 0.5
11274614 214857562 1
11274614 214854789 1
11274614 214853102 1
11274614 214864880 1
11274614 214854840 0.5
11274614 214851137 0.5
11274614 214717436 0.5
11274614 214854767 0.5
3786957 214826990 1
3786957 214829765 1
3786957 214832015 1
3786957 214838105 1
3786957 214839913 0.5
4296911 214710062 1
4296911 214819760 1
4296911 214820394 1
4296911 214838109 1
4296911 214820456 0.5
4296911 214829385 0.5
4296911 214820938 0.5
4296911 214836932 0.5
4296911 214836879 0.5
10781122 214851742 1
10781122 214677830 1
10781122 214853130 1
10781122 214853128 1
10781122 214849010 0.5
10781122 214846119 0.5
4083932 214839962 1
4083932 214835750 1
4083932 214569707 1
4083932 214834867 1
4083932 214748321 0.5
4083932 214837442 0.5
4083932 214575665 0.5
4083932 214743497 0.5
4083932 214820394 0.5
4083932 214837483 0.5
4083932 214708370 0.5
4083932 214684942 0.5
4083932 214837487 0.5
4083932 214535985 0.5
4083932 214684498 0.5
4083932 214836887 0.5
4083932 214839960 0.5
4083932 214832124 0.5
4083932 214829368 0.5
7381214 214849736 1
7381214 214849734 1
7381214 214853323 1
7381214 214849740 1
7381214 214849762 0.5
7381214 214844402 0.5
1491167 214821277 1
1491167 214820803 1
1491167 214602600 1
1491167 214820810 1
1491167 214711657 0.5
1491167 214839375 0.5
10485986 214853113 1
10485986 214819599 1
10485986 214854579 1
10485986 214854300 1
10485986 214850741 0.5
10485986 214850739 0.5
10485986 214854517 0.5
10485986 214573310 0.5
10485986 214854527 0.5
2150629 214835087 1
2150629 214829882 1
2150629 214829878 1
2150629 214600509 1
2150629 214831965 0.5
2150629 214819430 0.5
2150629 214820392 0.5
2150629 214826799 0.5
2150629 214835572 0.5
2150629 214835574 0.5
2150629 214573629 0.5
2400487 214835087 1
2400487 214748336 1
2400487 214836517 1
2400487 214748295 1
2400487 214835124 0.5
2400487 214829885 0.5
2400487 214831950 0.5
4249834 214712235 1
4249834 214839594 1
4249834 214838098 1
4249834 214826945 1
4249834 214829792 0.5
4249834 214744258 0.5
4249834 214845508 0.5
4249834 214602605 0.5
11213047 214854532 1
11213047 214854352 1
11213047 214853244 1
11213047 214854581 1
11213047 214854527 0.5
782588 214684702 1
782588 214826891 1
782588 214704182 1
782588 214704180 1
782588 214680369 0.5
782588 214743515 0.5
782588 214712237 0.5
782588 214600989 0.5
10567933 214853730 1
10567933 214853700 1
10567933 214853698 1
10567933 214853722 1
10567933 214853094 0.5
10567933 214854118 0.5
10567933 214853102 0.5
10567933 214854517 0.5
10567933 214853430 0.5
10567933 214854840 0.5
10567933 214853702 0.5
11532542 214853072 1
11532542 214710062 1
11532542 214714715 1
11532542 214854699 1
11532542 214854804 0.5
1763584 214834880 1
1763584 214834877 1
1763584 214826610 1
1763584 214826996 1
1763584 214826992 0.5
1763584 214833755 0.5
4429186 214839969 1
4429186 214845131 1
4429186 214839971 1
4429186 214839960 1
4429186 214748336 0.5
4429186 214839973 0.5
4429186 214836330 0.5
4429186 214835469 0.5
4429186 214602733 0.5
4429186 214839600 0.5
4429186 214829850 0.5
8383434 214851163 1
8383434 214684942 1
8383434 214716654 1
8383434 214716671 1
8383434 214716746 0.5
8383434 214851579 0.5
8383434 214851165 0.5
8347836 214853105 1
8347836 214853085 1
8347836 214851326 1
8347836 214852980 1
8347836 214853096 0.5
8347836 214851122 0.5
8347836 214851236 0.5
9578776 214853420 1
9578776 214853381 1
9578776 214853379 1
9578776 214850942 1
9578776 214850947 0.5
5216541 214850402 1
5216541 214845590 1
5216541 214844400 1
5216541 214826610 1
5216541 214826949 0.5
5216541 214836330 0.5
5216541 214844396 0.5
5216541 214835469 0.5
5216541 214845583 0.5
5216541 214845585 0.5
5216541 214845587 0.5
5216541 214561496 0.5
8153374 214853263 1
8153374 214853169 1
8153374 214853085 1
8153374 214851326 1
8153374 214678387 0.5
8153374 214853109 0.5
9537782 214853077 1
9537782 214852980 1
9537782 214645226 1
9537782 214601040 1
9537782 214587028 0.5
1186084 214826619 1
1186084 214681091 1
1186084 214587697 1
1186084 214821339 1
1186084 214576545 0.5
1186084 214538484 0.5
1186084 214837485 0.5
1186084 214819382 0.5
1186084 214826927 0.5
9919878 214853698 1
9919878 214850315 1
9919878 214854118 1
9919878 214646617 1
9919878 214850282 0.5
9919878 214853707 0.5
9919878 214853846 0.5
5447974 214844398 1
5447974 214850402 1
5447974 214844372 1
5447974 214835109 1
5447974 214844342 0.5
6693159 214849327 1
6693159 214849292 1
6693159 214836517 1
6693159 214849312 1
6693159 214691267 0.5
5779752 214845917 1
5779752 214849001 1
5779752 214845984 1
5779752 214844400 1
5779752 214846001 0.5
5779752 214845887 0.5
5779752 214848997 0.5
5779752 214846007 0.5
8393436 214716671 1
8393436 214851579 1
8393436 214851163 1
8393436 214684942 1
8393436 214851592 0.5
8393436 214716746 0.5
2531626 214835747 1
2531626 214835019 1
2531626 214834867 1
2531626 214835017 1
2531626 214609325 0.5
1726764 214834880 1
1726764 214587266 1
1726764 214826563 1
1726764 214834877 1
1726764 214585554 0.5
1726764 214833755 0.5
1726764 214821332 0.5
5046573 214826833 1
5046573 214829773 1
5046573 214845380 1
5046573 214829771 1
5046573 214835426 0.5
5046573 214819430 0.5
5046573 214717286 0.5
5046573 214717085 0.5
5046573 214574672 0.5
5046573 214844370 0.5
5046573 214718387 0.5
5046573 214582170 0.5
5046573 214650587 0.5
5046573 214579837 0.5
9240879 214853353 1
9240879 214853700 1
9240879 214854148 1
9240879 214853848 1
9240879 214854152 0.5
9240879 214853722 0.5
9240879 214853435 0.5
4180279 214836512 1
4180279 214821339 1
4180279 214829887 1
4180279 214838105 1
4180279 214838102 0.5
10170682 214567215 1
10170682 214854264 1
10170682 214567329 1
10170682 214854268 1
10170682 214684785 0.5
10170682 214853855 0.5
7713086 214851242 1
7713086 214714665 1
7713086 214851290 1
7713086 214564380 1
7713086 214851232 0.5
7713086 214851167 0.5
2081088 214695167 1
2081088 214835111 1
2081088 214829387 1
2081088 214602802 1
2081088 214557095 0.5
5622087 214849252 1
5622087 214846061 1
5622087 214846001 1
5622087 214606948 1
5622087 214606785 0.5
5622087 214821350 0.5
5622087 214846065 0.5
5622087 214613741 0.5
5622087 214514640 0.5
5622087 214845457 0.5
5622087 214834867 0.5
5622087 214828985 0.5
5622087 214553561 0.5
5622087 214836926 0.5
5622087 214831967 0.5
6426679 214848851 1
6426679 214848613 1
6426679 214848832 1
6426679 214558192 1
6426679 214556055 0.5
6023502 214845980 1
6023502 214846412 1
6023502 214846417 1
6023502 214846029 1
6023502 214850880 0.5
6023502 214845982 0.5
5448078 214835428 1
5448078 214835426 1
5448078 214845577 1
5448078 214845581 1
5448078 214835473 0.5
5448078 214845352 0.5
5448078 214743335 0.5
5448078 214846031 0.5
5448078 214748336 0.5
5448078 214846033 0.5
5448078 214829878 0.5
5448078 214838105 0.5
5448078 214718398 0.5
4378967 214839971 1
4378967 214845131 1
4378967 214839973 1
4378967 214587317 1
4378967 214586694 0.5
5425496 214839587 1
5425496 214835475 1
5425496 214748336 1
5425496 214846061 1
5425496 214835428 0.5
5425496 214848997 0.5
5425496 214743495 0.5
5425496 214835473 0.5
5425496 214706102 0.5
5425496 214829852 0.5
5425496 214845917 0.5
10645853 214853732 1
10645853 214854352 1
10645853 214853113 1
10645853 214853728 1
10645853 214854300 0.5
10645853 214854358 0.5
10645853 214853735 0.5
9156959 214853242 1
9156959 214853132 1
9156959 214849363 1
9156959 214851750 1
9156959 214685049 0.5
5214561 214838092 1
5214561 214845581 1
5214561 214837286 1
5214561 214837288 1
5214561 214837280 0.5
5214561 214845352 0.5
5214561 214845579 0.5
5214561 214829885 0.5
5214561 214718255 0.5
6426983 214837262 1
6426983 214842733 1
6426983 214839330 1
6426983 214712833 1
6426983 214664831 0.5
7721324 214717007 1
7721324 214832655 1
7721324 214717003 1
7721324 214716926 1
7721324 214716928 0.5
7721324 214716984 0.5
7721324 214717005 0.5
2247022 214829880 1
2247022 214829882 1
2247022 214831950 1
2247022 214829885 1
2247022 214831946 0.5
2247022 214829878 0.5
9671023 214853722 1
9671023 214853135 1
9671023 214854017 1
9671023 214853992 1
9671023 214698446 0.5
9671023 214853227 0.5
9671023 214853700 0.5
9671023 214850790 0.5
9671023 214853702 0.5
11164016 214851757 1
11164016 214854722 1
11164016 214853248 1
11164016 214712242 1
11164016 214846112 0.5
11164016 214535985 0.5
11164016 214854682 0.5
11164016 214853083 0.5
11164016 214854716 0.5
11164016 214851326 0.5
1683828 214829387 1
1683828 214834877 1
1683828 214826589 1
1683828 214826610 1
1683828 214833755 0.5
11045239 214709685 1
11045239 214837873 1
11045239 214849468 1
11045239 214705747 1
11045239 214705757 0.5
579963 214826927 1
579963 214826934 1
579963 214821401 1
579963 214826837 1
579963 214826998 0.5
5103998 214844332 1
5103998 214844325 1
5103998 214712051 1
5103998 214838094 1
5103998 214844327 0.5
3244893 214832124 1
3244893 214832126 1
3244893 214832115 1
3244893 214836830 1
3244893 214835122 0.5
4661637 214738457 1
4661637 214836887 1
4661637 214826623 1
4661637 214839962 1
4661637 214836855 0.5
4661637 214826951 0.5
8890761 214853105 1
8890761 214853085 1
8890761 214851737 1
8890761 214853094 1
8890761 214853096 0.5
8890761 214852980 0.5
8890761 214853077 0.5
3671106 214838111 1
3671106 214829786 1
3671106 214838227 1
3671106 214829762 1
3671106 214836776 0.5
3671106 214550820 0.5
3671106 214836932 0.5
3671106 214743335 0.5
9732497 214853420 1
9732497 214850949 1
9732497 214853422 1
9732497 214711307 1
9732497 214853428 0.5
9732497 214853460 0.5
2111893 214829657 1
2111893 214829660 1
2111893 214826711 1
2111893 214829385 1
2111893 214826874 0.5
2111893 214744779 0.5
2111893 214821399 0.5
6003094 214850870 1
6003094 214850880 1
6003094 214845960 1
6003094 214846029 1
6003094 214850872 0.5
2544367 214674427 1
2544367 214586668 1
2544367 214717397 1
2544367 214558254 1
2544367 214577732 0.5
2544367 214826666 0.5
2544367 214819691 0.5
2544367 214791635 0.5
2544367 214687447 0.5
2544367 214554585 0.5
2544367 214705147 0.5
2544367 214820394 0.5
3619239 214835109 1
3619239 214829786 1
3619239 214836932 1
3619239 214836947 1
3619239 214826990 0.5
3619239 214832023 0.5
3074473 214829885 1
3074473 214829878 1
3074473 214831948 1
3074473 214831946 1
3074473 214711408 0.5
3074473 214705993 0.5
3074473 214829882 0.5
3074473 214717511 0.5
9787823 214853722 1
9787823 214853767 1
9787823 214714721 1
9787823 214718169 1
9787823 214821020 0.5
9787823 214853430 0.5
9787823 214853887 0.5
4823474 214826998 1
4823474 214839587 1
4823474 214820400 1
4823474 214744775 1
4823474 214586469 0.5
4823474 214826876 0.5
4823474 214690110 0.5
4823474 214706102 0.5
4823474 214586743 0.5
3937353 214835109 1
3937353 214820452 1
3937353 214839982 1
3937353 214675890 1
3937353 214556025 0.5
3937353 214553844 0.5
549306 214744775 1
549306 214826615 1
549306 214820402 1
549306 214829321 1
549306 214687852 0.5
549306 214717742 0.5
549306 214706102 0.5
549306 214717847 0.5
549306 214826619 0.5
549306 214826876 0.5
5606241 214826949 1
5606241 214602733 1
5606241 214748336 1
5606241 214849001 1
5606241 214829797 0.5
5606241 214601233 0.5
5606241 214743335 0.5
5606241 214844400 0.5
5606241 214835473 0.5
5606241 214835070 0.5
7346627 214849740 1
7346627 214849762 1
7346627 214849764 1
7346627 214850315 1
7346627 214844400 0.5
7346627 214849738 0.5
8862037 214852978 1
8862037 214853085 1
8862037 214852980 1
8862037 214853077 1
8862037 214853105 0.5
8862037 214853758 0.5
8862037 214853094 0.5
8829383 214853212 1
8829383 214853077 1
8829383 214852978 1
8829383 214852980 1
8829383 214851750 0.5
7896823 214850411 1
7896823 214850771 1
7896823 214846535 1
7896823 214845131 1
7896823 214839600 0.5
7896823 214839932 0.5
3230797 214557279 1
3230797 214834867 1
3230797 214835469 1
3230797 214820345 1
3230797 214563337 0.5
3230797 214543922 0.5
3230797 214835017 0.5
10582776 214854352 1
10582776 214854536 1
10582776 214819599 1
10582776 214853113 1
10582776 214850739 0.5
10582776 214573590 0.5
7776722 214850936 1
7776722 214850790 1
7776722 214850741 1
7776722 214850621 1
7776722 214850771 0.5
7776722 214850405 0.5
7776722 214564382 0.5
7776722 214850743 0.5
10396067 214853735 1
10396067 214853728 1
10396067 214854358 1
10396067 214853732 1
10396067 214684785 0.5
10396067 214684762 0.5
10396067 214854174 0.5
10396067 214854262 0.5
2992597 214834867 1
2992597 214837882 1
2992597 214835747 1
2992597 214587697 1
2992597 214835019 0.5
4751834 214684942 1
4751834 214837280 1
4751834 214838105 1
4751834 214832124 1
4751834 214845577 0.5
4751834 214820188 0.5
5777888 214846061 1
5777888 214845986 1
5777888 214845489 1
5777888 214748336 1
5777888 214848997 0.5
11434469 214854795 1
11434469 214864880 1
11434469 214854787 1
11434469 214854853 1
11434469 214854840 0.5
1761361 214829366 1
1761361 214834880 1
1761361 214826610 1
1761361 214829387 1
1761361 214833755 0.5
3779051 214836870 1
3779051 214836947 1
3779051 214829788 1
3779051 214826615 1
3779051 214826617 0.5
3779051 214835109 0.5
3779051 214836885 0.5
3772909 214836932 1
3772909 214838227 1
3772909 214835109 1
3772909 214826990 1
3772909 214836795 0.5
3772909 214829771 0.5
9995347 214854060 1
9995347 214838094 1
9995347 214716251 1
9995347 214853677 1
9995347 214565473 0.5
9995347 214853730 0.5
9995347 214853765 0.5
9995347 214577450 0.5
9995347 214845356 0.5
9995347 214853762 0.5
9995347 214574672 0.5
9995347 214853713 0.5
9995347 214698418 0.5
9995347 214853683 0.5
9995347 214849076 0.5
9995347 214854146 0.5
9995347 214853430 0.5
9995347 214714779 0.5
9995347 214848605 0.5
9995347 214853413 0.5
11219449 214864880 1
11219449 214854782 1
11219449 214846012 1
11219449 214853102 1
11219449 214854787 0.5
11219449 214831948 0.5
11219449 214556212 0.5
11219449 214838102 0.5
11219449 214854840 0.5
11219449 214829882 0.5
2341372 214743495 1
2341372 214831946 1
2341372 214829887 1
2341372 214748336 1
2341372 214819762 0.5
2341372 214831965 0.5
2341372 214826711 0.5
9535997 214850942 1
9535997 214853428 1
9535997 214850619 1
9535997 214820394 1
9535997 214850945 0.5
9535997 214826987 0.5
9535997 214853156 0.5
9535997 214853435 0.5
10500612 214854579 1
10500612 214854300 1
10500612 214854585 1
10500612 214853726 1
10500612 214853724 0.5
10500612 214850741 0.5
10500612 214854534 0.5
10500612 214849807 0.5
10932743 214851740 1
10932743 214677830 1
10932743 214581611 1
10932743 214850700 1
10932743 214819393 0.5
10932743 214853130 0.5
9181604 214853105 1
9181604 214853096 1
9181604 214853085 1
9181604 214853094 1
9181604 214852980 0.5
6074451 214846421 1
6074451 214846460 1
6074451 214848337 1
6074451 214848380 1
6074451 214846530 0.5
6074451 214848596 0.5
6074451 214665277 0.5
6074451 214846318 0.5
6074451 214835167 0.5
2525711 214831967 1
2525711 214835574 1
2525711 214835572 1
2525711 214831946 1
2525711 214819760 0.5
2525711 214835017 0.5
2525711 214819762 0.5
2525711 214829051 0.5
2433554 214829878 1
2433554 214829882 1
2433554 214831957 1
2433554 214831946 1
2433554 214829887 0.5
9849363 214853852 1
9849363 214853994 1
9849363 214854148 1
9849363 214853846 1
9849363 214854165 0.5
6451732 214848384 1
6451732 214848847 1
6451732 214850357 1
6451732 214546978 1
6451732 214848971 0.5
7270489 214832012 1
7270489 214837286 1
7270489 214849127 1
7270489 214850304 1
7270489 214849766 0.5
7270489 214602598 0.5
7270489 214844400 0.5
7270489 214819380 0.5
7270489 214587317 0.5
7270489 214829878 0.5
7270489 214586743 0.5
8131099 214851290 1
8131099 214844342 1
8131099 214564380 1
8131099 214650598 1
8131099 214835109 0.5
11504161 214854819 1
11504161 214854857 1
11504161 214854855 1
11504161 214716645 1
11504161 214854767 0.5
7639587 214850938 1
7639587 214850792 1
7639587 214564387 1
7639587 214850739 1
7639587 214850619 0.5
7639587 214850709 0.5
7639587 214573310 0.5
956972 214586743 1
956972 214829008 1
956972 214587317 1
956972 214820807 1
956972 214819382 0.5
956972 214586694 0.5
956972 214826927 0.5
956972 214601233 0.5
956972 214826998 0.5
956972 214717562 0.5
956972 214829053 0.5
10316333 214578011 1
10316333 214819524 1
10316333 214717751 1
10316333 214846125 1
10316333 214511072 0.5
10316333 214531907 0.5
10316333 214853700 0.5
10316333 214853767 0.5
10316333 214551892 0.5
10316333 214676377 0.5
9830962 214711524 1
9830962 214853767 1
9830962 214853707 1
9830962 214854032 1
9830962 214853700 0.5
9830962 214662742 0.5
5659187 214826990 1
5659187 214835109 1
5659187 214844340 1
5659187 214834880 1
5659187 214573277 0.5
7871924 214539341 1
7871924 214850743 1
7871924 214850771 1
7871924 214850754 1
7871924 214850555 0.5
7871924 214850756 0.5
5271647 214844370 1
5271647 214844372 1
5271647 214844340 1
5271647 214845590 1
5271647 214835473 0.5
5271647 214826949 0.5
5271647 214835645 0.5
832068 214800272 1
832068 214820402 1
832068 214587712 1
832068 214711657 1
832068 214558080 0.5
832068 214601227 0.5
7671222 214850936 1
7671222 214850938 1
7671222 214835017 1
7671222 214846035 1
7671222 214589240 0.5
11153992 214854787 1
11153992 214853102 1
11153992 214854797 1
11153992 214854793 1
11153992 214854840 0.5
4678412 214640015 1
4678412 214845131 1
4678412 214839969 1
4678412 214839973 1
4678412 214828985 0.5
4678412 214836857 0.5
4678412 214836855 0.5
4678412 214829775 0.5
10091082 214853730 1
10091082 214853698 1
10091082 214853702 1
10091082 214853713 1
10091082 214853707 0.5
8260023 214851236 1
8260023 214851080 1
8260023 214851161 1
8260023 214851234 1
8260023 214716746 0.5
8260023 214585644 0.5
8757842 214853094 1
8757842 214853105 1
8757842 214852980 1
8757842 214853077 1
8757842 214853096 0.5
8757842 214853085 0.5
5229667 214826990 1
5229667 214692581 1
5229667 214838227 1
5229667 214837918 1
5229667 214837916 0.5
10091093 214853700 1
10091093 214853722 1
10091093 214717867 1
10091093 214853767 1
10091093 214853730 0.5
10091093 214853707 0.5
10091093 214854570 0.5
10091093 214716982 0.5
10091093 214854125 0.5
8768086 214853128 1
8768086 214678387 1
8768086 214853130 1
8768086 214678376 1
8768086 214853096 0.5
8768086 214819393 0.5
11313753 214853420 1
11313753 214853102 1
11313753 214846033 1
11313753 214829887 1
11313753 214831946 0.5
11313753 214848980 0.5
5362273 214844400 1
5362273 214844372 1
5362273 214839962 1
5362273 214677615 1
5362273 214839973 0.5
5362273 214556342 0.5
5362273 214826934 0.5
7992081 214845422 1
7992081 214850711 1
7992081 214850310 1
7992081 214850765 1
7992081 214850282 0.5
1565458 214829392 1
1565458 214829366 1
1565458 214821407 1
1565458 214829396 1
1565458 214829711 0.5
1565458 214821412 0.5
1565458 214832773 0.5
1565458 214548525 0.5
3781231 214826990 1
3781231 214711280 1
3781231 214835109 1
3781231 214712124 1
3781231 214838227 0.5
762481 214826872 1
762481 214826837 1
762481 214821315 1
762481 214821401 1
762481 214612721 0.5
762481 214826876 0.5
762481 214551607 0.5
6062706 214846417 1
6062706 214846472 1
6062706 214846412 1
6062706 214846427 1
6062706 214846466 0.5
6062706 214846479 0.5
672371 214837490 1
672371 214837442 1
672371 214837487 1
672371 214559726 1
672371 214712120 0.5
672371 214698446 0.5
2353784 214829878 1
2353784 214831946 1
2353784 214829885 1
2353784 214829882 1
2353784 214831948 0.5
932473 214748302 1
932473 214753513 1
932473 214748293 1
932473 214748338 1
932473 214753505 0.5
8211066 214851101 1
8211066 214564380 1
8211066 214651517 1
8211066 214851232 1
8211066 214821377 0.5
8211066 214844342 0.5
8211066 214746380 0.5
8211066 214577387 0.5
8211066 214850700 0.5
8211066 214587317 0.5
8211066 214583670 0.5
8211066 214849001 0.5
8211066 214851290 0.5
8211066 214851167 0.5
49259 214827007 1
49259 214834865 1
49259 214827000 1
49259 214826925 1
49259 214559563 0.5
49259 214716110 0.5
49259 214708370 0.5
49259 214826615 0.5
49259 214826876 0.5
49259 214827005 0.5
10160773 214853471 1
10160773 214848380 1
10160773 214853383 1
10160773 214851232 1
10160773 214851585 0.5
10160773 214835109 0.5
10160773 214667857 0.5
10160773 214853385 0.5
10160773 214853707 0.5
10160773 214848337 0.5
10160773 214667859 0.5
10160773 214851290 0.5
10160773 214838227 0.5
7238278 214850282 1
7238278 214850295 1
7238278 214849734 1
7238278 214850321 1
7238278 214533022 0.5
11377287 214684785 1
11377287 214854510 1
11377287 214854549 1
11377287 214854262 1
11377287 214567333 0.5
11377287 214567327 0.5
9769069 214853698 1
9769069 214853700 1
9769069 214853767 1
9769069 214853430 1
9769069 214853722 0.5
9769069 214853707 0.5
3582612 214836870 1
3582612 214829773 1
3582612 214835167 1
3582612 214829765 1
3582612 214836924 0.5
9951893 214854264 1
9951893 214567215 1
9951893 214567329 1
9951893 214854268 1
9951893 214854536 0.5
256663 214826608 1
256663 214826799 1
256663 214555378 1
256663 214644577 1
256663 214821309 0.5
4099786 214839596 1
4099786 214826945 1
4099786 214838107 1
4099786 214838102 1
4099786 214838105 0.5
7859653 214849252 1
7859653 214850788 1
7859653 214665277 1
7859653 214845583 1
7859653 214820396 0.5
9530017 214850942 1
9530017 214853428 1
9530017 214853420 1
9530017 214853460 1
9530017 214853152 0.5
5276443 214819627 1
5276443 214831955 1
5276443 214844407 1
5276443 214585633 1
5276443 214839311 0.5
9091748 214851326 1
9091748 214852978 1
9091748 214853077 1
9091748 214852980 1
9091748 214853248 0.5
461477 214826619 1
461477 214826934 1
461477 214826625 1
461477 214826927 1
461477 214664919 0.5
6447788 214706465 1
6447788 214846007 1
6447788 214845412 1
6447788 214835111 1
6447788 214839587 0.5
6447788 214553572 0.5
6447788 214845583 0.5
6447788 214838225 0.5
6447788 214846067 0.5
6447788 214848695 0.5
9710707 214850949 1
9710707 214853422 1
9710707 214850947 1
9710707 214540127 1
9710707 214829880 0.5
6460706 214848980 1
6460706 214848975 1
6460706 214846033 1
6460706 214846029 1
6460706 214829882 0.5
6460706 214829878 0.5
6460706 214829887 0.5
2663096 214829878 1
2663096 214829885 1
2663096 214686082 1
2663096 214836517 1
2663096 214696897 0.5
2663096 214643340 0.5
2663096 214602804 0.5
10705603 214853730 1
10705603 214853700 1
10705603 214853767 1
10705603 214853698 1
10705603 214853707 0.5
1293007 214819719 1
1293007 214820402 1
1293007 214820400 1
1293007 214819382 1
1293007 214800272 0.5
1293007 214829321 0.5
1293007 214819691 0.5
1293007 214687852 0.5
1293007 214826927 0.5
9886958 214853730 1
9886958 214853700 1
9886958 214853722 1
9886958 214850938 1
9886958 214717888 0.5
9886958 214718220 0.5
3109597 214835137 1
3109597 214831946 1
3109597 214826947 1
3109597 214835019 1
3109597 214819760 0.5
3109597 214819762 0.5
3109597 214835747 0.5
9259743 214668667 1
9259743 214853428 1
9259743 214850942 1
9259743 214853420 1
9259743 214850291 0.5
9259743 214853460 0.5
9259743 214829885 0.5
9259743 214829878 0.5
11281698 214853992 1
11281698 214510445 1
11281698 214854862 1
11281698 214851101 1
11281698 214853154 0.5
11281698 214851748 0.5
11281698 214850405 0.5
11281698 214854536 0.5
11281698 214849132 0.5
11281698 214837873 0.5
11281698 214854707 0.5
11281698 214854774 0.5
8342243 214716714 1
8342243 214716746 1
8342243 214716671 1
8342243 214851163 1
8342243 214558192 0.5
8342243 214851131 0.5
4995812 214826833 1
4995812 214826825 1
4995812 214844413 1
4995812 214826951 1
4995812 214829280 0.5
4995812 214712132 0.5
4995812 214829287 0.5
4995812 214579372 0.5
4995812 214836330 0.5
4995812 214746380 0.5
4995812 214835469 0.5
4995812 214819760 0.5
4995812 214836855 0.5
4995812 214839960 0.5
4995812 214838111 0.5
7668454 214850700 1
7668454 214844398 1
7668454 214851236 1
7668454 214849762 1
7668454 214748336 0.5
7668454 214845986 0.5
7668454 214849738 0.5
7668454 214820402 0.5
7668454 214800272 0.5
7668454 214543922 0.5
7668454 214716982 0.5
7668454 214850619 0.5
7805671 214551626 1
7805671 214844458 1
7805671 214844439 1
7805671 214612704 1
7805671 214844456 0.5
7805671 214844394 0.5
7805671 214844462 0.5
7805671 214821309 0.5
7805671 214821305 0.5
7805671 214821341 0.5
7733993 214846404 1
7733993 214850938 1
7733993 214850936 1
7733993 214849395 1
7733993 214850619 0.5
7733993 214564387 0.5
7733993 214564382 0.5
5512141 214835745 1
5512141 214844370 1
5512141 214839973 1
5512141 214845131 1
5512141 214716667 0.5
5512141 214829379 0.5
5512141 214667912 0.5
5512141 214849001 0.5
5512141 214600492 0.5
5512141 214846065 0.5
5512141 214717522 0.5
5512141 214836887 0.5
5512141 214612730 0.5
5512141 214746427 0.5
5512141 214714779 0.5
5512141 214845887 0.5
10574631 214854268 1
10574631 214854264 1
10574631 214853244 1
10574631 214854358 1
10574631 214853728 0.5
10574631 214567329 0.5
10574631 214857167 0.5
10574631 214854352 0.5
10574631 214854354 0.5
10574631 214567215 0.5
10574631 214854495 0.5
8798957 214854270 1
8798957 214601040 1
8798957 214640893 1
8798957 214601042 1
8798957 214678027 0.5
8419453 214851075 1
8419453 214573350 1
8419453 214851290 1
8419453 214851101 1
8419453 214574672 0.5
8419453 214585644 0.5
8419453 214851236 0.5
8878414 214852987 1
8878414 214853263 1
8878414 214849010 1
8878414 214845962 1
8878414 214853128 0.5
8878414 214845135 0.5
7930616 214850940 1
7930616 214850711 1
7930616 214845958 1
7930616 214839617 1
7930616 214850792 0.5
7930616 214712235 0.5
7930616 214850700 0.5
7930616 214851279 0.5
7930616 214849363 0.5
7930616 214853657 0.5
7930616 214853145 0.5
7930616 214850619 0.5
7740153 214850282 1
7740153 214850295 1
7740153 214849809 1
7740153 214850304 1
7740153 214850366 0.5
7740153 214836879 0.5
10699516 214706428 1
10699516 214856227 1
10699516 214853700 1
10699516 214856225 1
10699516 214846112 0.5
8891178 214853214 1
8891178 214853212 1
8891178 214853381 1
8891178 214853246 1
8891178 214846112 0.5
2013386 214829722 1
2013386 214829878 1
2013386 214829882 1
2013386 214829885 1
2013386 214819760 0.5
2013386 214836330 0.5
6718216 214849762 1
6718216 214849738 1
6718216 214849736 1
6718216 214844396 1
6718216 214844400 0.5
6718216 214835137 0.5
6718216 214849757 0.5
4477708 214832143 1
4477708 214829797 1
4477708 214829790 1
4477708 214826942 1
4477708 214847968 0.5
4477708 214831944 0.5
4477708 214838098 0.5
4477708 214673295 0.5
9032834 214677830 1
9032834 214851742 1
9032834 214853130 1
9032834 214853128 1
9032834 214851077 0.5
11126868 214854782 1
11126868 214853102 1
11126868 214854840 1
11126868 214855016 1
11126868 214829090 0.5
11126868 214857167 0.5
11126868 214561991 0.5
6845214 214829387 1
6845214 214667857 1
6845214 214667859 1
6845214 214849284 1
6845214 214848328 0.5
6845214 214848377 0.5
6845214 214849275 0.5
6845214 214849239 0.5
6032168 214551776 1
6032168 214831970 1
6032168 214538992 1
6032168 214826730 1
6032168 214826728 0.5
6032168 214839937 0.5
6032168 214645295 0.5
11545387 214848986 1
11545387 214849742 1
11545387 214865212 1
11545387 214853383 1
11545387 214848641 0.5
11545387 214851009 0.5
11545387 214686864 0.5
11545387 214686879 0.5
11545387 214540706 0.5
11545387 214835109 0.5
11545387 214702905 0.5
11545387 214849344 0.5
11545387 214819777 0.5
11545387 214819526 0.5
11545387 214857547 0.5
11545387 214718158 0.5
11545387 214667857 0.5
11545387 214538582 0.5
11545387 214826711 0.5
11545387 214835167 0.5
11545387 214850786 0.5
11545387 214717412 0.5
11545387 214538484 0.5
11545387 214581613 0.5
11545387 214561775 0.5
11545387 214852980 0.5
11545387 214835064 0.5
11545387 214850420 0.5
11545387 214853754 0.5
11545387 214701309 0.5
11545387 214835070 0.5
10824499 214854840 1
10824499 214854767 1
10824499 214849247 1
10824499 214848658 1
10824499 214854517 0.5
10824499 214853767 0.5
11129652 214854819 1
11129652 214854838 1
11129652 214854857 1
11129652 214854815 1
11129652 214848658 0.5
10081758 214853698 1
10081758 214853702 1
10081758 214853722 1
10081758 214854118 1
10081758 214574672 0.5
10081758 214853730 0.5
10081758 214853707 0.5
10081758 214853700 0.5
10081758 214853767 0.5
5827392 214851002 1
5827392 214839324 1
5827392 214851000 1
5827392 214649730 1
5827392 214509920 0.5
1327939 214826610 1
1327939 214834877 1
1327939 214829387 1
1327939 214826589 1
1327939 214748336 0.5
1327939 214800272 0.5
10132293 214854268 1
10132293 214853730 1
10132293 214854264 1
10132293 214684785 1
10132293 214567327 0.5
10132293 214853726 0.5
10132293 214854358 0.5
10132293 214853702 0.5
10132293 214567215 0.5
7232328 214844439 1
7232328 214844394 1
7232328 214844458 1
7232328 214691471 1
7232328 214844456 0.5
8735562 214846031 1
8735562 214853420 1
8735562 214853422 1
8735562 214829878 1
8735562 214831948 0.5
8735562 214850949 0.5
9272142 214853422 1
9272142 214853420 1
9272142 214848975 1
9272142 214853340 1
9272142 214853424 0.5
9272142 214684730 0.5
9272142 214853428 0.5
8617231 214853105 1
8617231 214853248 1
8617231 214853085 1
8617231 214851326 1
8617231 214853090 0.5
8617231 214853094 0.5
5337943 214836932 1
5337943 214711247 1
5337943 214849001 1
5337943 214712126 1
5337943 214838225 0.5
5337943 214848307 0.5
5337943 214829765 0.5
4795876 214821401 1
4795876 214836855 1
4795876 214828985 1
4795876 214587317 1
4795876 214829820 0.5
4795876 214839975 0.5
4795876 214553700 0.5
4795876 214829775 0.5
4795876 214829287 0.5
2636641 214587712 1
2636641 214602600 1
2636641 214835137 1
2636641 214835747 1
2636641 214835017 0.5
6615908 214678880 1
6615908 214849297 1
6615908 214667915 1
6615908 214849301 1
6615908 214672942 0.5
10572646 214848315 1
10572646 214687845 1
10572646 214846391 1
10572646 214854583 1
10572646 214687475 0.5
11015021 214854352 1
11015021 214854300 1
11015021 214854536 1
11015021 214854579 1
11015021 214854547 0.5
11015021 214854583 0.5
6275957 214848656 1
6275957 214845131 1
6275957 214832604 1
6275957 214716707 1
6275957 214848613 0.5
6275957 214684942 0.5
6275957 214838225 0.5
6275957 214848851 0.5
6275957 214571188 0.5
6275957 214839973 0.5
7173609 214564382 1
7173609 214850621 1
7173609 214665277 1
7173609 214850767 1
7173609 214849284 0.5
2031509 214836519 1
2031509 214820394 1
2031509 214819599 1
2031509 214829385 1
2031509 214819770 0.5
7015289 214844396 1
7015289 214849239 1
7015289 214835017 1
7015289 214850402 1
7015289 214587712 0.5
7015289 214835745 0.5
7015289 214845587 0.5
7015289 214819430 0.5
7015289 214848337 0.5
7015289 214848656 0.5
7015289 214826990 0.5
7015289 214844400 0.5
7015289 214710097 0.5
7015289 214826610 0.5
7015289 214848851 0.5
7015289 214848695 0.5
7015289 214829850 0.5
5821306 214846033 1
5821306 214846014 1
5821306 214846029 1
5821306 214846065 1
5821306 214844370 0.5
10204027 214853715 1
10204027 214853865 1
10204027 214854146 1
10204027 214854148 1
10204027 214854165 0.5
11342736 214850304 1
11342736 214832154 1
11342736 214854785 1
11342736 214850947 1
11342736 214848298 0.5
11342736 214650508 0.5
11342736 214854797 0.5
11342736 214826893 0.5
11342736 214849809 0.5
11342736 214839892 0.5
11342736 214846029 0.5
3023753 214819430 1
3023753 214835017 1
3023753 214835019 1
3023753 214819382 1
3023753 214601233 0.5
3023753 214819691 0.5
3023753 214834867 0.5
8962956 214853077 1
8962956 214852980 1
8962956 214853105 1
8962956 214853085 1
8962956 214853248 0.5
8962956 214853090 0.5
8962956 214853094 0.5
8962956 214853096 0.5
8962956 214852978 0.5
8962956 214851326 0.5
8500112 214851099 1
8500112 214851122 1
8500112 214851080 1
8500112 214851234 1
8500112 214850619 0.5
8500112 214850405 0.5
8500112 214851101 0.5
9943954 214853848 1
9943954 214854148 1
9943954 214853992 1
9943954 214853852 1
9943954 214854176 0.5
9943954 214854017 0.5
9943954 214854146 0.5
9943954 214848165 0.5
9943954 214850790 0.5
9943954 214850855 0.5
9943954 214850760 0.5
9943954 214853865 0.5
9943954 214853994 0.5
9943954 214837442 0.5
9943954 214698446 0.5
9943954 214584047 0.5
9943954 214853715 0.5
9943954 214854165 0.5
9943954 214853846 0.5
9943954 214839962 0.5
9943954 214853435 0.5
9943954 214853413 0.5
9053076 214852978 1
9053076 214853077 1
9053076 214852980 1
9053076 214853248 1
9053076 214853090 0.5
9053076 214853085 0.5
7936918 214850758 1
7936918 214538870 1
7936918 214842735 1
7936918 214850754 1
7936918 214850756 0.5
7936918 214717003 0.5
7936918 214725551 0.5
7936918 214676306 0.5
7936918 214716982 0.5
7936918 214850743 0.5
7936918 214826750 0.5
8301463 214851122 1
8301463 214851581 1
8301463 214851322 1
8301463 214851137 1
8301463 214851133 0.5
8301463 214716110 0.5
2203461 214834880 1
2203461 214829387 1
2203461 214826617 1
2203461 214826612 1
2203461 214833755 0.5
1502112 214833755 1
1502112 214826610 1
1502112 214826921 1
1502112 214834880 1
1502112 214834877 0.5
6249378 214845457 1
6249378 214839973 1
6249378 214667857 1
6249378 214831967 1
6249378 214839600 0.5
6249378 214849331 0.5
6249378 214587317 0.5
1633187 214834877 1
1633187 214819760 1
1633187 214821410 1
1633187 214826610 1
1633187 214819762 0.5
1633187 214684843 0.5
8037286 214851080 1
8037286 214851575 1
8037286 214851317 1
8037286 214851161 1
8037286 214851099 0.5
8037286 214851234 0.5
8037286 214554675 0.5
8037286 214850938 0.5
8037286 214716671 0.5
9814954 214853994 1
9814954 214853852 1
9814954 214853132 1
9814954 214853762 1
9814954 214853242 0.5
11430828 214854800 1
11430828 214854791 1
11430828 214853100 1
11430828 214714755 1
11430828 214854733 0.5
2579376 214829878 1
2579376 214829887 1
2579376 214829882 1
2579376 214831957 1
2579376 214558080 0.5
2579376 214711408 0.5
2579376 214602600 0.5
2579376 214800272 0.5
2579376 214820402 0.5
2579376 214826876 0.5
10324916 214857167 1
10324916 214687845 1
10324916 214556218 1
10324916 214849102 1
10324916 214848315 0.5
5188537 214837288 1
5188537 214836956 1
5188537 214838094 1
5188537 214640353 1
5188537 214845577 0.5
5188537 214832156 0.5
5188537 214687805 0.5
5188537 214542759 0.5
9302858 214853422 1
9302858 214853428 1
9302858 214853420 1
9302858 214853460 1
9302858 214831946 0.5
9302858 214850310 0.5
10066879 214853698 1
10066879 214853702 1
10066879 214853730 1
10066879 214853767 1
10066879 214853713 0.5
10066879 214853722 0.5
9552834 214850949 1
9552834 214850947 1
9552834 214853422 1
9552834 214684717 1
9552834 214648256 0.5
9552834 214829880 0.5
9552834 214820190 0.5
9552834 214846031 0.5
5401539 214844398 1
5401539 214844372 1
5401539 214844355 1
5401539 214844368 1
5401539 214844340 0.5
5401539 214844370 0.5
5401539 214845412 0.5
5401539 214826949 0.5
5401539 214579837 0.5
3140549 214748295 1
3140549 214753505 1
3140549 214832792 1
3140549 214602600 1
3140549 214753513 0.5
5168071 214845579 1
5168071 214826835 1
5168071 214612687 1
5168071 214845133 1
5168071 214829880 0.5
5168071 214838107 0.5
5168071 214718398 0.5
5168071 214840918 0.5
4328393 214845131 1
4328393 214839975 1
4328393 214839971 1
4328393 214839973 1
4328393 214847968 0.5
4328393 214839969 0.5
4328393 214839960 0.5
4328393 214602733 0.5
1924042 214829672 1
1924042 214829707 1
1924042 214829861 1
1924042 214832720 1
1924042 214829664 0.5
1924042 214829857 0.5
1924042 214829666 0.5
1924042 214821399 0.5
615372 214829100 1
615372 214828982 1
615372 214839600 1
615372 214831674 1
615372 214826876 0.5
7893154 214850621 1
7893154 214564382 1
7893154 214850936 1
7893154 214849365 1
7893154 214829280 0.5
7893154 214850405 0.5
7893154 214718385 0.5
7893154 214821032 0.5
7893154 214577450 0.5
7893154 214677512 0.5
7893154 214850743 0.5
3124176 214836515 1
3124176 214835747 1
3124176 214835745 1
3124176 214832792 1
3124176 214587712 0.5
3124176 214602600 0.5
3124176 214600492 0.5
3124176 214826565 0.5
3124176 214835017 0.5
8653777 214853135 1
8653777 214853195 1
8653777 214853233 1
8653777 214851748 1
8653777 214851581 0.5
529362 214819376 1
529362 214820803 1
529362 214821395 1
529362 214820810 1
529362 214668185 0.5
6890456 214848330 1
6890456 214849275 1
6890456 214838227 1
6890456 214849333 1
6890456 214821410 0.5
6890456 214846535 0.5
6890456 214826990 0.5
6890456 214849331 0.5
6890456 214849239 0.5
6890456 214848377 0.5
7185374 214850310 1
7185374 214587317 1
7185374 214829775 1
7185374 214849247 1
7185374 214849745 0.5
7185374 214850771 0.5
7185374 214586694 0.5
7185374 214602598 0.5
7185374 214850743 0.5
5051363 214826818 1
5051363 214837288 1
5051363 214826820 1
5051363 214832156 1
5051363 214837280 0.5
5051363 214829882 0.5
8795114 214853132 1
8795114 214853210 1
8795114 214851750 1
8795114 214848185 1
8795114 214853222 0.5
8795114 214850700 0.5
8795114 214844396 0.5
8795114 214848688 0.5
8795114 214853237 0.5
8795114 214853182 0.5
5223404 214845590 1
5223404 214835167 1
5223404 214839600 1
5223404 214845583 1
5223404 214835109 0.5
5223404 214832150 0.5
5223404 214558807 0.5
5223404 214838872 0.5
5223404 214556025 0.5
5223404 214829765 0.5
1203184 214821315 1
1203184 214821305 1
1203184 214821302 1
1203184 214821309 1
1203184 214612706 0.5
1203184 214821341 0.5
7502833 214850741 1
7502833 214850619 1
7502833 214850739 1
7502833 214564387 1
7502833 214850720 0.5
7502833 214587028 0.5
7502833 214850756 0.5
7502833 214564382 0.5
1575922 214834877 1
1575922 214748336 1
1575922 214826610 1
1575922 214834880 1
1575922 214650626 0.5
1575922 214690110 0.5
1575922 214826621 0.5
1575922 214716110 0.5
1575922 214743495 0.5
2033647 214829672 1
2033647 214829711 1
2033647 214829707 1
2033647 214829846 1
2033647 214829861 0.5
8113146 214851131 1
8113146 214851163 1
8113146 214851028 1
8113146 214716654 1
8113146 214714794 0.5
8113146 214827005 0.5
8113146 214684942 0.5
9393663 214853422 1
9393663 214853428 1
9393663 214850945 1
9393663 214853460 1
9393663 214848185 0.5
679808 214717562 1
679808 214826872 1
679808 214826615 1
679808 214826927 1
679808 214826998 0.5
679808 214743335 0.5
679808 214559563 0.5
679808 214668590 0.5
679808 214820400 0.5
679808 214717877 0.5
679808 214819382 0.5
679808 214829053 0.5
679808 214827007 0.5
4166662 214829797 1
4166662 214839587 1
4166662 214839932 1
4166662 214835747 1
4166662 214587712 0.5
4166662 214601233 0.5
4166662 214612730 0.5
4166662 214600492 0.5
4166662 214829852 0.5
8524809 214851122 1
8524809 214851581 1
8524809 214851075 1
8524809 214848602 1
8524809 214851236 0.5
7593754 214564382 1
7593754 214850936 1
7593754 214850741 1
7593754 214849760 1
7593754 214850720 0.5
7593754 214832747 0.5
7593754 214677615 0.5
7593754 214850743 0.5
7593754 214850621 0.5
7593754 214821022 0.5
8805387 214853107 1
8805387 214853075 1
8805387 214853165 1
8805387 214851742 1
8805387 214853128 0.5
8805387 214853087 0.5
10537997 214854352 1
10537997 214853244 1
10537997 214854536 1
10537997 214819599 1
10537997 214853113 0.5
10537997 214850739 0.5
8930319 214853237 1
8930319 214853162 1
8930319 214853210 1
8930319 214853227 1
8930319 214851748 0.5
8930319 214853182 0.5
8930319 214851750 0.5
7754768 214850756 1
7754768 214850938 1
7754768 214850848 1
7754768 214564382 1
7754768 214850619 0.5
7754768 214851011 0.5
1164313 214834877 1
1164313 214826610 1
1164313 214826589 1
1164313 214821294 1
1164313 214800272 0.5
1164313 214826992 0.5
10548251 214853244 1
10548251 214854536 1
10548251 214853113 1
10548251 214854352 1
10548251 214854354 0.5
10548251 214853726 0.5
2303004 214829882 1
2303004 214829887 1
2303004 214829878 1
2303004 214714757 1
2303004 214829880 0.5
2303004 214831965 0.5
9744372 214853422 1
9744372 214850700 1
9744372 214850942 1
9744372 214853420 1
9744372 214835561 0.5
9744372 214853158 0.5
6292512 214848701 1
6292512 214848688 1
6292512 214835109 1
6292512 214848377 1
6292512 214848328 0.5
6292512 214848609 0.5
6292512 214848656 0.5
2343972 214831955 1
2343972 214829885 1
2343972 214831957 1
2343972 214829882 1
2343972 214714710 0.5
3204134 214586668 1
3204134 214836830 1
3204134 214839982 1
3204134 214835167 1
3204134 214667912 0.5
3204134 214748259 0.5
3204134 214538572 0.5
8700968 214853242 1
8700968 214853210 1
8700968 214851750 1
8700968 214853132 1
8700968 214853225 0.5
8700968 214853237 0.5
8700968 214853182 0.5
7143943 214850282 1
7143943 214850295 1
7143943 214849745 1
7143943 214850285 1
7143943 214850315 0.5
2499629 214829366 1
2499629 214834877 1
2499629 214829387 1
2499629 214833755 1
2499629 214829880 0.5
2499629 214844364 0.5
2499629 214826615 0.5
6128688 214829720 1
6128688 214846372 1
6128688 214846410 1
6128688 214846370 1
6128688 214846408 0.5
7048241 214849093 1
7048241 214510460 1
7048241 214849132 1
7048241 214665277 1
7048241 214849097 0.5
7048241 214849100 0.5
9706547 214853340 1
9706547 214850942 1
9706547 214846033 1
9706547 214853420 1
9706547 214684736 0.5
9706547 214831946 0.5
9706547 214711307 0.5
9706547 214853132 0.5
9706547 214831955 0.5
9706547 214848980 0.5
9706547 214853237 0.5
9706547 214829878 0.5
9706547 214850366 0.5
1655863 214834877 1
1655863 214834880 1
1655863 214828976 1
1655863 214826715 1
1655863 214833755 0.5
1655863 214829366 0.5
10097729 214848658 1
10097729 214853460 1
10097729 214853428 1
10097729 214835745 1
10097729 214851133 0.5
6829122 214665277 1
6829122 214849312 1
6829122 214667857 1
6829122 214667859 1
6829122 214834877 0.5
6829122 214849239 0.5
10091591 214718220 1
10091591 214849012 1
10091591 214848845 1
10091591 214717888 1
10091591 214832747 0.5
10091591 214829366 0.5
10063188 214854504 1
10063188 214854515 1
10063188 214854517 1
10063188 214853767 1
10063188 214854532 0.5
10063188 214853702 0.5
10063188 214853353 0.5
10063188 214854538 0.5
10063188 214845583 0.5
10063188 214854298 0.5
3425639 214835747 1
3425639 214831946 1
3425639 214632146 1
3425639 214829885 1
3425639 214587712 0.5
3425639 214835745 0.5
3425639 214835017 0.5
3425639 214835019 0.5
3425639 214600492 0.5
3425639 214609325 0.5
10026063 214854579 1
10026063 214853735 1
10026063 214854585 1
10026063 214853724 1
10026063 214853113 0.5
10026063 214853732 0.5
10026063 214845583 0.5
2456656 214678987 1
2456656 214829880 1
2456656 214829878 1
2456656 214829882 1
2456656 214587028 0.5
2456656 214819762 0.5
2456656 214831948 0.5
2456656 214831965 0.5
2456656 214835750 0.5
10266808 214854065 1
10266808 214853435 1
10266808 214853113 1
10266808 214854352 1
10266808 214853848 0.5
10266808 214853994 0.5
10266808 214849245 0.5
599122 214718387 1
599122 214826874 1
599122 214714762 1
599122 214738457 1
599122 214705057 0.5
599122 214791635 0.5
599122 214716909 0.5
599122 214819526 0.5
9122902 214853128 1
9122902 214678376 1
9122902 214851742 1
9122902 214853165 1
9122902 214853090 0.5
9122902 214677830 0.5
9122902 214853130 0.5
9122902 214853169 0.5
9122902 214853077 0.5
9122902 214851326 0.5
9208924 214853709 1
9208924 214853722 1
9208924 214853702 1
9208924 214853700 1
9208924 214826752 0.5
9208924 214853713 0.5
9208924 214853698 0.5
9208924 214853767 0.5
2436192 214829882 1
2436192 214835165 1
2436192 214829880 1
2436192 214829885 1
2436192 214829878 0.5
10338491 214853094 1
10338491 214853113 1
10338491 214854585 1
10338491 214684762 1
10338491 214684785 0.5
10338491 214853090 0.5
10338491 214853726 0.5
10974318 214854785 1
10974318 214854791 1
10974318 214853100 1
10974318 214853102 1
10974318 214854720 0.5
10974318 214829878 0.5
10974318 214853079 0.5
10974318 214853338 0.5
10974318 214854716 0.5
10974318 214854718 0.5
8600688 214851122 1
8600688 214851159 1
8600688 214851585 1
8600688 214851577 1
8600688 214716110 0.5
8600688 214717247 0.5
4846707 214845131 1
4846707 214832147 1
4846707 214581690 1
4846707 214848176 1
4846707 214602598 0.5
4846707 214716639 0.5
4910197 214839956 1
4910197 214829730 1
4910197 214546089 1
4910197 214686013 1
4910197 214684010 0.5
7607418 214645005 1
7607418 214853175 1
7607418 214853758 1
7607418 214853177 1
7607418 214850621 0.5
7498944 214849012 1
7498944 214850760 1
7498944 214850405 1
7498944 214850692 1
7498944 214836932 0.5
7498944 214557223 0.5
5467266 214845405 1
5467266 214844400 1
5467266 214554450 1
5467266 214839982 1
5467266 214748336 0.5
5467266 214844372 0.5
5467266 214844340 0.5
2899076 214557223 1
2899076 214832126 1
2899076 214832128 1
2899076 214835107 1
2899076 214835122 0.5
2899076 214832124 0.5
7224454 214849734 1
7224454 214849762 1
7224454 214850310 1
7224454 214850315 1
7224454 214850282 0.5
7224454 214844398 0.5
7601294 214850754 1
7601294 214850855 1
7601294 214849363 1
7601294 214850726 1
7601294 214850756 0.5
8285037 214564380 1
8285037 214851290 1
8285037 214573350 1
8285037 214738457 1
8285037 214845954 0.5
8285037 214851101 0.5
8285037 214687565 0.5
8285037 214738455 0.5
769169 214837490 1
769169 214837485 1
769169 214837442 1
769169 214837483 1
769169 214839386 0.5
769169 214837487 0.5
769169 214698446 0.5
769169 214838831 0.5
1494162 214834877 1
1494162 214826610 1
1494162 214821412 1
1494162 214834880 1
1494162 214833755 0.5
1494162 214829387 0.5
1494162 214826589 0.5
6221678 214848656 1
6221678 214848688 1
6221678 214846535 1
6221678 214848630 1
6221678 214846464 0.5
6221678 214839975 0.5
6221678 214846472 0.5
6221678 214848328 0.5
6221678 214602804 0.5
6221678 214708063 0.5
253079 214820812 1
253079 214820456 1
253079 214820458 1
253079 214744779 1
253079 214577450 0.5
253079 214555492 0.5
253079 214684725 0.5
253079 214555438 0.5
253079 214748287 0.5
2170008 214829865 1
2170008 214832722 1
2170008 214829861 1
2170008 214829846 1
2170008 214835002 0.5
9737369 214850949 1
9737369 214850945 1
9737369 214853430 1
9737369 214848185 1
9737369 214848688 0.5
9737369 214853147 0.5
8813722 214853132 1
8813722 214850936 1
8813722 214851750 1
8813722 214853162 1
8813722 214573305 0.5
8813722 214853186 0.5
8813722 214853237 0.5
8813722 214850870 0.5
8813722 214850938 0.5
8891549 214853094 1
8891549 214853096 1
8891549 214853085 1
8891549 214853105 1
8891549 214852980 0.5
4636086 214839960 1
4636086 214845131 1
4636086 214839971 1
4636086 214839973 1
4636086 214839600 0.5
10785962 214854857 1
10785962 214646025 1
10785962 214853263 1
10785962 214714663 1
10785962 214684093 0.5
7290032 214848298 1
7290032 214848305 1
7290032 214848980 1
7290032 214849766 1
7290032 214829878 0.5
7290032 214684715 0.5
7290032 214826829 0.5
7290032 214711438 0.5
7290032 214832143 0.5
7290032 214831955 0.5
7290032 214600470 0.5
10007742 214854510 1
10007742 214854262 1
10007742 214853865 1
10007742 214853992 1
10007742 214853113 0.5
10007742 214854172 0.5
10007742 214854165 0.5
4658368 214831944 1
4658368 214836887 1
4658368 214832147 1
4658368 214839358 1
4658368 214829797 0.5
4658368 214842735 0.5
8416452 214851579 1
8416452 214684942 1
8416452 214851165 1
8416452 214851163 1
8416452 214714794 0.5
8416452 214851131 0.5
10869959 214850735 1
10869959 214854767 1
10869959 214854502 1
10869959 214854770 1
10869959 214854512 0.5
10869959 214854772 0.5
10558666 214854536 1
10558666 214854354 1
10558666 214854352 1
10558666 214854358 1
10558666 214854577 0.5
10558666 214684785 0.5
10558666 214850739 0.5
10558666 214559960 0.5
10558666 214853113 0.5
10558666 214684762 0.5
10558666 214851099 0.5
10558666 214853244 0.5
10558666 214853726 0.5
10558666 214853855 0.5
9018572 214676306 1
9018572 214819612 1
9018572 214851290 1
9018572 214851135 1
9018572 214602806 0.5
664786 214843522 1
664786 214844000 1
664786 214844034 1
664786 214844312 1
664786 214691563 0.5
664786 214844100 0.5
212179 214820233 1
212179 214820261 1
212179 214535621 1
212179 214820227 1
212179 214826835 0.5
212179 214826955 0.5
10081486 214837286 1
10081486 214854118 1
10081486 214821377 1
10081486 214854060 1
10081486 214851281 0.5
10081486 214717867 0.5
10081486 214854065 0.5
2688214 214826951 1
2688214 214835019 1
2688214 214831940 1
2688214 214829364 1
2688214 214836330 0.5
2688214 214580190 0.5
2688214 214835503 0.5
7587034 214850938 1
7587034 214851122 1
7587034 214850940 1
7587034 214851581 1
7587034 214820394 0.5
7587034 214851133 0.5
3222747 214640017 1
3222747 214820392 1
3222747 214587317 1
3222747 214829280 1
3222747 214820458 0.5
3222747 214826623 0.5
3222747 214820807 0.5
4115678 214601237 1
4115678 214831950 1
4115678 214651430 1
4115678 214819577 1
4115678 214677512 0.5
4115678 214632146 0.5
4115678 214745315 0.5
4115678 214514317 0.5
10810592 214714755 1
10810592 214854733 1
10810592 214854731 1
10810592 214686864 1
10810592 214848658 0.5
10810592 214686879 0.5
7429353 214850285 1
7429353 214850295 1
7429353 214850304 1
7429353 214849809 1
7429353 214850366 0.5
7429353 214717860 0.5
7429353 214548103 0.5
7429353 214849736 0.5
7429353 214819740 0.5
7429353 214673295 0.5
7429353 214844400 0.5
7429353 214846033 0.5
7429353 214838098 0.5
7429353 214711295 0.5
7429353 214718398 0.5
7429353 214829880 0.5
7429353 214709668 0.5
7429353 214838107 0.5
7429353 214836956 0.5
7429353 214684734 0.5
7429353 214743352 0.5
742634 214821339 1
742634 214717562 1
742634 214821335 1
742634 214748336 1
742634 214601060 0.5
742634 214820810 0.5
742634 214837483 0.5
742634 214837485 0.5
742634 214837487 0.5
742634 214601233 0.5
742634 214826934 0.5
742634 214826872 0.5
742634 214826617 0.5
742634 214838831 0.5
5491947 214845577 1
5491947 214845354 1
5491947 214838102 1
5491947 214690839 1
5491947 214835426 0.5
5491947 214826949 0.5
5491947 214826983 0.5
5491947 214845352 0.5
5491947 214844396 0.5
5491947 214845581 0.5
5491947 214844398 0.5
5491947 214844400 0.5
5491947 214835473 0.5
5491947 214844370 0.5
5491947 214835475 0.5
5491947 214711295 0.5
5491947 214846012 0.5
5491947 214845887 0.5
7468268 214850792 1
7468268 214850855 1
7468268 214839617 1
7468268 214845958 1
7468268 214850760 0.5
7468268 214850692 0.5
3075309 214835747 1
3075309 214826565 1
3075309 214837916 1
3075309 214835019 1
3075309 214587712 0.5
3075309 214835017 0.5
3075309 214829657 0.5
3435048 214835745 1
3435048 214834877 1
3435048 214836830 1
3435048 214587317 1
3435048 214835019 0.5
3435048 214600492 0.5
3435048 214826998 0.5
9489661 214853420 1
9489661 214853460 1
9489661 214853428 1
9489661 214850942 1
9489661 214850947 0.5
9489661 214829878 0.5
7894273 214684942 1
7894273 214851163 1
7894273 214851592 1
7894273 214851579 1
7894273 214848808 0.5
7894273 214556057 0.5
7894273 214850692 0.5
2239756 214829880 1
2239756 214829882 1
2239756 214826979 1
2239756 214835165 1
2239756 214829878 0.5
8796034 214851750 1
8796034 214853242 1
8796034 214853132 1
8796034 214853210 1
8796034 214853182 0.5
8796034 214853237 0.5
8796034 214853222 0.5
8889548 214853135 1
8889548 214853195 1
8889548 214853132 1
8889548 214851750 1
8889548 214853184 0.5
8889548 214853225 0.5
8889548 214853210 0.5
8889548 214851748 0.5
2374933 214717562 1
2374933 214748336 1
2374933 214587697 1
2374933 214829660 1
2374933 214834880 0.5
2374933 214557217 0.5
2374933 214712130 0.5
2374933 214743495 0.5
2374933 214819721 0.5
2374933 214556334 0.5
2374933 214828985 0.5
2374933 214698418 0.5
2374933 214587317 0.5
2374933 214573590 0.5
2374933 214677401 0.5
2374933 214829657 0.5
10061078 214853113 1
10061078 214854300 1
10061078 214854536 1
10061078 214854534 1
10061078 214854352 0.5
10061078 214854577 0.5
10061078 214854354 0.5
10061078 214850739 0.5
10061078 214854585 0.5
10061078 214854547 0.5
9362711 214826987 1
9362711 214831955 1
9362711 214850942 1
9362711 214853342 1
9362711 214853325 0.5
7761176 214651777 1
7761176 214850936 1
7761176 214677615 1
7761176 214845585 1
7761176 214850402 0.5
7761176 214850758 0.5
4230426 214842735 1
4230426 214602598 1
4230426 214836883 1
4230426 214640017 1
4230426 214829280 0.5
4230426 214657318 0.5
4230426 214586743 0.5
4230426 214600492 0.5
4230426 214587317 0.5
4230426 214832023 0.5
4230426 214836926 0.5
10657052 214854579 1
10657052 214687845 1
10657052 214854536 1
10657052 214851748 1
10657052 214854017 0.5
10657052 214854300 0.5
10657052 214850405 0.5
9133343 214853263 1
9133343 214853242 1
9133343 214851750 1
9133343 214850739 1
9133343 214850792 0.5
9133343 214853210 0.5
9133343 214853237 0.5
9999651 214853400 1
9999651 214846258 1
9999651 214853426 1
9999651 214848688 1
9999651 214826752 0.5
9999651 214853147 0.5
9999651 214853347 0.5
9999651 214561494 0.5
9999651 214834871 0.5
5080359 214844413 1
5080359 214845457 1
5080359 214844396 1
5080359 214844372 1
5080359 214826949 0.5
5080359 214838225 0.5
5080359 214550987 0.5
5080359 214844400 0.5
5080359 214835473 0.5
5080359 214831967 0.5
10265902 214854585 1
10265902 214854300 1
10265902 214853930 1
10265902 214684762 1
10265902 214684785 0.5
10265902 214854358 0.5
10265902 214854495 0.5
5496114 214844368 1
5496114 214844372 1
5496114 214846065 1
5496114 214845984 1
5496114 214844370 0.5
5496114 214839617 0.5
5496114 214829797 0.5
5496114 214844396 0.5
5496114 214601229 0.5
5496114 214844400 0.5
5496114 214844402 0.5
5496114 214583670 0.5
5496114 214828982 0.5
5496114 214668185 0.5
5496114 214553565 0.5
11503156 214864880 1
11503156 214853340 1
11503156 214853102 1
11503156 214854782 1
11503156 214848969 0.5
5944521 214846031 1
5944521 214845980 1
5944521 214846012 1
5944521 214846029 1
5944521 214829880 0.5
5883196 214846425 1
5883196 214839971 1
5883196 214848165 1
5883196 214845982 1
5883196 214845958 0.5
6151488 214846033 1
6151488 214846029 1
6151488 214846014 1
6151488 214835025 1
6151488 214846065 0.5
6151488 214829797 0.5
9198917 214853715 1
9198917 214853996 1
9198917 214853865 1
9198917 214849320 1
9198917 214850790 0.5
9198917 214837286 0.5
9198917 214850760 0.5
9198917 214854125 0.5
9198917 214853713 0.5
9198917 214854165 0.5
9198917 214854152 0.5
9198917 214854172 0.5
6071622 214850876 1
6071622 214845960 1
6071622 214850870 1
6071622 214850880 1
6071622 214850872 0.5
6071622 214837483 0.5
5578057 214844396 1
5578057 214844398 1
5578057 214846121 1
5578057 214846061 1
5578057 214845984 0.5
5578057 214748336 0.5
3628362 214826938 1
3628362 214829771 1
3628362 214836926 1
3628362 214829765 1
3628362 214829769 0.5
3628362 214836870 0.5
10949963 214854770 1
10949963 214854836 1
10949963 214686864 1
10949963 214854823 1
10949963 214850752 0.5
10949963 214686879 0.5
8504652 214851238 1
8504652 214851581 1
8504652 214851099 1
8504652 214849001 1
8504652 214748336 0.5
8504652 214601233 0.5
8504652 214845583 0.5
8504652 214851236 0.5
8504652 214849031 0.5
3845453 214834873 1
3845453 214832012 1
3845453 214709970 1
3845453 214838105 1
3845453 214831942 0.5
3845453 214839399 0.5
6755662 214848641 1
6755662 214848335 1
6755662 214849762 1
6755662 214849738 1
6755662 214848849 0.5
6755662 214849757 0.5
6755662 214849046 0.5
3724628 214835167 1
3724628 214829765 1
3724628 214826990 1
3724628 214835109 1
3724628 214838227 0.5
3724628 214836924 0.5
9498353 214854022 1
9498353 214853400 1
9498353 214851082 1
9498353 214829730 1
9498353 214716982 0.5
9657696 214853996 1
9657696 214853865 1
9657696 214853992 1
9657696 214853162 1
9657696 214853353 0.5
9657696 214853994 0.5
9657696 214854172 0.5
9657696 214850938 0.5
9657696 214853713 0.5
5334377 214834877 1
5334377 214844372 1
5334377 214587317 1
5334377 214844402 1
5334377 214834880 0.5
5334377 214696897 0.5
5334377 214602598 0.5
5334377 214743495 0.5
5334377 214554283 0.5
5334377 214829390 0.5
5334377 214574672 0.5
5334377 214640017 0.5
5334377 214680722 0.5
5334377 214844345 0.5
5334377 214561402 0.5
4425067 214829887 1
4425067 214829878 1
4425067 214711438 1
4425067 214838098 1
4425067 214838105 0.5
4425067 214839965 0.5
10570642 214853244 1
10570642 214854536 1
10570642 214853096 1
10570642 214854354 1
10570642 214853113 0.5
10950492 214854823 1
10950492 214854787 1
10950492 214853362 1
10950492 214854793 1
10950492 214854785 0.5
10227057 214853767 1
10227057 214853702 1
10227057 214853700 1
10227057 214853722 1
10227057 214853730 0.5
10227057 214853765 0.5
10227057 214854152 0.5
10227057 214853353 0.5
10227057 214853707 0.5
10227057 214853713 0.5
5211512 214845806 1
5211512 214845435 1
5211512 214845380 1
5211512 214845457 1
5211512 214839973 0.5
5211512 214844413 0.5
7104258 214850325 1
7104258 214829362 1
7104258 214849736 1
7104258 214849760 1
7104258 214849389 0.5
7104258 214849757 0.5
11040126 214853100 1
11040126 214854840 1
11040126 214854842 1
11040126 214864880 1
11040126 214712242 0.5
5848447 214650564 1
5848447 214845971 1
5848447 214846119 1
5848447 214845962 1
5848447 214581761 0.5
5848447 214645987 0.5
5848447 214846117 0.5
5848447 214844396 0.5
5848447 214832019 0.5
5848447 214844347 0.5
6425984 214848613 1
6425984 214848808 1
6425984 214848950 1
6425984 214848851 1
6425984 214848832 0.5
6425984 214846127 0.5
2587883 214829887 1
2587883 214829885 1
2587883 214600509 1
2587883 214829882 1
2587883 214686082 0.5
2587883 214829878 0.5
1782067 214834880 1
1782067 214829366 1
1782067 214834877 1
1782067 214821410 1
1782067 214833755 0.5
1782067 214826610 0.5
1782067 214829387 0.5
5346701 214844396 1
5346701 214844398 1
5346701 214835428 1
5346701 214846121 1
5346701 214748336 0.5
5346701 214846033 0.5
8301024 214851131 1
8301024 214851163 1
8301024 214716714 1
8301024 214851097 1
8301024 214851028 0.5
7011736 214846460 1
7011736 214846472 1
7011736 214846470 1
7011736 214849127 1
7011736 214849745 0.5
7011736 214846258 0.5
7011736 214835428 0.5
2184601 214819760 1
2184601 214829852 1
2184601 214819762 1
2184601 214829850 1
2184601 214829385 0.5
2184601 214684843 0.5
2184601 214706462 0.5
2184601 214831967 0.5
5905823 214846031 1
5905823 214850876 1
5905823 214845960 1
5905823 214850870 1
5905823 214850880 0.5
5905823 214848992 0.5
5905823 214837483 0.5
5905823 214708367 0.5
8824227 214853263 1
8824227 214845939 1
8824227 214852985 1
8824227 214853160 1
8824227 214845135 0.5
11009414 214853100 1
11009414 214714755 1
11009414 214854823 1
11009414 214854842 1
11009414 214854840 0.5
4728236 214839973 1
4728236 214845131 1
4728236 214836926 1
4728236 214587317 1
4728236 214602598 0.5
4728236 214711657 0.5
4728236 214680718 0.5
4728236 214601233 0.5
4728236 214680722 0.5
4728236 214553561 0.5
10409391 214567327 1
10409391 214567333 1
10409391 214684785 1
10409391 214854352 1
10409391 214854547 0.5
7513523 214851294 1
7513523 214851150 1
7513523 214851148 1
7513523 214851590 1
7513523 214851017 0.5
7513523 214851287 0.5
8523188 214853227 1
8523188 214851748 1
8523188 214853190 1
8523188 214853135 1
8523188 214851163 0.5
8523188 214853237 0.5
8523188 214850870 0.5
3681717 214838227 1
3681717 214595150 1
3681717 214829799 1
3681717 214829773 1
3681717 214834880 0.5
3681717 214820402 0.5
3681717 214836795 0.5
8715702 214853248 1
8715702 214853094 1
8715702 214853105 1
8715702 214853085 1
8715702 214853096 0.5
8715702 214852980 0.5
8715702 214853077 0.5
9069249 214851101 1
9069249 214851135 1
9069249 214835167 1
9069249 214851315 1
9069249 214826990 0.5
11111871 214853102 1
11111871 214854840 1
11111871 214864880 1
11111871 214854733 1
11111871 214857568 0.5
11111871 214709685 0.5
208182 214820458 1
208182 214744779 1
208182 214820456 1
208182 214821392 1
208182 214826833 0.5
4083618 214582382 1
4083618 214582372 1
4083618 214595150 1
4083618 214582374 1
4083618 214554585 0.5
4083618 214836795 0.5
4083618 214564708 0.5
4083618 214561438 0.5
1359313 214834877 1
1359313 214834880 1
1359313 214821410 1
1359313 214821412 1
1359313 214826610 0.5
7558613 214850936 1
7558613 214829825 1
7558613 214850557 1
7558613 214850741 1
7558613 214850720 0.5
7558613 214850872 0.5
7558613 214850876 0.5
7558613 214821022 0.5
6412879 214835167 1
6412879 214848845 1
6412879 214849018 1
6412879 214849312 1
6412879 214839973 0.5
6412879 214849239 0.5
6412879 214848656 0.5
6412879 214829765 0.5
6412879 214849046 0.5
6412879 214848695 0.5
6412879 214849020 0.5
6412879 214834877 0.5
6412879 214748293 0.5
9072092 214851742 1
9072092 214678376 1
9072092 214853107 1
9072092 214853128 1
9072092 214819393 0.5
9072092 214848926 0.5
9072092 214848302 0.5
7480798 214851236 1
7480798 214850743 1
7480798 214564380 1
7480798 214851290 1
7480798 214552522 0.5
7480798 214851101 0.5
7480798 214676306 0.5
7480798 214832023 0.5
10704352 214854300 1
10704352 214854534 1
10704352 214819577 1
10704352 214853735 1
10704352 214573305 0.5
10704352 214854547 0.5
10704352 214854579 0.5
10704352 214854262 0.5
5669289 214846001 1
5669289 214846447 1
5669289 214845984 1
5669289 214848185 1
5669289 214846007 0.5
2937083 214834867 1
2937083 214835747 1
2937083 214835017 1
2937083 214587712 1
2937083 214609325 0.5
6202852 214845962 1
6202852 214849010 1
6202852 214846119 1
6202852 214845954 1
6202852 214848272 0.5
6202852 214849072 0.5
6202852 214586443 0.5
6202852 214676377 0.5
7173613 214848337 1
7173613 214838227 1
7173613 214848380 1
7173613 214835109 1
7173613 214829387 0.5
7173613 214829765 0.5
7468526 214850938 1
7468526 214850850 1
7468526 214850771 1
7468526 214676306 1
7468526 214564387 0.5
7468526 214744779 0.5
7468526 214850792 0.5
7468526 214850411 0.5
7468526 214850619 0.5
7468526 214821022 0.5
6400936 214848377 1
6400936 214848337 1
6400936 214848330 1
6400936 214711247 1
6400936 214848328 0.5
6400936 214846535 0.5
8838647 214700000 1
8838647 214684734 1
8838647 214846014 1
8838647 214850304 1
8838647 214829880 0.5
8838647 214512611 0.5
11345401 214859297 1
11345401 214858843 1
11345401 214850855 1
11345401 214853848 1
11345401 214854176 0.5
11345401 214857549 0.5
11345401 214845958 0.5
11345401 214853237 0.5
2342394 214748300 1
2342394 214829887 1
2342394 214829885 1
2342394 214829880 1
2342394 214829878 0.5
2342394 214748295 0.5
9811451 214718220 1
9811451 214717888 1
9811451 214718160 1
9811451 214853767 1
9811451 214718169 0.5
9811451 214853683 0.5
7409506 214850282 1
7409506 214850310 1
7409506 214839617 1
7409506 214850295 1
7409506 214667857 0.5
7409506 214845131 0.5
7409506 214838227 0.5
7409506 214848377 0.5
9583189 214850942 1
9583189 214850947 1
9583189 214853426 1
9583189 214853465 1
9583189 214853420 0.5
968193 214684845 1
968193 214837140 1
968193 214558192 1
968193 214827005 1
968193 214826912 0.5
968193 214826925 0.5
4349443 214558258 1
4349443 214821017 1
4349443 214651777 1
4349443 214821020 1
4349443 214821024 0.5
4349443 214575065 0.5
2453048 214829878 1
2453048 214829882 1
2453048 214831948 1
2453048 214831965 1
2453048 214829887 0.5
2453048 214829885 0.5
2453048 214548103 0.5
5249478 214845352 1
5249478 214844345 1
5249478 214844342 1
5249478 214844347 1
5249478 214845577 0.5
8480268 214851131 1
8480268 214851163 1
8480268 214851579 1
8480268 214851165 1
8480268 214716746 0.5
8480268 214851236 0.5
8480268 214851077 0.5
8480268 214716671 0.5
10241262 214853105 1
10241262 214853077 1
10241262 214853094 1
10241262 214852980 1
10241262 214853085 0.5
5985818 214845958 1
5985818 214848165 1
5985818 214845982 1
5985818 214845980 1
5985818 214708367 0.5
9834011 214694156 1
9834011 214853698 1
9834011 214853700 1
9834011 214853767 1
9834011 214854527 0.5
8805608 214678387 1
8805608 214849010 1
8805608 214852985 1
8805608 214677830 1
8805608 214853096 0.5
8805608 214853169 0.5
8199712 214716581 1
8199712 214851163 1
8199712 214853233 1
8199712 214850790 1
8199712 214851097 0.5
8199712 214851290 0.5
8199712 214846127 0.5
714273 214821401 1
714273 214821302 1
714273 214839388 1
714273 214821305 1
714273 214840417 0.5
714273 214716902 0.5
714273 214606792 0.5
714273 214551626 0.5
714273 214574672 0.5
714273 214601233 0.5
714273 214826612 0.5
714273 214826998 0.5
714273 214840412 0.5
714273 214690110 0.5
714273 214835743 0.5
9655844 214711307 1
9655844 214853330 1
9655844 214853422 1
9655844 214853342 1
9655844 214846112 0.5
9655844 214853152 0.5
9655844 214744751 0.5
1844776 214829321 1
1844776 214601233 1
1844776 214839600 1
1844776 214821410 1
1844776 214834880 0.5
1844776 214826977 0.5
1844776 214821412 0.5
1844776 214819376 0.5
1844776 214833755 0.5
1844776 214711517 0.5
663084 214551607 1
663084 214821302 1
663084 214748304 1
663084 214753513 1
663084 214586711 0.5
663084 214748291 0.5
663084 214753507 0.5
5428784 214844355 1
5428784 214844402 1
5428784 214844372 1
5428784 214844400 1
5428784 214844368 0.5
5428784 214835745 0.5
5428784 214828985 0.5
6141587 214846417 1
6141587 214846412 1
6141587 214846425 1
6141587 214846479 1
6141587 214846464 0.5
6141587 214846466 0.5
6141587 214577450 0.5
6141587 214574670 0.5
6141587 214705145 0.5
6141587 214582170 0.5
10427958 214854536 1
10427958 214853113 1
10427958 214854352 1
10427958 214853244 1
10427958 214849464 0.5
10427958 214854354 0.5
10427958 214850739 0.5
10427958 214854555 0.5
10427958 214850741 0.5
11460194 214854264 1
11460194 214567333 1
11460194 214567215 1
11460194 214684785 1
11460194 214854262 0.5
9920079 214850739 1
9920079 214854352 1
9920079 214854547 1
9920079 214853113 1
9920079 214853702 0.5
9070618 214716935 1
9070618 214851287 1
9070618 214851238 1
9070618 214819412 1
9070618 214716977 0.5
9070618 214844347 0.5
8498771 214850771 1
8498771 214821020 1
8498771 214851013 1
8498771 214851122 1
8498771 214853128 0.5
8498771 214651777 0.5
8498771 214850743 0.5
8498771 214851133 0.5
8498771 214561775 0.5
5686869 214844372 1
5686869 214844368 1
5686869 214834877 1
5686869 214846061 1
5686869 214844400 0.5
5686869 214844402 0.5
5686869 214845590 0.5
5686869 214846447 0.5
9969241 214853713 1
9969241 214853722 1
9969241 214853767 1
9969241 214853700 1
9969241 214577450 0.5
9969241 214854118 0.5
11040348 214853102 1
11040348 214854842 1
11040348 214854733 1
11040348 214854782 1
11040348 214853154 0.5
11040348 214714755 0.5
11040348 214854823 0.5
11040348 214854857 0.5
11040348 214854731 0.5
11040348 214859246 0.5
10472037 214688115 1
10472037 214705100 1
10472037 214821377 1
10472037 214845437 1
10472037 214718212 0.5
10472037 214556563 0.5
10472037 214854180 0.5
8947301 214851077 1
8947301 214853094 1
8947301 214851122 1
8947301 214851326 1
8947301 214853248 0.5
8947301 214717247 0.5
5588589 214845971 1
5588589 214846117 1
5588589 214846119 1
5588589 214845954 1
5588589 214819640 0.5
5588589 214557313 0.5
5588589 214846318 0.5
11417203 214690796 1
11417203 214853113 1
11417203 214854577 1
11417203 214854819 1
11417203 214573310 0.5
1783414 214554277 1
1783414 214834877 1
1783414 214711556 1
1783414 214834880 1
1783414 214826992 0.5
1783414 214826563 0.5
1783414 214829660 0.5
1783414 214677821 0.5
9830012 214717061 1
9830012 214556728 1
9830012 214854508 1
9830012 214706473 1
9830012 214853400 0.5
9830012 214848322 0.5
9830012 214534340 0.5
9830012 214612695 0.5
1295998 214839322 1
1295998 214839324 1
1295998 214651785 1
1295998 214826953 1
1295998 214827009 0.5
1295998 214531907 0.5
1295998 214820805 0.5
1295998 214556840 0.5
1295998 214829100 0.5
1295998 214716909 0.5
1295998 214548744 0.5
1643093 214834877 1
1643093 214834880 1
1643093 214826610 1
1643093 214826589 1
1643093 214585554 0.5
1643093 214829387 0.5
1643093 214829366 0.5
9412241 214853417 1
9412241 214853360 1
9412241 214853152 1
9412241 214853154 1
9412241 214709625 0.5
9412241 214853330 0.5
9412241 214854125 0.5
7812754 214850282 1
7812754 214850304 1
7812754 214850295 1
7812754 214850310 1
7812754 214850285 0.5
11505302 214857568 1
11505302 214857268 1
11505302 214857260 1
11505302 214857570 1
11505302 214857257 0.5
8689308 214853195 1
8689308 214851750 1
8689308 214853210 1
8689308 214853132 1
8689308 214853184 0.5
8689308 214853227 0.5
8689308 214716654 0.5
8689308 214853233 0.5
8689308 214851028 0.5
8689308 214853237 0.5
8689308 214819772 0.5
11450648 214854815 1
11450648 214854819 1
11450648 214846061 1
11450648 214846530 1
11450648 214850402 0.5
11450648 214717286 0.5
11450648 214743495 0.5
11450648 214854152 0.5
11450648 214819721 0.5
11450648 214851581 0.5
11450648 214748336 0.5
11450648 214845587 0.5
11450648 214706102 0.5
11450648 214839960 0.5
11450648 214854298 0.5
11450648 214853722 0.5
6003312 214846372 1
6003312 214836857 1
6003312 214848165 1
6003312 214845982 1
6003312 214848656 0.5
6003312 214744779 0.5
6003312 214849252 0.5
6003312 214845958 0.5
6003312 214743495 0.5
6003312 214819721 0.5
6003312 214835019 0.5
6003312 214846061 0.5
6003312 214717742 0.5
6003312 214846127 0.5
6003312 214839600 0.5
6003312 214845380 0.5
6003312 214845917 0.5
11177634 214854785 1
11177634 214854860 1
11177634 214854356 1
11177634 214850422 1
11177634 214857568 0.5
11177634 214703904 0.5
11177634 214857570 0.5
11177634 214687845 0.5
11177634 214854731 0.5
11177634 214854223 0.5
10188451 214853730 1
10188451 214853698 1
10188451 214853702 1
10188451 214853767 1
10188451 214854345 0.5
8445612 214851028 1
8445612 214851080 1
8445612 214851234 1
8445612 214716746 1
8445612 214851575 0.5
10910322 214853077 1
10910322 214852980 1
10910322 214853090 1
10910322 214851326 1
10910322 214853094 0.5
85678 214827000 1
85678 214834865 1
85678 214828987 1
85678 214827007 1
85678 214826912 0.5
85678 214651427 0.5
85678 214684841 0.5
85678 214577518 0.5
85678 214558192 0.5
85678 214827026 0.5
85678 214827005 0.5
4536643 214843320 1
4536643 214839977 1
4536643 214557510 1
4536643 214827022 1
4536643 214716660 0.5
5430963 214826949 1
5430963 214835473 1
5430963 214835426 1
5430963 214836885 1
5430963 214826904 0.5
5430963 214819777 0.5
5430963 214835167 0.5
5430963 214561775 0.5
6428347 214849001 1
6428347 214573350 1
6428347 214583670 1
6428347 214744779 1
6428347 214829280 0.5
6428347 214557217 0.5
6428347 214829797 0.5
6428347 214820394 0.5
6428347 214717742 0.5
6428347 214839311 0.5
6428347 214820400 0.5
6428347 214573310 0.5
6428347 214555438 0.5
6428347 214573590 0.5
6428347 214668185 0.5
6428347 214831965 0.5
6428347 214845982 0.5
6428347 214684725 0.5
3739329 214835109 1
3739329 214838227 1
3739329 214587712 1
3739329 214587697 1
3739329 214832747 0.5
3739329 214836932 0.5
3739329 214826565 0.5
3739329 214826990 0.5
3739329 214829765 0.5
10780354 214851122 1
10780354 214854785 1
10780354 214857257 1
10780354 214853102 1
10780354 214857570 0.5
10780354 214853094 0.5
10780354 214854855 0.5
10780354 214853713 0.5
10780354 214854802 0.5
10780354 214552595 0.5
10780354 214854300 0.5
8038084 214853242 1
8038084 214853186 1
8038084 214853222 1
8038084 214853132 1
8038084 214846404 0.5
8038084 214717742 0.5
8038084 214851750 0.5
8038084 214850855 0.5
800374 214826837 1
800374 214826615 1
800374 214826908 1
800374 214826998 1
800374 214717286 0.5
396998 214684845 1
396998 214828987 1
396998 214826619 1
396998 214821300 1
396998 214684841 0.5
396998 214717562 0.5
396998 214826934 0.5
396998 214640017 0.5
6198992 214846117 1
6198992 214845954 1
6198992 214846312 1
6198992 214846318 1
6198992 214819393 0.5
6198992 214849010 0.5
10745553 214684730 1
10745553 214853102 1
10745553 214864880 1
10745553 214853705 1
10745553 214854860 0.5
10745553 214854682 0.5
10745553 214853420 0.5
10745553 214854733 0.5
10503896 214854352 1
10503896 214854536 1
10503896 214854354 1
10503896 214853244 1
10503896 214854547 0.5
6521124 214848337 1
6521124 214848328 1
6521124 214846535 1
6521124 214835109 1
6521124 214848377 0.5
6521124 214848380 0.5
10743863 214854352 1
10743863 214854536 1
10743863 214853113 1
10743863 214850739 1
10743863 214854577 0.5
10743863 214853244 0.5
10743863 214819599 0.5
10891744 214853100 1
10891744 214854785 1
10891744 214854840 1
10891744 214854797 1
10891744 214854787 0.5
9336548 214853420 1
9336548 214853165 1
9336548 214850945 1
9336548 214846119 1
9336548 214845962 0.5
9336548 214677830 0.5
7399142 214850285 1
7399142 214846029 1
7399142 214850366 1
7399142 214850295 1
7399142 214850282 0.5
7399142 214829887 0.5
7399142 214845581 0.5
7399142 214849070 0.5
7399142 214846031 0.5
9385707 214853698 1
9385707 214853707 1
9385707 214854152 1
9385707 214853765 1
9385707 214851236 0.5
9385707 214853702 0.5
9385707 214853767 0.5
9385707 214849033 0.5
9385707 214853713 0.5
9385707 214853700 0.5
9385707 214851099 0.5
9385707 214846333 0.5
7894764 214850700 1
7894764 214850711 1
7894764 214850705 1
7894764 214850713 1
7894764 214839617 0.5
5779182 214838137 1
5779182 214835469 1
5779182 214844396 1
5779182 214844398 1
5779182 214845984 0.5
5779182 214844355 0.5
5779182 214845412 0.5
5779182 214835462 0.5
5779182 214601233 0.5
5779182 214836075 0.5
5779182 214838225 0.5
5779182 214845587 0.5
5779182 214835070 0.5
1791731 214829666 1
1791731 214829664 1
1791731 214826994 1
1791731 214832722 1
1791731 214821410 0.5
1791731 214829387 0.5
1791731 214711280 0.5
1791731 214833755 0.5
1791731 214826589 0.5
1791731 214821407 0.5
4961116 214845579 1
4961116 214845581 1
4961116 214845577 1
4961116 214829887 1
4961116 214838107 0.5
4961116 214826835 0.5
4961116 214820188 0.5
6846199 214849312 1
6846199 214837288 1
6846199 214849318 1
6846199 214712242 1
6846199 214849320 0.5
6846199 214582104 0.5
6846199 214567419 0.5
6846199 214849093 0.5
3946232 214826938 1
3946232 214829773 1
3946232 214613741 1
3946232 214829799 1
3946232 214829769 0.5
3946232 214838137 0.5
7432482 214533022 1
7432482 214509401 1
7432482 214716973 1
7432482 214716932 1
7432482 214832655 0.5
2852602 214829878 1
2852602 214829885 1
2852602 214831946 1
2852602 214829882 1
2852602 214831948 0.5
2852602 214829887 0.5
7474939 214835064 1
7474939 214717397 1
7474939 214717412 1
7474939 214845585 1
7474939 214705145 0.5
7474939 214696835 0.5
7474939 214738460 0.5
7474939 214850709 0.5
8718939 214853105 1
8718939 214853075 1
8718939 214851742 1
8718939 214853107 1
8718939 214853096 0.5
8718939 214853085 0.5
8832772 214849153 1
8832772 214851101 1
8832772 214849102 1
8832772 214851232 1
8832772 214844347 0.5
8832772 214846067 0.5
8832772 214851581 0.5
8832772 214853094 0.5
8832772 214848630 0.5
3378951 214836830 1
3378951 214826874 1
3378951 214819777 1
3378951 214835475 1
3378951 214717085 0.5
3378951 214718387 0.5
3378951 214826711 0.5
3378951 214838137 0.5
3378951 214826906 0.5
3378951 214837882 0.5
9956739 214853767 1
9956739 214853698 1
9956739 214853722 1
9956739 214853700 1
9956739 214853730 0.5
9956739 214853702 0.5
9956739 214853353 0.5
9956739 214853707 0.5
9956739 214556212 0.5
9956739 214853430 0.5
6147849 214846470 1
6147849 214846472 1
6147849 214848322 1
6147849 214846457 1
6147849 214846419 0.5
8398602 214853085 1
8398602 214853105 1
8398602 214853096 1
8398602 214852978 1
8398602 214853094 0.5
3823373 214838227 1
3823373 214835109 1
3823373 214829387 1
3823373 214821015 1
3823373 214826617 0.5
3823373 214552522 0.5
3823373 214550820 0.5
3823373 214834877 0.5
3823373 214819374 0.5
2633488 214829887 1
2633488 214829880 1
2633488 214829878 1
2633488 214829882 1
2633488 214829885 0.5
3979027 214836932 1
3979027 214826990 1
3979027 214835109 1
3979027 214821015 1
3979027 214834880 0.5
3979027 214821410 0.5
3979027 214650598 0.5
3979027 214560587 0.5
3979027 214580462 0.5
3979027 214838227 0.5
3979027 214553844 0.5
3979027 214834877 0.5
10739477 214819577 1
10739477 214854300 1
10739477 214853113 1
10739477 214854352 1
10739477 214821397 0.5
8378136 214834991 1
8378136 214850321 1
8378136 214851744 1
8378136 214748282 1
8378136 214850325 0.5
2578206 214753505 1
2578206 214836330 1
2578206 214748300 1
2578206 214748304 1
2578206 214819762 0.5
5013281 214831967 1
5013281 214612730 1
5013281 214845457 1
5013281 214829852 1
5013281 214819721 0.5
5013281 214601229 0.5
5013281 214601233 0.5
5013281 214832023 0.5
5013281 214717850 0.5
5013281 214835747 0.5
5013281 214839973 0.5
5013281 214845352 0.5
5013281 214845354 0.5
5013281 214556334 0.5
5013281 214748336 0.5
5013281 214718385 0.5
5013281 214587317 0.5
5013281 214706102 0.5
5013281 214829321 0.5
5013281 214836926 0.5
5013281 214839617 0.5
5013281 214835019 0.5
5013281 214826949 0.5
5013281 214743495 0.5
5013281 214835017 0.5
5013281 214845131 0.5
5013281 214839587 0.5
5013281 214553561 0.5
5013281 214553565 0.5
5013281 214743369 0.5
5013281 214829280 0.5
5013281 214716667 0.5
5013281 214845412 0.5
5013281 214716902 0.5
5013281 214835473 0.5
5013281 214687852 0.5
5013281 214826998 0.5
5013281 214586743 0.5
5013281 214837882 0.5
5013281 214845435 0.5
5013281 214839932 0.5
5013281 214827007 0.5
3872731 214835167 1
3872731 214829765 1
3872731 214826990 1
3872731 214835109 1
3872731 214838227 0.5
8757037 214564380 1
8757037 214851290 1
8757037 214851101 1
8757037 214851232 1
8757037 214844347 0.5
7931694 214850848 1
7931694 214850739 1
7931694 214850940 1
7931694 214564387 1
7931694 214835019 0.5
10843951 214854797 1
10843951 214854785 1
10843951 214854840 1
10843951 214853102 1
10843951 214854227 0.5
10843951 214854163 0.5
10843951 214650508 0.5
10843951 214854830 0.5
6861107 214849286 1
6861107 214849342 1
6861107 214849179 1
6861107 214849185 1
6861107 214849320 0.5
6861107 214849322 0.5
6861107 214849318 0.5
10231612 214684762 1
10231612 214854300 1
10231612 214854579 1
10231612 214854515 1
10231612 214854538 0.5
10231612 214854517 0.5
3166013 214834880 1
3166013 214833755 1
3166013 214834877 1
3166013 214826610 1
3166013 214573290 0.5
7339842 214820186 1
7339842 214829887 1
7339842 214709345 1
7339842 214680371 1
7339842 214700000 0.5
7339842 214846033 0.5
7339842 214846031 0.5
9374506 214850705 1
9374506 214850713 1
9374506 214850700 1
9374506 214846432 1
9374506 214849760 0.5
9374506 214853154 0.5
9374506 214853379 0.5
9374506 214582948 0.5
9374506 214563335 0.5
9374506 214556942 0.5
9374506 214844355 0.5
9374506 214836855 0.5
9374506 214849757 0.5
9374506 214555262 0.5
11546444 214853100 1
11546444 214854785 1
11546444 214853102 1
11546444 214854782 1
11546444 214829880 0.5
3633029 214835167 1
3633029 214835109 1
3633029 214829765 1
3633029 214826990 1
3633029 214838227 0.5
3633029 214836924 0.5
10612257 214854264 1
10612257 214854268 1
10612257 214844400 1
10612257 214853698 1
10612257 214835745 0.5
10612257 214657318 0.5
10612257 214853156 0.5
10612257 214585670 0.5
10612257 214853158 0.5
10612257 214853767 0.5
10612257 214853930 0.5
10612257 214600492 0.5
10612257 214853105 0.5
10612257 214819380 0.5
10612257 214684785 0.5
10612257 214569913 0.5
10612257 214853722 0.5
10612257 214569915 0.5
10612257 214585532 0.5
10612257 214851133 0.5
10612257 214853726 0.5
10612257 214851317 0.5
8325092 214851285 1
8325092 214851238 1
8325092 214716654 1
8325092 214851590 1
8325092 214851242 0.5
4085596 214684513 1
4085596 214826990 1
4085596 214820452 1
4085596 214835109 1
4085596 214829762 0.5
4085596 214836947 0.5
4085596 214836932 0.5
4085596 214839982 0.5
2873181 214836847 1
2873181 214837882 1
2873181 214835132 1
2873181 214820392 1
2873181 214706180 0.5
10211984 214853702 1
10211984 214854579 1
10211984 214853700 1
10211984 214853767 1
10211984 214853707 0.5
10211984 214853996 0.5
10211984 214854159 0.5
10211984 214854352 0.5
10211984 214854354 0.5
10211984 214854547 0.5
10211984 214819577 0.5
10211984 214853722 0.5
11139047 214835000 1
11139047 214835004 1
11139047 214857830 1
11139047 214859240 1
11139047 214704180 0.5
102253 214826955 1
102253 214826627 1
102253 214819775 1
102253 214826715 1
102253 214717247 0.5
2672494 214835747 1
2672494 214834867 1
2672494 214837918 1
2672494 214829880 1
2672494 214832792 0.5
2672494 214831948 0.5
2672494 214609325 0.5
2672494 214829878 0.5
9039394 214851326 1
9039394 214853225 1
9039394 214853227 1
9039394 214853210 1
9039394 214851750 0.5
9039394 214853222 0.5
9039394 214853195 0.5
9039394 214853132 0.5
9039394 214853233 0.5
9039394 214852978 0.5
9039394 214852980 0.5
9039394 214853242 0.5
9342843 214853347 1
9342843 214831955 1
9342843 214853428 1
9342843 214853460 1
9342843 214853340 0.5
2596736 214829878 1
2596736 214829887 1
2596736 214832780 1
2596736 214835087 1
2596736 214835111 0.5
2596736 214826927 0.5
2596736 214819760 0.5
2596736 214819762 0.5
2596736 214826932 0.5
2596736 214819382 0.5
2596736 214829880 0.5
2596736 214829885 0.5
2596736 214831967 0.5
7419778 214850304 1
7419778 214850310 1
7419778 214849809 1
7419778 214684715 1
7419778 214850285 0.5
6958979 214849275 1
6958979 214665277 1
6958979 214667857 1
6958979 214844340 1
6958979 214834880 0.5
6958979 214707875 0.5
6958979 214849284 0.5
6958979 214846535 0.5
6958979 214850282 0.5
6958979 214850285 0.5
6958979 214846031 0.5
6958979 214848337 0.5
6958979 214849239 0.5
6958979 214556025 0.5
6958979 214820186 0.5
6958979 214834877 0.5
6958979 214848377 0.5
6969232 214819640 1
6969232 214846117 1
6969232 214845971 1
6969232 214582200 1
6969232 214848384 0.5
6969232 214557313 0.5
6969232 214819586 0.5
6969232 214650564 0.5
6969232 214553257 0.5
9385873 214850942 1
9385873 214853865 1
9385873 214834869 1
9385873 214853420 1
9385873 214854017 0.5
9385873 214850790 0.5
9385873 214854032 0.5
9385873 214850872 0.5
9385873 214854172 0.5
9385873 214678526 0.5
5553248 214835473 1
5553248 214826949 1
5553248 214835426 1
5553248 214835428 1
5553248 214748336 0.5
5553248 214838225 0.5
5553248 214582380 0.5
8064924 214716714 1
8064924 214819412 1
8064924 214851028 1
8064924 214716671 1
8064924 214827005 0.5
7636896 214850771 1
7636896 214850743 1
7636896 214850621 1
7636896 214850936 1
7636896 214564382 0.5
10997744 214853102 1
10997744 214864880 1
10997744 214855016 1
10997744 214854840 1
10997744 214854733 0.5
10997744 214861895 0.5
3119012 214829882 1
3119012 214556212 1
3119012 214829878 1
3119012 214711280 1
3119012 214684730 0.5
10764198 214853244 1
10764198 214854352 1
10764198 214854536 1
10764198 214854354 1
10764198 214567329 0.5
10764198 214819599 0.5
10764198 214854577 0.5
10764198 214854358 0.5
10764198 214853113 0.5
10764198 214684762 0.5
10764198 214854268 0.5
10764198 214853726 0.5
5617579 214826739 1
5617579 214821382 1
5617579 214846010 1
5617579 214829739 1
5617579 214849010 0.5
5617579 214538870 0.5
5617579 214645295 0.5
5996462 214846460 1
5996462 214846367 1
5996462 214846110 1
5996462 214846472 1
5996462 214561472 0.5
5996462 214684843 0.5
5996462 214820197 0.5
5996462 214800262 0.5
5996462 214557279 0.5
4949939 214838092 1
4949939 214837280 1
4949939 214837288 1
4949939 214837286 1
4949939 214606792 0.5
11027367 214685797 1
11027367 214854343 1
11027367 214854519 1
11027367 214854296 1
11027367 214546104 0.5
11027367 214853102 0.5
10586042 214854358 1
10586042 214684762 1
10586042 214854504 1
10586042 214854600 1
10586042 214854545 0.5
10586042 214854549 0.5
10586042 214684502 0.5
10586042 214684785 0.5
10822303 214857570 1
10822303 214857568 1
10822303 214857260 1
10822303 214857268 1
10822303 214857257 0.5
8822717 214853094 1
8822717 214852978 1
8822717 214851755 1
8822717 214853085 1
8822717 214716714 0.5
8822717 214851317 0.5
8822717 214851097 0.5
8822717 214700987 0.5
8822717 214851581 0.5
8822717 214845973 0.5
8622994 214853105 1
8622994 214852980 1
8622994 214853096 1
8622994 214853085 1
8622994 214696897 0.5
8622994 214851236 0.5
8622994 214851077 0.5
8622994 214585644 0.5
8622994 214748334 0.5
8622994 214845885 0.5
8622994 214846067 0.5
8622994 214698420 0.5
8622994 214851069 0.5
8622994 214851581 0.5
2977728 214835747 1
2977728 214587697 1
2977728 214835017 1
2977728 214834867 1
2977728 214602600 0.5
2977728 214554585 0.5
2977728 214826565 0.5
8693699 214851077 1
8693699 214748334 1
8693699 214844347 1
8693699 214853248 1
8693699 214851137 0.5
8693699 214753515 0.5
8693699 214716110 0.5
8693699 214846067 0.5
8693699 214851159 0.5
8693699 214851099 0.5
8693699 214851101 0.5
9996229 214853702 1
9996229 214853713 1
9996229 214854577 1
9996229 214853430 1
9996229 214853767 0.5
1785799 214712126 1
1785799 214819760 1
1785799 214826610 1
1785799 214834880 1
1785799 214829387 0.5
1785799 214684843 0.5
1785799 214819762 0.5
1785799 214829366 0.5
1785799 214743335 0.5
8384457 214851234 1
8384457 214851161 1
8384457 214851080 1
8384457 214716746 1
8384457 214851075 0.5
8384457 214851131 0.5
8384457 214851099 0.5
6236106 214846258 1
6236106 214846432 1
6236106 214846344 1
6236106 214848688 1
6236106 214846065 0.5
6236106 214848622 0.5
6236106 214846470 0.5
8124363 214716654 1
8124363 214851080 1
8124363 214716671 1
8124363 214851071 1
8124363 214851133 0.5
1150924 214827013 1
1150924 214711297 1
1150924 214827011 1
1150924 214827009 1
1150924 214613743 0.5
1150924 214827015 0.5
341966 214826621 1
341966 214826612 1
341966 214826619 1
341966 214826615 1
341966 214717877 0.5
341966 214712126 0.5
10930129 214743367 1
10930129 214854510 1
10930129 214854146 1
10930129 214854155 1
10930129 214853996 0.5
10930129 214850743 0.5
6302161 214848847 1
6302161 214848380 1
6302161 214848926 1
6302161 214829765 1
6302161 214846535 0.5
8555822 214853237 1
8555822 214853132 1
8555822 214853242 1
8555822 214853210 1
8555822 214851750 0.5
8555822 214853225 0.5
8555822 214743339 0.5
8555822 214684845 0.5
8555822 214851317 0.5
8555822 214851161 0.5
9832441 214853090 1
9832441 214853248 1
9832441 214853698 1
9832441 214853707 1
9832441 214850949 0.5
9832441 214853094 0.5
9832441 214848300 0.5
9832441 214853420 0.5
9832441 214853422 0.5
9832441 214848185 0.5
10881769 214854774 1
10881769 214854699 1
10881769 214854720 1
10881769 214854787 1
10881769 214854780 0.5
10881769 214849132 0.5
1136603 214828991 1
1136603 214820803 1
1136603 214829327 1
1136603 214829330 1
1136603 214829334 0.5
10145761 214854065 1
10145761 214854148 1
10145761 214854060 1
10145761 214854159 1
10145761 214854172 0.5
10145761 214853698 0.5
10145761 214853996 0.5
11215526 214714755 1
11215526 214854836 1
11215526 214854823 1
11215526 214687475 1
11215526 214848658 0.5
11215526 214854733 0.5
6378268 214848969 1
6378268 214848337 1
6378268 214848958 1
6378268 214848982 1
6378268 214848605 0.5
9476071 214853162 1
9476071 214852987 1
9476071 214850700 1
9476071 214853210 1
9476071 214716110 0.5
9476071 214851137 0.5
9476071 214848997 0.5
9476071 214850630 0.5
9476071 214717247 0.5
6514754 214848330 1
6514754 214845887 1
6514754 214848328 1
6514754 214849046 1
6514754 214826977 0.5
6514754 214846530 0.5
6514754 214845380 0.5
6514754 214829765 0.5
6514754 214839975 0.5
6514754 214557009 0.5
6514754 214846001 0.5
6514754 214848695 0.5
6514754 214839932 0.5
6514754 214848701 0.5
6514754 214849022 0.5
2365426 214829880 1
2365426 214829882 1
2365426 214831957 1
2365426 214836519 1
2365426 214601233 0.5
2365426 214631002 0.5
2365426 214829878 0.5
9058291 214853090 1
9058291 214853094 1
9058291 214853085 1
9058291 214853248 1
9058291 214851326 0.5
2396148 214534693 1
2396148 214826752 1
2396148 214835132 1
2396148 214509135 1
2396148 214537490 0.5
2396148 214509133 0.5
10129399 214854268 1
10129399 214854264 1
10129399 214854262 1
10129399 214854600 1
10129399 214684785 0.5
10129399 214684762 0.5
10129399 214853726 0.5
10129399 214854358 0.5
7454713 214844355 1
7454713 214844396 1
7454713 214849742 1
7454713 214718216 1
7454713 214849796 0.5
7454713 214849745 0.5
7454713 214684715 0.5
7454713 214717005 0.5
7454713 214849777 0.5
7454713 214844372 0.5
7454713 214711556 0.5
7454713 214850938 0.5
40954 214826872 1
40954 214821401 1
40954 214826876 1
40954 214640017 1
40954 214819430 0.5
40954 214554765 0.5
40954 214556334 0.5
40954 214748336 0.5
40954 214587317 0.5
40954 214826837 0.5
